LST_DATE SUR_TEMP_DAILY_AVG SOIL_TEMP_5_DAILY SOIL_TEMP_10_DAILY SOIL_TEMP_20_DAILY SOIL_TEMP_50_DAILY SOIL_TEMP_100_DAILY
20180101 -4.3 -2.9 -2.2 -1.4 0.3 3.9
20180102 -5.6 -3.5 -2.6 -1.6 0.2 3.9
20180103 -6.1 -3.9 -3.1 -2.0 0.1 3.8
20180104 -4.1 -3.7 -3.1 -2.2 -0.1 3.8
20180105 -2.4 -2.8 -2.5 -2.0 -0.2 3.7
20180106 -1.9 -2.3 -2.1 -1.8 -0.3 3.6
20180107 -0.7 -1.5 -1.5 -1.5 -0.3 3.5
20180108 -0.2 -1.5 -1.3 -1.3 -0.2 3.5
20180109 1.5 -0.7 -1.0 -1.2 -0.1 3.4
20180110 0.6 -0.4 -0.7 -0.9 0.0 3.4
20180111 -0.6 -0.4 -0.5 -0.8 0.1 3.3
20180112 0.7 -0.3 -0.4 -0.6 0.2 3.3
20180113 -0.1 -0.4 -0.4 -0.5 0.3 3.3
20180114 -0.2 -0.4 -0.3 -0.4 0.4 3.3
20180115 -0.1 -0.5 -0.4 -0.3 0.5 3.3
20180116 0.1 -0.6 -0.4 -0.2 0.6 3.3
20180117 0.8 -0.2 -0.1 -0.1 0.7 3.4
20180118 0.2 -0.1 0.0 0.1 0.8 3.4
20180119 -0.7 -0.1 0.1 0.1 0.9 3.4
20180120 -5.4 -0.1 0.1 0.2 1.0 3.5
20180121 -7.8 -0.2 0.0 0.2 1.1 3.5
20180122 -5.4 -0.3 -0.1 0.2 1.1 3.5
20180123 -6.8 -0.5 -0.2 0.1 1.1 3.5
20180124 -4.5 -0.7 -0.3 0.0 1.1 3.5
20180125 -3.0 -0.6 -0.3 0.0 1.0 3.5
20180126 -4.9 -1.0 -0.5 -0.1 1.0 3.6
20180127 -2.4 -1.0 -0.6 -0.2 1.0 3.5
20180128 1.0 -0.7 -0.5 -0.2 0.9 3.5
20180129 0.5 -0.7 -0.4 -0.1 0.9 3.5
20180130 1.0 -0.4 -0.3 -0.1 0.9 3.5
20180131 0.6 -0.2 -0.1 0.0 1.0 3.5
20180201 2.3 0.3 0.3 0.3 1.0 3.4
20180202 3.2 0.6 0.6 0.6 1.2 3.5
20180203 3.3 1.2 1.2 1.0 1.3 3.5
20180204 4.1 2.0 1.8 1.5 1.6 3.5
20180205 3.5 2.9 2.7 2.2 2.0 3.6
20180206 0.5 1.7 2.0 2.2 2.3 3.7
20180207 0.8 1.1 1.5 1.8 2.4 3.8
20180208 2.0 1.3 1.6 1.6 2.3 3.9
20180209 5.1 2.5 2.4 2.1 2.3 3.9
20180210 0.0 1.6 2.1 2.2 2.5 4.0
20180211 -2.4 0.0 0.8 1.5 2.5 4.0
20180212 0.7 0.3 0.7 1.1 2.3 4.1
20180213 -0.7 0.1 0.6 1.0 2.1 4.1
20180214 1.0 0.1 0.6 0.9 2.0 4.1
20180215 -1.8 0.2 0.6 0.9 1.9 4.0
20180216 -2.7 -0.6 0.1 0.7 1.8 4.0
20180217 2.9 0.0 0.2 0.5 1.7 4.0
20180218 -0.9 0.3 0.6 0.7 1.6 3.9
20180219 -8.7 0.0 0.4 0.7 1.6 3.9
20180220 -14.5 -0.1 0.3 0.6 1.6 3.8
20180221 -12.2 -0.2 0.2 0.5 1.6 3.8
20180222 -8.2 -0.4 0.0 0.4 1.5 3.8
20180223 -10.5 -0.5 -0.1 0.3 1.4 3.8
20180224 -9.4 -0.6 -0.2 0.1 1.3 3.7
20180225 -10.2 -0.7 -0.3 0.0 1.2 3.6
20180226 -3.9 -0.7 -0.3 0.0 1.2 3.6
20180227 -3.8 -0.5 -0.2 0.0 1.1 3.6
20180228 -6.0 -0.7 -0.3 0.0 1.1 3.5
20180301 -1.9 -0.7 -0.3 0.0 1.0 3.5
20180302 -1.1 -0.5 -0.2 0.0 1.0 3.4
20180303 -2.6 -0.4 -0.1 0.1 1.0 3.4
20180304 -5.4 -0.3 0.0 0.1 1.0 3.4
20180305 -7.6 -0.3 0.0 0.2 1.1 3.3
20180306 -8.2 -0.3 0.1 0.3 1.1 3.3
20180307 -5.0 -0.4 0.0 0.3 1.1 3.3
20180308 -2.5 -0.4 0.0 0.3 1.1 3.3
20180309 1.5 -0.1 0.2 0.4 1.1 3.3
20180310 4.8 1.0 1.1 0.8 1.2 3.3
20180311 5.4 2.8 2.5 1.7 1.5 3.3
20180312 5.6 4.1 3.7 2.9 2.0 3.3
20180313 6.6 4.7 4.3 3.5 2.6 3.4
20180314 6.5 5.4 5.3 4.5 3.3 3.6
20180315 2.4 3.5 4.0 4.0 3.7 3.8
20180316 4.9 4.2 4.0 3.6 3.7 4.0
20180317 2.7 3.9 4.2 4.1 3.8 4.1
20180318 0.8 2.9 3.4 3.5 3.8 4.2
20180319 1.4 2.8 3.1 3.2 3.7 4.4
20180320 4.3 3.6 3.6 3.3 3.6 4.4
20180321 5.6 4.7 4.6 4.0 3.7 4.5
20180322 7.1 5.8 5.4 4.7 4.1 4.5
20180323 8.0 6.9 6.5 5.6 4.5 4.6
20180324 5.2 5.8 6.1 5.8 5.1 4.8
20180325 1.5 3.7 4.5 4.9 5.2 4.9
20180326 2.2 3.5 3.9 4.2 4.9 5.1
20180327 5.0 4.1 4.2 4.1 4.6 5.2
20180328 5.7 4.9 5.0 4.6 4.6 5.2
20180329 8.1 5.8 5.5 4.9 4.7 5.2
20180330 9.4 6.7 6.3 5.5 5.0 5.3
20180331 11.4 8.4 7.7 6.5 5.4 5.4
20180401 11.6 8.7 8.2 7.1 5.9 5.5
20180402 4.9 7.3 7.7 7.5 6.4 5.7
20180403 4.0 4.6 5.2 5.7 6.4 5.8
20180404 8.0 6.4 6.2 5.8 6.0 6.0
20180405 10.2 7.5 7.1 6.4 6.0 6.1
20180406 10.0 9.0 8.5 7.5 6.4 6.1
20180407 9.1 9.0 8.8 8.0 6.9 6.2
20180408 6.5 7.5 7.8 7.6 7.1 6.4
20180409 8.7 7.9 7.7 7.3 7.1 6.5
20180410 9.4 8.1 8.0 7.6 7.1 6.6
20180411 12.5 10.1 9.5 8.4 7.4 6.7
20180412 4.9 7.9 8.5 8.5 7.8 6.9
20180413 4.6 5.9 6.5 7.0 7.6 7.0
20180414 9.4 7.4 7.1 6.8 7.2 7.1
20180415 12.2 9.0 8.5 7.8 7.2 7.2
20180416 11.7 10.0 9.6 8.7 7.6 7.2
20180417 6.5 7.9 8.3 8.2 8.0 7.3
20180418 8.1 7.4 7.6 7.5 7.8 7.4
20180419 13.1 9.6 9.1 8.3 7.8 7.4
20180420 12.6 10.2 9.9 9.1 8.1 7.5
20180421 15.3 11.5 10.7 9.5 8.4 7.6
20180422 17.5 12.8 11.9 10.5 8.9 7.7
20180423 13.9 13.2 12.7 11.4 9.5 7.9
20180424 13.9 12.1 11.9 11.1 9.9 8.1
20180425 14.2 12.5 12.2 11.3 10.1 8.4
20180426 17.9 13.8 13.1 11.8 10.4 8.5
20180427 20.3 14.8 14.0 12.6 10.8 8.7
20180428 21.0 16.8 15.8 14.0 11.4 9.0
20180429 16.4 15.1 14.8 13.9 12.0 9.2
20180430 7.8 12.1 12.9 13.0 12.2 9.5
20180501 9.0 10.4 11.0 11.4 11.7 9.8
20180502 12.0 11.2 11.3 11.1 11.3 10.0
20180503 15.7 13.1 12.5 11.6 11.1 10.0
20180504 18.5 14.6 13.8 12.5 11.3 10.0
20180505 20.3 15.8 15.0 13.6 11.8 10.1
20180506 23.1 17.5 16.5 14.7 12.4 10.2
20180507 22.5 17.7 16.9 15.3 13.0 10.4
20180508 22.2 18.0 17.3 15.7 13.6 10.6
20180509 24.2 18.9 18.0 16.4 14.0 10.9
20180510 21.3 18.7 18.1 16.8 14.5 11.2
20180511 9.4 14.5 15.5 15.9 14.8 11.5
20180512 7.9 11.6 12.7 13.7 14.2 11.7
20180513 13.7 12.8 12.9 12.8 13.4 11.9
20180514 16.6 14.7 14.2 13.5 13.1 11.9
20180515 18.8 16.3 15.6 14.4 13.3 11.8
20180516 22.6 18.2 17.2 15.5 13.7 11.8
20180517 22.0 18.7 17.9 16.4 14.2 11.9
20180518 18.2 17.3 17.2 16.4 14.7 12.1
20180519 16.6 16.6 16.7 16.1 14.9 12.3
20180520 20.0 17.6 17.1 16.0 14.9 12.5
20180521 23.1 19.0 18.1 16.8 15.1 12.6
20180522 19.0 18.2 18.0 17.2 15.4 12.8
20180523 19.2 18.1 17.8 16.9 15.6 12.9
20180524 24.1 19.3 18.5 17.2 15.7 13.1
20180525 25.5 20.5 19.7 18.1 16.0 13.2
20180526 25.7 21.2 20.4 18.8 16.5 13.4
20180527 15.4 18.5 18.9 18.6 16.9 13.6
20180528 15.7 16.9 17.3 17.3 16.7 13.8
20180529 18.6 17.5 17.3 16.8 16.4 13.9
20180530 20.2 18.7 18.3 17.3 16.3 14.1
20180531 20.3 19.4 18.9 17.9 16.5 14.1
20180601 17.1 18.1 18.1 17.6 16.6 14.2
20180602 21.6 18.8 18.3 17.4 16.5 14.2
20180603 24.6 20.6 19.8 18.4 16.7 14.4
20180604 26.6 21.8 20.9 19.3 17.1 14.4
20180605 28.2 23.0 22.0 20.2 17.7 14.5
20180606 28.2 23.5 22.6 20.9 18.3 14.8
20180607 27.6 23.6 22.9 21.3 18.8 15.0
20180608 28.6 23.9 23.1 21.6 19.1 15.3
20180609 27.9 23.9 23.3 21.9 19.5 15.5
20180610 21.6 22.6 22.5 21.7 19.8 15.8
20180611 21.7 21.3 21.3 20.8 19.6 16.0
20180612 25.4 22.2 21.8 20.8 19.5 16.2
20180613 28.3 23.3 22.6 21.2 19.5 16.3
20180614 29.4 24.7 23.7 22.1 19.8 16.4
20180615 26.0 23.7 23.3 22.2 20.2 16.6
20180616 27.5 23.7 23.1 22.0 20.3 16.8
20180617 27.1 24.5 23.8 22.4 20.5 17.0
20180618 23.9 23.6 23.2 22.3 20.6 17.1
20180619 23.3 22.6 22.4 21.8 20.6 17.2
20180620 26.3 23.5 22.8 21.8 20.5 17.4
20180621 28.5 24.7 23.7 22.3 20.6 17.4
20180622 27.4 24.9 24.1 22.7 20.8 17.5
20180623 25.6 24.5 23.9 22.8 21.0 17.6
20180624 27.1 24.5 23.8 22.7 21.1 17.7
20180625 28.7 25.2 24.3 23.0 21.2 17.9
20180626 30.3 26.1 24.9 23.5 21.4 18.1
20180627 30.7 26.6 25.4 23.9 21.7 18.2
20180628 28.3 26.4 25.5 24.2 22.0 18.3
20180629 25.8 25.2 24.7 23.8 22.1 18.4
20180630 27.3 25.4 24.7 23.6 22.0 18.6
20180701 26.9 25.2 24.5 23.5 22.0 18.7
20180702 29.3 26.2 25.1 23.8 22.1 18.8
20180703 23.4 24.5 24.4 23.8 22.2 18.9
20180704 28.6 25.2 24.3 23.3 22.1 19.0
20180705 31.6 26.5 25.2 23.9 22.1 19.0
20180706 32.7 28.2 26.5 24.8 22.5 19.1
20180707 32.7 28.3 26.8 25.2 22.9 19.2
20180708 34.7 28.9 27.2 25.5 23.2 19.4
20180709 35.5 30.1 28.2 26.3 23.5 19.5
20180710 34.6 30.5 28.7 26.8 24.1 19.8
20180711 34.4 30.1 28.5 26.9 24.4 20.0
20180712 32.9 29.8 28.4 27.0 24.6 20.2
20180713 32.9 29.8 28.4 27.0 24.7 20.4
20180714 27.7 27.9 27.5 26.7 24.8 20.6
20180715 33.0 28.8 27.4 26.2 24.6 20.8
20180716 34.3 30.2 28.6 26.9 24.7 20.9
20180717 30.9 29.1 28.1 26.9 25.0 21.0
20180718 32.2 29.1 28.0 26.8 25.0 21.1
20180719 33.5 29.6 28.3 27.0 25.1 21.3
20180720 33.3 30.1 28.7 27.3 25.2 21.4
20180721 33.8 30.4 28.9 27.5 25.3 21.5
20180722 26.4 28.0 27.7 27.2 25.5 21.6
20180723 28.4 27.4 27.0 26.2 25.2 21.7
20180724 32.7 28.5 27.3 26.3 25.0 21.8
20180725 31.5 29.6 28.4 27.0 25.0 21.8
20180726 30.3 28.3 27.6 26.6 25.2 21.8
20180727 29.7 28.5 27.6 26.6 25.1 21.9
20180728 28.9 27.9 27.2 26.3 25.1 21.9
20180729 29.1 27.5 26.8 26.0 24.9 21.9
20180730 30.4 28.0 27.1 26.1 24.8 22.0
20180731 31.1 28.2 27.3 26.2 24.8 22.0
20180801 32.7 29.8 28.3 26.8 24.9 22.0
20180802 28.7 28.4 27.7 26.7 25.2 22.0
20180803 26.1 26.8 26.6 26.0 25.1 22.1
20180804 26.1 25.9 25.8 25.4 24.8 22.1
20180805 28.1 26.7 26.1 25.3 24.5 22.1
20180806 27.7 26.4 25.9 25.2 24.4 22.0
20180807 28.8 26.8 26.1 25.2 24.3 22.0
20180808 29.6 27.1 26.3 25.4 24.3 22.0
20180809 30.3 27.5 26.6 25.6 24.3 21.9
20180810 30.0 27.7 26.9 25.8 24.4 21.9
20180811 31.0 28.0 26.9 25.9 24.5 21.9
20180812 31.3 28.5 27.4 26.2 24.6 22.0
20180813 31.2 28.7 27.6 26.4 24.8 22.0
20180814 29.6 27.9 27.2 26.3 24.9 22.0
20180815 29.3 27.7 26.9 26.0 24.9 22.1
20180816 29.9 28.1 27.2 26.2 24.8 22.2
20180817 28.2 27.4 26.8 26.0 24.8 22.2
20180818 22.8 25.6 25.8 25.5 24.7 22.2
20180819 25.6 25.1 25.0 24.7 24.4 22.2
20180820 24.8 24.6 24.7 24.4 24.1 22.2
20180821 26.0 25.0 24.8 24.3 23.9 22.1
20180822 25.4 25.0 24.8 24.3 23.7 22.0
20180823 22.2 23.9 24.1 23.9 23.6 21.9
20180824 24.2 23.8 23.8 23.5 23.3 21.9
20180825 24.80472006710365 23.886587592887 23.774358454877962 23.392651410225774 23.142338200746327 21.92688192001262
20180826 23.9 23.7 23.7 23.3 23.0 21.8
20180827 19.8 22.8 23.2 23.1 22.9 21.6
20180828 20.1 21.8 22.1 22.2 22.5 21.5
20180829 22.5 21.8 21.9 21.9 22.2 21.4
20180830 24.8 23.2 22.8 22.2 22.0 21.3
20180831 25.9 24.1 23.4 22.7 22.1 21.1
20180901 24.9 23.8 23.5 22.8 22.1 21.1
20180902 23.5 23.2 23.1 22.6 22.2 21.0
20180903 24.4 23.2 23.0 22.5 22.1 21.0
20180904 23.8 23.2 23.0 22.5 22.1 21.0
20180905 24.2 23.1 22.9 22.4 22.0 20.9
20180906 25.5 23.6 23.1 22.5 22.0 20.9
20180907 26.2 24.3 23.7 22.8 22.0 20.9
20180908 24.7 23.9 23.6 22.9 22.1 20.8
20180909 23.3 23.0 22.9 22.6 22.1 20.8
20180910 23.7 23.0 22.8 22.3 22.0 20.8
20180911 22.3 22.7 22.7 22.3 21.9 20.8
20180912 18.6 21.1 21.6 21.7 21.7 20.7
20180913 20.7 21.3 21.4 21.3 21.4 20.7
20180914 20.5 20.7 20.9 20.9 21.2 20.6
20180915 22.8 21.6 21.4 21.0 21.0 20.5
20180916 20.8 21.4 21.4 21.1 20.9 20.3
20180917 20.8 20.8 20.9 20.8 20.8 20.3
20180918 19.5 20.5 20.7 20.6 20.7 20.2
20180919 20.2 20.0 20.3 20.2 20.5 20.1
20180920 17.6 19.8 20.2 20.2 20.3 20.1
20180921 17.0 18.4 19.0 19.4 20.1 19.9
20180922 19.4 18.9 19.1 19.2 19.8 19.8
20180923 17.5 19.1 19.3 19.3 19.6 19.7
20180924 15.6 18.1 18.7 18.9 19.4 19.5
20180925 14.2 16.6 17.5 18.1 19.1 19.4
20180926 13.9 16.3 17.1 17.6 18.7 19.3
20180927 16.4 16.4 16.9 17.3 18.3 19.1
20180928 19.1 17.0 17.3 17.3 18.1 18.9
20180929 19.6 17.8 17.7 17.6 18.0 18.7
20180930 20.2 19.9 19.3 18.5 18.1 18.6
20181001 16.4 17.3 17.8 18.0 18.3 18.5
20181002 19.2 18.2 18.1 17.9 18.1 18.4
20181003 15.1 17.1 17.7 17.8 18.1 18.3
20181004 11.6 14.2 15.8 16.8 17.9 18.3
20181005 9.3 12.0 13.8 15.3 17.2 18.2
20181006 7.2 10.2 12.1 13.9 16.4 18.0
20181007 7.8 10.0 11.4 12.9 15.6 17.8
20181008 7.7 9.7 11.0 12.4 14.9 17.5
20181009 5.0 8.1 9.9 11.6 14.4 17.1
20181010 6.0 7.6 8.8 10.5 13.6 16.8
20181011 6.4 8.3 9.2 10.3 13.0 16.5
20181012 5.5 7.4 8.5 9.8 12.5 16.1
20181013 4.8 6.9 8.0 9.4 12.1 15.7
20181014 1.7 5.0 6.6 8.5 11.6 15.4
20181015 2.8 4.2 5.6 7.3 10.9 15.0
20181016 6.3 5.7 6.4 7.3 10.3 14.7
20181017 8.6 7.6 7.9 8.2 10.1 14.3
20181018 8.7 8.2 8.6 8.9 10.3 14.0
20181019 8.5 8.2 8.6 9.1 10.4 13.7
20181020 9.6 8.7 9.1 9.3 10.5 13.6
20181021 12.4 10.1 10.0 9.9 10.6 13.4
20181022 10.8 10.5 10.7 10.5 10.9 13.3
20181023 10.8 11.0 11.2 10.9 11.2 13.2
20181024 8.7 9.5 10.1 10.5 11.4 13.2
20181025 8.3 9.4 10.0 10.4 11.3 13.2
20181026 7.2 8.3 9.1 9.7 11.2 13.1
20181027 8.2 8.6 9.1 9.5 10.9 13.1
20181028 9.0 8.9 9.3 9.7 10.8 13.0
20181029 5.4 7.9 8.8 9.5 10.7 12.9
20181030 1.9 5.3 6.7 8.2 10.4 12.8
20181031 2.5 4.3 5.5 6.9 9.7 12.7
20181101 6.0 6.2 6.6 7.1 9.2 12.5
20181102 6.7 7.0 7.4 7.6 9.1 12.3
20181103 3.5 5.8 6.7 7.5 9.1 12.1
20181104 2.4 4.7 5.7 6.8 8.8 11.9
20181105 3.5 4.7 5.4 6.3 8.4 11.7
20181106 1.2 3.6 4.7 5.8 8.1 11.6
20181107 -0.2 2.7 3.9 5.2 7.7 11.4
20181108 -0.9 1.7 3.0 4.4 7.2 11.2
20181109 -2.4 0.6 2.1 3.7 6.7 10.9
20181110 1.3 1.1 2.1 3.2 6.2 10.7
20181111 -1.4 1.0 2.1 3.2 5.8 10.4
20181112 -3.1 0.1 1.4 2.7 5.5 10.1
20181113 -2.7 -0.4 0.8 2.2 5.1 9.9
20181114 -1.4 -0.3 0.7 1.9 4.7 9.6
20181115 -1.1 -0.2 0.7 1.8 4.4 9.3
20181116 0.1 0.0 0.8 1.8 4.2 9.0
20181117 0.9 1.1 1.5 2.0 4.1 8.8
20181118 -4.7 -0.4 0.8 1.9 4.1 8.6
20181119 -4.0 -1.2 0.0 1.3 3.9 8.4
20181120 -3.5 -1.4 -0.3 0.9 3.5 8.2
20181121 -3.2 -1.6 -0.6 0.6 3.3 8.0
20181122 0.6 -0.5 0.0 0.7 3.0 7.9
20181123 1.8 0.2 0.5 1.0 3.0 7.7
20181124 0.5 0.9 1.2 1.5 3.0 7.5
20181125 -1.4 0.3 1.0 1.5 3.2 7.3
20181126 -2.3 -0.1 0.6 1.3 3.1 7.2
20181127 -0.7 -0.2 0.4 1.1 3.0 7.1
20181128 -0.4 0.0 0.5 1.1 2.9 7.0
20181129 -0.5 0.2 0.7 1.2 2.9 6.9
20181130 -0.6 0.3 0.7 1.2 2.9 6.8
20181201 -5.0 0.3 0.8 1.2 2.8 6.7
20181202 -3.5 0.3 0.8 1.2 2.8 6.6
20181203 -8.1 0.2 0.8 1.2 2.7 6.5
20181204 -10.8 -0.1 0.5 1.1 2.7 6.4
20181205 -8.0 -0.4 0.2 0.8 2.6 6.3
20181206 -6.0 -0.5 0.0 0.6 2.5 6.3
20181207 -6.3 -0.6 0.0 0.5 2.3 6.2
20181208 -3.9 -0.5 0.0 0.5 2.3 6.0
20181209 -4.9 -0.6 -0.1 0.5 2.2 6.0
20181210 -2.2 -0.5 0.0 0.5 2.1 5.9
20181211 -2.7 -0.4 0.0 0.5 2.0 5.8
20181212 -5.5 -0.4 0.0 0.5 2.0 5.7
20181213 -11.0 -0.8 -0.2 0.4 2.0 5.6
20181214 -8.9 -1.2 -0.6 0.1 1.9 5.6
20181215 -7.5 -1.3 -0.7 -0.1 1.7 5.5
20181216 -7.3 -1.4 -0.9 -0.3 1.6 5.4
20181217 -4.1 -1.3 -0.9 -0.3 1.5 5.3
20181218 -1.6 -1.0 -0.7 -0.3 1.4 5.2
20181219 -1.8 -0.7 -0.5 -0.1 1.3 5.1
20181220 -2.9 -0.8 -0.5 -0.1 1.4 5.0
20181221 -0.8 -0.6 -0.4 0.0 1.4 5.0
20181222 -5.5 -0.8 -0.4 0.0 1.4 4.9
20181223 -3.4 -1.2 -0.7 -0.1 1.4 4.8
20181224 -2.1 -0.9 -0.6 -0.1 1.3 4.8
20181225 -0.6 -0.7 -0.4 -0.1 1.3 4.8
20181226 -8.5 -0.7 -0.4 0.0 1.3 4.7
20181227 -6.7 -0.8 -0.5 0.0 1.3 4.6
20181228 -12.8 -0.9 -0.5 -0.1 1.3 4.6
20181229 -9.7 -1.2 -0.8 -0.3 1.2 4.5
20181230 -6.9 -1.1 -0.8 -0.3 1.2 4.5
20181231 -11.9 -1.2 -0.8 -0.4 1.1 4.4
20190101 -15.8 -1.7 -1.1 -0.5 1.0 4.4
20190102 -14.1 -1.9 -1.3 -0.7 0.9 4.3
20190103 -14.8 -2.3 -1.6 -0.9 0.8 4.3
20190104 -13.4 -2.4 -1.8 -1.1 0.7 4.2
20190105 -9.4 -2.5 -2.0 -1.3 0.5 4.1
20190106 -3.6 -1.8 -1.6 -1.3 0.4 4.0
20190107 -3.5 -1.5 -1.3 -1.1 0.4 4.0
20190108 -6.1 -1.4 -1.2 -1.0 0.4 3.9
20190109 -6.1 -1.4 -1.2 -1.0 0.4 3.8
20190110 -2.7 -1.3 -1.2 -0.9 0.4 3.8
20190111 -1.9 -1.1 -1.0 -0.9 0.4 3.7
20190112 -3.6 -1.0 -0.9 -0.8 0.4 3.7
20190113 -5.5 -1.1 -0.9 -0.7 0.5 3.7
20190114 -8.0 -1.2 -0.9 -0.6 0.5 3.7
20190115 -5.4 -1.4 -1.1 -0.7 0.5 3.6
20190116 -2.0 -1.2 -1.0 -0.7 0.5 3.6
20190117 -0.2 -1.0 -0.9 -0.7 0.5 3.6
20190118 -3.5 -0.7 -0.6 -0.5 0.5 3.5
20190119 -2.5 -0.6 -0.5 -0.4 0.6 3.5
20190120 -3.3 -0.6 -0.4 -0.3 0.7 3.5
20190121 -3.9 -0.5 -0.4 -0.2 0.7 3.5
20190122 -12.4 -0.5 -0.4 -0.2 0.8 3.5
20190123 -6.3 -0.6 -0.4 -0.2 0.8 3.5
20190124 -9.1 -0.6 -0.4 -0.2 0.8 3.5
20190125 -11.0 -0.7 -0.5 -0.2 0.8 3.5
20190126 -9.6 -0.8 -0.6 -0.2 0.8 3.5
20190127 -7.6 -0.9 -0.6 -0.3 0.8 3.5
20190128 -8.8 -0.9 -0.6 -0.3 0.8 3.5
20190129 -11.0 -0.9 -0.7 -0.4 0.7 3.5
20190130 -12.1 -1.2 -0.9 -0.5 0.7 3.4
20190131 -9.8 -1.3 -1.0 -0.6 0.6 3.4
20190201 -8.8 -1.3 -1.1 -0.7 0.6 3.4
20190202 -2.5 -1.1 -0.9 -0.7 0.5 3.3
20190203 -0.1 -0.5 -0.5 -0.5 0.5 3.3
20190204 -0.1 -0.4 -0.4 -0.3 0.6 3.3
20190205 -1.9 -0.3 -0.3 -0.2 0.6 3.3
20190206 -5.1 -0.3 -0.2 -0.1 0.7 3.2
20190207 -8.2 -0.5 -0.3 -0.1 0.7 3.2
20190208 -8.5 -1.8 -0.9 -0.5 0.7 3.2
20190209 -6.7 -2.4 -1.5 -0.8 0.6 3.2
20190210 -4.4 -1.6 -1.3 -0.9 0.4 3.1
20190211 -11.8 -1.7 -1.3 -0.9 0.3 3.1
20190212 -9.2 -2.5 -1.9 -1.1 0.2 3.0
20190213 -1.7 -1.8 -1.5 -1.2 0.1 3.0
20190214 0.0 -0.9 -1.0 -1.1 0.1 2.9
20190215 -1.7 -0.7 -0.7 -0.9 0.1 2.9
20190216 -6.9 -0.5 -0.6 -0.8 0.1 2.9
20190217 -5.5 -0.7 -0.6 -0.6 0.2 2.8
20190218 -7.6 -1.0 -0.8 -0.6 0.2 2.8
20190219 -8.6 -1.5 -1.1 -0.7 0.3 2.8
20190220 -9.2 -1.5 -1.2 -0.9 0.2 2.8
20190221 -12.9 -1.3 -1.1 -0.9 0.1 2.8
20190222 -15.5 -1.4 -1.2 -0.9 0.1 2.7
20190223 -12.7 -1.6 -1.3 -1.0 0.1 2.7
20190224 -4.0 -1.5 -1.3 -1.0 0.0 2.7
20190225 -0.2 -1.0 -0.9 -0.9 0.0 2.7
20190226 0.4 -0.6 -0.7 -0.8 0.0 2.6
20190227 1.2 -0.5 -0.6 -0.6 0.1 2.6
20190228 2.2 -0.4 -0.5 -0.5 0.2 2.6
20190301 0.8 -0.4 -0.3 -0.4 0.3 2.6
20190302 1.6 -0.3 -0.3 -0.4 0.3 2.6
20190303 1.5 -0.2 -0.2 -0.3 0.4 2.6
20190304 -0.3 -0.3 -0.2 -0.2 0.5 2.6
20190305 2.1 -0.1 -0.2 -0.1 0.5 2.6
20190306 2.6 0.2 0.2 0.2 0.6 2.7
20190307 3.5 1.3 0.9 0.7 0.8 2.7
20190308 -1.7 0.3 0.8 0.9 1.1 2.7
20190309 -3.5 0.2 0.5 0.6 1.2 2.8
20190310 -1.9 0.1 0.4 0.5 1.2 2.8
20190311 1.1 0.9 0.8 0.6 1.1 2.9
20190312 3.2 1.7 1.5 1.1 1.3 2.9
20190313 0.0 0.8 1.2 1.3 1.5 3.0
20190314 1.2 0.9 1.0 1.1 1.6 3.0
20190315 2.1 1.2 1.2 1.2 1.7 3.1
20190316 3.6 2.2 2.0 1.7 1.8 3.1
20190317 5.1 3.3 3.1 2.5 2.1 3.2
20190318 6.0 4.1 3.9 3.2 2.5 3.3
20190319 6.7 4.2 4.1 3.6 3.0 3.4
20190320 7.6 4.7 4.4 3.9 3.3 3.6
20190321 5.6 5.2 5.1 4.4 3.7 3.7
20190322 4.4 4.5 4.7 4.4 4.0 3.9
20190323 6.6 5.6 5.3 4.6 4.1 4.1
20190324 3.1 4.6 5.0 4.8 4.4 4.2
20190325 5.4 4.8 4.7 4.3 4.4 4.4
20190326 6.2 5.6 5.4 4.9 4.5 4.5
20190327 6.7 6.2 6.0 5.4 4.7 4.6
20190328 8.5 7.2 6.8 5.9 5.0 4.8
20190329 4.4 5.8 6.2 6.0 5.4 4.9
20190330 4.8 5.4 5.6 5.5 5.4 5.1
20190331 6.4 5.7 5.7 5.4 5.4 5.2
20190401 7.9 6.4 6.2 5.7 5.4 5.3
20190402 7.1 6.7 6.7 6.3 5.7 5.4
20190403 8.5 7.8 7.4 6.6 5.8 5.5
20190404 10.6 8.7 8.1 7.1 6.1 5.6
20190405 12.2 9.7 9.1 8.0 6.6 5.8
20190406 8.1 8.8 8.9 8.3 7.1 5.9
20190407 7.3 7.5 7.7 7.6 7.2 6.1
20190408 11.2 9.1 8.7 7.9 7.2 6.3
20190409 6.2 7.9 8.4 8.3 7.5 6.5
20190410 3.2 5.3 6.2 6.8 7.4 6.6
20190411 3.8 5.1 5.6 6.0 6.9 6.8
20190412 5.0 5.5 5.8 5.9 6.5 6.8
20190413 6.5 6.5 6.4 6.1 6.4 6.8
20190414 7.6 7.1 7.0 6.6 6.5 6.7
20190415 8.5 8.1 7.9 7.2 6.7 6.7
20190416 7.3 7.6 7.8 7.4 7.0 6.7
20190417 7.3 7.5 7.5 7.2 7.0 6.8
20190418 10.6 9.1 8.6 7.7 7.1 6.9
20190419 13.9 10.8 10.0 8.8 7.5 7.0
20190420 15.9 12.3 11.5 10.0 8.2 7.1
20190421 9.6 10.6 10.9 10.4 8.9 7.3
20190422 10.5 10.3 10.3 9.8 9.0 7.5
20190423 13.7 11.3 10.8 9.9 9.0 7.7
20190424 15.0 12.7 12.0 10.9 9.3 7.9
20190425 16.6 13.4 12.6 11.4 9.8 8.1
20190426 12.0 12.6 12.6 12.0 10.3 8.3
20190427 11.3 11.1 11.1 10.9 10.4 8.5
20190428 9.9 10.8 11.0 10.9 10.3 8.7
20190429 10.6 10.0 10.2 10.2 10.1 8.8
20190430 2.7 7.2 8.6 9.6 10.0 9.0
20190501 6.5 7.2 7.7 8.2 9.3 9.0
20190502 9.5 8.9 8.7 8.5 8.9 9.0
20190503 13.4 10.9 10.2 9.4 9.0 8.9
20190504 16.2 13.0 12.0 10.6 9.4 8.9
20190505 19.0 14.8 13.6 11.9 10.0 8.9
20190506 19.0 15.8 14.8 13.1 10.8 9.0
20190507 12.3 13.5 13.7 13.1 11.4 9.2
20190508 14.9 13.4 13.1 12.4 11.5 9.4
20190509 12.8 13.0 12.9 12.4 11.5 9.7
20190510 16.1 13.7 13.3 12.5 11.6 9.8
20190511 17.8 15.2 14.5 13.3 11.8 10.0
20190512 20.5 16.6 15.6 14.1 12.2 10.1
20190513 22.0 17.8 16.7 15.1 12.8 10.3
20190514 24.2 19.2 17.9 16.1 13.4 10.5
20190515 21.0 18.7 18.0 16.6 14.0 10.8
20190516 17.1 17.4 17.3 16.5 14.4 11.1
20190517 8.7 13.0 14.1 14.7 14.4 11.4
20190518 10.8 12.4 12.9 13.2 13.7 11.6
20190519 9.4 11.5 12.3 12.7 13.1 11.7
20190520 8.8 10.9 11.6 12.0 12.7 11.7
20190521 7.4 9.2 10.2 11.1 12.2 11.6
20190522 9.4 10.3 10.6 10.8 11.6 11.5
20190523 8.9 9.9 10.4 10.7 11.4 11.4
20190524 10.8 11.3 11.3 11.0 11.2 11.3
20190525 12.1 12.2 12.1 11.5 11.2 11.2
20190526 15.4 13.5 13.0 12.1 11.5 11.1
20190527 10.2 12.2 12.7 12.6 11.9 11.1
20190528 13.5 12.9 12.7 12.2 11.9 11.1
20190529 15.8 15.0 14.3 13.2 12.0 11.2
20190530 17.2 15.7 15.1 14.0 12.5 11.2
20190531 19.8 17.3 16.4 15.0 13.1 11.3
20190601 19.8 18.1 17.4 16.0 13.7 11.5
20190602 20.1 18.3 17.7 16.5 14.3 11.7
20190603 22.9 19.9 18.8 17.1 14.8 12.0
20190604 24.8 21.3 20.1 18.2 15.4 12.2
20190605 26.0 22.1 21.0 19.1 16.1 12.5
20190606 21.0 20.7 20.5 19.5 16.8 12.8
20190607 14.7 17.8 18.4 18.3 17.0 13.2
20190608 12.3 15.0 15.7 16.3 16.5 13.5
20190609 15.8 15.9 15.9 15.7 15.8 13.7
20190610 19.4 18.0 17.4 16.5 15.6 13.7
20190611 18.92852758148037 18.593914167899058 18.04600792675965 16.89453615482436 15.442465334932027 13.731718821910093
20190612 24.4 21.3 20.4 18.8 16.4 13.8
20190613 25.7 22.1 21.2 19.6 17.0 13.9
20190614 25.7 22.8 21.8 20.2 17.6 14.1
20190615 25.7 23.0 22.2 20.6 18.1 14.4
20190616 26.5 23.2 22.3 20.9 18.5 14.6
20190617 25.7 23.5 22.8 21.4 18.8 14.9
20190618 25.6 23.2 22.5 21.3 19.2 15.2
20190619 24.6 23.1 22.6 21.5 19.3 15.5
20190620 18.1 21.0 21.3 21.0 19.5 15.7
20190621 16.6 18.8 19.2 19.4 19.1 15.9
20190622 19.3 19.3 19.2 18.9 18.6 16.0
20190623 21.5 20.3 19.9 19.2 18.3 16.1
20190624 24.3 21.7 21.0 19.9 18.5 16.1
20190625 25.0 22.1 21.5 20.4 18.7 16.1
20190626 26.9 23.4 22.4 21.0 19.0 16.2
20190627 28.3 24.2 23.2 21.7 19.4 16.3
20190628 27.2 24.3 23.5 22.1 19.8 16.4
20190629 28.5 24.6 23.8 22.4 20.2 16.6
20190630 26.6 24.7 24.1 22.8 20.5 16.8
20190701 29.1 25.2 24.3 22.9 20.7 17.0
20190702 29.2 25.5 24.7 23.3 21.0 17.2
20190703 27.0 25.2 24.6 23.4 21.3 17.4
20190704 19.1 22.4 22.9 22.7 21.4 17.6
20190705 23.4 22.2 22.0 21.5 20.9 17.8
20190706 26.4 23.5 22.9 22.0 20.7 17.9
20190707 28.3 24.7 23.9 22.6 20.9 17.9
20190708 23.4 23.9 23.7 22.8 21.1 18.0
20190709 25.5 23.3 22.9 22.2 21.1 18.1
20190710 28.7 25.0 24.0 22.7 21.1 18.2
20190711 30.5 25.9 24.8 23.4 21.3 18.2
20190712 31.3 27.0 25.7 24.1 21.7 18.3
20190713 26.9 25.6 25.2 24.2 22.1 18.5
20190714 30.1 26.3 25.3 24.0 22.3 18.6
20190715 30.7 27.1 26.0 24.5 22.4 18.7
20190716 30.0 27.0 26.1 24.8 22.7 19.0
20190717 29.1 27.0 26.1 24.9 23.0 19.1
20190718 29.6 26.8 26.0 24.8 23.1 19.3
20190719 30.6 27.4 26.4 25.1 23.3 19.5
20190720 31.1 27.7 26.7 25.3 23.4 19.6
20190721 31.3 27.9 26.9 25.6 23.6 19.7
20190722 32.1 28.4 27.3 25.9 23.8 19.9
20190723 30.2 27.7 27.0 25.9 24.0 20.0
20190724 31.1 28.4 27.4 26.1 24.1 20.2
20190725 32.1 28.4 27.4 26.1 24.2 20.3
20190726 28.9 27.5 27.0 26.1 24.3 20.5
20190727 26.4 26.7 26.4 25.7 24.3 20.7
20190728 29.6 26.7 26.1 25.3 24.1 20.7
20190729 29.1 26.8 26.3 25.5 24.2 20.8
20190730 30.6 27.3 26.6 25.5 24.2 20.8
20190731 26.6 26.5 26.2 25.6 24.2 20.9
20190801 29.0 26.8 26.1 25.2 24.1 21.0
20190802 30.5 27.5 26.6 25.5 24.1 21.0
20190803 30.7 27.6 26.7 25.7 24.3 21.1
20190804 30.6 28.0 27.1 26.0 24.4 21.1
20190805 28.8 27.3 26.7 25.9 24.4 21.1
20190806 30.5 27.5 26.8 25.9 24.3 21.2
20190807 25.2 25.9 26.0 25.6 24.4 21.2
20190808 20.5 23.7 24.4 24.5 24.1 21.4
20190809 26.5 24.4 24.1 23.8 23.6 21.4
20190810 27.6 25.5 25.1 24.3 23.4 21.3
20190811 26.8 25.7 25.3 24.5 23.4 21.2
20190812 25.1 24.9 24.8 24.3 23.4 21.2
20190813 26.5 24.9 24.7 24.1 23.3 21.2
20190814 28.0 25.7 25.1 24.3 23.2 21.2
20190815 29.1 26.3 25.6 24.6 23.3 21.2
20190816 28.6 26.6 25.9 24.9 23.5 21.1
20190817 26.9 25.8 25.4 24.8 23.6 21.2
20190818 27.1 25.6 25.2 24.6 23.5 21.2
20190819 27.0 25.7 25.2 24.6 23.6 21.2
20190820 27.1 25.7 25.3 24.5 23.5 21.2
20190821 27.3 25.5 25.1 24.4 23.4 21.2
20190822 25.3 25.1 24.9 24.4 23.4 21.2
20190823 25.0 24.7 24.5 24.0 23.6 21.2
20190824 26.1 24.7 24.4 23.9 23.2 21.2
20190825 26.5 25.3 24.7 24.0 23.1 21.2
20190826 24.2 24.4 24.3 23.8 23.2 21.2
20190827 23.1 23.4 23.5 23.3 23.0 21.2
20190828 25.0 23.7 23.5 23.1 22.7 21.2
20190829 27.5 25.0 24.3 23.5 22.7 21.1
20190830 28.4 25.8 25.0 24.0 23.0 21.1
20190831 27.0 25.6 25.0 24.1 23.0 21.1
20190901 26.8 25.1 24.6 23.9 23.1 21.1
20190902 27.5 25.2 24.6 23.9 23.2 21.1
20190903 29.6 26.5 25.5 24.4 23.1 21.1
20190904 28.7 25.9 25.3 24.4 23.3 21.1
20190905 28.6 26.2 25.5 24.7 23.5 21.2
20190906 22.2 24.4 24.8 24.4 23.7 21.2
20190907 21.5 22.7 23.2 23.3 23.2 21.2
20190908 16.4 20.8 22.1 22.6 23.0 21.2
20190909 15.9 18.4 19.8 20.8 22.3 21.2
20190910 18.3 19.1 19.9 20.4 21.7 21.1
20190911 12.8 16.7 18.6 19.6 21.2 20.9
20190912 13.1 15.2 16.8 18.1 20.5 20.6
20190913 16.5 16.5 17.3 17.8 19.8 20.4
20190914 19.4 18.3 18.5 18.4 19.5 20.0
20190915 21.3 19.3 19.4 19.0 19.5 19.8
20190916 23.3 20.6 20.6 19.9 19.5 19.5
20190917 17.2 18.8 19.6 19.7 19.6 19.4
20190918 17.2 17.4 18.1 18.6 19.3 19.3
20190919 16.3 17.4 18.1 18.5 19.0 19.2
20190920 9.6 14.4 16.3 17.6 18.7 19.1
20190921 9.0 12.1 13.9 15.6 18.0 18.9
20190922 12.2 13.0 14.0 15.0 17.1 18.7
20190923 16.5 15.2 15.4 15.4 16.6 18.5
20190924 16.9 16.1 16.4 16.2 16.7 18.2
20190925 16.5 16.3 16.6 16.5 16.8 17.9
20190926 16.2 15.9 16.3 16.3 16.9 17.8
20190927 18.7 16.8 17.0 16.7 16.9 17.6
20190928 9.2 12.9 14.8 16.1 17.0 17.5
20190929 5.3 9.0 10.9 12.7 16.0 17.5
20190930 5.8 8.4 9.8 11.2 14.5 17.2
20191001 6.5 8.7 9.7 10.8 13.6 16.9
20191002 7.1 9.1 10.1 10.8 13.1 16.4
20191003 7.7 8.7 9.6 10.4 12.7 16.0
20191004 4.8 7.7 9.2 10.2 12.3 15.7
20191005 5.8 7.1 8.2 9.3 11.9 15.3
20191006 6.8 7.6 8.4 9.2 11.4 15.0
20191007 7.6 7.8 8.5 9.1 11.1 14.7
20191008 9.2 8.7 9.1 9.4 10.9 14.4
20191009 4.0 7.4 8.7 9.5 11.0 14.1
20191010 1.1 5.0 6.5 8.0 10.7 13.9
20191011 1.1 3.9 5.4 7.0 10.0 13.7
20191012 3.7 4.7 5.5 6.6 9.4 13.4
20191013 5.8 5.7 6.1 6.8 9.0 13.1
20191014 6.6 6.6 6.8 7.2 8.9 12.8
20191015 8.4 7.5 7.5 7.6 8.9 12.5
20191016 9.5 8.3 8.2 8.2 9.1 12.3
20191017 8.7 8.6 8.8 8.8 9.4 12.1
20191018 4.5 6.9 7.8 8.5 9.5 12.1
20191019 1.0 4.7 6.2 7.5 9.3 12.0
20191020 3.2 5.0 5.8 6.6 8.8 11.9
20191021 5.5 6.1 6.6 6.9 8.5 11.7
20191022 6.5 6.6 7.0 7.2 8.5 11.5
20191023 5.5 6.5 7.0 7.3 8.5 11.4
20191024 3.0 4.9 5.9 6.8 8.5 11.3
20191025 4.2 4.9 5.5 6.3 8.2 11.1
20191026 3.0 4.8 5.6 6.2 8.0 11.0
20191027 -1.4 2.9 4.3 5.6 7.7 10.8
20191028 -4.3 0.3 2.3 4.2 7.2 10.7
20191029 -7.3 0.1 1.8 3.3 6.5 10.5
20191030 -6.2 -1.4 0.6 2.4 5.8 10.2
20191031 -3.5 -1.3 0.1 1.7 5.1 9.9
20191101 -1.8 -0.4 0.4 1.5 4.6 9.6
20191102 -1.2 -0.1 0.6 1.5 4.3 9.3
20191103 0.3 0.5 0.8 1.6 4.0 8.9
20191104 2.2 1.3 1.3 1.8 3.9 8.7
20191105 2.6 1.7 1.9 2.2 3.9 8.4
20191106 3.0 2.2 2.3 2.6 4.1 8.2
20191107 2.7 2.5 2.7 2.9 4.2 8.1
20191108 3.1 2.8 3.0 3.2 4.3 8.0
20191109 3.3 3.0 3.2 3.4 4.5 7.9
20191110 4.0 3.6 3.6 3.7 4.6 7.8
20191111 2.9 3.5 3.8 4.0 4.8 7.8
20191112 1.0 2.0 2.7 3.4 4.9 7.8
20191113 4.7 3.8 3.7 3.6 4.7 7.7
20191114 3.0 3.3 3.6 3.8 4.8 7.7
20191115 5.8 4.4 4.3 4.2 4.9 7.7
20191116 4.3 4.7 4.8 4.6 5.1 7.6
20191117 1.6 3.1 3.7 4.2 5.2 7.6
20191118 2.6 3.2 3.6 4.0 5.1 7.6
20191119 4.0 3.6 3.8 4.0 5.0 7.6
20191120 3.7 4.2 4.5 4.5 5.1 7.6
20191121 0.6 2.8 3.7 4.2 5.2 7.6
20191122 1.2 2.3 3.0 3.7 5.0 7.6
20191123 -0.7 1.8 2.7 3.4 4.8 7.5
20191124 -2.3 0.5 1.7 2.8 4.6 7.4
20191125 -5.2 0.5 1.4 2.3 4.2 7.3
20191126 -10.2 0.5 1.4 2.2 3.9 7.2
20191127 -2.8 0.6 1.4 2.1 3.8 7.1
20191128 -2.0 0.8 1.6 2.1 3.7 6.9
20191129 -2.0 0.8 1.6 2.1 3.6 6.8
20191130 -13.2 0.8 1.5 2.0 3.5 6.7
20191201 -10.1 0.8 1.5 2.0 3.5 6.6
20191202 -2.7 0.7 1.4 2.0 3.4 6.5
20191203 -6.0 0.7 1.4 1.9 3.3 6.4
20191204 -6.1 0.6 1.4 1.9 3.2 6.3
20191205 -0.2 0.6 1.3 1.8 3.2 6.2
20191206 -1.6 0.5 1.2 1.8 3.1 6.1
20191207 -2.0 0.5 1.2 1.7 3.0 6.0
20191208 -0.9 0.5 1.2 1.6 2.9 6.0
20191209 -6.0 0.4 1.1 1.5 2.9 5.9
20191210 -8.4 0.3 1.0 1.5 2.8 5.8
20191211 -5.1 0.2 0.9 1.4 2.8 5.8
20191212 -0.4 0.3 0.9 1.4 2.7 5.7
20191213 -0.9 0.3 0.9 1.4 2.6 5.6
20191214 -5.4 0.3 0.9 1.4 2.6 5.6
20191215 -13.2 0.3 0.9 1.3 2.6 5.5
20191216 -12.3 0.2 0.8 1.3 2.5 5.4
20191217 -16.1 0.1 0.8 1.2 2.5 5.4
20191218 -11.1 -0.1 0.7 1.1 2.4 5.3
20191219 -10.6 -0.1 0.6 1.0 2.3 5.3
20191220 -10.6 -0.2 0.5 0.9 2.2 5.2
20191221 -7.6 -0.3 0.4 0.8 2.2 5.1
20191222 -5.5 -0.3 0.4 0.8 2.1 5.0
20191223 -2.1 -0.3 0.4 0.8 2.0 5.0
20191224 -0.5 -0.2 0.4 0.8 2.0 4.9
20191225 -4.0 -0.1 0.4 0.8 2.0 4.9
20191226 -5.7 -0.1 0.4 0.8 1.9 4.8
20191227 -10.3 -0.1 0.5 0.8 1.9 4.8
20191228 -9.8 -0.2 0.4 0.8 1.9 4.7
20191229 -7.6 -0.4 0.3 0.7 1.9 4.7
20191230 -8.6 -0.4 0.2 0.6 1.9 4.6
20191231 -7.2 -0.5 0.2 0.5 1.8 4.6
20200101 -3.3 -0.5 0.1 0.4 1.7 4.5
20200102 -7.3 -0.4 0.1 0.5 1.7 4.4
20200103 -6.7 -0.5 0.1 0.4 1.6 4.4
20200104 -8.6 -0.6 0.0 0.4 1.6 4.4
20200105 -9.0 -0.7 -0.1 0.3 1.6 4.3
20200106 -6.5 -0.7 -0.1 0.3 1.5 4.2
20200107 -6.7 -0.7 -0.1 0.3 1.4 4.2
20200108 -4.9 -0.7 -0.1 0.3 1.4 4.2
20200109 -4.6 -0.6 -0.1 0.3 1.4 4.1
20200110 -11.4 -0.7 -0.1 0.3 1.3 4.1
20200111 -7.1 -0.8 -0.2 0.2 1.3 4.1
20200112 -6.1 -0.8 -0.2 0.1 1.3 4.0
20200113 -4.9 -0.6 -0.1 0.2 1.3 4.0
20200114 -6.8 -0.6 -0.1 0.2 1.3 3.9
20200115 -11.6 -0.6 -0.1 0.2 1.3 3.9
20200116 -5.9 -0.8 -0.2 0.1 1.3 3.9
20200117 -7.8 -0.7 -0.1 0.1 1.3 3.8
20200118 -10.2 -0.7 -0.1 0.2 1.4 3.8
20200119 -12.5 -0.8 -0.2 0.1 1.4 3.8
20200120 -5.7 -0.9 -0.3 0.0 1.3 3.7
20200121 -3.4 -0.8 -0.3 0.0 1.2 3.7
20200122 -0.8 -0.6 -0.2 0.1 1.3 3.7
20200123 -1.1 -0.5 -0.1 0.1 1.3 3.7
20200124 -2.1 -0.5 -0.1 0.2 1.3 3.6
20200125 0.0 -0.5 -0.1 0.2 1.3 3.6
20200126 -0.3 -0.4 0.0 0.2 1.2 3.6
20200127 -1.8 -0.4 0.0 0.3 1.3 3.5
20200128 -1.7 -0.3 0.0 0.3 1.3 3.5
20200129 -2.0 -0.3 0.1 0.3 1.3 3.5
20200130 -3.1 -0.3 0.1 0.3 1.3 3.5
20200131 -2.9 -0.3 0.1 0.3 1.2 3.5
20200201 -4.9 -0.3 0.1 0.3 1.3 3.5
20200202 -2.2 -0.2 0.2 0.3 1.3 3.5
20200203 -8.7 -0.2 0.2 0.4 1.2 3.5
20200204 -16.3 -0.2 0.2 0.4 1.2 3.5
20200205 -7.6 -0.2 0.2 0.4 1.3 3.5
20200206 -1.9 -0.2 0.2 0.4 1.2 3.4
20200207 -0.2 -0.2 0.2 0.4 1.3 3.4
20200208 -4.1 -0.2 0.2 0.4 1.3 3.4
20200209 -7.3 -0.2 0.2 0.4 1.3 3.4
20200210 -10.1 -0.2 0.2 0.4 1.3 3.4
20200211 -11.6 -0.3 0.2 0.3 1.2 3.4
20200212 -4.4 -0.4 0.1 0.3 1.2 3.3
20200213 -7.1 -0.3 0.1 0.3 1.2 3.3
20200214 -6.6 -0.3 0.1 0.2 1.1 3.3
20200215 -4.5 -0.4 0.0 0.2 1.1 3.3
20200216 -0.9 -0.3 0.0 0.2 1.1 3.3
20200217 -6.7 -0.3 0.0 0.2 1.1 3.2
20200218 -9.9 -0.4 0.0 0.2 1.1 3.2
20200219 -10.9 -0.8 -0.2 0.1 1.0 3.2
20200220 -11.4 -1.4 -0.4 -0.1 0.9 3.2
20200221 -8.7 -1.7 -0.7 -0.3 0.8 3.1
20200222 -5.3 -1.4 -0.8 -0.4 0.7 3.1
20200223 -2.8 -0.9 -0.7 -0.5 0.7 3.1
20200224 -4.3 -0.8 -0.6 -0.4 0.6 3.0
20200225 -6.5 -1.0 -0.6 -0.4 0.7 3.0
20200226 -6.2 -1.2 -0.7 -0.5 0.6 3.0
20200227 -5.0 -1.0 -0.7 -0.5 0.5 2.9
20200228 -3.7 -0.8 -0.6 -0.5 0.5 2.9
20200229 -1.8 -0.6 -0.4 -0.4 0.5 2.9
20200301 -3.3 -0.5 -0.3 -0.4 0.5 2.8
20200302 -5.0 -0.5 -0.3 -0.3 0.5 2.8
20200303 -1.5 -0.5 -0.3 -0.3 0.6 2.7
20200304 -2.0 -0.5 -0.3 -0.3 0.6 2.7
20200305 -0.3 -0.4 -0.3 -0.3 0.7 2.7
20200306 1.9 -0.1 -0.3 -0.2 0.7 2.7
20200307 3.9 0.6 0.2 0.2 0.6 2.7
20200308 4.5 2.6 1.5 0.9 0.8 2.5
20200309 4.2 3.1 2.0 1.4 1.1 2.5
20200310 6.3 4.8 3.3 2.1 1.4 2.5
20200311 4.8 4.4 3.6 2.8 1.9 2.6
20200312 4.2 4.3 3.8 3.1 2.4 2.8
20200313 3.8 3.7 3.5 3.2 2.7 2.9
20200314 6.0 5.0 4.3 3.6 3.0 3.1
20200315 6.8 5.7 5.0 4.2 3.4 3.3
20200316 6.8 6.1 5.5 4.6 3.7 3.5
20200317 7.3 5.8 5.5 4.8 4.1 3.6
20200318 4.6 5.3 5.3 4.9 4.3 3.8
20200319 3.3 4.4 4.7 4.6 4.4 4.0
20200320 2.3 3.5 3.9 4.0 4.4 4.2
20200321 3.6 4.1 4.0 3.8 4.2 4.3
20200322 5.5 5.0 4.7 4.2 4.2 4.4
20200323 7.2 5.4 5.1 4.6 4.3 4.5
20200324 6.6 6.0 5.8 5.2 4.6 4.5
20200325 4.1 5.1 5.2 5.0 4.8 4.6
20200326 3.3 4.6 4.8 4.7 4.8 4.7
20200327 2.7 3.3 3.9 4.2 4.8 4.8
20200328 5.2 4.6 4.5 4.2 4.6 4.9
20200329 5.6 4.8 4.8 4.5 4.7 4.9
20200330 9.1 6.2 5.6 5.0 4.8 5.0
20200331 10.0 7.4 6.9 6.0 5.1 5.0
20200401 5.6 6.0 6.4 6.0 5.5 5.1
20200402 2.3 4.3 5.0 5.3 5.6 5.2
20200403 4.1 4.2 4.5 4.7 5.4 5.3
20200404 8.5 5.6 5.2 4.8 5.2 5.4
20200405 9.6 7.8 7.2 6.1 5.5 5.4
20200406 8.6 7.9 7.6 6.8 5.8 5.5
20200407 11.0 8.8 8.1 7.1 6.1 5.6
20200408 13.5 10.0 9.0 7.8 6.6 5.7
20200409 14.1 11.0 10.1 8.8 7.2 5.9
20200410 11.7 10.7 10.0 9.1 7.7 6.1
20200411 9.8 9.8 9.6 9.1 8.0 6.3
20200412 7.5 8.8 8.9 8.6 8.0 6.5
20200413 4.0 7.0 7.5 7.7 8.0 6.7
20200414 6.9 7.2 7.1 7.2 7.7 6.9
20200415 6.3 7.7 7.8 7.6 7.6 7.0
20200416 6.5 7.4 7.4 7.2 7.5 7.0
20200417 7.1 7.4 7.4 7.1 7.4 7.0
20200418 11.1 9.1 8.4 7.6 7.5 7.0
20200419 10.3 9.9 9.3 8.5 7.7 7.0
20200420 9.7 9.7 9.3 8.7 8.0 7.1
20200421 14.6 11.2 10.2 9.1 8.2 7.2
20200422 16.0 12.6 11.5 10.2 8.6 7.3
20200423 12.4 12.3 11.8 10.8 9.2 7.4
20200424 13.2 12.0 11.4 10.5 9.4 7.7
20200425 14.3 12.6 11.8 10.8 9.6 7.8
20200426 17.7 14.2 13.0 11.5 9.9 8.0
20200427 15.6 14.1 13.3 12.2 10.3 7.9
20200428 19.0 15.4 14.1 12.6 10.7 8.1
20200429 20.1 16.0 14.8 13.3 11.2 8.4
20200430 19.9 16.9 15.8 14.2 11.7 8.6
20200501 16.9 15.8 15.3 14.2 12.2 8.8
20200502 18.9 16.1 15.2 14.1 12.4 9.2
20200503 17.3 16.1 15.5 14.5 12.6 9.4
20200504 16.4 15.8 15.3 14.3 12.8 9.6
20200505 17.4 15.6 15.0 14.2 12.9 9.8
20200506 16.6 16.1 15.6 14.6 13.0 10.0
20200507 14.1 14.8 14.7 14.2 13.2 10.2
20200508 16.6 15.4 14.8 14.1 13.1 10.4
20200509 19.0 16.5 15.7 14.6 13.2 10.5
20200510 19.2 16.7 16.0 15.0 13.5 10.6
20200511 22.3 18.4 17.2 15.7 13.7 10.7
20200512 20.7 18.4 17.6 16.2 14.1 10.9
20200513 15.4 16.7 16.6 16.0 14.4 11.1
20200514 17.4 16.5 16.1 15.4 14.4 11.3
20200515 17.3 16.8 16.4 15.6 14.4 11.5
20200516 16.5 16.2 16.0 15.4 14.4 11.6
20200517 23.5 18.2 17.1 15.8 14.4 11.7
20200518 21.5 18.9 18.1 16.8 14.7 11.8
20200519 18.5 18.0 17.6 16.7 15.0 12.0
20200520 10.0 14.6 15.5 15.7 15.0 12.2
20200521 15.3 15.0 14.9 14.7 14.6 12.3
20200522 10.0 13.0 14.1 14.5 14.4 12.3
20200523 7.7 10.8 11.9 12.8 13.9 12.4
20200524 11.8 12.0 12.4 12.5 13.3 12.4
20200525 16.8 14.3 13.9 13.1 13.0 12.3
20200526 20.7 16.8 15.9 14.5 13.3 12.2
20200527 24.2 19.7 18.4 16.3 13.9 12.1
20200528 25.5 20.7 19.4 17.5 14.7 12.2
20200529 27.4 21.9 20.6 18.6 15.6 12.3
20200530 28.8 23.1 21.7 19.6 16.3 12.6
20200531 27.2 23.1 22.0 20.2 16.9 12.9
20200601 26.5 22.7 21.7 20.2 17.5 13.2
20200602 26.7 23.0 22.0 20.4 17.8 13.5
20200603 25.7 22.8 22.1 20.7 18.1 13.8
20200604 24.5 22.3 21.7 20.6 18.3 14.1
20200605 29.6 23.2 22.1 20.7 18.5 14.3
20200606 20.1 22.0 22.2 21.2 18.8 14.6
20200607 10.1 15.2 17.3 18.6 18.6 14.8
20200608 9.2 12.9 14.5 15.9 17.5 15.0
20200609 15.9 14.9 15.2 15.4 16.5 14.9
20200610 21.6 18.3 17.8 16.7 16.2 14.9
20200611 25.1 20.7 19.8 18.3 16.6 14.7
20200612 27.7 22.7 21.5 19.7 17.2 14.6
20200613 23.3 22.0 21.6 20.4 17.9 14.7
20200614 21.6 20.6 20.4 19.6 18.1 14.9
20200615 22.1 20.5 20.3 19.6 18.2 15.0
20200616 13.9 17.6 18.8 19.0 18.2 15.1
20200617 9.9 13.5 15.2 16.6 17.6 15.3
20200618 15.7 15.1 15.3 15.5 16.6 15.3
20200619 19.6 17.1 17.2 16.6 16.3 15.2
20200620 21.3 18.3 18.3 17.5 16.5 15.1
20200621 25.0 20.7 20.1 18.6 16.8 15.0
20200622 26.2 22.3 21.5 19.8 17.4 15.0
20200623 27.6 23.4 22.5 20.8 18.1 15.1
20200624 29.3 24.4 23.5 21.8 18.8 15.3
20200625 27.0 24.4 23.9 22.4 19.5 15.5
20200626 28.7 24.5 23.8 22.3 19.8 15.8
20200627 28.1 24.6 24.2 22.8 20.2 16.1
20200628 18.5 21.3 22.4 22.2 20.5 16.3
20200629 11.1 14.7 16.8 18.8 19.9 16.5
20200630 13.0 14.9 16.0 16.9 18.5 16.6
20200701 17.9 17.1 17.1 16.8 17.6 16.6
20200702 23.4 19.4 19.2 18.2 17.5 16.4
20200703 26.7 21.5 21.1 19.7 17.9 16.2
20200704 28.0 23.3 22.7 21.1 18.7 16.2
20200705 28.5 24.3 23.5 22.0 19.3 16.3
20200706 28.3 24.5 23.9 22.5 19.9 16.5
20200707 29.2 25.3 24.6 23.2 20.5 16.7
20200708 27.5 24.7 24.3 23.2 20.9 16.9
20200709 28.1 24.8 24.3 23.3 21.1 17.1
20200710 28.6 25.1 24.7 23.5 21.3 17.3
20200711 29.5 25.5 25.0 23.8 21.5 17.6
20200712 30.6 26.2 25.5 24.2 21.8 17.7
20200713 29.1 25.8 25.5 24.4 22.1 17.9
20200714 28.5 25.6 25.3 24.3 22.3 18.1
20200715 28.1 25.3 25.1 24.2 22.3 18.3
20200716 29.2 25.8 25.3 24.3 22.3 18.4
20200717 29.5 26.0 25.6 24.5 22.5 18.6
20200718 32.5 27.1 26.3 24.9 22.7 18.7
20200719 31.1 27.2 26.6 25.4 23.0 18.9
20200720 29.9 26.7 26.4 25.4 23.2 19.0
20200721 30.9 26.8 26.3 25.3 23.3 19.1
20200722 22.0 24.5 25.1 24.9 23.4 19.3
20200723 28.6 25.0 24.6 24.0 23.0 19.5
20200724 28.3 25.6 25.4 24.5 23.0 19.5
20200725 29.7 25.9 25.5 24.6 23.0 19.6
20200726 30.5 26.5 26.0 25.0 23.1 19.7
20200727 30.8 26.7 26.2 25.2 23.4 19.7
20200728 26.9 26.2 26.2 25.4 23.7 19.8
20200729 28.9 25.7 25.4 24.8 23.5 19.9
20200730 31.4 27.0 26.2 25.1 23.5 20.0
20200731 32.9 28.1 27.0 25.8 23.7 20.1
20200801 31.2 27.5 26.9 26.0 24.0 20.2
20200802 32.7 28.2 27.3 26.2 24.1 20.3
20200803 32.7 28.2 27.5 26.4 24.4 20.4
20200804 31.3 28.0 27.5 26.5 24.5 20.5
20200805 30.6 27.4 27.0 26.3 24.6 20.7
20200806 30.3 27.7 27.2 26.4 24.6 20.8
20200807 29.8 27.0 26.7 26.1 24.6 20.9
20200808 28.6 26.7 26.6 26.0 24.6 21.0
20200809 29.5 26.5 26.2 25.6 24.4 21.0
20200810 30.5 27.0 26.6 25.8 24.4 21.1
20200811 30.6 27.2 26.8 26.1 24.5 21.1
20200812 28.1 26.5 26.5 25.9 24.5 21.2
20200813 26.9 25.8 25.8 25.4 24.4 21.2
20200814 28.1 25.7 25.6 25.1 24.2 21.3
20200815 28.7 26.0 25.7 25.2 24.1 21.3
20200816 28.6 26.1 25.8 25.2 24.1 21.3
20200817 31.6 27.0 26.3 25.4 24.1 21.3
20200818 32.2 27.7 27.0 26.0 24.2 21.2
20200819 32.8 28.1 27.4 26.3 24.4 21.3
20200820 28.1 27.1 26.9 26.3 24.7 21.3
20200821 26.2 25.5 25.7 25.5 24.6 21.4
20200822 27.8 25.6 25.5 25.2 24.3 21.5
20200823 27.6 25.8 25.6 25.1 24.2 21.5
20200824 30.0 26.2 25.8 25.1 24.1 21.5
20200825 30.6 27.1 26.6 25.7 24.2 21.5
20200826 26.6 25.5 25.6 25.3 24.3 21.5
20200827 27.4 25.4 25.4 25.0 24.1 21.5
20200828 27.7 25.2 25.3 24.8 24.0 21.5
20200829 27.8 25.4 25.3 24.9 23.9 21.5
20200830 23.4 23.8 24.4 24.4 23.9 21.5
20200831 14.5 20.4 22.1 23.1 23.6 21.4
20200901 19.7 20.2 21.1 21.7 22.7 21.4
20200902 22.7 21.3 21.7 21.8 22.1 21.3
20200903 25.0 22.3 22.4 22.1 21.9 21.1
20200904 26.2 23.1 23.0 22.5 22.0 20.9
20200905 26.4 23.2 23.2 22.7 22.1 20.8
20200906 25.6 23.4 23.5 23.0 22.2 20.7
20200907 22.1 22.2 22.7 22.7 22.2 20.7
20200908 10.0 17.6 20.0 21.3 21.9 20.6
20200909 13.2 16.4 18.0 19.3 21.0 20.5
20200910 16.4 17.3 18.3 18.9 20.3 20.4
20200911 17.7 17.7 18.5 18.9 19.8 20.1
20200912 19.7 18.4 19.0 19.0 19.6 19.9
20200913 19.6 18.7 19.2 19.2 19.5 19.7
20200914 20.6 19.0 19.4 19.3 19.4 19.5
20200915 20.9 19.3 19.5 19.4 19.4 19.3
20200916 21.5 19.6 19.8 19.6 19.4 19.2
20200917 21.4 19.7 19.9 19.7 19.5 19.0
20200918 20.2 19.5 19.8 19.7 19.3 18.9
20200919 14.4 17.7 19.0 19.3 19.3 18.9
20200920 14.5 15.5 16.9 17.7 18.8 18.9
20200921 17.2 16.1 16.9 17.4 18.3 18.8
20200922 19.6 17.3 17.8 17.8 18.2 18.6
20200923 19.2 17.6 18.0 18.0 18.0 18.4
20200924 18.9 17.6 18.0 18.0 18.0 18.3
20200925 18.6 17.4 17.9 17.9 17.9 18.2
20200926 16.2 17.3 17.9 18.0 18.0 18.1
20200927 12.9 15.0 16.2 17.0 17.9 18.1
20200928 13.6 14.5 15.6 16.3 17.5 18.0
20200929 15.6 14.9 15.6 16.0 17.1 17.8
20200930 16.4 15.3 15.9 16.1 16.9 17.7
20201001 16.7 15.6 16.1 16.2 16.7 17.5
20201002 13.8 14.9 15.7 16.1 16.6 17.4
20201003 15.7 14.9 15.5 15.8 16.5 17.2
20201004 15.0 14.8 15.5 15.7 16.4 17.0
20201005 14.8 14.6 15.2 15.5 16.3 17.0
20201006 14.9 14.5 15.1 15.4 16.1 16.9
20201007 14.9 14.3 14.9 15.2 15.9 16.7
20201008 15.8 14.6 15.0 15.2 15.8 16.6
20201009 15.6 14.6 15.2 15.3 15.7 16.5
20201010 15.7 14.4 14.9 15.1 15.7 16.4
20201011 8.5 12.2 13.9 14.8 15.6 16.3
20201012 9.1 10.3 11.8 13.1 15.1 16.2
20201013 13.0 11.8 12.4 12.9 14.5 16.0
20201014 11.9 12.9 13.4 13.6 14.4 15.9
20201015 7.0 10.2 11.6 12.7 14.2 15.6
20201016 7.6 9.2 10.5 11.7 13.8 15.5
20201017 13.2 11.6 11.8 12.0 13.3 15.4
20201018 12.1 12.0 12.4 12.5 13.3 15.1
20201019 11.5 11.8 12.4 12.6 13.4 15.0
20201020 12.1 11.8 12.3 12.5 13.3 14.8
