03067 20190101  2.622 -100.96   38.87    -9.0   -13.4   -11.2   -11.0     0.2     4.73 C    -5.2   -16.6   -10.3    72.4    39.7    52.8 -99.000 -99.000   0.331   0.312   0.220    -0.2     0.3     0.8     2.6     4.5
03067 20190102  2.622 -100.96   38.87     4.1   -17.8    -6.8    -7.7     0.0    10.88 C     3.0   -19.2    -9.5    93.0    36.8    66.6 -99.000 -99.000   0.328   0.312   0.218    -0.4     0.1     0.6     2.5     4.4
03067 20190103  2.622 -100.96   38.87     7.4   -10.8    -1.7    -3.4     0.0    10.87 C     6.8   -11.7    -4.6    80.4    35.0    68.0 -99.000 -99.000   0.332   0.312   0.218    -0.4     0.1     0.5     2.4     4.3
03067 20190104  2.622 -100.96   38.87    13.4    -4.7     4.3     2.9     0.0    10.59 C    12.6    -6.5     0.2    78.5    35.4    61.6 -99.000 -99.000   0.332   0.311   0.218    -0.3     0.1     0.4     2.3     4.2
03067 20190105  2.622 -100.96   38.87     8.7    -3.7     2.5     2.1     0.0    10.56 C    11.2    -5.5     0.8    85.7    50.2    72.2 -99.000 -99.000   0.335   0.309   0.218    -0.2     0.1     0.4     2.2     4.1
03067 20190106  2.622 -100.96   38.87     9.4    -0.3     4.5     2.9     0.0     7.41 C    14.1    -1.3     2.6    92.0    54.9    81.0 -99.000 -99.000   0.346   0.310   0.219    -0.2     0.1     0.4     2.2     4.1
03067 20190107  2.622 -100.96   38.87    11.2    -2.4     4.4     3.2     0.0     9.28 C    15.8    -4.6     1.4    88.0    26.9    64.8 -99.000 -99.000   0.352   0.309   0.219    -0.1     0.1     0.4     2.2     4.0
03067 20190108  2.622 -100.96   38.87     6.9    -5.1     0.9     0.6     0.0    10.99 C    11.5    -8.1    -1.5    69.9    21.0    48.0 -99.000 -99.000   0.351   0.310   0.219    -0.1     0.1     0.4     2.1     3.9
03067 20190109  2.622 -100.96   38.87     7.1    -8.1    -0.5    -0.6     0.0     8.75 C    12.2    -9.7    -1.8    84.4    47.1    68.6 -99.000 -99.000   0.348   0.311   0.218    -0.2     0.1     0.4     2.1     3.8
03067 20190110  2.622 -100.96   38.87     7.7    -5.6     1.0     0.5     0.0    10.63 C    14.0    -6.5     0.2    89.1    44.6    70.9 -99.000 -99.000   0.345   0.311   0.217    -0.1     0.1     0.4     2.1     3.8
03067 20190111  2.622 -100.96   38.87     3.0    -1.9     0.5     0.7    11.7     1.23 C     3.1    -2.9     0.2    93.4    69.5    82.9 -99.000 -99.000   0.343   0.311   0.216    -0.1     0.2     0.5     2.1     3.7
03067 20190112  2.622 -100.96   38.87     0.2    -3.4    -1.6    -1.4     1.2     8.59 C     0.1    -4.1    -2.0    92.8    79.2    85.9 -99.000 -99.000   0.342   0.310   0.217    -0.1     0.2     0.5     2.0     3.7
03067 20190113  2.622 -100.96   38.87    -0.9    -3.7    -2.3    -2.4     0.0     5.73 C    -0.5    -3.6    -2.1    94.6    88.6    91.5 -99.000 -99.000   0.340   0.308   0.218    -0.1     0.2     0.5     2.0     3.6
03067 20190114  2.622 -100.96   38.87     2.7    -9.1    -3.2    -0.9     0.0    10.11 C     1.3   -11.2    -2.3    94.2    71.9    88.0 -99.000 -99.000   0.341   0.308   0.218     0.0     0.2     0.5     2.0     3.6
03067 20190115  2.622 -100.96   38.87     8.0    -8.4    -0.2    -2.4     0.0    11.87 C     2.9   -12.4    -6.4    91.0    40.9    72.6 -99.000 -99.000   0.333   0.309   0.218     0.0     0.2     0.6     2.0     3.6
03067 20190116  2.622 -100.96   38.87    -2.1    -6.2    -4.1    -3.1     0.0     4.43 C    -0.6    -8.9    -3.1    95.8    69.8    88.7 -99.000 -99.000   0.332   0.309   0.218     0.0     0.3     0.5     2.0     3.5
03067 20190117  2.622 -100.96   38.87     7.6    -4.6     1.5     1.2     0.0    10.94 C     4.8    -6.2    -0.8    94.8    58.7    81.1 -99.000 -99.000   0.330   0.307   0.217     0.0     0.3     0.6     2.0     3.5
03067 20190118  2.622 -100.96   38.87     2.7    -5.5    -1.4    -0.8     0.0     2.16 C     0.6    -6.3    -1.2    95.2    73.8    86.6 -99.000 -99.000   0.328   0.306   0.217     0.0     0.3     0.6     2.0     3.5
03067 20190119  2.622 -100.96   38.87     0.5    -8.6    -4.0    -4.8     0.0    12.00 C     3.3    -9.3    -4.8    89.6    58.1    72.5 -99.000 -99.000   0.326   0.307   0.217     0.0     0.3     0.6     2.0     3.4
03067 20190120  2.622 -100.96   38.87    13.7    -6.2     3.7     1.2     0.0    10.03 C    10.1    -8.6    -1.6    94.3    27.2    73.3 -99.000 -99.000   0.328   0.307   0.217     0.0     0.3     0.6     2.0     3.4
03067 20190121  2.622 -100.96   38.87     0.6    -3.5    -1.5    -2.0     0.0     2.65 C     0.9    -3.8    -1.6    95.0    83.3    91.1 -99.000 -99.000   0.330   0.308   0.216     0.0     0.3     0.5     1.9     3.4
03067 20190122  2.622 -100.96   38.87    -2.2   -12.5    -7.3    -6.3     2.5     2.45 C    -1.9   -16.6    -6.6    93.3    64.5    79.9 -99.000 -99.000   0.335   0.307   0.217     0.0     0.3     0.5     1.9     3.4
03067 20190123  2.622 -100.96   38.87     5.3   -13.8    -4.3    -3.8     0.0    12.46 C     4.2   -16.9    -6.2    82.1    40.5    65.6 -99.000 -99.000   0.340   0.307   0.217    -0.1     0.2     0.5     1.9     3.3
03067 20190124  2.622 -100.96   38.87     0.6    -9.7    -4.6    -4.1     0.6     5.29 C    -1.0   -11.2    -4.6    86.7    59.0    77.0 -99.000 -99.000   0.339   0.308   0.217    -0.2     0.2     0.4     1.9     3.3
03067 20190125  2.622 -100.96   38.87     6.3    -9.4    -1.5    -1.7     0.0    12.77 C     5.2   -11.3    -3.0    86.8    36.2    67.6 -99.000 -99.000   0.337   0.308   0.218    -0.2     0.1     0.4     1.8     3.2
03067 20190126  2.622 -100.96   38.87     8.1    -5.5     1.3     1.2     0.0     8.33 C     8.0    -6.1    -0.2    80.0    36.9    63.1 -99.000 -99.000   0.335   0.308   0.218    -0.2     0.1     0.4     1.8     3.2
03067 20190127  2.622 -100.96   38.87    14.2    -2.4     5.9     4.8     0.0    11.02 C    12.4    -4.2     2.4    82.9    32.9    59.8 -99.000 -99.000   0.347   0.308   0.219    -0.2     0.1     0.4     1.8     3.2
03067 20190128  2.622 -100.96   38.87     7.2    -8.0    -0.4    -0.1     0.0     9.43 C     6.0    -8.9    -1.0    72.5    23.5    54.2 -99.000 -99.000   0.363   0.319   0.219    -0.2     0.1     0.4     1.7     3.2
03067 20190129  2.622 -100.96   38.87     4.4   -10.6    -3.1    -4.1     0.0    13.07 C     9.7   -10.2    -3.3    85.9    26.1    60.8 -99.000 -99.000   0.355   0.324   0.218    -0.2     0.1     0.4     1.7     3.1
03067 20190130  2.622 -100.96   38.87    -0.2   -13.2    -6.7    -7.2     0.0    11.10 C     4.7   -12.4    -5.6    85.7    54.8    72.6 -99.000 -99.000   0.349   0.323   0.217    -0.3     0.0     0.3     1.7     3.1
03067 20190131  2.622 -100.96   38.87    13.0   -10.6     1.2     0.5     0.0    13.00 C    19.6   -10.4    -0.3    85.6    17.5    57.3 -99.000 -99.000 -99.000   0.322   0.218    -0.4     0.0     0.3     1.7     3.0
03067 20190201  2.622 -100.96   38.87    13.7    -5.7     4.0     3.2     0.0    13.72 C    17.0    -8.3     1.1    88.3    23.2    57.9 -99.000 -99.000 -99.000   0.321   0.218    -0.3     0.0     0.2     1.6     2.9
03067 20190202  2.622 -100.96   38.87    16.0    -1.9     7.0     4.5     0.0    13.57 C    19.3    -4.8     3.8    97.3    28.6    71.9 -99.000 -99.000 -99.000   0.319   0.219    -0.2     0.0     0.2     1.6     2.9
03067 20190203  2.622 -100.96   38.87    20.8    -4.4     8.2     5.1     0.0    10.67 C    22.0    -5.8     3.2    85.2    21.5    62.8 -99.000 -99.000 -99.000   0.317   0.219    -0.2     0.0     0.3     1.6     2.9
03067 20190204  2.622 -100.96   38.87     0.7    -6.6    -2.9    -3.5     0.0     4.91 C     2.5    -6.3    -2.2    95.0    64.2    80.7 -99.000 -99.000   0.345   0.317   0.221    -0.2     0.0     0.3     1.6     2.9
03067 20190205  2.622 -100.96   38.87    -6.6    -9.6    -8.1    -8.2     0.0     1.73 C    -3.3    -7.0    -5.8    90.7    75.1    86.5 -99.000 -99.000 -99.000   0.315   0.222    -0.2     0.0     0.3     1.6     2.8
03067 20190206  2.622 -100.96   38.87    -6.9   -13.0   -10.0    -8.7     1.5     1.51 C    -4.8   -13.4    -7.1    88.8    82.7    87.2 -99.000 -99.000 -99.000   0.315   0.224    -0.4     0.0     0.3     1.6     2.8
03067 20190207  2.622 -100.96   38.87   -10.8   -19.6   -15.2   -14.5     0.2    14.76 C   -10.1   -24.9   -15.2    82.7    54.1    67.9 -99.000 -99.000 -99.000   0.314   0.225    -0.6    -0.1     0.2     1.6     2.8
03067 20190208  2.622 -100.96   38.87     0.8   -20.6    -9.9    -9.5     0.0    15.15 C    -0.5   -24.9   -11.9    76.1    41.5    61.8 -99.000 -99.000 -99.000   0.314   0.227    -0.8    -0.3     0.1     1.5     2.8
03067 20190209  2.622 -100.96   38.87     7.8    -7.1     0.3    -0.6     0.0     8.77 C     4.9   -10.9    -2.9    63.7    32.1    52.0 -99.000 -99.000 -99.000   0.313   0.229    -0.7    -0.3     0.0     1.5     2.7
03067 20190210  2.622 -100.96   38.87     1.6    -7.8    -3.1    -2.6     0.0    10.98 C     6.7    -7.7    -1.8    87.2    52.6    69.5 -99.000 -99.000 -99.000   0.311   0.231    -0.5    -0.2     0.0     1.5     2.7
03067 20190211  2.622 -100.96   38.87     2.6    -7.8    -2.6    -1.1     0.4     2.93 C     6.0    -8.2    -0.9    95.5    79.5    90.9 -99.000 -99.000 -99.000   0.311   0.232    -0.4    -0.2     0.0     1.4     2.6
03067 20190212  2.622 -100.96   38.87    11.9   -10.1     0.9     0.0     0.0    14.92 C    17.7   -10.5    -0.3    84.6    20.0    53.6 -99.000 -99.000 -99.000   0.310   0.233    -0.5    -0.2     0.0     1.4     2.6
03067 20190213  2.622 -100.96   38.87    15.3    -4.1     5.6     4.1     0.0    12.26 C    21.2    -6.8     2.5    70.4    18.2    44.7 -99.000 -99.000 -99.000   0.310   0.234    -0.4    -0.2     0.0     1.4     2.6
03067 20190214  2.622 -100.96   38.87    15.7    -3.6     6.0     2.7     0.0    10.00 C    22.1    -4.7     2.2    64.5    23.8    50.9 -99.000 -99.000 -99.000   0.309   0.235    -0.3    -0.2     0.0     1.4     2.6
03067 20190215  2.622 -100.96   38.87    -3.5    -7.8    -5.7    -6.3     0.0     9.46 C     9.6    -7.3    -2.8    79.7    53.8    63.9 -99.000 -99.000 -99.000   0.308   0.237    -0.3    -0.1     0.0     1.3     2.5
03067 20190216  2.622 -100.96   38.87    -5.7    -9.8    -7.8    -7.3     0.4     1.36 C    -3.2   -12.9    -5.7    91.1    79.8    89.0 -99.000 -99.000 -99.000   0.307   0.238    -0.4    -0.1     0.0     1.3     2.5
03067 20190217  2.622 -100.96   38.87    -1.2   -12.6    -6.9    -6.8     0.0    14.77 C     5.3   -15.3    -6.2    90.0    41.2    68.5 -99.000 -99.000 -99.000   0.307   0.239    -0.6    -0.2     0.0     1.3     2.5
03067 20190218  2.622 -100.96   38.87    -6.9   -13.2   -10.0   -10.2     0.8     8.91 C     4.3   -11.8    -6.8    82.3    58.9    71.2 -99.000 -99.000 -99.000   0.305   0.240    -0.9    -0.3     0.0     1.3     2.5
03067 20190219  2.622 -100.96   38.87    -6.8   -11.0    -8.9    -8.4     1.9     2.71 C    -3.5    -9.7    -6.8    89.5    81.0    86.6 -99.000 -99.000 -99.000   0.306   0.240    -1.0    -0.4    -0.1     1.3     2.5
03067 20190220  2.622 -100.96   38.87     3.2   -17.4    -7.1    -6.1     0.5    16.94 C     6.5   -24.2    -7.8    89.5    29.9    65.4 -99.000 -99.000 -99.000   0.305   0.242    -0.8    -0.5    -0.1     1.2     2.4
03067 20190221  2.622 -100.96   38.87     7.0    -7.8    -0.4    -1.0     0.0    11.20 C    10.9    -9.4    -1.0    88.8    52.9    68.8 -99.000 -99.000 -99.000   0.306   0.243    -0.7    -0.5    -0.2     1.2     2.4
03067 20190222  2.622 -100.96   38.87     2.2    -0.6     0.8     0.4     3.4     2.10 C     2.4    -1.4     0.4    95.9    83.4    92.8 -99.000 -99.000 -99.000   0.303   0.243    -0.4    -0.3    -0.1     1.2     2.4
03067 20190223  2.622 -100.96   38.87    -0.1   -11.0    -5.6    -2.9    12.4     9.05 C    -0.1   -15.1    -4.1    95.3    62.9    83.7 -99.000 -99.000 -99.000   0.303   0.243    -0.4    -0.3    -0.1     1.2     2.3
03067 20190224  2.622 -100.96   38.87    -1.1   -14.7    -7.9    -7.5     0.0    16.51 C     0.0   -18.5    -9.9    84.5    53.0    70.1 -99.000 -99.000 -99.000   0.302   0.243    -0.3    -0.2    -0.1     1.2     2.3
03067 20190225  2.622 -100.96   38.87    -9.0   -14.5   -11.8   -11.0     0.0    12.12 C    -6.2   -13.8   -10.1    91.0    76.9    83.9 -99.000 -99.000 -99.000   0.301   0.245    -0.3    -0.2    -0.1     1.1     2.3
03067 20190226  2.622 -100.96   38.87    -9.5   -15.8   -12.7   -13.5     0.0    15.14 C    -4.0   -17.5   -12.3    84.1    69.3    79.0 -99.000 -99.000 -99.000   0.301   0.246    -0.4    -0.2    -0.1     1.1     2.2
03067 20190227  2.622 -100.96   38.87    -8.6   -15.6   -12.1   -12.7     0.0    17.71 C    -6.2   -17.1   -13.0    82.8    59.6    72.0 -99.000 -99.000 -99.000   0.302   0.245    -0.5    -0.2    -0.1     1.1     2.2
03067 20190228  2.622 -100.96   38.87    -1.3   -16.4    -8.9    -8.6     0.0    17.17 C     0.0   -19.5    -9.3    85.8    67.8    77.2 -99.000 -99.000 -99.000   0.300   0.246    -0.6    -0.3    -0.1     1.1     2.2
03067 20190301  2.622 -100.96   38.87     6.1   -11.7    -2.8    -4.0     0.0    17.92 C     1.0   -14.9    -5.8    89.6    60.7    77.8 -99.000 -99.000 -99.000   0.299   0.246    -0.6    -0.3    -0.1     1.1     2.2
03067 20190302  2.622 -100.96   38.87    -3.8   -12.5    -8.2    -7.0     5.4     6.47 C    -3.5   -11.9    -7.0    88.9    74.1    80.3 -99.000 -99.000 -99.000   0.300   0.246    -0.4    -0.3    -0.1     1.1     2.2
03067 20190303  2.622 -100.96   38.87   -12.5   -18.0   -15.3   -15.2     2.9    18.36 C   -10.8   -20.5   -14.4    82.0    62.4    71.7 -99.000 -99.000 -99.000   0.299   0.247    -0.7    -0.3    -0.1     1.1     2.2
03067 20190304  2.622 -100.96   38.87    -9.1   -23.1   -16.1   -16.2     0.0    19.50 C    -8.5   -25.5   -18.2    77.8    43.9    63.2 -99.000 -99.000 -99.000   0.298   0.246    -0.8    -0.4    -0.1     1.1     2.2
03067 20190305  2.622 -100.96   38.87    -3.0   -19.2   -11.1   -10.8     0.0    20.28 C    -3.5   -21.8   -13.6    74.0    35.7    57.1 -99.000 -99.000 -99.000   0.298   0.246    -0.9    -0.5    -0.2     1.1     2.2
03067 20190306  2.622 -100.96   38.87     3.1   -12.4    -4.6    -3.9     0.0    17.85 C     1.3   -16.0    -5.6    79.1    63.5    69.0 -99.000 -99.000 -99.000   0.299   0.247    -0.8    -0.5    -0.2     1.1     2.1
03067 20190307  2.622 -100.96   38.87     1.7    -4.8    -1.6    -1.4     0.6    15.92 C     1.3    -6.4    -2.1    88.6    67.7    78.6 -99.000 -99.000 -99.000   0.297   0.246    -0.5    -0.4    -0.2     1.1     2.1
03067 20190308  2.622 -100.96   38.87     4.6    -5.8    -0.6    -0.2     0.0    17.05 C     1.8    -7.9    -2.0    94.4    74.8    87.7 -99.000 -99.000 -99.000   0.297   0.269    -0.4    -0.3    -0.2     0.9     2.1
03067 20190309  2.622 -100.96   38.87     8.5    -3.6     2.4     3.0     0.0    19.16 C     8.5    -5.0     1.4    93.2    44.8    71.6 -99.000 -99.000 -99.000   0.289   0.295    -0.3    -0.2    -0.2     0.7     1.5
03067 20190310  2.622 -100.96   38.87     7.3    -3.9     1.7     0.9     0.0    19.33 C    14.8    -5.2     1.9    88.2    43.7    69.4 -99.000 -99.000 -99.000   0.309   0.267    -0.3    -0.2    -0.2     0.8     1.4
03067 20190311  2.622 -100.96   38.87     6.8    -4.3     1.2     2.1     0.0     5.58 C    10.1    -5.0     1.6    89.3    61.0    79.5 -99.000 -99.000 -99.000   0.326   0.286    -0.3    -0.2    -0.2     0.8     1.5
03067 20190312  2.622 -100.96   38.87    18.2     5.3    11.7    10.8     0.8    10.94 C    19.5     4.0     9.6    94.6    57.0    82.2 -99.000 -99.000 -99.000   0.325   0.281    -0.3    -0.2    -0.1     0.8     1.6
03067 20190313  2.622 -100.96   38.87    12.1     0.6     6.3     7.7     7.1     7.09 C    13.9    -0.1     7.1    94.2    57.8    81.0   0.438   0.405 -99.000   0.326   0.278     0.9     0.6     0.2     0.9     1.6
03067 20190314  2.622 -100.96   38.87     6.1    -2.4     1.9     1.9     0.0    17.46 C    10.3    -4.0     1.9    76.9    33.7    55.5   0.409   0.388   0.372   0.326   0.278     0.5     0.4     0.2     1.0     1.7
03067 20190315  2.622 -100.96   38.87    10.5    -6.1     2.2     1.9     0.0    21.28 C    23.1    -7.1     3.3    83.7    23.0    55.1   0.398   0.380   0.362   0.325   0.277     0.8     0.6     0.4     1.1     1.7
03067 20190316  2.622 -100.96   38.87    13.4    -5.4     4.0     4.5     0.0    21.33 C    25.6    -7.3     4.9    79.5    23.2    50.6   0.389   0.378   0.357   0.325   0.277     1.2     1.1     0.6     1.2     1.8
03067 20190317  2.622 -100.96   38.87    15.0    -6.1     4.5     4.6     0.0    21.14 C    30.6    -7.4     7.3    87.9    30.4    60.9   0.388   0.378   0.350   0.325   0.276     2.3     1.9     1.0     1.4     1.9
03067 20190318  2.622 -100.96   38.87    14.0    -2.8     5.6     4.8     0.0    19.17 C    25.9    -5.5     7.2    85.3    34.8    62.9   0.389   0.373   0.339   0.324   0.277     3.3     3.0     2.2     1.7     2.0
03067 20190319  2.622 -100.96   38.87    14.0    -3.3     5.3     6.0     0.0    17.54 C    26.8    -6.3     7.3    95.0    21.9    61.8   0.382   0.370   0.340   0.325   0.276     4.2     3.9     3.1     2.2     2.1
03067 20190320  2.622 -100.96   38.87    17.5    -5.0     6.2     5.4     0.0    22.09 C    28.9    -6.3     6.9    93.9    12.3    53.7   0.376   0.365   0.339   0.324   0.277     3.9     3.8     3.3     2.6     2.3
03067 20190321  2.622 -100.96   38.87    19.5    -3.8     7.9     7.6     0.0    20.11 C    37.4    -6.2    10.0    85.3    20.7    55.6   0.372   0.363   0.338   0.325   0.276     4.9     4.6     3.8     3.0     2.6
03067 20190322  2.622 -100.96   38.87    13.3     3.4     8.3     7.8    21.4     2.58 C    16.1     0.3     7.0    93.8    47.5    76.5   0.387   0.373   0.342   0.326   0.278     5.3     5.2     4.6     3.4     2.8
03067 20190323  2.622 -100.96   38.87    12.0     3.6     7.8     7.6     0.3     9.85 C    19.4     1.8     8.0    93.1    61.4    82.4   0.433   0.408   0.373   0.332   0.277     6.0     5.8     5.0     3.8     3.1
03067 20190324  2.622 -100.96   38.87    13.2     0.5     6.9     6.3     0.0    13.48 C    29.1    -1.1     7.3    91.6    52.0    77.7   0.408   0.393   0.364   0.348   0.279     5.9     5.8     5.3     4.2     3.4
03067 20190325  2.622 -100.96   38.87    12.0     2.9     7.5     7.1     0.0     7.25 C    20.6    -1.8     7.6    93.5    58.2    79.7   0.396   0.385   0.359   0.352   0.281     6.2     6.1     5.6     4.5     3.7
03067 20190326  2.622 -100.96   38.87    18.3    -0.6     8.8     9.9     0.0    18.95 C    28.2    -3.2    10.0    94.7    44.6    70.8   0.389   0.379   0.355   0.351   0.281     6.3     6.1     5.6     4.7     3.9
03067 20190327  2.622 -100.96   38.87    25.8     9.8    17.8    16.8     0.0    20.59 C    40.4     6.4    17.9    79.7    14.4    51.5   0.386   0.378   0.354   0.350   0.283     9.0     8.3     7.0     5.0     4.1
03067 20190328  2.622 -100.96   38.87    14.6     4.3     9.5     9.0     0.0     3.27 C    13.3     4.8     9.1    91.2    73.7    83.1   0.380   0.374   0.353   0.349   0.283     8.8     8.8     8.0     5.7     4.4
03067 20190329  2.622 -100.96   38.87     4.6    -0.8     1.9     2.7     2.6     3.45 C     7.2    -0.9     3.6    92.6    84.5    89.5   0.374   0.369   0.348   0.349   0.285     6.7     7.1     7.0     6.1     4.7
03067 20190330  2.622 -100.96   38.87     6.1    -3.9     1.1     1.0     0.0    11.80 C    14.9    -6.9     1.3    89.0    48.4    73.3   0.375   0.367   0.345   0.348   0.286     5.2     5.7     5.8     6.0     5.0
03067 20190331  2.622 -100.96   38.87    11.3    -7.9     1.7     2.0     0.0    21.75 C    30.0    -9.2     5.7    88.3    33.5    65.1   0.374   0.367   0.344   0.345   0.288     5.0     5.2     5.2     5.7     5.1
03067 20190401  2.622 -100.96   38.87    15.9    -0.4     7.7     8.1     0.0    23.21 C    34.1    -4.6    10.7    90.1    27.4    56.3   0.372   0.366   0.344   0.344   0.288     6.6     6.4     5.9     5.6     5.2
03067 20190402  2.622 -100.96   38.87    15.1     1.5     8.3     8.0     0.0    19.61 C    30.0     0.4    11.3    91.9    30.2    60.8   0.368   0.363   0.344   0.344   0.289     7.7     7.5     6.8     5.8     5.3
03067 20190403  2.622 -100.96   38.87    18.8     2.5    10.6     9.5     0.0    19.27 C    35.2     0.2    12.8    88.2    33.4    63.7   0.363   0.360   0.343   0.344   0.288     8.3     8.1     7.4     6.2     5.4
03067 20190404  2.622 -100.96   38.87    19.4     4.9    12.1    10.3     0.0    16.68 C    35.7     4.8    13.6    94.7    33.1    73.4   0.359   0.358   0.342   0.343   0.289     9.5     9.2     8.2     6.5     5.5
03067 20190405  2.622 -100.96   38.87    26.5     9.1    17.8    17.1     0.0    21.38 C    33.9     5.5    17.4    89.9    18.4    52.1   0.354   0.355   0.342   0.342   0.289    10.5    10.0     9.1     7.0     5.8
03067 20190406  2.622 -100.96   38.87    23.5    10.5    17.0    16.8     0.0    19.89 C    37.9     5.2    17.8    83.4    27.2    54.4   0.348   0.352   0.342   0.342   0.290    11.6    11.2    10.1     7.6     6.0
03067 20190407  2.622 -100.96   38.87    22.9     7.0    15.0    14.8     0.0    25.15 C    34.1     1.7    14.8    91.2    13.0    42.6   0.339   0.347   0.340   0.343   0.290    11.2    11.1    10.3     8.1     6.3
03067 20190408  2.622 -100.96   38.87    27.2     4.1    15.7    16.1     0.0    24.06 C    40.5    -0.2    16.6    68.8    11.5    37.0   0.329   0.341   0.338   0.342   0.291    11.1    10.9    10.2     8.4     6.7
03067 20190409  2.622 -100.96   38.87    27.3     6.3    16.8    17.2     0.0    15.27 C    36.4     2.3    16.6    79.0    19.4    45.4   0.321   0.338   0.336   0.341   0.292    11.6    11.4    10.6     8.7     7.0
03067 20190410  2.622 -100.96   38.87    17.9    -3.1     7.4     9.2     5.0    16.25 C    29.1    -3.3    10.4    84.0    43.8    66.5   0.314   0.333   0.334   0.341   0.295    11.1    11.3    10.7     9.0     7.2
03067 20190411  2.622 -100.96   38.87     3.2    -4.7    -0.7    -1.7     0.0    18.39 C     6.5    -5.7    -1.6    82.0    48.3    67.9   0.314   0.329   0.329   0.341   0.295     7.3     8.3     8.9     9.1     7.5
03067 20190412  2.622 -100.96   38.87    10.9    -6.2     2.3     2.2     0.0    17.18 C    32.6    -7.6     4.6    84.8    29.5    55.0   0.331   0.330   0.325   0.339   0.296     6.3     6.7     7.2     8.5     7.7
03067 20190413  2.622 -100.96   38.87    12.2    -2.5     4.8     5.0     0.0    22.31 C    32.0    -5.4     8.9    74.6    28.7    50.0   0.329   0.330   0.325   0.337   0.296     7.4     7.5     7.4     8.0     7.6
03067 20190414  2.622 -100.96   38.87    21.4    -3.2     9.1     9.3     0.0    23.94 C    34.2    -6.1    10.6    79.3    16.7    46.1   0.324   0.329   0.326   0.335   0.297     8.1     8.1     7.9     7.9     7.6
03067 20190415  2.622 -100.96   38.87    27.0     2.3    14.6    14.9     0.0    18.48 C    35.3    -2.3    14.4    92.0    11.2    48.6   0.319   0.328   0.326   0.333   0.297     9.5     9.2     8.7     8.0     7.5
03067 20190416  2.622 -100.96   38.87    25.4     5.8    15.6    15.2     0.0    22.93 C    38.9     2.6    17.2    90.1    28.8    62.9   0.313   0.326   0.327   0.334   0.297    11.0    10.6     9.7     8.3     7.5
03067 20190417  2.622 -100.96   38.87    21.1     6.0    13.6    14.6     0.0    25.01 C    31.8     3.4    15.9    94.2    30.6    60.2   0.305   0.324   0.327   0.335   0.298    12.0    11.7    10.8     8.8     7.7
03067 20190418  2.622 -100.96   38.87    17.0     2.5     9.7     9.9     0.3    21.59 C    29.5    -2.2    10.8    82.2    21.0    51.7   0.294   0.318   0.323   0.335   0.300    10.6    10.8    10.5     9.2     7.9
03067 20190419  2.622 -100.96   38.87    22.1    -0.8    10.7    10.9     0.0    26.64 C    39.4    -4.3    14.4    83.6    19.0    46.8   0.284   0.312   0.321   0.335   0.301    10.6    10.5    10.1     9.3     8.1
03067 20190420  2.622 -100.96   38.87    30.7     5.3    18.0    19.1     0.0    26.61 C    40.8     0.6    19.7    69.7    13.4    35.5   0.272   0.306   0.320   0.335   0.301    12.2    11.8    11.0     9.4     8.2
03067 20190421  2.622 -100.96   38.87    27.9     8.1    18.0    17.5     1.4    21.46 C    41.7     3.4    18.4    79.1    24.3    46.2   0.256   0.299   0.318   0.335   0.302    13.2    12.9    11.9     9.8     8.4
03067 20190422  2.622 -100.96   38.87    17.7     6.5    12.1    12.1     0.0    18.33 C    30.0     4.1    13.7    84.3    35.5    59.8   0.245   0.292   0.314   0.335   0.304    12.3    12.4    11.8    10.2     8.6
03067 20190423  2.622 -100.96   38.87    17.4     2.6    10.0    10.5     0.0    20.81 C    34.6    -0.2    13.2    73.4    22.2    49.0   0.237   0.285   0.311   0.335   0.305    11.9    12.0    11.5    10.4     8.9
03067 20190424  2.622 -100.96   38.87    25.2     0.8    13.0    14.1     0.0    27.23 C    42.7    -2.1    16.8    88.7    16.8    50.4   0.228   0.278   0.308   0.334   0.305    12.5    12.4    11.7    10.5     9.1
03067 20190425  2.622 -100.96   38.87    21.9     8.2    15.1    14.9     0.0    23.20 C    34.9     4.1    16.1    77.2    20.4    46.3   0.219   0.270   0.303   0.333   0.305    13.0    13.0    12.3    10.7     9.2
03067 20190426  2.622 -100.96   38.87    27.3     2.5    14.9    16.6     0.0    25.87 C    34.6    -1.3    17.2    80.0    26.3    47.3   0.213   0.261   0.297   0.332   0.306    12.6    12.6    12.1    10.9     9.4
03067 20190427  2.622 -100.96   38.87    18.5     5.7    12.1    13.2     0.0    27.28 C    33.3     4.3    16.0    85.1    25.7    50.9   0.209   0.254   0.291   0.331   0.306    13.4    13.4    12.5    11.1     9.6
03067 20190428  2.622 -100.96   38.87    24.9     1.4    13.1    11.8    32.6    21.25 C    36.8     0.6    13.5    93.8    34.0    68.2   0.237   0.251   0.286   0.331   0.306    11.8    12.3    12.1    11.2     9.7
03067 20190429  2.622 -100.96   38.87    14.3     5.0     9.7     9.6     0.0    24.09 C    26.7     4.0    12.3    92.9    29.7    52.0   0.389   0.330   0.324   0.332   0.307    10.6    10.8    10.8    11.0     9.8
03067 20190430  2.622 -100.96   38.87     6.8     3.9     5.3     5.3     0.2     3.46 C     9.8     3.6     6.2    92.5    58.5    79.8   0.370   0.324   0.326   0.331   0.306     9.6    10.2    10.5    10.8     9.8
03067 20190501  2.622 -100.96   38.87     9.6     4.9     7.3     6.8     1.7     4.03 C    15.6     3.8     7.9    94.7    82.1    89.9   0.363   0.322   0.324   0.329   0.307     9.2     9.6     9.7    10.5     9.9
03067 20190502  2.622 -100.96   38.87    14.2     1.2     7.7     7.9     6.6    18.41 C    29.7     0.0    11.2    92.8    49.1    73.9   0.364   0.326   0.323   0.329   0.307    10.0    10.0     9.8    10.2     9.8
03067 20190503  2.622 -100.96   38.87    18.2     7.6    12.9    12.0     1.9    14.35 C    33.1     5.9    14.2    94.0    50.2    79.8   0.401   0.369   0.332   0.327   0.307    12.0    11.8    10.9    10.2     9.7
03067 20190504  2.622 -100.96   38.87    23.8     9.2    16.5    15.4     0.0    25.30 C    35.6     5.4    17.5    94.7    28.2    67.2   0.384   0.375   0.333   0.330   0.307    13.6    13.2    12.2    10.6     9.7
03067 20190505  2.622 -100.96   38.87    25.6     9.2    17.4    17.1     0.0    25.81 C    40.1     5.6    18.8    88.1    21.4    62.1   0.369   0.367   0.332   0.331   0.307    14.8    14.3    13.2    11.1     9.8
03067 20190506  2.622 -100.96   38.87    21.5    10.3    15.9    13.6     1.3    14.66 C    38.3     8.2    15.9    93.6    62.7    83.7   0.356   0.359   0.331   0.333   0.307    14.8    14.8    13.9    11.6    10.1
03067 20190507  2.622 -100.96   38.87    11.2     8.7    10.0     9.5    21.6     3.15 C    13.7     8.6    10.1    94.7    87.1    91.6   0.413   0.390   0.349   0.333   0.307    12.6    13.2    13.1    12.0    10.3
03067 20190508  2.622 -100.96   38.87    12.3     6.5     9.4     8.9     5.7     7.88 C    17.1     6.1     9.5    94.0    72.8    86.6   0.421   0.407   0.379   0.343   0.308    11.6    12.0    12.1    11.9    10.5
03067 20190509  2.622 -100.96   38.87     9.7     2.7     6.2     6.0     1.5     9.51 C    18.4     0.4     6.9    87.3    55.6    75.3   0.406   0.397   0.374   0.351   0.308    10.2    10.7    11.0    11.6    10.7
03067 20190510  2.622 -100.96   38.87    11.6     0.8     6.2     6.7     0.0    12.60 C    27.0     0.0     8.7    91.3    51.0    75.2   0.393   0.388   0.367   0.354   0.310    10.1    10.3    10.5    11.2    10.7
03067 20190511  2.622 -100.96   38.87    20.5     4.7    12.6    11.9     0.0    22.30 C    35.8     3.4    15.0    90.5    29.7    64.0   0.384   0.382   0.363   0.357   0.310    12.1    11.8    11.2    11.0    10.6
03067 20190512  2.622 -100.96   38.87    21.0     2.9    12.0    12.4     0.0    29.30 C    34.4     0.8    14.7    87.8    19.3    52.0   0.371   0.374   0.360   0.355   0.310    13.0    12.8    12.1    11.2    10.6
03067 20190513  2.622 -100.96   38.87    26.1     5.4    15.8    17.1     0.0    28.81 C    37.8     2.8    19.4    83.8    30.0    56.6   0.355   0.363   0.355   0.355   0.311    14.3    14.0    13.1    11.5    10.6
03067 20190514  2.622 -100.96   38.87    29.7    10.2    19.9    20.4     0.0    28.05 C    42.5     7.4    21.9    90.3    15.6    53.1   0.337   0.354   0.350   0.353   0.312    16.6    16.0    14.6    12.0    10.7
03067 20190515  2.622 -100.96   38.87    30.9    13.8    22.3    23.7     0.0    27.80 C    42.5    12.4    24.4    75.7    21.5    41.1   0.316   0.342   0.345   0.352   0.313    18.2    17.5    16.0    12.8    10.9
03067 20190516  2.622 -100.96   38.87    32.4    12.3    22.3    23.0     0.0    25.45 C    40.8     8.8    22.9    78.2    24.9    47.2   0.292   0.327   0.337   0.351   0.314    18.2    17.8    16.7    13.5    11.2
03067 20190517  2.622 -100.96   38.87 -9999.0 -9999.0 -9999.0 -9999.0 -9999.0 -9999.00 U -9999.0 -9999.0 -9999.0 -9999.0 -9999.0 -9999.0 -99.000 -99.000 -99.000 -99.000 -99.000 -9999.0 -9999.0 -9999.0 -9999.0 -9999.0
03067 20190518  2.622 -100.96   38.87    24.0     4.4    14.2    14.8 -9999.0    25.62 C    39.6     2.9    17.6    88.4    20.0    57.5   0.265   0.299   0.321   0.346   0.314    17.2    17.3    16.7    14.4    12.0
03067 20190519  2.622 -100.96   38.87    18.5     4.2    11.4    11.8 -9999.0    28.15 C    33.9     3.5    15.2    83.7    37.1    58.8   0.336   0.290   0.315   0.343   0.314    16.0    16.2    15.8    14.5    12.3
03067 20190520  2.622 -100.96   38.87    13.2     5.7     9.5     8.4 -9999.0     8.01 C    19.0     6.3     9.4    94.4    66.4    84.0   0.327   0.287   0.313   0.341   0.316    13.7    14.6    15.0    14.4    12.5
03067 20190521  2.622 -100.96   38.87    12.2     4.3     8.3     7.7 -9999.0    11.72 C    18.9     3.4     9.0    92.9    67.9    83.9   0.385   0.321   0.323   0.339   0.316    12.3    13.0    13.4    14.0    12.7
03067 20190522  2.622 -100.96   38.87    18.0     1.0     9.5    10.3 -9999.0    28.39 C    32.3     0.6    13.4    87.4    38.1    61.7   0.384   0.364   0.342   0.337   0.315    12.9    12.9    12.8    13.4    12.7
03067 20190523  2.622 -100.96   38.87    11.4     8.1     9.8     9.9 -9999.0     4.03 C    16.0     6.9    10.1    92.8    65.6    80.5   0.414   0.391   0.360   0.337   0.313    12.4    13.0    13.2    13.3    12.5
03067 20190524  2.622 -100.96   38.87    23.3     3.6    13.4    14.7 -9999.0    30.48 C    33.9     3.6    16.9    95.1    33.4    68.6   0.420   0.409   0.386   0.363   0.315    14.2    13.7    13.0    13.0    12.5
03067 20190525  2.622 -100.96   38.87    25.2    11.0    18.1    17.7 -9999.0    20.79 C    37.5     9.0    20.0    94.7    51.4    79.3   0.394   0.394   0.376   0.372   0.316    16.8    16.3    15.1    13.2    12.4
03067 20190526  2.622 -100.96   38.87    22.3    13.7    18.0    17.0 -9999.0     7.79 C    31.6    13.1    17.5    94.1    74.0    87.7   0.397   0.390   0.372   0.370   0.319    16.6    16.6    15.9    13.8    12.5
03067 20190527  2.622 -100.96   38.87    26.8     9.8    18.3    18.5 -9999.0    29.01 C    35.7     9.4    20.9    94.8    37.0    74.4   0.424   0.413   0.389   0.376   0.319    17.9    17.4    16.3    14.2    12.6
03067 20190528  2.622 -100.96   38.87    22.3    10.6    16.4    16.3 -9999.0    15.90 C    34.5    10.7    18.3    91.8    50.8    81.8   0.399   0.397   0.379   0.378   0.321    18.3    18.2    17.3    14.8    12.9
03067 20190529  2.622 -100.96   38.87    18.8     7.4    13.1    12.9 -9999.0    20.84 C    26.6     7.2    14.6    91.4    40.3    69.5   0.388   0.389   0.373   0.375   0.323    16.6    16.9    16.6    15.1    13.1
03067 20190530  2.622 -100.96   38.87    25.0     5.8    15.4    16.3 -9999.0    29.15 C    34.7     5.6    17.5    88.1    26.3    55.2   0.369   0.376   0.364   0.371   0.324    16.5    16.5    16.0    15.1    13.4
03067 20190531  2.622 -100.96   38.87    26.8     9.7    18.3    18.7 -9999.0    28.96 C    37.5     7.6    20.2    85.6    27.7    58.3   0.348   0.363   0.357   0.367   0.324    18.1    17.8    16.9    15.1    13.5
03067 20190601  2.622 -100.96   38.87    26.6    12.4    19.5    20.2 -9999.0    27.73 C    36.9    10.6    21.6    84.7    34.2    57.3   0.324   0.349   0.350   0.364   0.325    19.1    18.7    17.7    15.5    13.7
03067 20190602  2.622 -100.96   38.87    28.0    13.5    20.8    20.6 -9999.0    27.33 C    36.9    12.4    22.4    87.2    41.7    65.8   0.302   0.337   0.343   0.361   0.327    19.9    19.6    18.5    15.9    13.9
03067 20190603  2.622 -100.96   38.87    29.8    13.8    21.8    21.9 -9999.0    27.38 C    39.5    11.7    23.5    88.9    43.2    65.3   0.282   0.324   0.336   0.358   0.327    20.8    20.4    19.2    16.4    14.1
03067 20190604  2.622 -100.96   38.87    30.5    12.3    21.4    21.7 -9999.0    27.72 C    39.7    10.7    23.1    87.1    28.0    57.1   0.260   0.308   0.327   0.355   0.326    21.0    20.7    19.7    16.8    14.4
03067 20190605  2.622 -100.96   38.87    28.4    15.4    21.9    21.8 -9999.0    24.74 C    37.5    14.5    22.5    82.3    33.1    55.1   0.241   0.292   0.316   0.352   0.327    21.0    20.9    20.0    17.2    14.7
03067 20190606  2.622 -100.96   38.87    27.8    13.3    20.6    20.6 -9999.0    26.54 C    37.8    12.0    21.9    88.6    37.5    65.6   0.229   0.278   0.304   0.349   0.326    20.9    20.8    19.9    17.5    14.9
03067 20190607  2.622 -100.96   38.87    28.8    11.8    20.3    21.1 -9999.0    29.92 C    37.2     9.6    22.2    92.7    34.8    63.5   0.220   0.264   0.292   0.344   0.326    20.9    20.7    19.9    17.7    15.2
03067 20190608  2.622 -100.96   38.87    31.1    14.7    22.9    23.7 -9999.0    28.27 C    38.1    12.4    24.6    90.8    39.4    62.5   0.225   0.253   0.280   0.341   0.326    21.6    21.3    20.3    17.9    15.4
03067 20190609  2.622 -100.96   38.87    19.8     7.6    13.7    14.7 -9999.0    20.41 C    28.3     5.1    16.0    87.9    33.2    65.7   0.400   0.325   0.339   0.354   0.325    18.8    19.3    19.3    18.0    15.7
03067 20190610  2.622 -100.96   38.87    23.9     5.5    14.7    15.4 -9999.0    30.91 C    33.4     4.0    17.1    86.2    24.1    54.6   0.367   0.327   0.335   0.345   0.327    18.4    18.5    18.3    17.7    15.8
03067 20190611  2.622 -100.96   38.87    25.0    12.2    18.6    17.5 -9999.0    20.64 C    34.2    10.6    18.3    80.7    38.7    55.3   0.342   0.318   0.328   0.340   0.326    18.6    18.7    18.5    17.5    15.9
03067 20190612  2.622 -100.96   38.87    23.0    10.1    16.5    16.4 -9999.0    30.11 C    34.4     7.4    18.3    88.9    31.1    57.0   0.319   0.308   0.322   0.335   0.326    18.8    18.9    18.5    17.5    15.9
03067 20190613  2.622 -100.96   38.87    28.7     8.5    18.6    19.9 -9999.0    27.70 C    33.6     7.0    20.4    86.6    34.0    55.4   0.294   0.296   0.314   0.333   0.325    19.0    19.0    18.6    17.5    15.9
03067 20190614  2.622 -100.96   38.87    31.2    14.4    22.8    22.4 -9999.0    26.47 C    38.9    12.4    23.1    86.4    31.7    60.5   0.270   0.285   0.307   0.329   0.324    20.7    20.4    19.4    17.6    16.0
03067 20190615  2.622 -100.96   38.87    28.0    13.6    20.8    21.1 -9999.0    29.05 C    36.4    13.0    22.2    88.5    36.4    63.4   0.257   0.277   0.300   0.327   0.324    21.2    21.0    20.1    18.0    16.1
03067 20190616  2.622 -100.96   38.87    28.2    14.1    21.2    21.2 -9999.0    27.38 C    37.3    12.9    22.7    90.0    34.2    63.2   0.246   0.268   0.292   0.324   0.324    21.6    21.4    20.5    18.3    16.2
03067 20190617  2.622 -100.96   38.87    27.1    16.0    21.5    20.9 -9999.0    17.47 C    35.7    15.2    21.5    86.7    35.0    63.8   0.235   0.261   0.284   0.320   0.324    21.2    21.2    20.6    18.6    16.4
03067 20190618  2.622 -100.96   38.87    23.0    15.6    19.3    18.5 -9999.0    15.15 C    30.5    15.4    19.8    92.8    59.9    81.7   0.236   0.257   0.280   0.319   0.321    20.8    20.8    20.3    18.7    16.6
03067 20190619  2.622 -100.96   38.87    27.1    15.1    21.1    20.2 -9999.0    26.01 C    35.3    14.9    22.2    93.6    34.0    68.9   0.244   0.256   0.276   0.316   0.321    21.5    21.3    20.5    18.7    16.7
03067 20190620  2.622 -100.96   38.87    31.1    15.0    23.0    23.8 -9999.0    29.04 C    39.2    12.2    24.9    88.8    30.9    60.9   0.235   0.252   0.271   0.313   0.320    22.1    21.8    20.9    18.9    16.9
03067 20190621  2.622 -100.96   38.87    28.0    15.8    21.9    22.5 -9999.0    21.48 C    40.0    15.4    23.8    91.5    38.6    63.5   0.227   0.249   0.264   0.308   0.320    22.5    22.4    21.5    19.2    17.0
03067 20190622  2.622 -100.96   38.87    20.4    14.1    17.2    16.6 -9999.0    14.38 C    27.9    12.7    18.3    86.5    50.4    65.0   0.219   0.243   0.256   0.305   0.320    20.1    20.6    20.6    19.4    17.2
03067 20190623  2.622 -100.96   38.87    23.1     9.5    16.3    16.1 -9999.0    25.63 C    35.4     8.3    18.4    93.1    44.9    69.2   0.220   0.239   0.252   0.302   0.319    19.9    20.1    19.9    19.1    17.3
03067 20190624  2.622 -100.96   38.87    30.3     6.7    18.5    19.4 -9999.0    30.06 C    38.8     5.4    20.3    93.0    17.8    52.4   0.219   0.236   0.247   0.299   0.319    19.6    19.7    19.5    18.9    17.3
03067 20190625  2.622 -100.96   38.87    32.5    16.7    24.6    24.5 -9999.0    27.78 C    40.3    13.0    25.4    82.1    29.3    55.1   0.215   0.234   0.245   0.294   0.316    21.4    21.1    20.2    18.8    17.3
03067 20190626  2.622 -100.96   38.87    34.4    16.7    25.5    26.2 -9999.0    26.32 C    40.4    15.5    26.4    82.2    22.8    49.2   0.209   0.232   0.242   0.288   0.315    22.4    22.2    21.2    19.1    17.4
03067 20190627  2.622 -100.96   38.87    37.7    19.9    28.8    28.1 -9999.0    29.32 C    47.2    17.2    29.0    74.2    11.2    40.9   0.205   0.228   0.239   0.283   0.313    23.3    22.9    21.8    19.4    17.5
03067 20190628  2.622 -100.96   38.87    37.4    13.5    25.4    27.0 -9999.0    29.15 C    45.4    11.3    27.6    75.4    18.4    41.6   0.200   0.225   0.236   0.278   0.312    23.3    23.0    22.1    19.7    17.7
03067 20190629  2.622 -100.96   38.87    38.7    17.6    28.2    29.1 -9999.0    28.86 C    47.9    15.5    29.8    79.7    10.7    39.9   0.198   0.221   0.233   0.272   0.310    24.0    23.7    22.6    20.0    17.7
03067 20190630  2.622 -100.96   38.87    37.3    18.9    28.1    28.3 -9999.0    29.26 C    48.1    16.8    30.1    77.2    16.8    44.4   0.195   0.219   0.231   0.267   0.309    24.6    24.2    23.0    20.3    17.9
03067 20190701  2.622 -100.96   38.87    34.4    19.5    26.9    26.2 -9999.0    25.85 C    45.9    18.3    28.8    89.2    28.4    56.6   0.196   0.218   0.229   0.264   0.306    24.8    24.5    23.4    20.6    18.1
03067 20190702  2.622 -100.96   38.87    29.2    18.1    23.7    23.1 -9999.0    17.41 C    39.9    17.5    24.4    91.8    40.6    68.6   0.259   0.217   0.227   0.262   0.305    24.0    24.0    23.3    20.9    18.4
03067 20190703  2.622 -100.96   38.87    32.5    15.9    24.2    24.8 -9999.0    27.90 C    44.5    15.0    28.1    91.1    29.6    63.5   0.240   0.218   0.227   0.263   0.304    24.4    24.2    23.2    21.0    18.5
03067 20190704  2.622 -100.96   38.87    35.7    19.4    27.6    27.1 -9999.0    27.34 C    43.6    18.4    29.0    86.2    27.0    57.5   0.219   0.219   0.228   0.261   0.303    24.9    24.7    23.7    21.2    18.7
03067 20190705  2.622 -100.96   38.87    28.9    20.0    24.4    23.7 -9999.0    15.45 C    39.5    17.8    25.1    86.9    52.8    67.3   0.208   0.218   0.228   0.261   0.302    24.0    24.1    23.5    21.3    18.9
03067 20190706  2.622 -100.96   38.87    30.5    16.3    23.4    23.2 -9999.0    24.20 C    46.3    15.9    26.6    88.0    32.4    62.7   0.203   0.217   0.227   0.260   0.300    23.9    23.8    23.1    21.3    19.1
03067 20190707  2.622 -100.96   38.87    31.6    16.4    24.0    24.2 -9999.0    21.54 C    46.6    15.7    26.9    91.3    36.3    63.9   0.199   0.217   0.227   0.259   0.298    23.9    23.9    23.2    21.4    19.2
03067 20190708  2.622 -100.96   38.87    31.1    17.1    24.1    23.1 -9999.0    13.73 C    41.9    15.9    23.9    91.8    47.3    71.7   0.208   0.217   0.227   0.258   0.297    23.6    23.8    23.2    21.4    19.3
03067 20190709  2.622 -100.96   38.87    32.8    16.2    24.5    24.1 -9999.0    26.86 C    44.3    15.2    27.1    93.0    30.4    68.6   0.376   0.261   0.226   0.257   0.296    23.5    23.4    22.7    21.4    19.4
03067 20190710  2.622 -100.96   38.87    29.8    17.2    23.5    23.3 -9999.0    27.97 C    43.1    15.6    26.9    91.3    27.5    58.7   0.338   0.262   0.230   0.258   0.295    24.4    24.4    23.6    21.5    19.4
03067 20190711  2.622 -100.96   38.87    32.3    13.1    22.7    23.2 -9999.0    27.31 C    44.7    12.7    26.3    89.8    34.3    59.3   0.305   0.254   0.232   0.258   0.295    24.1    24.1    23.5    21.7    19.5
03067 20190712  2.622 -100.96   38.87    35.6    15.8    25.7    26.7 -9999.0    27.92 C    47.7    14.2    29.1    84.8    22.2    53.0   0.274   0.246   0.234   0.257   0.294    24.8    24.7    23.9    21.8    19.7
03067 20190713  2.622 -100.96   38.87    34.6    18.3    26.5    26.4 -9999.0    26.79 C    47.5    17.3    29.0    85.1    26.6    54.9   0.245   0.239   0.235   0.257   0.292    25.4    25.2    24.4    22.0    19.8
03067 20190714  2.622 -100.96   38.87    34.7    15.3    25.0    25.7 -9999.0    27.97 C    48.5    13.8    28.4    88.2    23.5    51.9   0.226   0.232   0.234   0.257   0.291    25.1    25.1    24.4    22.2    19.9
03067 20190715  2.622 -100.96   38.87    36.0    18.4    27.2    27.2 -9999.0    27.37 C    50.0    15.3    30.1    82.8    19.3    48.5   0.214   0.226   0.233   0.256   0.290    25.4    25.2    24.4    22.4    20.0
03067 20190716  2.622 -100.96   38.87    36.2    20.3    28.2    28.9 -9999.0    26.92 C    51.4    18.1    32.8    67.2    24.7    43.4   0.207   0.223   0.232   0.254   0.287    26.1    25.8    24.8    22.5    20.1
03067 20190717  2.622 -100.96   38.87    39.9    18.8    29.3    29.3 -9999.0    24.13 C    51.9    15.8    31.0    82.9    16.7    45.0   0.201   0.220   0.230   0.252   0.285    25.9    25.9    25.0    22.7    20.3
03067 20190718  2.622 -100.96   38.87    38.5    18.0    28.3    28.7 -9999.0    27.72 C    51.3    17.4    31.4    91.9    21.5    52.1   0.208   0.219   0.229   0.250   0.283    26.2    26.0    25.0    22.8    20.4
03067 20190719  2.622 -100.96   38.87    39.6    21.6    30.6    31.0 -9999.0    27.77 C    51.8    19.2    33.5    77.0    20.9    44.0   0.204   0.220   0.229   0.249   0.282    26.7    26.4    25.5    23.0    20.6
03067 20190720  2.622 -100.96   38.87    39.5    19.4    29.5    29.5 -9999.0    24.06 C    54.8    19.3    32.9    86.6    18.7    47.1   0.199   0.218   0.229   0.247   0.280    26.7    26.5    25.6    23.2    20.7
03067 20190721  2.622 -100.96   38.87    29.0    18.4    23.7    23.4 -9999.0    23.43 C    45.2    17.9    27.2    88.5    47.3    66.9   0.200   0.217   0.227   0.247   0.278    25.7    26.0    25.4    23.4    20.9
03067 20190722  2.622 -100.96   38.87    28.3    16.7    22.5    21.7 -9999.0    26.80 C    49.9    15.6    27.6    91.5    32.0    61.2   0.199   0.216   0.226   0.247   0.277    25.1    25.3    24.9    23.4    21.0
03067 20190723  2.622 -100.96   38.87    29.9    13.6    21.8    21.6 -9999.0    27.73 C    49.8    11.8    27.2    85.2    31.8    55.8   0.196   0.214   0.225   0.245   0.276    24.6    24.8    24.4    23.2    21.1
03067 20190724  2.622 -100.96   38.87    32.9    14.7    23.8    24.5 -9999.0    27.74 C    48.8    13.4    28.2    75.2    25.9    44.5   0.193   0.213   0.224   0.243   0.275    24.6    24.7    24.2    23.0    21.1
03067 20190725  2.622 -100.96   38.87    35.5    17.1    26.3    26.1 -9999.0    22.65 C    51.0    15.0    29.4    62.5    21.0    38.2   0.191   0.213   0.224   0.242   0.273    24.9    24.9    24.4    23.0    21.1
03067 20190726  2.622 -100.96   38.87    35.3    16.7    26.0    26.0 -9999.0    26.28 C    54.0    14.5    30.5    82.3    21.7    47.3   0.190   0.212   0.223   0.241   0.271    25.5    25.3    24.6    23.0    21.1
03067 20190727  2.622 -100.96   38.87    35.7    17.4    26.5    26.9 -9999.0    26.82 C    53.4    15.5    31.1    70.8    18.6    40.4   0.187   0.211   0.223   0.240   0.270    25.8    25.6    24.9    23.1    21.2
03067 20190728  2.622 -100.96   38.87    35.6    20.6    28.1    27.5 -9999.0    25.81 C    58.6    18.9    33.3    67.6    23.3    41.7   0.186   0.211   0.222   0.238   0.269    26.4    26.2    25.2    23.3    21.3
03067 20190729  2.622 -100.96   38.87    33.0    17.4    25.2    25.3 -9999.0    22.79 C    53.2    15.3    29.8    86.2    24.4    46.9   0.183   0.209   0.221   0.237   0.267    26.2    26.2    25.5    23.4    21.3
03067 20190730  2.622 -100.96   38.87    37.7    16.4    27.1    27.9 -9999.0    25.44 C    52.6    14.8    30.9    60.2    15.8    35.1   0.180   0.208   0.220   0.236   0.266    26.0    25.9    25.3    23.6    21.4
03067 20190731  2.622 -100.96   38.87    39.6    20.7    30.2    29.4 -9999.0    24.84 C    58.6    17.1    34.0    65.2    15.8    34.7   0.179   0.208   0.219   0.235   0.266    26.9    26.5    25.6    23.6    21.5
03067 20190801  2.622 -100.96   38.87    31.1    20.1    25.6    26.1 -9999.0    22.34 C    56.9    19.7    31.9    83.5    30.5    58.3   0.177   0.208   0.220   0.235   0.264    27.3    27.0    26.1    23.8    21.6
03067 20190802  2.622 -100.96   38.87    33.5    20.7    27.1    26.1 -9999.0    20.26 C    58.9    18.8    32.4    90.3    34.7    65.5   0.176   0.207   0.219   0.234   0.264    27.7    27.4    26.4    24.1    21.7
03067 20190803  2.622 -100.96   38.87    32.5    19.0    25.7    24.7 -9999.0    20.59 C    56.5    16.8    30.6    94.2    37.0    67.3   0.175   0.207   0.219   0.233   0.263    27.5    27.3    26.5    24.3    21.9
03067 20190804  2.622 -100.96   38.87    35.5    15.7    25.6    26.0 -9999.0    25.21 C    56.7    14.6    31.6    86.9    20.9    50.5   0.173   0.205   0.218   0.233   0.263    27.3    27.1    26.4    24.4    22.1
03067 20190805  2.622 -100.96   38.87    34.0    18.9    26.5    25.6 -9999.0    16.87 C    51.4    15.5    28.7    79.5    28.1    54.0   0.170   0.204   0.217   0.233   0.262    26.7    26.7    26.2    24.4    22.1
03067 20190806  2.622 -100.96   38.87    36.6    16.0    26.3    26.3 -9999.0    24.03 C    58.4    14.5    31.6    89.6    20.9    53.3   0.170   0.203   0.216   0.232   0.262    27.0    26.9    26.1    24.4    22.2
03067 20190807  2.622 -100.96   38.87    35.7    14.9    25.3    27.5 -9999.0    25.54 C    55.6    13.6    32.6    88.1    27.0    51.9   0.169   0.202   0.216   0.231   0.261    27.5    27.2    26.4    24.4    22.4
03067 20190808  2.622 -100.96   38.87    30.5    18.3    24.4    24.0 -9999.0    22.94 C    48.5    18.5    28.5    88.6    43.0    66.9   0.168   0.202   0.216   0.231   0.260    27.3    27.4    26.6    24.6    22.4
03067 20190809  2.622 -100.96   38.87    33.2    20.1    26.6    25.4 -9999.0    19.02 C    52.4    19.9    30.0    90.5    38.6    66.8   0.170   0.201   0.215   0.230   0.261    26.7    26.8    26.2    24.7    22.5
03067 20190810  2.622 -100.96   38.87    36.8    20.3    28.5    27.9 -9999.0    20.39 C    57.6    19.3    32.5    90.7    25.4    60.7   0.181   0.202   0.215   0.229   0.260    27.1    27.1    26.3    24.7    22.6
03067 20190811  2.622 -100.96   38.87    32.2    19.5    25.8    25.2 -9999.0    23.59 C    48.1    19.5    29.4    91.9    47.9    72.4   0.409   0.314   0.229   0.229   0.259    26.2    26.6    26.0    24.7    22.6
03067 20190812  2.622 -100.96   38.87    32.5    19.6    26.1    24.6 -9999.0    22.03 C    48.7    19.1    28.4    92.7    30.0    68.3   0.411   0.385   0.363   0.232   0.258    26.3    26.9    26.0    24.7    22.7
03067 20190813  2.622 -100.96   38.87    32.1    15.5    23.8    22.2 -9999.0    18.86 C    48.0    15.8    25.8    93.7    39.0    75.8   0.404   0.389   0.366   0.237   0.259    25.5    26.5    25.9    24.8    22.8
03067 20190814  2.622 -100.96   38.87    28.5    15.2    21.9    21.8 -9999.0    24.87 C    46.7    15.3    26.6    88.5    40.7    65.7   0.412   0.405   0.380   0.239   0.259    24.7    25.3    24.9    24.6    22.8
03067 20190815  2.622 -100.96   38.87    32.9    16.4    24.6    24.2 -9999.0    24.30 C    51.2    16.3    28.8    93.4    29.6    65.3   0.385   0.388   0.368   0.241   0.259    25.4    25.6    25.1    24.5    22.8
03067 20190816  2.622 -100.96   38.87    31.5    19.3    25.4    24.9 -9999.0    23.56 C    50.4    18.6    29.7    85.1    24.2    62.0   0.365   0.374   0.360   0.242   0.259    25.9    26.3    25.4    24.6    22.8
03067 20190817  2.622 -100.96   38.87    34.0    19.2    26.6    25.6 -9999.0    23.11 C    49.9    18.6    29.1    87.8    30.1    51.4   0.345   0.362   0.353   0.243   0.260    26.0    26.6    25.7    24.6    22.8
03067 20190818  2.622 -100.96   38.87    31.1    18.0    24.6    24.7 -9999.0    23.93 C    50.2    16.9    29.9    84.1    33.0    57.8   0.325   0.349   0.346   0.243   0.261    26.0    26.2    25.7    24.7    22.9
03067 20190819  2.622 -100.96   38.87    37.5    18.0    27.8    26.6 -9999.0    19.83 C    50.3    16.4    29.3    94.3    24.7    62.0   0.307   0.336   0.340   0.243   0.261    26.1    26.3    25.8    24.7    23.0
03067 20190820  2.622 -100.96   38.87    39.1    17.9    28.5    28.7 -9999.0    24.35 C    52.1    16.4    30.7    77.3    18.0    42.0   0.287   0.319   0.332   0.244   0.262    26.2    26.4    25.9    24.8    23.0
03067 20190821  2.622 -100.96   38.87    29.6    19.3    24.4    24.0 -9999.0    16.98 C    46.6    18.6    26.4    87.9    44.1    63.7   0.267   0.305   0.325   0.242   0.262    25.4    25.8    25.6    24.8    23.0
03067 20190822  2.622 -100.96   38.87    29.7    19.1    24.4    23.0 -9999.0    18.44 C    44.6    18.6    26.4    92.3    41.0    71.8   0.258   0.297   0.321   0.243   0.262    25.3    25.6    25.3    24.8    23.0
03067 20190823  2.622 -100.96   38.87    26.4    17.5    22.0    21.3 -9999.0    13.21 C    38.2    18.0    23.0    92.6    53.1    76.6   0.283   0.290   0.316   0.244   0.262    24.1    24.8    24.8    24.6    23.1
03067 20190824  2.622 -100.96   38.87    27.0    15.5    21.3    21.5 -9999.0    14.40 C    36.2    15.5    23.3    92.5    53.1    75.3   0.304   0.285   0.312   0.243   0.261    23.6    24.1    24.1    24.3    23.1
03067 20190825  2.622 -100.96   38.87    32.4    16.7    24.5    22.5 -9999.0    13.84 C    43.4    16.9    25.0    89.6    37.4    75.0   0.293   0.281   0.309   0.242   0.261    23.7    24.0    23.8    24.0    23.0
03067 20190826  2.622 -100.96   38.87    26.9    16.8    21.8    22.3 -9999.0    22.74 C    45.4    15.8    26.1    91.2    43.8    68.9   0.280   0.276   0.307   0.243   0.261    24.3    24.6    24.2    23.8    22.8
03067 20190827  2.622 -100.96   38.87    25.5    14.0    19.7    19.1 -9999.0    19.83 C    42.1    13.3    22.7    90.5    37.1    66.7   0.274   0.270   0.302   0.243   0.261    23.6    24.1    24.0    23.8    22.8
03067 20190828  2.622 -100.96   38.87    31.1    13.1    22.1    22.2 -9999.0    22.08 C    44.3    12.4    24.8    86.2    41.4    65.1   0.270   0.265   0.298   0.243   0.261    23.2    23.6    23.4    23.6    22.7
03067 20190829  2.622 -100.96   38.87    35.1    17.1    26.1    24.7 -9999.0    19.29 C    50.0    14.4    26.9    90.0    23.9    63.0   0.257   0.261   0.295   0.243   0.260    24.2    24.4    23.9    23.5    22.7
03067 20190830  2.622 -100.96   38.87    29.0    15.0    22.0    20.9 -9999.0    11.90 C    40.8    15.1    23.2    90.8    43.9    71.0   0.245   0.257   0.290   0.243   0.261    23.3    23.8    23.7    23.5    22.6
03067 20190831  2.622 -100.96   38.87    29.8    15.1    22.5    22.3 -9999.0    19.52 C    44.7    15.1    24.9    92.4    44.5    70.3   0.317   0.256   0.286   0.243   0.261    23.3    23.6    23.4    23.4    22.5
03067 20190901  2.622 -100.96   38.87    31.4    19.2    25.3    24.1 -9999.0    19.70 C    45.1    18.7    27.5    92.7    44.7    73.8   0.311   0.263   0.287   0.242   0.261    24.4    24.4    23.8    23.3    22.4
03067 20190902  2.622 -100.96   38.87    36.6    18.9    27.7    27.1 -9999.0    22.90 C    46.1    16.8    28.1    88.3    15.6    51.8   0.292   0.264   0.285   0.244   0.260    24.6    24.7    24.3    23.4    22.4
03067 20190903  2.622 -100.96   38.87    32.2    19.3    25.7    25.5 -9999.0    22.97 C    49.1    14.2    28.2    71.9    34.6    51.5   0.271   0.260   0.281   0.244   0.260    24.6    24.7    24.3    23.5    22.4
03067 20190904  2.622 -100.96   38.87    33.7    17.5    25.6    24.5 -9999.0    21.79 C    47.6    16.6    27.5    85.5    28.1    57.8   0.256   0.255   0.279   0.246   0.261    24.7    24.9    24.5    23.6    22.4
03067 20190905  2.622 -100.96   38.87    37.4    15.9    26.6    26.7 -9999.0    23.06 C    48.5    13.3    27.5    72.0    10.7    39.5   0.240   0.250   0.274   0.245   0.261    24.5    24.8    24.4    23.8    22.4
03067 20190906  2.622 -100.96   38.87    28.9    18.3    23.6    23.0 -9999.0    16.69 C    46.2    15.4    25.6    91.1    39.4    59.4   0.228   0.244   0.269   0.244   0.261    24.2    24.5    24.3    23.7    22.5
03067 20190907  2.622 -100.96   38.87    30.7    17.4    24.1    22.8     0.0    15.92 C    48.5    16.6    26.1    90.6    39.5    66.5   0.221   0.241   0.265   0.244   0.261    24.3    24.5    24.2    23.7    22.5
03067 20190908  2.622 -100.96   38.87    31.1    17.6    24.4    23.3     5.0    18.45 C    47.0    16.6    26.9    93.5    33.7    68.7   0.217   0.239   0.261   0.244   0.261    24.5    24.7    24.2    23.7    22.5
03067 20190909  2.622 -100.96   38.87    32.4    15.0    23.7    23.2   121.7    15.54 C    41.3    13.7    23.7    90.2    38.7    68.6   0.257   0.266   0.285   0.276   0.289    23.1    23.4    23.2    22.9    22.5
03067 20190910  2.622 -100.96   38.87    33.0    18.2    25.6    25.7     0.0    19.17 C    39.7    14.3    24.6    82.7    33.6    56.2   0.427   0.430   0.413   0.465   0.464    18.5    17.9    17.3    18.8    21.8
03067 20190911  2.622 -100.96   38.87    33.0    20.0    26.5    26.7     0.0    21.12 C    40.3    17.0    26.7    70.2    34.0    50.7   0.394   0.404   0.390   0.432   0.417    21.0    20.7    20.0    20.2    21.5
03067 20190912  2.622 -100.96   38.87    27.0    11.9    19.4    19.4     0.0    21.30 C    38.6     9.5    20.8    88.6    21.3    53.3   0.376   0.390   0.380   0.421   0.405    21.0    21.3    21.0    20.9    21.4
03067 20190913  2.622 -100.96   38.87    29.0     9.2    19.1    19.5     0.0    20.52 C    40.1     6.8    21.0    88.6    27.1    56.4   0.360   0.379   0.372   0.413   0.400    20.3    20.6    20.6    21.1    21.3
03067 20190914  2.622 -100.96   38.87    31.7    18.1    24.9    24.0     0.0    21.00 C    45.6    16.4    26.0    86.8    33.5    62.3   0.349   0.371   0.366   0.407   0.395    22.0    21.9    21.3    21.2    21.2
03067 20190915  2.622 -100.96   38.87    34.2    16.6    25.4    25.4     0.0    19.99 C    42.9    12.4    24.9    75.1    21.2    45.9   0.334   0.362   0.361   0.402   0.393    22.3    22.5    22.0    21.5    21.2
03067 20190916  2.622 -100.96   38.87    32.3    19.5    25.9    25.8     0.0    15.66 C    39.1    16.9    25.1    58.1    22.8    39.9   0.320   0.351   0.356   0.400   0.390    22.0    22.3    22.0    21.7    21.2
03067 20190917  2.622 -100.96   38.87    34.0    20.6    27.3    26.9     0.0    20.33 C    40.8    18.1    26.7    62.9    22.8    42.3   0.306   0.343   0.351   0.396   0.387    22.2    22.4    22.0    21.8    21.3
03067 20190918  2.622 -100.96   38.87    29.1    13.9    21.5    22.7     0.0    20.74 C    43.2    11.5    24.9    87.0    37.9    57.9   0.291   0.334   0.346   0.395   0.386    22.5    22.7    22.3    21.8    21.3
03067 20190919  2.622 -100.96   38.87    34.0    14.5    24.2    23.1     3.6    17.37 C    43.2    13.0    24.0    90.2    27.5    63.7   0.278   0.326   0.341   0.392   0.384    22.4    22.7    22.4    21.9    21.3
03067 20190920  2.622 -100.96   38.87    30.3    16.7    23.5    22.8     0.0    16.14 C    37.4    16.0    22.8    92.3    34.7    65.4   0.267   0.318   0.337   0.390   0.385    22.0    22.3    22.2    22.0    21.4
03067 20190921  2.622 -100.96   38.87    29.4    15.7    22.6    22.4     1.2    20.79 C    43.3    12.5    24.6    91.7    26.6    61.0   0.261   0.312   0.333   0.388   0.380    22.3    22.5    22.2    21.9    21.4
03067 20190922  2.622 -100.96   38.87    24.0    12.4    18.2    17.5     0.0    20.50 C    38.8    10.1    20.6    86.8    32.5    56.5   0.252   0.305   0.329   0.386   0.380    21.7    22.2    22.1    22.0    21.4
03067 20190923  2.622 -100.96   38.87    30.5    10.1    20.3    20.4     0.0    18.94 C    41.0     7.2    20.9    81.7    32.2    59.3   0.244   0.297   0.324   0.384   0.379    20.8    21.3    21.4    21.8    21.4
03067 20190924  2.622 -100.96   38.87    30.5    14.2    22.4    22.4     0.0    15.55 C    43.1    10.5    22.8    92.0    18.5    59.8   0.241   0.292   0.320   0.383   0.379    21.9    22.1    21.8    21.7    21.3
03067 20190925  2.622 -100.96   38.87    25.9    10.0    17.9    18.3     0.0    16.53 C    39.7     9.3    20.3    90.8    36.2    61.2   0.234   0.284   0.315   0.380   0.378    20.7    21.2    21.4    21.7    21.3
03067 20190926  2.622 -100.96   38.87    25.5    10.2    17.8    17.5     0.0    12.81 C    36.9     8.3    19.3    85.9    41.0    57.9   0.230   0.277   0.310   0.379   0.375    20.1    20.7    20.9    21.5    21.3
03067 20190927  2.622 -100.96   38.87    25.7    12.4    19.1    18.5     0.0    19.44 C    39.4     9.4    20.6    92.3    27.2    57.6   0.227   0.273   0.306   0.376   0.376    20.2    20.6    20.7    21.3    21.1
03067 20190928  2.622 -100.96   38.87    17.4    11.0    14.2    13.6     0.0     5.97 C    32.3    11.5    16.4    94.2    57.5    75.5   0.223   0.267   0.302   0.376   0.375    19.0    19.8    20.2    21.1    21.1
03067 20190929  2.622 -100.96   38.87    32.2    15.8    24.0    24.9     0.0    18.10 C    37.7    16.2    25.2    94.1    34.8    63.2   0.223   0.267   0.299   0.373   0.373    20.5    20.5    20.3    20.9    20.9
03067 20190930  2.622 -100.96   38.87    34.5    20.6    27.6    26.8     0.0    18.21 C    40.6    18.6    26.8    81.3    28.3    55.6   0.222   0.264   0.294   0.373   0.371    22.0    21.9    21.3    20.9    20.8
03067 20191001  2.622 -100.96   38.87    24.7     9.6    17.1    16.2    11.0     3.65 C    22.5    11.2    17.3    92.5    61.4    80.8   0.237   0.259   0.290   0.371   0.373    20.7    21.4    21.4    21.2    20.8
03067 20191002  2.622 -100.96   38.87    16.4     7.7    12.0    10.6     0.3     8.83 C    25.0     4.8    12.8    93.0    60.7    82.5   0.256   0.255   0.287   0.370   0.371    18.0    19.0    19.7    21.0    20.8
03067 20191003  2.622 -100.96   38.87    17.7     3.7    10.7    11.0     0.0    14.24 C    31.9     2.3    13.4    93.1    40.6    68.6   0.254   0.252   0.284   0.369   0.370    16.8    17.7    18.4    20.5    20.7
03067 20191004  2.622 -100.96   38.87    18.0     9.5    13.7    13.1     0.0     2.40 C    17.5    10.4    13.8    92.3    67.0    83.7   0.251   0.251   0.283   0.367   0.369    16.4    17.3    17.9    19.9    20.5
03067 20191005  2.622 -100.96   38.87    20.7     7.3    14.0    15.3     0.0    18.54 C    31.3     3.1    15.4    86.8    19.7    44.0   0.248   0.251   0.282   0.366   0.369    16.9    17.5    17.8    19.5    20.3
03067 20191006  2.622 -100.96   38.87    17.9     2.4    10.2     9.9     0.0    13.09 C    33.8     0.3    10.4    88.3    31.6    59.9   0.241   0.248   0.278   0.366   0.367    15.3    16.2    17.1    19.2    20.0
03067 20191007  2.622 -100.96   38.87    22.7     3.7    13.2    13.0     0.0    18.52 C    31.6    -0.5    12.3    75.2    18.5    46.4   0.237   0.246   0.275   0.363   0.366    14.7    15.5    16.3    18.7    19.8
03067 20191008  2.622 -100.96   38.87    27.9     6.1    17.0    16.4     0.0    17.50 C    34.2     3.1    16.4    77.3    21.4    49.7   0.234   0.246   0.273   0.360   0.365    15.5    16.0    16.3    18.4    19.6
03067 20191009  2.622 -100.96   38.87    30.5     8.8    19.6    18.6     0.0    17.09 C    38.5     6.7    18.6    84.7    10.9    53.5   0.232   0.248   0.271   0.359   0.364    16.8    17.1    17.1    18.2    19.3
03067 20191010  2.622 -100.96   38.87    15.9    -4.5     5.7     2.1     0.0     6.42 C    14.1    -5.9     3.8    87.1    45.3    65.1   0.225   0.243   0.269   0.358   0.364    14.0    15.4    16.5    18.2    19.1
03067 20191011  2.622 -100.96   38.87    11.8    -8.9     1.5     1.2     0.0    18.37 C    22.1    -9.2     1.5    77.2    11.3    42.2   0.218   0.237   0.265   0.358   0.362    11.1    12.5    14.1    17.7    18.9
03067 20191012  2.622 -100.96   38.87    20.1    -7.3     6.4     6.9     0.0    18.17 C    35.0    -9.5     6.7    69.5     7.7    30.9   0.217   0.236   0.263   0.356   0.361    11.1    12.1    13.2    16.9    18.6
03067 20191013  2.622 -100.96   38.87    22.3    -4.3     9.0     8.6     0.0    17.96 C    35.7    -6.4     9.7    69.6    10.4    38.0   0.216   0.236   0.262   0.353   0.361    11.8    12.6    13.3    16.3    18.3
03067 20191014  2.622 -100.96   38.87    27.8     1.7    14.7    13.3     0.0    17.32 C    38.7    -2.7    11.6    80.8     4.6    38.8   0.216   0.237   0.262   0.352   0.359    12.7    13.2    13.7    16.1    18.0
03067 20191015  2.622 -100.96   38.87    18.6     1.5    10.0    10.5     0.0    16.93 C    29.8    -1.9    10.9    60.2    19.2    37.1   0.214   0.237   0.262   0.351   0.359    12.8    13.5    14.0    16.0    17.7
03067 20191016  2.622 -100.96   38.87    25.4    -4.0    10.7    10.0     0.0    14.99 C    33.9    -6.3     9.1    79.0    12.5    42.5   0.212   0.235   0.260   0.350   0.358    12.1    12.9    13.5    15.8    17.4
03067 20191017  2.622 -100.96   38.87    30.7     1.0    15.9    15.8     0.0    14.80 C    39.7    -2.6    14.5    67.6     6.5    32.6   0.211   0.236   0.259   0.349   0.356    13.0    13.4    13.7    15.7    17.2
03067 20191018  2.622 -100.96   38.87    31.5    10.8    21.1    18.4     0.0    15.09 C    41.0     3.6    18.4    53.8     8.4    31.1   0.212   0.237   0.259   0.348   0.355    14.5    14.7    14.5    15.7    17.1
03067 20191019  2.622 -100.96   38.87    20.6     1.5    11.0    10.5     0.0    16.44 C    34.1    -1.5    11.3    86.3    13.0    44.7   0.209   0.236   0.258   0.348   0.356    13.9    14.5    14.8    15.8    16.9
03067 20191020  2.622 -100.96   38.87    18.2     7.6    12.9    11.7     0.0    10.08 C    30.2     3.1    11.5    58.6    11.3    33.4   0.206   0.234   0.257   0.347   0.355    13.2    13.9    14.3    15.8    16.8
03067 20191021  2.622 -100.96   38.87    14.4    -0.3     7.0     7.7     0.0    15.93 C    20.6    -3.6     7.3    53.0    13.2    34.1   0.203   0.231   0.255   0.347   0.354    11.9    12.9    13.6    15.7    16.8
03067 20191022  2.622 -100.96   38.87    18.9    -2.9     8.0     7.9     0.0    15.11 C    30.0    -5.7     7.5    75.8    13.7    39.2   0.200   0.229   0.253   0.346   0.353    11.1    11.9    12.8    15.3    16.7
03067 20191023  2.622 -100.96   38.87    18.3     0.1     9.2     9.5     0.0    14.46 C    28.9    -3.3     9.9    59.4    15.5    38.1   0.200   0.229   0.253   0.345   0.354    11.5    12.2    12.7    14.9    16.5
03067 20191024  2.622 -100.96   38.87     9.3    -4.7     2.3     2.2     0.0    12.53 C    21.5    -9.6     3.7    70.4    26.2    52.2   0.198   0.228   0.252   0.344   0.351    10.8    11.8    12.6    14.7    16.2
03067 20191025  2.622 -100.96   38.87    16.6    -9.1     3.7     3.6     0.0    15.60 C    30.6   -11.5     5.0    82.9    13.4    44.7   0.194   0.225   0.250   0.343   0.351     9.6    10.5    11.5    14.4    16.1
03067 20191026  2.622 -100.96   38.87    23.9    -5.9     9.0     9.5     0.0    15.27 C    32.0    -7.7     8.9    75.8    12.5    38.2   0.194   0.225   0.250   0.342   0.351    10.3    10.8    11.4    14.0    15.8
03067 20191027  2.622 -100.96   38.87     5.8    -0.4     2.7     2.7     0.0     7.43 C    14.0     0.2     4.7    73.3    38.7    52.6   0.193   0.225   0.251   0.340   0.350    10.1    11.0    11.6    13.8    15.6
03067 20191028  2.622 -100.96   38.87    -0.4    -9.4    -4.9    -3.5     2.2     2.80 C     3.8   -13.0    -2.6    91.1    43.7    65.3   0.190   0.222   0.248   0.341   0.349     8.3     9.5    10.7    13.6    15.4
03067 20191029  2.622 -100.96   38.87    -0.5   -10.8    -5.7    -4.2     0.2     2.10 C     2.5   -13.4    -3.6    89.2    64.6    82.6   0.186   0.218   0.246   0.340   0.349     6.5     7.8     9.3    13.1    15.2
03067 20191030  2.622 -100.96   38.87    -4.9   -14.8    -9.9    -7.8     1.5    10.06 C    -4.5   -18.8    -8.7    86.9    62.3    76.6   0.184   0.218   0.245   0.338   0.348     6.1     7.2     8.6    12.5    14.9
03067 20191031  2.622 -100.96   38.87     8.5   -15.7    -3.6    -4.4     0.0    14.69 C    12.8   -22.0    -6.9    77.3    21.9    57.8   0.184   0.216   0.244   0.337   0.346     5.3     6.4     7.9    11.9    14.5
03067 20191101  2.622 -100.96   38.87     9.3    -5.6     1.8     1.9     0.0    12.94 C    18.3    -9.0     1.2    77.8    38.2    57.3   0.188   0.216   0.244   0.336   0.346     5.6     6.5     7.6    11.5    14.2
03067 20191102  2.622 -100.96   38.87    13.8    -8.0     2.9     2.1     0.0    14.04 C    19.6   -11.1     0.9    86.0    21.2    56.8   0.189   0.215   0.244   0.335   0.345     5.3     6.3     7.4    11.1    13.8
03067 20191103  2.622 -100.96   38.87    19.9    -6.9     6.5     6.0     0.0    13.68 C    29.0    -9.4     6.3    83.2    11.4    48.5   0.191   0.216   0.244   0.335   0.344     6.3     6.8     7.5    10.8    13.5
03067 20191104  2.622 -100.96   38.87    11.2    -1.0     5.1     6.0     0.0     7.30 C    26.2    -5.0     6.4    92.3    44.0    63.7   0.195   0.219   0.247   0.335   0.344     7.9     8.2     8.5    10.7    13.2
03067 20191105  2.622 -100.96   38.87    15.4    -3.1     6.1     5.0     0.0    12.86 C    23.2    -6.0     5.9    99.5    28.3    69.0   0.195   0.219   0.247   0.335   0.342     7.7     8.3     8.7    10.8    13.0
03067 20191106  2.622 -100.96   38.87    17.8    -1.8     8.0     3.2     0.0    10.23 C    28.2    -5.0     3.8    90.9    40.6    71.3   0.195   0.218   0.247   0.335   0.344     7.4     8.1     8.7    10.9    12.9
03067 20191107  2.622 -100.96   38.87     6.3    -5.5     0.4    -1.4     0.0    11.41 C    19.1    -7.7     1.7    82.9    38.9    66.0   0.193   0.217   0.247   0.334   0.342     6.7     7.5     8.3    10.8    12.8
03067 20191108  2.622 -100.96   38.87    20.6    -6.6     7.0     5.3     0.0    13.26 C    27.5    -9.4     4.0    80.0    10.1    48.0   0.193   0.216   0.246   0.333   0.340     6.3     7.0     7.8    10.5    12.6
03067 20191109  2.622 -100.96   38.87    26.1     1.2    13.7    11.6     0.0    13.17 C    32.3    -3.1     8.6    60.1     7.1    33.4   0.194   0.217   0.247   0.333   0.340     7.5     7.9     8.2    10.4    12.5
03067 20191110  2.622 -100.96   38.87    16.9    -1.9     7.5     7.8     0.0    12.07 C    27.4    -6.4     7.1    85.9    23.5    45.4   0.195   0.218   0.248   0.333   0.341     7.7     8.2     8.5    10.4    12.3
03067 20191111  2.622 -100.96   38.87    -1.8   -15.4    -8.6    -8.7     0.0    11.75 C     4.6   -19.2    -7.1    89.3    41.1    66.2   0.191   0.215   0.246   0.333   0.340     5.4     6.8     8.0    10.4    12.2
03067 20191112  2.622 -100.96   38.87    11.1   -20.4    -4.7    -3.7     0.0    13.15 C    16.5   -20.7    -4.1    81.7    14.9    49.6   0.186   0.209   0.242   0.331   0.339     2.9     4.2     5.8    10.0    12.1
03067 20191113  2.622 -100.96   38.87    15.4    -7.4     4.0     3.9     0.0    12.06 C    23.9    -9.5     3.2    84.1    16.6    50.7   0.188   0.211   0.242   0.331   0.339     4.6     5.2     5.9     9.4    11.9
03067 20191114  2.622 -100.96   38.87    12.8    -0.8     6.0     4.5     0.0    12.24 C    24.9    -5.7     5.1    84.0    34.1    61.3   0.190   0.214   0.245   0.330   0.338     5.9     6.3     6.7     9.2    11.6
03067 20191115  2.622 -100.96   38.87    17.7    -2.4     7.6     6.1 -9999.0    11.35 C    26.0    -7.7     4.7    81.9    24.0    54.0   0.190   0.215   0.245   0.330   0.339     6.0     6.4     6.9     9.2    11.4
03067 20191116  2.622 -100.96   38.87    19.0    -0.9     9.0     7.9 -9999.0    10.00 C    28.2    -5.3     7.1    72.2    20.8    46.3   0.191   0.215   0.246   0.329   0.337     6.6     7.0     7.3     9.2    11.3
03067 20191117  2.622 -100.96   38.87    14.2    -0.8     6.7     7.1 -9999.0    11.26 C    22.8    -4.5     6.5    83.5    20.8    50.1   0.191   0.217   0.247   0.330   0.336     7.2     7.6     7.8     9.3    11.2
03067 20191118  2.622 -100.96   38.87    20.9     0.5    10.7    10.1 -9999.0    11.56 C    26.7    -3.1     8.5    69.2    20.2    42.8   0.192   0.217   0.248   0.331   0.336     7.6     7.9     8.0     9.4    11.1
03067 20191119  2.622 -100.96   38.87    21.3    -2.0     9.6     8.3 -9999.0    10.94 C    25.7    -5.1     6.4    77.8    20.4    51.3   0.191   0.217   0.248   0.331   0.337     7.2     7.6     8.0     9.5    11.0
03067 20191120  2.622 -100.96   38.87    13.6    -0.3     6.6     5.7 -9999.0     4.33 C    19.1    -3.1     5.1    86.3    36.9    67.7   0.190   0.217   0.248   0.331   0.336     7.3     7.8     8.1     9.6    11.0
03067 20191121  2.622 -100.96   38.87     3.8     0.3     2.0     1.9 -9999.0     4.79 C    17.4    -0.3     3.5    77.0    54.7    65.3   0.189   0.217   0.248   0.331   0.335     6.9     7.5     8.0     9.6    11.0
03067 20191122  2.622 -100.96   38.87     0.3    -5.6    -2.7    -2.2 -9999.0     4.38 C     0.6   -10.1    -2.1    93.1    63.5    82.0   0.187   0.214   0.247   0.330   0.335     5.7     6.6     7.4     9.5    10.9
03067 20191123  2.622 -100.96   38.87    14.0    -8.5     2.8     1.9 -9999.0    11.57 C    14.9   -12.2    -1.7    93.0    28.3    64.7   0.185   0.212   0.245   0.330   0.336     5.2     5.9     6.7     9.2    10.9
03067 20191124  2.622 -100.96   38.87    19.1    -2.2     8.4     5.8 -9999.0    10.95 C    23.3    -5.5     2.9    73.6    13.7    48.2   0.185   0.212   0.245   0.329   0.337     5.0     5.6     6.4     9.0    10.8
03067 20191125  2.622 -100.96   38.87    11.2    -1.5     4.9     4.4 -9999.0    10.35 C    18.7    -5.2     3.0    77.1    27.8    49.9   0.185   0.212   0.245   0.328   0.335     5.1     5.7     6.3     8.8    10.6
03067 20191126  2.622 -100.96   38.87     0.8    -6.2    -2.7    -1.5 -9999.0     1.43 C     0.6    -8.7    -1.9    90.8    60.2    79.4   0.185   0.211   0.244   0.328   0.334     4.1     5.0     6.0     8.6    10.4
03067 20191127  2.622 -100.96   38.87     1.1   -12.8    -5.8    -5.3     0.0    10.35 C     7.1   -15.1    -5.4    82.8    54.0    77.5   0.184   0.208   0.243   0.328   0.334     3.3     4.2     5.2     8.3    10.3
03067 20191128  2.622 -100.96   38.87     0.8    -2.2    -0.7    -0.8    11.4     2.26 C     0.1    -2.1    -0.8    94.5    65.7    88.6   0.190   0.208   0.242   0.327   0.335     3.1     3.9     4.8     7.9    10.1
03067 20191129  2.622 -100.96   38.87     6.1     0.7     3.4     3.0     1.7     1.12 C     7.4     0.1     2.7    95.0    81.1    91.1   0.246   0.209   0.242   0.326   0.333     3.7     4.2     4.8     7.7     9.9
03067 20191130  2.622 -100.96   38.87     5.5    -1.7     1.9     1.9     0.0     6.77 C     6.5    -3.6     0.3    80.6    36.0    52.8   0.263   0.210   0.242   0.325   0.333     3.7     4.4     5.1     7.5     9.8
03067 20191201  2.622 -100.96   38.87     5.3    -7.7    -1.2    -0.7 -9999.0    10.20 C     9.9   -10.3    -1.8    79.5    40.3    56.9   0.255   0.209   0.242   0.326   0.332     2.4     3.3     4.4     7.4     9.6
03067 20191202  2.622 -100.96   38.87    11.5    -9.7     0.9    -0.7 -9999.0     9.66 C    15.8   -12.3    -2.6    84.8    27.2    62.4   0.250   0.209   0.240   0.325   0.330     1.7     2.6     3.8     7.1     9.4
03067 20191203  2.622 -100.96   38.87    14.1    -3.9     5.1     2.7 -9999.0    10.38 C    17.3    -6.8     0.6    81.0    27.1    60.5   0.249   0.211   0.240   0.324   0.332     2.3     2.9     3.6     6.8     9.2
03067 20191204  2.622 -100.96   38.87    13.0    -3.8     4.6     3.1 -9999.0     5.93 C    16.8    -7.2     0.6    83.6    28.6    61.2   0.248   0.214   0.241   0.322   0.330     2.7     3.3     3.9     6.6     9.0
03067 20191205  2.622 -100.96   38.87    12.0    -4.4     3.8     3.1 -9999.0     4.81 C    19.1    -7.3     2.4    84.5    38.0    66.2   0.246   0.216   0.242   0.323   0.330     3.0     3.5     4.0     6.5     8.8
03067 20191206  2.622 -100.96   38.87     7.0    -3.1     2.0     1.2 -9999.0     8.03 C    15.5    -7.9     1.4    92.0    52.5    77.4   0.246   0.219   0.243   0.323   0.329     3.8     4.3     4.5     6.5     8.7
03067 20191207  2.622 -100.96   38.87    13.1    -5.6     3.8     2.5 -9999.0     9.49 C    18.8    -8.5    -0.4    91.9    41.7    74.4   0.244   0.219   0.242   0.323   0.330     2.9     3.5     4.2     6.5     8.6
03067 20191208  2.622 -100.96   38.87    15.9    -3.2     6.4     5.0 -9999.0     7.60 C    25.0    -5.6     3.5    90.5    26.4    62.5   0.244   0.220   0.243   0.324   0.329     3.6     3.9     4.3     6.4     8.5
03067 20191209  2.622 -100.96   38.87     6.0    -8.8    -1.4    -1.4 -9999.0    10.23 C     9.3   -12.4    -2.5    79.6    26.6    55.8   0.242   0.221   0.244   0.324   0.330     2.9     3.7     4.3     6.4     8.4
03067 20191210  2.622 -100.96   38.87     3.2    -8.3    -2.6    -3.6 -9999.0     9.38 C    12.8   -12.3    -4.6    79.7    45.5    66.6   0.239   0.219   0.242   0.323   0.330     1.5     2.3     3.4     6.3     8.3
03067 20191211  2.622 -100.96   38.87    13.6   -10.3     1.6     0.9 -9999.0     9.83 C    18.1   -12.3    -0.2    83.0    25.0    62.6   0.239   0.219   0.241   0.322   0.328     1.3     2.0     2.9     6.0     8.2
03067 20191212  2.622 -100.96   38.87     9.1    -4.9     2.1     1.3 -9999.0     5.58 C    15.3    -9.5    -1.4    85.8    36.6    63.5   0.237   0.220   0.241   0.320   0.326     2.0     2.5     3.1     5.7     8.0
03067 20191213  2.622 -100.96   38.87    15.2    -4.6     5.3     2.8 -9999.0     8.25 C    21.9    -7.9     1.5    90.3    16.9    61.2   0.237   0.221   0.242   0.320   0.328     2.1     2.6     3.1     5.6     7.8
03067 20191214  2.622 -100.96   38.87     1.2    -5.0    -1.9    -2.1     0.0     3.00 C     7.9    -9.2    -1.4    93.8    75.3    86.3   0.236   0.222   0.242   0.321   0.327     2.1     2.7     3.3     5.6     7.7
03067 20191215  2.622 -100.96   38.87     1.3    -5.4    -2.0    -3.4 -9999.0     4.65 C     9.5    -6.7    -2.3    89.8    71.3    82.7   0.236   0.222   0.242   0.322   0.327     2.1     2.6     3.2     5.5     7.6
03067 20191216  2.622 -100.96   38.87     4.8    -8.9    -2.1    -2.7 -9999.0     8.49 C    11.5   -10.6    -2.9    91.0    33.8    70.8   0.234   0.222   0.242   0.321   0.327     1.8     2.4     3.0     5.5     7.5
03067 20191217  2.622 -100.96   38.87     7.5   -11.4    -1.9    -4.1 -9999.0    10.11 C    10.6   -12.5    -5.5    80.2    11.9    51.8   0.246   0.220   0.241   0.319   0.326     0.6     1.5     2.5     5.3     7.4
03067 20191218  2.622 -100.96   38.87    15.0    -9.7     2.6     0.4 -9999.0    10.26 C    17.1   -13.8    -3.6    75.0    13.2    45.7 -99.000   0.220   0.240   0.320   0.326     0.2     1.0     2.0     5.0     7.3
03067 20191219  2.622 -100.96   38.87    15.3   -11.0     2.1     0.5 -9999.0     8.63 C    17.2   -13.9    -2.6    76.4     3.7    40.3 -99.000   0.219   0.240   0.319   0.325     0.1     0.8     1.7     4.8     7.1
03067 20191220  2.622 -100.96   38.87    11.5    -7.8     1.8     1.0 -9999.0     9.55 C    16.1   -12.3    -1.8    74.7    19.1    46.1 -99.000   0.219   0.239   0.318   0.326     0.3     0.9     1.6     4.5     6.9
03067 20191221  2.622 -100.96   38.87    17.1    -7.7     4.7     2.6 -9999.0     9.92 C    23.1   -11.3    -1.3    73.7    13.1    43.6 -99.000   0.220   0.239   0.319   0.324     0.4     0.9     1.6     4.4     6.8
03067 20191222  2.622 -100.96   38.87    21.1    -8.4     6.4     4.1     0.0     9.80 C    24.7   -12.2    -0.7    75.5     7.0    40.2 -99.000   0.220   0.239   0.318   0.323     0.5     1.0     1.6     4.3     6.6
03067 20191223  2.622 -100.96   38.87    14.4    -4.5     5.0     3.4     0.0     6.63 C    23.8    -8.9     0.8    66.0    20.1    43.9 -99.000   0.221   0.241   0.317   0.324     0.9     1.3     1.7     4.2     6.5
03067 20191224  2.622 -100.96   38.87    13.7    -7.0     3.4     3.2     0.0     7.37 C    18.3   -10.0     1.5    78.8    22.7    48.9   0.233   0.222   0.241   0.317   0.322     1.6     1.9     2.1     4.2     6.4
03067 20191225  2.622 -100.96   38.87    15.0    -5.9     4.6     3.2     0.0     9.68 C    21.0    -8.5     1.7    83.4    19.2    55.3   0.230   0.224   0.243   0.318   0.323     2.1     2.4     2.5     4.3     6.3
03067 20191226  2.622 -100.96   38.87     6.8    -8.7    -1.0    -1.9     0.0     9.61 C    15.2   -10.9    -2.3    93.1    54.9    80.1   0.229   0.223   0.243   0.317   0.323     1.5     2.1     2.5     4.4     6.2
03067 20191227  2.622 -100.96   38.87     2.2    -7.6    -2.7    -2.3    12.6     2.27 C     7.4   -10.8    -1.8    94.6    67.5    86.8   0.249   0.222   0.241   0.317   0.324     0.9     1.5     2.2     4.4     6.2
03067 20191228  2.622 -100.96   38.87     2.2    -2.0     0.1     0.6     1.7     1.50 C     4.6    -2.6     1.1    95.9    79.4    91.2   0.301   0.247   0.242   0.317   0.323     1.9     2.1     2.4     4.3     6.1
03067 20191229  2.622 -100.96   38.87     0.5    -3.6    -1.6    -1.8     0.0     4.06 C    -0.7    -5.7    -3.2    82.1    56.7    69.9   0.309   0.272   0.242   0.317   0.322     1.4     1.9     2.4     4.3     6.1
03067 20191230  2.622 -100.96   38.87     2.8    -8.3    -2.7    -2.4     0.0    10.21 C     3.6    -9.5    -4.1    79.8    36.3    55.9   0.317   0.273   0.241   0.317   0.322     0.6     1.2     1.9     4.2     6.0
03067 20191231  2.622 -100.96   38.87     9.0    -9.9    -0.5    -2.1 -9999.0    10.31 C    12.0   -11.2    -4.1    78.6    16.2    53.6 -99.000   0.272   0.242   0.317   0.322     0.2     0.8     1.6     4.1     5.9
