04125 20190101  2.622 -119.65   44.56    -0.9    -9.1    -5.0    -5.0     0.0     4.44 C     0.3   -10.6    -5.6    82.2    56.5    67.4   0.208   0.135   0.121   0.100   0.110     0.4     1.4     2.5     2.9     3.1
04125 20190102  2.622 -119.65   44.56     5.1    -6.0    -0.4    -0.7     0.0     6.49 C     8.1    -7.5    -2.8    72.2    44.3    60.4 -99.000   0.129   0.126   0.107   0.113     0.1     1.0     2.0     2.3     2.5
04125 20190103  2.622 -119.65   44.56     8.2     0.7     4.4     4.8     0.0     2.87 C     5.3    -2.9     1.2    61.4    36.5    46.1 -99.000   0.127   0.131   0.111   0.115     0.6     1.2     1.8     2.2     2.4
04125 20190104  2.622 -119.65   44.56     7.8     1.2     4.5     5.3     0.0     2.11 C     6.5    -2.3     1.8    65.1    35.3    45.7   0.176   0.130   0.134   0.117   0.116     1.9     2.1     2.0     2.5     2.7
04125 20190105  2.622 -119.65   44.56    10.4    -2.7     3.9     3.8     0.0     2.51 C     6.1    -3.4     1.2    85.0    30.0    56.7   0.173   0.129   0.138   0.122   0.117     1.7     2.1     2.2     2.7     2.9
04125 20190106  2.622 -119.65   44.56     9.9     0.5     5.2     4.7     2.3     3.39 C     9.8    -2.6     2.3    87.3    37.8    60.6   0.173   0.129   0.143   0.126   0.119     2.9     3.0     2.8     3.1     3.4
04125 20190107  2.622 -119.65   44.56     4.3    -3.4     0.5     0.4     0.0     5.65 C     8.0    -5.0    -1.1    80.5    48.1    63.8   0.174   0.129   0.146   0.129   0.120     1.7     2.4     2.7     3.1     3.4
04125 20190108  2.622 -119.65   44.56    10.1    -0.6     4.7     5.3     0.0     1.49 C     6.2    -1.2     2.7    71.5    45.6    55.0   0.172   0.128   0.149   0.131   0.121     2.1     2.4     2.4     2.8     3.1
04125 20190109  2.622 -119.65   44.56    13.6     8.1    10.9    11.3     0.0     0.91 C    10.1     4.1     6.6    65.6    38.0    44.8   0.173   0.129   0.154   0.135   0.123     4.6     4.0     3.5     3.7     3.9
04125 20190110  2.622 -119.65   44.56    13.2    -0.1     6.6     7.3     0.0     7.14 C    16.3    -2.8     3.7    85.4    35.2    57.4   0.171   0.128   0.159   0.138   0.125     5.0     4.9     4.3     4.5     4.8
04125 20190111  2.622 -119.65   44.56    12.3    -2.0     5.1     4.8     0.0     4.32 C    13.0    -4.0     1.9    86.8    35.7    60.9   0.168   0.126   0.160   0.140   0.126     3.5     4.1     3.9     4.3     4.6
04125 20190112  2.622 -119.65   44.56    12.4    -2.3     5.0     5.6     0.0     7.86 C    14.2    -6.6     1.6    70.3    26.0    46.0   0.166   0.124   0.162   0.141   0.126     3.7     4.1     3.8     4.2     4.5
04125 20190113  2.622 -119.65   44.56     3.4    -7.2    -1.9    -2.5     0.0     7.68 C     9.9    -9.1    -3.5    86.7    48.7    72.2   0.162   0.121   0.162   0.141   0.126     1.5     2.7     3.1     3.6     3.9
04125 20190114  2.622 -119.65   44.56     0.5    -6.6    -3.1    -2.9     0.0     5.97 C    11.2    -7.9    -2.0    88.0    64.8    77.6   0.153   0.119   0.161   0.142   0.126     0.8     1.8     2.1     2.7     3.1
04125 20190115  2.622 -119.65   44.56     3.2    -6.1    -1.5    -1.7     0.0     5.46 C    16.0    -6.7    -1.0    88.2    58.8    77.3 -99.000   0.117   0.160   0.142   0.125     0.5     1.4     1.7     2.3     2.6
04125 20190116  2.622 -119.65   44.56     9.4    -2.6     3.4     3.4     2.5     3.52 C    11.5    -4.5     2.7    83.0    48.8    71.2   0.144   0.117   0.160   0.142   0.125     1.5     1.7     1.7     2.2     2.6
04125 20190117  2.622 -119.65   44.56    12.2     0.8     6.5     8.2     1.2     4.93 C    16.7    -1.5     5.6    90.7    41.4    60.7   0.168   0.120   0.162   0.144   0.127     4.3     3.8     2.9     3.3     3.6
04125 20190118  2.622 -119.65   44.56     8.9    -2.6     3.2     3.5     6.2     3.83 C    10.3    -4.2     1.8    88.1    41.5    71.7   0.171   0.123   0.163   0.145   0.128     3.0     3.5     3.4     3.7     4.0
04125 20190119  2.622 -119.65   44.56    11.0     4.8     7.9     8.0     4.1     0.84 C     9.5     4.0     5.9    92.8    56.6    74.6   0.217   0.151   0.168   0.156   0.155     4.8     4.4     4.0     4.2     4.4
04125 20190120  2.622 -119.65   44.56     7.8     1.5     4.6     4.4     4.8     2.11 C     9.9    -0.4     4.1    93.0    55.6    79.9   0.224   0.161   0.185   0.167   0.166     4.8     4.8     4.6     4.8     5.0
04125 20190121  2.622 -119.65   44.56     4.5    -2.5     1.0     1.4     0.0     2.47 C     7.6    -3.4     0.9    86.1    45.5    69.5   0.206   0.154   0.194   0.177   0.171     3.6     4.1     4.3     4.5     4.8
04125 20190122  2.622 -119.65   44.56     5.3    -2.6     1.3     1.5     3.3     2.30 C     5.1    -3.1     0.4    89.0    44.9    69.8   0.199   0.148   0.192   0.178   0.169     2.2     3.0     3.5     3.8     4.0
04125 20190123  2.622 -119.65   44.56    14.0     2.0     8.0     7.8     0.0     6.65 C    16.8    -1.3     5.6    84.6    40.1    63.5   0.204   0.151   0.193   0.180   0.172     4.2     3.9     3.6     3.8     4.0
04125 20190124  2.622 -119.65   44.56    10.4     2.3     6.3     5.7     0.0     8.34 C    15.7    -1.0     5.0    92.0    46.5    71.9   0.197   0.147   0.194   0.182   0.171     5.3     5.1     4.6     4.7     5.0
04125 20190125  2.622 -119.65   44.56     9.4    -0.1     4.7     3.4     0.0     8.25 C    16.1    -3.0     2.1    81.7    44.6    68.2   0.191   0.143   0.193   0.182   0.170     4.2     4.6     4.5     4.8     5.0
04125 20190126  2.622 -119.65   44.56    11.2    -1.0     5.1     4.0     0.0     8.53 C    14.4    -2.8     2.4    78.2    38.0    61.6   0.186   0.140   0.191   0.181   0.168     3.6     4.0     4.0     4.3     4.6
04125 20190127  2.622 -119.65   44.56    13.1    -1.7     5.7     5.0     0.0     8.15 C    16.9    -4.1     3.2    89.1    38.7    63.7   0.183   0.138   0.191   0.181   0.167     4.3     4.4     4.0     4.4     4.6
04125 20190128  2.622 -119.65   44.56     6.6    -4.9     0.9     0.0     0.0     7.63 C    13.2    -6.3    -0.7    91.0    41.7    72.2   0.179   0.135   0.190   0.181   0.165     2.9     3.7     3.8     4.1     4.5
04125 20190129  2.622 -119.65   44.56     2.6    -7.4    -2.4    -3.0     0.0     7.15 C    10.9    -8.3    -2.6    89.4    61.5    80.9   0.175   0.132   0.189   0.179   0.164     1.3     2.4     2.9     3.4     3.7
04125 20190130  2.622 -119.65   44.56     9.5    -6.6     1.5    -0.1     0.0     9.10 C    14.9    -7.8    -0.5    90.6    39.9    71.5 -99.000   0.131   0.188   0.179   0.162     1.3     2.0     2.3     2.8     3.1
04125 20190131  2.622 -119.65   44.56    14.0    -1.3     6.3     5.7     0.0     9.64 C    18.6    -4.3     3.4    77.5    35.3    56.7   0.173   0.130   0.187   0.178   0.162     2.6     2.6     2.3     2.8     3.2
04125 20190201  2.622 -119.65   44.56    13.0     3.9     8.4     9.1     0.0     1.78 C    12.4    -1.2     6.0    64.8    43.7    55.1   0.174   0.130   0.188   0.178   0.162     4.1     3.9     3.1     3.5     3.9
04125 20190202  2.622 -119.65   44.56    11.1     7.1     9.1     9.4     1.0     3.23 C    18.3     5.0     8.1    84.2    56.8    65.4   0.175   0.130   0.189   0.180   0.162     6.0     5.4     4.4     4.6     4.9
04125 20190203  2.622 -119.65   44.56    10.1     1.2     5.7     5.6     9.0     1.90 C     9.2     1.6     5.2    91.2    49.7    78.4   0.206   0.143   0.191   0.182   0.166     5.7     5.7     5.2     5.3     5.5
04125 20190204  2.622 -119.65   44.56     2.0    -5.8    -1.9    -0.7     8.9     2.28 C     2.1    -5.3    -0.6    93.0    68.5    84.0   0.223   0.157   0.202   0.189   0.176     3.3     4.3     4.6     4.8     5.1
04125 20190205  2.622 -119.65   44.56    -1.9    -7.8    -4.9    -4.3     0.3     6.10 C     4.0    -8.1    -2.3    87.5    67.2    77.6   0.216   0.159   0.212   0.197   0.184     1.7     2.7     3.4     3.7     4.0
04125 20190206  2.622 -119.65   44.56    -1.7   -10.1    -5.9    -4.6     0.0     8.98 C     8.1    -9.1    -3.4    82.5    38.3    62.0   0.208   0.154   0.212   0.198   0.184     1.7     2.4     2.9     3.2     3.5
04125 20190207  2.622 -119.65   44.56    -1.7   -11.9    -6.8    -7.1     0.0    10.56 C     7.4   -11.3    -5.1    74.0    49.6    63.3 -99.000   0.147   0.209   0.197   0.181     0.3     1.4     2.3     2.6     2.8
04125 20190208  2.622 -119.65   44.56     0.9    -6.3    -2.7    -2.3     0.4     5.99 C     6.9    -6.9    -1.5    89.8    54.1    69.5 -99.000   0.141   0.206   0.195   0.178     0.0     0.9     1.8     2.1     2.2
04125 20190209  2.622 -119.65   44.56     5.4    -7.0    -0.8    -0.2     1.9     3.33 C     8.1    -7.0    -1.1    89.1    45.8    69.0 -99.000   0.143   0.205   0.194   0.178     0.2     0.9     1.6     1.8     2.1
04125 20190210  2.622 -119.65   44.56     0.7    -9.3    -4.3    -4.5     0.0     9.48 C     1.9   -10.2    -4.3    79.2    46.0    60.8 -99.000   0.146   0.207   0.195   0.179     0.3     0.9     1.6     1.8     2.0
04125 20190211  2.622 -119.65   44.56     6.7    -0.1     3.3     4.2     0.0     4.40 C     7.5    -3.9     1.5    73.3    42.6    48.8   0.207   0.146   0.209   0.196   0.180     1.1     1.4     1.6     1.8     2.1
04125 20190212  2.622 -119.65   44.56     7.3     3.4     5.3     4.8     0.0     3.29 C     8.6    -0.2     2.7    70.9    35.2    47.2   0.199   0.146   0.210   0.197   0.180     2.1     2.2     2.0     2.2     2.5
04125 20190213  2.622 -119.65   44.56     7.0     3.4     5.2     5.0     0.0     2.95 C     9.2     1.2     4.2    82.5    60.8    68.9   0.196   0.145   0.211   0.198   0.181     3.3     3.0     2.7     2.9     3.1
04125 20190214  2.622 -119.65   44.56    12.9     0.3     6.6     6.3     0.4     4.56 C    17.3    -1.1     5.2    90.1    43.6    70.8   0.194   0.144   0.213   0.198   0.181     4.5     4.0     3.6     3.7     3.8
04125 20190215  2.622 -119.65   44.56     7.3     0.8     4.1     3.7     1.6     5.28 C    13.8    -1.0     2.4    88.8    36.3    62.7   0.197   0.144   0.214   0.199   0.181     3.7     3.9     3.9     3.9     4.1
04125 20190216  2.622 -119.65   44.56     5.0     0.2     2.6     2.5     0.9     5.50 C    11.3    -0.9     2.1    90.9    49.6    68.7   0.196   0.145   0.214   0.199   0.181     3.4     3.6     3.7     3.8     4.0
04125 20190217  2.622 -119.65   44.56     2.8    -1.8     0.5     0.6     0.2     5.60 C    12.8    -2.7     1.5    86.0    51.8    67.8   0.194   0.144   0.214   0.199   0.182     3.1     3.4     3.6     3.7     3.9
04125 20190218  2.622 -119.65   44.56     3.3    -2.0     0.7     0.4     0.0    10.51 C    17.5    -4.6     1.8    86.8    39.3    59.2   0.192   0.143   0.214   0.199   0.181     3.3     3.4     3.5     3.6     3.9
04125 20190219  2.622 -119.65   44.56     5.1    -0.7     2.2     1.7     0.0     4.36 C     9.8    -1.6     2.0    75.7    44.8    61.7   0.190   0.142   0.213   0.198   0.181     3.1     3.4     3.4     3.6     3.9
04125 20190220  2.622 -119.65   44.56     3.4    -1.8     0.8     0.4     2.1     6.19 C    13.0    -3.5     1.2    89.6    60.1    77.1   0.190   0.141   0.213   0.199   0.180     3.2     3.4     3.5     3.7     3.9
04125 20190221  2.622 -119.65   44.56     1.5    -7.0    -2.7    -1.6     0.0     5.92 C    12.3    -7.7    -0.6    76.2    49.3    63.1   0.190   0.141   0.213   0.198   0.180     2.3     2.9     3.2     3.4     3.7
04125 20190222  2.622 -119.65   44.56     5.1    -8.6    -1.7    -0.8     0.0    11.76 C    16.6    -8.8     0.4    81.4    30.3    51.2   0.189   0.139   0.212   0.198   0.179     1.4     2.1     2.6     2.8     3.1
04125 20190223  2.622 -119.65   44.56     4.9    -0.7     2.1     1.2     7.5     5.17 C    10.6    -2.9     1.8    93.7    41.6    83.2   0.191   0.140   0.212   0.197   0.179     2.7     2.8     2.7     2.9     3.2
04125 20190224  2.622 -119.65   44.56     6.0    -1.5     2.2     1.0    10.9     3.43 C     8.1    -1.7     0.4    93.8    64.6    87.1   0.225   0.157   0.221   0.202   0.185     2.4     2.8     2.9     3.1     3.4
04125 20190225  2.622 -119.65   44.56    -1.5   -10.3    -5.9    -3.0    12.0     2.95 C    -1.5   -18.2    -3.8    90.9    71.7    84.0   0.231   0.168   0.239   0.215   0.199     1.7     2.3     2.7     2.8     3.1
04125 20190226  2.622 -119.65   44.56    -6.0   -13.2    -9.6    -8.7     4.2     4.96 C    -6.1   -20.9   -10.4    86.1    74.7    81.1   0.220   0.162   0.238   0.217   0.199     1.4     2.0     2.4     2.6     2.8
04125 20190227  2.622 -119.65   44.56    -3.4    -7.5    -5.5    -5.7     8.3    10.73 C    -1.9    -8.9    -5.8    87.0    63.8    77.2   0.216   0.159   0.236   0.216   0.198     1.3     1.8     2.2     2.4     2.7
04125 20190228  2.622 -119.65   44.56    -2.5   -10.0    -6.3    -6.0     0.2    12.08 C    -2.9   -16.9    -7.7    88.8    76.7    84.0   0.215   0.158   0.235   0.216   0.198     1.3     1.7     2.2     2.3     2.5
04125 20190301  2.622 -119.65   44.56     0.8    -7.2    -3.2    -3.2     0.0    10.31 C    -0.2   -15.1    -7.4    89.5    64.4    78.0   0.214   0.157   0.235   0.216   0.197     1.1     1.6     2.0     2.2     2.4
04125 20190302  2.622 -119.65   44.56     0.1    -8.1    -4.0    -4.2     0.0    14.44 C    -0.6   -12.0    -6.1    84.8    66.5    76.2   0.226   0.156   0.235   0.215   0.197     0.9     1.4     1.9     2.1     2.3
04125 20190303  2.622 -119.65   44.56    -1.3    -7.8    -4.6    -5.1     0.0    13.65 C    -1.2   -11.3    -6.2    79.7    58.6    69.4   0.226   0.154   0.234   0.215   0.196     0.8     1.2     1.8     1.9     2.1
04125 20190304  2.622 -119.65   44.56    -2.4    -9.8    -6.1    -6.5     0.0    12.22 C    -1.8   -13.6    -7.5    83.3    60.0    70.6   0.224   0.152   0.233   0.214   0.195     0.7     1.1     1.7     1.9     2.0
04125 20190305  2.622 -119.65   44.56    -1.7    -8.4    -5.0    -5.0     3.7     9.76 C    -0.4    -8.5    -4.9    87.0    65.2    74.9   0.221   0.150   0.231   0.213   0.193     0.5     0.9     1.6     1.8     1.9
04125 20190306  2.622 -119.65   44.56    -0.3    -5.5    -2.9    -2.8     5.2    10.31 C     0.1    -6.6    -2.2    89.7    73.8    79.7   0.220   0.149   0.231   0.212   0.192     0.6     1.0     1.6     1.7     1.8
04125 20190307  2.622 -119.65   44.56     5.5    -7.4    -1.0    -0.4     0.6    14.34 C     0.4   -14.8    -4.3    90.4    36.2    70.2   0.218   0.152   0.231   0.213   0.193     1.0     1.2     1.6     1.7     1.8
04125 20190308  2.622 -119.65   44.56     4.1    -6.0    -1.0    -0.8     0.0    15.91 C     0.1    -9.9    -3.3    85.1    31.5    63.2   0.218   0.155   0.232   0.214   0.195     1.0     1.3     1.5     1.7     1.9
04125 20190309  2.622 -119.65   44.56     2.3    -4.7    -1.2    -0.8     0.4    12.72 C     0.0    -8.4    -2.9    82.8    55.3    68.4   0.217   0.159   0.232   0.216   0.198     1.1     1.4     1.5     1.7     1.9
04125 20190310  2.622 -119.65   44.56     4.5    -5.0    -0.3    -0.4     0.0    18.09 C     0.5    -7.3    -2.4    80.5    49.2    68.6   0.223   0.166   0.233   0.218   0.202     1.4     1.6     1.5     1.7     2.0
04125 20190311  2.622 -119.65   44.56    10.4    -6.4     2.0     1.8     0.0    18.28 C     6.8    -8.6    -1.8    84.7    30.8    55.7   0.237   0.176   0.234   0.224   0.210     1.3     1.5     1.5     1.7     1.9
04125 20190312  2.622 -119.65   44.56     7.7     0.8     4.3     4.7     2.7    13.29 C    19.9    -1.3     4.2    87.3    38.0    55.2   0.252   0.182   0.279   0.244   0.223     2.6     2.7     1.7     2.0     2.5
04125 20190313  2.622 -119.65   44.56     7.5    -2.9     2.3     2.5     0.0    10.37 C    20.2    -4.8     2.2    78.2    34.0    56.1   0.229   0.168   0.298   0.248   0.216     2.8     3.0     2.2     2.5     3.1
04125 20190314  2.622 -119.65   44.56    11.3    -4.9     3.2     2.4     0.0    17.86 C    24.8    -5.7     4.3    70.8    23.8    52.8   0.215   0.160   0.279   0.238   0.209     3.3     3.2     2.5     2.7     3.2
04125 20190315  2.622 -119.65   44.56    15.1    -1.4     6.8     5.4     0.0    18.58 C    28.4    -3.8     6.7    66.1    19.6    48.3   0.209   0.155   0.269   0.233   0.204     5.0     4.4     3.3     3.5     3.9
04125 20190316  2.622 -119.65   44.56    16.9    -0.3     8.3     6.9     0.0    17.73 C    30.7    -4.1     7.7    72.7    21.0    48.1   0.204   0.152   0.263   0.229   0.201     6.4     5.7     4.4     4.4     4.9
04125 20190317  2.622 -119.65   44.56    16.3    -0.3     8.0     6.9     0.0    18.58 C    29.3    -3.5     8.3    79.1    23.6    53.0   0.199   0.149   0.258   0.227   0.199     7.3     6.6     5.3     5.3     5.8
04125 20190318  2.622 -119.65   44.56    16.3    -2.3     7.0     5.9     0.0    19.08 C    29.3    -5.6     7.2    86.6    26.0    60.1   0.194   0.145   0.253   0.224   0.197     7.3     6.8     5.7     5.7     6.2
04125 20190319  2.622 -119.65   44.56    20.8    -1.1     9.8     9.2     0.0    19.40 C    30.8    -4.7     9.2    84.3    10.4    45.1   0.190   0.142   0.249   0.222   0.195     7.8     7.2     6.1     6.1     6.6
04125 20190320  2.622 -119.65   44.56    19.8    -2.5     8.6     8.9     0.0    15.20 C    33.3    -6.0     8.1    82.7    15.8    46.6   0.186   0.139   0.246   0.220   0.193     8.0     7.6     6.5     6.6     7.0
04125 20190321  2.622 -119.65   44.56    18.0     3.7    10.9     9.6     0.0    15.32 C    32.1     0.1    10.7    76.8    25.7    52.1   0.183   0.137   0.243   0.218   0.191     9.0     8.2     7.1     7.1     7.4
04125 20190322  2.622 -119.65   44.56    17.4     2.2     9.8     9.5     0.0    16.40 C    32.7    -1.8    11.0    82.5    23.4    56.7   0.178   0.133   0.241   0.216   0.190     9.4     8.8     7.6     7.6     8.0
04125 20190323  2.622 -119.65   44.56    12.6     3.8     8.2     7.6    10.2     9.58 C    27.8     1.2     9.4    85.9    42.1    69.1   0.179   0.131   0.238   0.215   0.188     9.3     9.0     8.1     8.1     8.4
04125 20190324  2.622 -119.65   44.56    13.7     2.9     8.3     7.5     5.2    15.86 C    26.5     1.5     9.6    86.9    37.8    64.7   0.233   0.158   0.251   0.222   0.196     9.1     8.6     8.0     8.0     8.2
04125 20190325  2.622 -119.65   44.56    18.9     3.4    11.1    10.4     0.0    10.19 C    25.7     0.0     8.9    70.8    17.9    46.0   0.211   0.154   0.254   0.225   0.198     8.6     8.5     8.1     8.0     8.3
04125 20190326  2.622 -119.65   44.56    14.8     1.8     8.3     8.8     0.0    18.28 C    29.6    -0.2    11.2    85.3    21.3    49.8   0.202   0.148   0.251   0.223   0.195    10.3     9.3     8.4     8.3     8.6
04125 20190327  2.622 -119.65   44.56    11.8     2.6     7.2     7.1     6.2     8.01 C    23.4     0.6     7.8    86.7    55.6    72.9   0.208   0.149   0.250   0.223   0.195     9.4     9.2     8.8     8.7     9.0
04125 20190328  2.622 -119.65   44.56    13.0     0.3     6.6     6.2     0.0    15.42 C    26.1    -1.1     7.8    89.2    33.6    67.5   0.209   0.151   0.251   0.224   0.196     8.6     8.4     8.2     8.2     8.4
04125 20190329  2.622 -119.65   44.56    12.3     1.3     6.8     6.2     0.0    12.80 C    29.3    -1.4     7.6    87.4    38.6    67.8   0.202   0.147   0.250   0.223   0.195     8.7     8.5     8.3     8.2     8.4
04125 20190330  2.622 -119.65   44.56    14.7    -0.4     7.2     6.9     0.0    20.73 C    29.9    -2.9     9.2    89.5    33.4    61.9   0.196   0.144   0.248   0.221   0.193     9.3     8.7     8.3     8.3     8.5
04125 20190331  2.622 -119.65   44.56    18.2     1.4     9.8     9.8     0.0    18.47 C    30.4    -0.5    11.2    77.6    18.7    49.8   0.189   0.140   0.245   0.220   0.192    10.5     9.6     8.9     8.8     9.0
04125 20190401  2.622 -119.65   44.56    15.1     5.5    10.3    10.5     0.0     9.00 C    24.5     3.2    11.2    82.6    41.7    58.8   0.185   0.136   0.242   0.218   0.190    10.7    10.2     9.5     9.4     9.6
04125 20190402  2.622 -119.65   44.56    13.5     7.8    10.6    10.3     2.7     7.34 C    19.5     7.5    11.8    91.6    62.8    78.9   0.184   0.134   0.241   0.217   0.189    11.2    10.5     9.9     9.8     9.9
04125 20190403  2.622 -119.65   44.56    17.9     6.4    12.1    11.7     0.0    14.10 C    27.4     4.2    12.0    91.7    29.5    60.2   0.187   0.134   0.239   0.216   0.189    11.8    11.0    10.3    10.1    10.2
04125 20190404  2.622 -119.65   44.56    15.7     6.2    10.9    10.5     1.2    10.01 C    24.7     5.0    11.4    82.7    45.2    68.0   0.183   0.131   0.237   0.215   0.187    11.5    10.9    10.5    10.3    10.5
04125 20190405  2.622 -119.65   44.56    16.2     1.5     8.8    10.0     1.8     8.83 C    19.7    -0.6     8.9    87.7    33.2    59.2   0.181   0.129   0.235   0.213   0.186    10.8    10.8    10.5    10.4    10.5
04125 20190406  2.622 -119.65   44.56    16.2     1.2     8.7     9.9     1.6    12.35 C    24.8    -0.5     9.8    87.7    28.4    57.7   0.185   0.128   0.232   0.211   0.184     9.7     9.6     9.6     9.6     9.7
04125 20190407  2.622 -119.65   44.56    16.5     9.2    12.8    13.2     0.9     7.43 C    20.8     8.6    12.6    87.3    46.3    60.1   0.185   0.129   0.232   0.210   0.184    11.5    10.8    10.3    10.1    10.2
04125 20190408  2.622 -119.65   44.56    14.1     7.8    10.9    10.5    12.9     5.62 C    21.2     7.0    11.2    91.8    63.6    81.2   0.212   0.139   0.234   0.211   0.185    11.4    11.0    10.6    10.5    10.6
04125 20190409  2.622 -119.65   44.56    11.4     3.7     7.5     7.3     0.5     9.48 C    17.9     2.2     7.1    85.8    41.6    61.1   0.236   0.166   0.253   0.224   0.198     9.8    10.0    10.2    10.1    10.2
04125 20190410  2.622 -119.65   44.56    11.5     2.5     7.0     7.7     0.4    10.91 C    20.2     0.8     8.5    78.5    37.9    55.3   0.219   0.157   0.252   0.225   0.198     9.7     9.4     9.6     9.5     9.6
04125 20190411  2.622 -119.65   44.56    12.4     5.3     8.9     8.2     2.0    11.72 C    20.2     5.0    10.0    88.9    44.7    65.4   0.219   0.156   0.250   0.225   0.199    10.3     9.8     9.7     9.6     9.7
04125 20190412  2.622 -119.65   44.56    13.9     4.8     9.3     9.5     0.0    13.30 C    28.6     2.6    10.9    77.9    36.5    56.0   0.212   0.153   0.250   0.225   0.198    11.3    10.5    10.2    10.0    10.1
04125 20190413  2.622 -119.65   44.56    16.5     2.3     9.4     9.4     0.2    11.57 C    26.7     0.3     9.7    79.3    29.9    57.7   0.203   0.148   0.247   0.224   0.197    10.9    10.5    10.4    10.2    10.3
04125 20190414  2.622 -119.65   44.56    10.3     5.6     7.9     7.5     0.0    10.97 C    18.8     2.5     8.6    69.1    33.7    47.8   0.198   0.144   0.244   0.221   0.194    10.4    10.2    10.3    10.1    10.2
04125 20190415  2.622 -119.65   44.56    13.8     3.1     8.5     7.8     2.9    14.01 C    28.1     1.6     9.8    89.1    34.1    62.6   0.193   0.141   0.241   0.219   0.192    10.8    10.3    10.2    10.1    10.1
04125 20190416  2.622 -119.65   44.56    15.5     4.3     9.9     9.8     0.0    15.54 C    26.8     2.8    11.6    90.2    33.3    60.3   0.194   0.139   0.239   0.218   0.192    11.6    10.8    10.6    10.4    10.4
04125 20190417  2.622 -119.65   44.56    19.3     7.4    13.3    12.5     0.0    19.54 C    30.3     4.5    14.0    74.9    27.5    53.0   0.190   0.137   0.238   0.216   0.190    13.4    12.1    11.5    11.2    11.2
04125 20190418  2.622 -119.65   44.56    26.0     6.4    16.2    15.4     0.0    22.52 C    33.4     4.9    16.0    71.6    22.1    48.9   0.182   0.133   0.234   0.214   0.188    14.6    13.1    12.4    12.0    12.0
04125 20190419  2.622 -119.65   44.56    24.3    10.0    17.1    15.5     5.1    16.40 C    36.8     7.7    16.9    84.7    32.8    60.4   0.173   0.127   0.230   0.211   0.186    16.0    14.5    13.5    13.1    13.1
04125 20190420  2.622 -119.65   44.56    13.4     7.7    10.6    11.0     1.8     9.06 C    18.3     4.7    12.1    86.9    53.2    73.1   0.186   0.125   0.228   0.210   0.185    14.2    13.9    13.6    13.3    13.4
04125 20190421  2.622 -119.65   44.56    18.1     3.3    10.7    11.0     0.0    25.73 C    30.0     1.9    13.2    87.1    26.7    54.3   0.186   0.127   0.227   0.208   0.183    14.3    13.3    13.0    12.7    12.9
04125 20190422  2.622 -119.65   44.56    22.0     4.2    13.1    13.9     0.0    22.99 C    33.0     2.5    15.6    74.8    16.3    47.1   0.176   0.124   0.225   0.206   0.181    14.9    13.8    13.4    13.0    13.1
04125 20190423  2.622 -119.65   44.56    23.8    11.2    17.5    17.3     0.0    17.95 C    34.4     9.1    17.9    73.4    32.3    53.1   0.166   0.120   0.221   0.202   0.178    16.7    15.2    14.4    14.0    14.0
04125 20190424  2.622 -119.65   44.56    20.4     5.8    13.1    14.9     0.0    25.98 C    34.2     2.3    17.6    68.1    14.1    40.8   0.153   0.114   0.215   0.197   0.173    17.7    16.1    15.3    14.8    14.8
04125 20190425  2.622 -119.65   44.56    22.9     1.9    12.4    12.8     0.0    24.02 C    34.2    -0.5    14.9    72.8    19.5    44.8   0.137   0.105   0.207   0.189   0.167    16.2    15.3    15.0    14.6    14.7
04125 20190426  2.622 -119.65   44.56    18.9     5.4    12.1    12.6     0.0    25.81 C    34.2     2.2    15.4    82.5    19.2    43.0   0.126   0.098   0.198   0.181   0.161    16.8    15.7    15.3    14.8    14.9
04125 20190427  2.622 -119.65   44.56    19.0     2.6    10.8     9.7     0.0    25.21 C    33.3    -0.2    13.5    70.2    17.4    39.6   0.116   0.091   0.188   0.173   0.154    15.8    15.2    15.1    14.7    14.8
04125 20190428  2.622 -119.65   44.56    14.3    -1.0     6.6     7.4     0.0    27.03 C    32.3    -2.5    12.3    69.2    19.8    39.0   0.110   0.086   0.177   0.166   0.149    15.3    14.7    14.7    14.4    14.5
04125 20190429  2.622 -119.65   44.56    13.3     0.7     7.0     7.5     0.0    24.46 C    33.8    -1.0    12.1    66.2    21.8    38.9   0.106   0.082   0.166   0.160   0.145    15.1    14.6    14.6    14.3    14.4
04125 20190430  2.622 -119.65   44.56    14.9    -2.6     6.1     6.8     0.0    26.08 C    33.6    -5.1    10.6    72.8    14.1    36.9   0.102   0.079   0.156   0.156   0.141    14.1    13.9    14.1    13.8    14.0
04125 20190501  2.622 -119.65   44.56    18.8     0.0     9.4     9.7     0.0    24.68 C    34.8    -0.5    13.0    51.6    13.6    28.6   0.100   0.076   0.148   0.151   0.138    14.5    13.9    14.0    13.7    13.8
04125 20190502  2.622 -119.65   44.56    19.0     1.1    10.0    10.2     0.0    25.83 C    34.2    -2.0    13.5    59.7    10.7    32.4   0.098   0.074   0.140   0.146   0.135    15.1    14.3    14.2    13.9    14.0
04125 20190503  2.622 -119.65   44.56    23.2     3.2    13.2    13.5     0.0    27.31 C    37.3    -0.3    16.3    65.6    16.2    36.4   0.096   0.073   0.133   0.141   0.131    16.4    15.0    14.6    14.3    14.3
04125 20190504  2.622 -119.65   44.56    25.0     4.1    14.6    15.3     0.0    27.13 C    37.8     0.7    17.7    73.6    17.0    39.3   0.094   0.072   0.129   0.137   0.129    17.7    16.1    15.4    15.0    15.0
04125 20190505  2.622 -119.65   44.56    25.3     6.9    16.1    16.1     0.0    27.59 C    38.3     3.2    18.7    68.8    15.0    40.3   0.092   0.072   0.126   0.133   0.126    18.7    17.0    16.2    15.8    15.8
04125 20190506  2.622 -119.65   44.56    25.0     4.6    14.8    15.6     0.0    27.74 C    39.0     2.1    18.3    82.2    14.0    41.3   0.090   0.071   0.124   0.129   0.123    18.9    17.4    16.7    16.2    16.3
04125 20190507  2.622 -119.65   44.56    24.5     7.3    15.9    16.5     0.0    25.63 C    39.4     4.5    19.2    62.3    16.4    35.7   0.087   0.070   0.123   0.126   0.121    19.2    17.7    17.1    16.6    16.7
04125 20190508  2.622 -119.65   44.56    23.6     6.9    15.2    15.9     0.0    22.07 C    40.1     3.5    17.9    71.2    18.8    39.7   0.085   0.069   0.123   0.123   0.119    18.7    17.6    17.2    16.7    16.8
04125 20190509  2.622 -119.65   44.56    24.3     4.3    14.3    15.3     0.0    28.24 C    41.6     1.8    18.7    80.6    10.9    37.9   0.083   0.069   0.122   0.121   0.117    19.2    17.7    17.3    16.8    16.8
04125 20190510  2.622 -119.65   44.56    27.3     6.2    16.8    16.5     0.0    28.22 C    43.1     2.8    20.2    54.2     8.5    30.1   0.081   0.068   0.122   0.119   0.116    19.9    18.2    17.6    17.2    17.2
04125 20190511  2.622 -119.65   44.56    30.2     9.0    19.6    19.7     0.0    28.06 C    46.6     7.4    23.3    52.8    11.9    28.2   0.079   0.069   0.123   0.119   0.114    21.4    19.2    18.4    17.8    17.8
04125 20190512  2.622 -119.65   44.56    29.6     8.8    19.2    19.7     0.0    26.92 C    46.8     4.9    23.2    66.0    11.3    32.2   0.077   0.069   0.124   0.117   0.113    22.1    19.9    19.1    18.5    18.5
04125 20190513  2.622 -119.65   44.56    26.1     7.2    16.7    18.0     0.0    23.29 C    41.4     4.4    21.0    69.9    21.8    37.9   0.073   0.068   0.124   0.117   0.112    21.6    20.0    19.4    18.8    18.8
04125 20190514  2.622 -119.65   44.56    23.8     8.8    16.3    15.8     0.0    13.08 C    32.1     6.1    17.3    71.8    24.0    50.2   0.070   0.066   0.123   0.116   0.112    20.2    19.4    19.2    18.7    18.7
04125 20190515  2.622 -119.65   44.56    20.0     9.4    14.7    13.3     2.2    10.53 C    31.5     8.2    14.8    90.6    39.3    70.5   0.068   0.065   0.122   0.115   0.111    18.6    18.4    18.4    18.1    18.1
04125 20190516  2.622 -119.65   44.56    14.7     9.0    11.9    12.4     5.6     7.24 C    17.2     6.9    12.4    91.1    54.8    73.8   0.071   0.063   0.120   0.114   0.110    16.3    16.8    17.3    17.0    17.1
04125 20190517  2.622 -119.65   44.56    19.0     6.2    12.6    13.0     0.0    15.41 C    27.9     4.1    13.8    72.1    28.7    47.1   0.087   0.066   0.119   0.113   0.110    16.1    16.0    16.4    16.2    16.3
04125 20190518  2.622 -119.65   44.56    21.5     3.4    12.4    11.9     0.7    19.75 C    36.4     1.8    14.4    81.9    22.9    58.1   0.094   0.066   0.120   0.113   0.110    16.7    16.1    16.2    16.0    16.0
04125 20190519  2.622 -119.65   44.56    10.7     8.7     9.7     9.8    28.5     3.97 C    13.0     7.7    10.5    90.5    71.8    82.4   0.151   0.095   0.119   0.119   0.117    14.5    15.2    16.0    15.8    15.7
04125 20190520  2.622 -119.65   44.56    16.6     7.0    11.8    11.9     7.5    15.18 C    23.7     7.7    13.7    91.0    43.2    67.7   0.221   0.169   0.165   0.171   0.171    15.5    15.0    15.3    15.0    15.0
04125 20190521  2.622 -119.65   44.56    17.0     6.2    11.6    11.0     0.0    22.12 C    30.2     6.6    13.9    86.5    36.0    61.2   0.220   0.168   0.206   0.189   0.186    15.8    15.2    15.5    15.2    15.2
04125 20190522  2.622 -119.65   44.56    18.3     9.4    13.8    12.7     1.6    11.28 C    26.5     9.6    13.6    84.4    38.7    64.9   0.206   0.158   0.215   0.195   0.186    15.9    15.5    15.8    15.5    15.5
04125 20190523  2.622 -119.65   44.56    22.3     8.5    15.4    15.9     0.0    28.48 C    34.2     7.0    18.4    87.1    22.9    48.4   0.201   0.153   0.215   0.197   0.183    17.9    16.4    16.2    15.8    15.7
04125 20190524  2.622 -119.65   44.56    19.1     8.3    13.7    14.4     0.3    13.49 C    29.4     5.9    15.1    63.5    32.6    50.0   0.194   0.148   0.215   0.197   0.180    17.3    16.8    16.9    16.4    16.4
04125 20190525  2.622 -119.65   44.56    21.0     5.1    13.0    12.7     0.2    24.05 C    35.5     4.3    16.7    78.7    27.4    54.5   0.191   0.145   0.213   0.195   0.178    17.9    16.7    16.7    16.3    16.2
04125 20190526  2.622 -119.65   44.56    21.2     7.9    14.6    13.3     0.9    20.38 C    36.2     7.1    15.6    85.3    41.3    67.2   0.187   0.142   0.213   0.193   0.176    18.1    17.3    17.3    16.9    16.8
04125 20190527  2.622 -119.65   44.56    21.5    10.7    16.1    16.1     0.3    14.87 C    32.9     9.2    17.4    86.5    35.3    58.5   0.184   0.139   0.212   0.192   0.173    18.2    17.3    17.4    17.0    16.9
04125 20190528  2.622 -119.65   44.56    25.9    11.9    18.9    18.7     0.0    24.70 C    40.1    10.0    20.9    81.9    24.5    51.8   0.182   0.137   0.212   0.189   0.167    20.5    18.6    18.2    17.6    17.5
04125 20190529  2.622 -119.65   44.56    23.7    10.4    17.1    17.6     0.0    19.78 C    38.6     8.6    19.1    84.3    33.7    55.0   0.174   0.135   0.212   0.184   0.160    20.3    19.1    18.9    18.3    18.2
04125 20190530  2.622 -119.65   44.56    24.2    12.2    18.2    16.8     1.8    18.45 C    38.2    10.6    18.1    86.2    37.1    63.5   0.168   0.131   0.210   0.180   0.154    20.0    19.0    18.9    18.4    18.3
04125 20190531  2.622 -119.65   44.56    28.3    10.2    19.3    19.4     0.0    28.40 C    42.0     8.9    22.2    88.9    26.2    57.3   0.163   0.128   0.209   0.177   0.149    21.4    19.6    19.3    18.7    18.5
04125 20190601  2.622 -119.65   44.56    30.2    12.6    21.4    21.3     0.0    28.65 C    43.6    12.5    24.8    79.5    16.3    48.0   0.155   0.125   0.209   0.173   0.144    23.0    20.9    20.6    19.8    19.4
04125 20190602  2.622 -119.65   44.56    31.1    13.6    22.3    22.5     0.0    24.94 C    45.9    11.7    24.7    72.0    17.0    41.3   0.147   0.120   0.208   0.170   0.141    23.5    21.7    21.4    20.5    20.3
04125 20190603  2.622 -119.65   44.56    28.1     9.5    18.8    19.8     0.0    29.64 C    43.3     7.4    23.0    72.4    14.4    35.0   0.139   0.114   0.206   0.167   0.138    23.2    21.6    21.5    20.8    20.5
04125 20190604  2.622 -119.65   44.56    28.2     5.8    17.0    18.4     0.0    30.81 C    44.2     4.0    21.9    68.9     9.2    30.8   0.131   0.109   0.203   0.164   0.136    22.7    21.3    21.5    20.7    20.5
04125 20190605  2.622 -119.65   44.56    31.7     9.8    20.8    20.3     0.0    26.83 C    46.0     7.0    24.0    62.2    14.3    37.6   0.124   0.104   0.199   0.162   0.134    23.2    21.6    21.6    20.9    20.6
04125 20190606  2.622 -119.65   44.56    16.2     7.4    11.8    12.9     5.8     7.62 C    18.1     5.6    13.2    81.7    34.0    58.2   0.117   0.100   0.196   0.161   0.134    20.2    20.5    21.2    20.6    20.5
04125 20190607  2.622 -119.65   44.56    17.0     3.7    10.4    10.4     0.0    22.21 C    30.1     3.0    13.1    79.3    27.1    49.5   0.117   0.096   0.192   0.158   0.131    17.7    18.0    19.0    18.7    18.6
04125 20190608  2.622 -119.65   44.56    19.9     7.0    13.4    12.9     0.0    28.04 C    34.3     5.5    17.0    67.7    20.5    42.1   0.119   0.094   0.187   0.156   0.129    18.8    17.9    18.5    18.2    18.0
04125 20190609  2.622 -119.65   44.56    27.3     6.4    16.9    17.4     0.0    29.83 C    40.2     6.3    20.4    62.9     9.8    32.8   0.119   0.092   0.180   0.154   0.129    20.2    18.8    19.0    18.6    18.3
04125 20190610  2.622 -119.65   44.56    30.6    10.7    20.6    20.7     0.0    28.80 C    43.9     8.7    23.8    51.0    12.8    30.1   0.117   0.090   0.171   0.151   0.128    21.6    19.9    19.9    19.3    19.0
04125 20190611  2.622 -119.65   44.56    32.0    10.4    21.2    22.8     0.0    30.05 C    45.6     8.8    26.1    69.5    18.5    36.7   0.115   0.089   0.162   0.147   0.127    23.2    21.2    20.8    20.2    19.9
04125 20190612  2.622 -119.65   44.56    33.9    13.1    23.5    23.5     0.0    21.58 C    48.7    10.9    26.0    73.6    12.0    41.8   0.111   0.087   0.155   0.144   0.126    24.1    22.3    21.8    21.1    20.9
04125 20190613  2.622 -119.65   44.56    33.7    16.0    24.9    24.7     0.0    28.44 C    48.0    14.9    28.5    60.0    15.4    33.7   0.107   0.086   0.150   0.141   0.124    25.1    23.1    22.4    21.7    21.6
04125 20190614  2.622 -119.65   44.56    29.5    11.9    20.7    21.7     0.0    31.02 C    45.2     9.5    25.5    68.9     9.1    30.6   0.102   0.084   0.146   0.138   0.121    25.1    23.5    22.9    22.2    22.1
04125 20190615  2.622 -119.65   44.56    30.7     8.3    19.5    21.1     0.0    31.01 C    46.0     6.4    25.2    66.2    10.1    28.6   0.096   0.082   0.142   0.135   0.119    24.6    23.2    22.9    22.2    22.2
04125 20190616  2.622 -119.65   44.56    32.6    10.3    21.5    22.7     0.0    30.50 C    48.3     8.7    26.8    62.8    10.3    29.5   0.092   0.081   0.140   0.133   0.116    25.4    23.7    23.1    22.5    22.5
04125 20190617  2.622 -119.65   44.56    30.7    10.5    20.6    22.4     0.0    30.21 C    46.9     8.8    26.9    61.9    15.9    31.2   0.087   0.080   0.138   0.131   0.114    26.0    24.3    23.6    22.9    23.0
04125 20190618  2.622 -119.65   44.56    29.9    10.7    20.3    21.7     0.0    31.00 C    46.3     9.1    25.9    67.0    11.9    29.1   0.083   0.079   0.137   0.130   0.112    26.3    24.6    23.9    23.3    23.3
04125 20190619  2.622 -119.65   44.56    24.3     9.9    17.1    17.8     0.0    31.44 C    42.3     8.3    22.6    45.9     8.4    24.4   0.078   0.078   0.135   0.128   0.111    25.5    24.4    23.9    23.3    23.4
04125 20190620  2.622 -119.65   44.56    20.2     9.5    14.8    13.8     0.0    20.09 C    34.6     9.8    18.3    54.4    22.8    39.7   0.073   0.076   0.133   0.126   0.110    23.1    23.0    23.1    22.7    22.9
04125 20190621  2.622 -119.65   44.56    20.4     9.2    14.8    14.9     0.0    18.50 C    39.6     7.6    19.6    62.7    26.5    41.1   0.072   0.074   0.132   0.125   0.108    22.7    22.2    22.3    22.0    22.1
04125 20190622  2.622 -119.65   44.56    28.0     8.2    18.1    18.3     0.0    29.68 C    44.4     6.4    23.4    67.8    18.3    38.0   0.072   0.074   0.131   0.124   0.106    23.8    22.4    22.2    21.8    21.9
04125 20190623  2.622 -119.65   44.56    25.0     8.9    16.9    18.0     0.0    31.05 C    43.2     7.9    23.3    68.0    18.0    35.7   0.071   0.074   0.131   0.123   0.106    25.0    23.4    22.9    22.4    22.5
04125 20190624  2.622 -119.65   44.56    25.6     6.3    16.0    17.8     0.0    28.09 C    44.4     5.1    23.0    72.9    17.5    34.6   0.069   0.074   0.130   0.123   0.106    24.8    23.5    23.1    22.6    22.8
04125 20190625  2.622 -119.65   44.56    26.0     8.3    17.2    17.2     0.0    24.27 C    47.9     7.6    21.8    74.1    15.5    37.3   0.067   0.073   0.129   0.122   0.105    24.7    23.6    23.2    22.8    22.9
04125 20190626  2.622 -119.65   44.56    26.1     8.1    17.1    16.3     0.3    20.93 C    45.0     6.9    20.6    83.8    27.3    53.8   0.065   0.071   0.128   0.121   0.105    23.7    23.0    22.9    22.5    22.6
04125 20190627  2.622 -119.65   44.56    22.1     8.8    15.5    14.7     3.1    21.40 C    35.4     7.4    17.5    86.7    24.9    57.0   0.064   0.070   0.127   0.120   0.103    22.6    22.4    22.5    22.1    22.3
04125 20190628  2.622 -119.65   44.56    24.9     7.3    16.1    16.8     0.0    25.49 C    42.1     5.7    20.1    82.2    22.2    45.2   0.066   0.069   0.126   0.118   0.103    22.2    21.6    21.7    21.5    21.6
04125 20190629  2.622 -119.65   44.56    28.8     7.4    18.1    19.4     0.0    26.68 C    46.9     4.8    23.3    75.4    16.5    37.6   0.069   0.069   0.125   0.118   0.102    23.2    22.1    21.8    21.6    21.7
04125 20190630  2.622 -119.65   44.56    29.8     8.9    19.4    21.3     0.0    29.83 C    48.2     7.5    26.3    76.0    13.6    36.5   0.070   0.070   0.125   0.118   0.102    25.1    23.2    22.5    22.2    22.3
04125 20190701  2.622 -119.65   44.56    30.8    12.4    21.6    20.0     0.0    20.59 C    49.4    11.6    23.9    76.6    17.9    45.3   0.069   0.070   0.126   0.118   0.103    25.5    24.1    23.4    23.0    23.1
04125 20190702  2.622 -119.65   44.56    25.5     9.1    17.3    17.7     0.0    24.48 C    45.9     7.8    22.9    87.7    22.5    49.8   0.067   0.069   0.125   0.117   0.102    24.6    23.6    23.2    22.9    23.1
04125 20190703  2.622 -119.65   44.56    24.1    10.8    17.5    17.5     0.0    20.72 C    45.1     9.1    22.0    63.8    23.1    42.2   0.066   0.068   0.124   0.117   0.102    24.2    23.3    23.1    22.8    22.9
04125 20190704  2.622 -119.65   44.56    29.1     9.0    19.0    20.0     0.0    28.18 C    50.7     6.5    25.2    69.9    13.9    35.8   0.066   0.068   0.123   0.116   0.101    25.2    23.5    23.1    22.8    22.9
04125 20190705  2.622 -119.65   44.56    33.7    10.4    22.0    22.8     0.0    25.70 C    53.5     8.4    27.2    65.0    10.7    31.0   0.066   0.069   0.123   0.116   0.102    26.4    24.5    23.8    23.4    23.4
04125 20190706  2.622 -119.65   44.56    30.9    11.8    21.4    22.2     0.0    29.06 C    50.5    10.1    28.2    63.9    15.2    34.4   0.065   0.069   0.123   0.116   0.102    27.5    25.4    24.5    24.1    24.1
04125 20190707  2.622 -119.65   44.56    27.1     9.5    18.3    19.3     0.0    28.91 C    46.9     8.4    25.7    71.1    19.0    38.8   0.063   0.069   0.123   0.116   0.102    27.4    25.6    25.0    24.5    24.6
04125 20190708  2.622 -119.65   44.56    27.8     9.7    18.8    19.8     0.0    26.27 C    48.0     8.5    25.2    70.3    17.2    35.7   0.061   0.068   0.122   0.116   0.102    26.9    25.3    24.9    24.4    24.6
04125 20190709  2.622 -119.65   44.56    32.3    11.8    22.1    22.6     0.0    22.04 C    49.4    10.1    27.1    66.8    16.2    34.7   0.059   0.068   0.121   0.116   0.102    27.1    25.4    24.9    24.5    24.6
04125 20190710  2.622 -119.65   44.56    32.1    17.7    24.9    24.5     0.0    19.68 C    51.4    17.2    28.8    59.6    22.4    40.6   0.059   0.068   0.121   0.116   0.102    28.1    26.2    25.4    25.0    25.1
04125 20190711  2.622 -119.65   44.56    32.3    14.2    23.3    23.8     0.0    23.77 C    53.6    13.3    29.2    75.9    24.8    44.2   0.059   0.068   0.120   0.116   0.103    28.8    26.6    25.7    25.3    25.4
04125 20190712  2.622 -119.65   44.56    34.7    14.1    24.4    24.8     0.0    27.37 C    53.9    13.4    30.5    73.1    21.1    39.3   0.059   0.068   0.120   0.116   0.103    29.7    27.2    26.2    25.8    25.8
04125 20190713  2.622 -119.65   44.56    32.4    13.7    23.0    24.0     0.0    25.44 C    53.1    12.2    29.3    63.0    23.1    35.9   0.057   0.067   0.120   0.116   0.104    29.4    27.5    26.6    26.2    26.3
04125 20190714  2.622 -119.65   44.56    31.9    12.8    22.3    23.5     0.0    27.52 C    51.3    11.6    29.0    61.7    15.7    31.0   0.055   0.067   0.119   0.116   0.104    29.5    27.5    26.7    26.3    26.4
04125 20190715  2.622 -119.65   44.56    28.5    13.6    21.1    21.8     0.0    17.58 C    47.6    11.7    25.6    57.4    24.3    38.8   0.053   0.065   0.118   0.115   0.103    28.2    27.1    26.6    26.2    26.4
04125 20190716  2.622 -119.65   44.56    28.8    15.2    22.0    22.1     0.0    22.20 C    49.2    14.2    27.0    64.2    21.0    39.6   0.053   0.064   0.117   0.115   0.103    28.4    26.8    26.3    25.9    26.1
04125 20190717  2.622 -119.65   44.56    30.8    10.9    20.8    22.3     0.0    26.56 C    49.8     9.8    28.1    72.5    19.0    37.8   0.052   0.063   0.117   0.114   0.103    28.8    26.9    26.3    26.0    26.1
04125 20190718  2.622 -119.65   44.56    29.7    15.1    22.4    22.4     0.0    24.70 C    48.5    13.7    27.7    59.3    17.3    35.2   0.052   0.063   0.117   0.115   0.103    29.3    27.5    26.7    26.4    26.4
04125 20190719  2.622 -119.65   44.56    26.7     7.9    17.3    18.4     0.0    29.66 C    46.6     6.9    24.8    65.2    10.6    32.0   0.050   0.062   0.116   0.114   0.103    28.1    26.8    26.4    26.1    26.2
04125 20190720  2.622 -119.65   44.56    30.1     7.2    18.7    20.3     0.0    29.96 C    49.6     5.7    25.9    54.8     6.2    24.4   0.049   0.060   0.115   0.114   0.102    28.1    26.6    26.2    25.9    26.0
04125 20190721  2.622 -119.65   44.56    36.6    10.1    23.4    24.4     0.0    28.34 C    54.4     8.3    29.7    49.4    10.6    23.1   0.049   0.060   0.115   0.113   0.102    29.3    27.2    26.4    26.1    26.2
04125 20190722  2.622 -119.65   44.56    36.4    17.1    26.7    27.0     0.0    25.20 C    54.7    15.6    31.9    52.4    12.1    25.2   0.050   0.061   0.116   0.114   0.103    31.2    28.5    27.3    26.9    27.0
04125 20190723  2.622 -119.65   44.56    38.4    14.2    26.3    26.5     0.0    28.27 C    57.2    12.7    32.0    59.7     6.9    30.2   0.049   0.060   0.116   0.114   0.103    31.5    28.9    27.8    27.4    27.5
04125 20190724  2.622 -119.65   44.56    29.9    12.5    21.2    22.0     0.0    29.29 C    47.0    11.1    27.5    66.4     8.5    29.4   0.048   0.059   0.116   0.114   0.103    31.2    29.2    28.2    27.8    27.9
04125 20190725  2.622 -119.65   44.56    35.4     9.7    22.5    23.7     0.0    28.87 C    51.1     7.9    28.3    53.9     7.8    21.6   0.047   0.057   0.114   0.114   0.103    30.3    28.6    27.9    27.5    27.8
04125 20190726  2.622 -119.65   44.56    37.4    13.1    25.2    26.1     0.0    25.04 C    53.8    10.8    29.8    45.7     8.8    20.5   0.046   0.056   0.114   0.114   0.103    30.9    28.9    27.9    27.6    27.9
04125 20190727  2.622 -119.65   44.56    32.7    13.8    23.2    24.7     0.0    27.60 C    49.6    12.0    29.7    55.1    16.8    30.0   0.046   0.055   0.114   0.114   0.103    31.4    29.3    28.2    27.9    28.2
04125 20190728  2.622 -119.65   44.56    33.1    12.3    22.7    23.6     0.0    27.99 C    49.2    11.2    28.7    64.8    15.2    31.9   0.046   0.055   0.113   0.114   0.103    31.2    29.4    28.3    28.0    28.3
04125 20190729  2.622 -119.65   44.56    35.0    12.2    23.6    24.8     0.0    27.80 C    51.1    10.8    29.5    58.3    10.7    26.2   0.045   0.053   0.113   0.113   0.103    31.4    29.5    28.3    28.1    28.4
04125 20190730  2.622 -119.65   44.56    33.7    15.0    24.4    24.9     0.0    27.30 C    49.2    14.2    29.9    48.8    10.8    24.0   0.045   0.050   0.112   0.113   0.103    31.8    29.8    28.6    28.4    28.7
04125 20190731  2.622 -119.65   44.56    34.6    11.1    22.8    24.2     0.0    27.73 C    50.0     9.4    28.5    55.6    10.0    23.8   0.044   0.050   0.112   0.113   0.103    31.1    29.5    28.5    28.3    28.6
04125 20190801  2.622 -119.65   44.56    37.2    13.6    25.4    26.0     0.0    27.32 C    51.5    11.2    30.4    59.8     9.5    29.3   0.044   0.049   0.111   0.112   0.102    32.0    30.0    28.6    28.4    28.7
04125 20190802  2.622 -119.65   44.56    34.0    15.0    24.5    25.5     0.0    26.03 C    50.4    14.0    30.4    63.2    13.0    33.6   0.044   0.049   0.111   0.113   0.102    32.4    30.5    29.1    28.8    29.2
04125 20190803  2.622 -119.65   44.56    34.6    14.2    24.4    25.0     0.0    26.58 C    50.1    13.6    30.2    72.0    17.1    39.9   0.044   0.047   0.111   0.112   0.102    32.3    30.5    29.2    28.9    29.2
04125 20190804  2.622 -119.65   44.56    36.0    14.3    25.2    26.4     0.0    26.20 C    51.9    13.4    31.1    69.6    12.9    31.1   0.043   0.046   0.110   0.112   0.102    32.5    30.6    29.3    29.0    29.4
04125 20190805  2.622 -119.65   44.56    38.2    14.9    26.6    27.7     0.0    26.24 C    53.2    13.2    31.8    58.9    10.6    26.5   0.043   0.046   0.110   0.111   0.102    32.8    30.9    29.5    29.2    29.6
04125 20190806  2.622 -119.65   44.56    38.8    14.6    26.7    27.6     0.0    19.25 C    52.3    13.6    29.9    56.0     9.4    23.9   0.042   0.044   0.109   0.111   0.102    32.2    30.8    29.6    29.4    29.7
04125 20190807  2.622 -119.65   44.56    38.3    16.5    27.4    27.2     0.0    20.18 C    51.9    13.8    29.5    51.4    10.0    27.5   0.042   0.043   0.109   0.111   0.101    32.0    30.6    29.4    29.2    29.5
04125 20190808  2.622 -119.65   44.56    34.7    17.4    26.0    25.1     1.6    16.27 C    47.7    16.6    27.9    62.0    15.0    37.3   0.041   0.041   0.108   0.111   0.101    31.1    30.2    29.2    29.1    29.4
04125 20190809  2.622 -119.65   44.56    33.9    15.0    24.5    22.7     0.0    21.08 C    47.8    13.1    25.9    78.5    12.9    48.7   0.042   0.039   0.106   0.110   0.099    29.5    29.2    28.6    28.5    28.8
04125 20190810  2.622 -119.65   44.56    28.1    12.0    20.1    17.8    12.1    16.35 C    46.1    10.5    21.2    87.3    30.9    66.8   0.060   0.037   0.104   0.108   0.098    27.2    28.1    27.9    27.8    28.1
04125 20190811  2.622 -119.65   44.56    23.1    13.8    18.4    17.9     2.3    12.84 C    32.6    12.7    19.8    88.2    39.2    65.0   0.118   0.037   0.101   0.107   0.096    24.1    25.5    26.2    26.3    26.7
04125 20190812  2.622 -119.65   44.56    29.2     9.7    19.5    19.1     0.0    25.76 C    44.5     8.7    23.1    87.4    20.9    50.9   0.128   0.047   0.099   0.105   0.095    24.6    24.8    25.0    25.2    25.5
04125 20190813  2.622 -119.65   44.56    32.5    11.3    21.9    22.2     0.0    25.12 C    47.9     9.9    25.7    75.8    17.3    40.8   0.126   0.056   0.099   0.105   0.094    25.5    25.4    25.1    25.2    25.5
04125 20190814  2.622 -119.65   44.56    32.7    12.3    22.5    23.4     0.0    25.25 C    49.4    10.8    27.1    75.6    15.8    38.8   0.123   0.061   0.099   0.105   0.095    26.5    26.1    25.4    25.5    25.8
04125 20190815  2.622 -119.65   44.56    31.6    11.8    21.7    22.7     0.0    23.66 C    47.4    10.5    25.8    78.0    13.6    36.0   0.118   0.064   0.099   0.105   0.095    26.4    26.3    25.6    25.7    26.0
04125 20190816  2.622 -119.65   44.56    30.5    11.1    20.8    21.6     0.0    25.98 C    47.5     8.3    25.1    69.6     5.1    30.0   0.114   0.066   0.099   0.105   0.095    26.3    26.1    25.5    25.6    26.0
04125 20190817  2.622 -119.65   44.56    29.1    10.6    19.8    20.5     0.0    24.47 C    46.4     8.8    24.7    63.7    17.6    34.4   0.109   0.067   0.098   0.105   0.096    26.0    25.9    25.4    25.5    25.9
04125 20190818  2.622 -119.65   44.56    34.9    12.4    23.7    23.3     0.0    25.06 C    50.8     9.7    27.1    61.8    12.9    32.8   0.105   0.068   0.099   0.105   0.096    26.6    26.2    25.5    25.5    25.9
04125 20190819  2.622 -119.65   44.56    33.3    11.3    22.3    23.7     0.0    25.15 C    50.3     9.4    27.4    66.7    13.9    30.9   0.100   0.069   0.100   0.105   0.097    27.3    26.8    25.8    25.9    26.3
04125 20190820  2.622 -119.65   44.56    36.9    13.1    25.0    25.8     0.0    23.78 C    52.8    11.2    29.8    61.5     9.6    29.5   0.095   0.070   0.100   0.106   0.098    28.1    27.4    26.2    26.2    26.6
04125 20190821  2.622 -119.65   44.56    31.8    13.5    22.6    20.8     1.7    15.33 C    48.2    12.8    24.1    90.0    22.8    54.0   0.088   0.070   0.100   0.106   0.098    27.3    27.5    26.5    26.5    27.0
04125 20190822  2.622 -119.65   44.56    27.0    13.1    20.0    19.9     0.0    24.76 C    45.5    10.1    24.7    90.8    20.6    51.5   0.084   0.068   0.099   0.106   0.098    26.0    26.2    25.7    25.8    26.3
04125 20190823  2.622 -119.65   44.56    31.8    10.2    21.0    20.9     0.0    23.30 C    50.0     7.3    24.8    71.9    12.7    36.8   0.082   0.067   0.099   0.106   0.097    25.5    25.5    25.1    25.2    25.7
04125 20190824  2.622 -119.65   44.56    33.2    11.3    22.2    23.0     0.0    23.90 C    51.5     9.2    26.8    62.4    12.2    30.6   0.081   0.068   0.099   0.106   0.098    26.6    26.2    25.2    25.4    25.8
04125 20190825  2.622 -119.65   44.56    29.5    10.9    20.2    20.7     0.0    24.19 C    48.4     8.9    25.2    71.1    15.8    36.0   0.077   0.067   0.100   0.105   0.098    26.5    26.4    25.5    25.5    26.1
04125 20190826  2.622 -119.65   44.56    30.6     8.0    19.3    19.7     0.0    24.38 C    48.1     5.5    23.9    66.2     9.1    32.4   0.073   0.066   0.099   0.106   0.098    25.8    25.8    25.2    25.3    25.9
04125 20190827  2.622 -119.65   44.56    34.4     8.9    21.7    21.8     0.0    24.13 C    51.0     6.0    25.3    62.5     7.9    29.7   0.070   0.066   0.099   0.105   0.098    26.1    25.9    25.0    25.2    25.7
04125 20190828  2.622 -119.65   44.56    38.3    14.6    26.4    26.5     0.0    22.34 C    53.9    10.8    29.8    41.4     8.8    22.4   0.069   0.066   0.100   0.106   0.098    27.4    26.5    25.3    25.5    26.0
04125 20190829  2.622 -119.65   44.56    33.8    21.2    27.5    27.1     0.0    21.64 C    53.5    18.8    32.3    66.1    18.5    36.6   0.068   0.068   0.101   0.107   0.099    29.8    28.3    26.5    26.5    27.0
04125 20190830  2.622 -119.65   44.56    34.3    18.6    26.4    25.7     0.0    19.87 C    52.7    17.3    29.7    71.3    22.4    44.6   0.065   0.068   0.102   0.108   0.100    29.6    28.6    27.0    27.0    27.6
04125 20190831  2.622 -119.65   44.56    35.0    15.9    25.5    25.5     0.0    22.17 C    52.8    13.4    29.2    64.4    17.4    36.4   0.062   0.067   0.102   0.108   0.100    29.2    28.4    27.1    27.1    27.6
04125 20190901  2.622 -119.65   44.56    33.9    12.7    23.3    23.7     0.0    22.66 C    51.4    10.2    27.7    61.3    16.6    36.0   0.060   0.066   0.102   0.108   0.099    28.6    28.1    26.9    26.9    27.5
04125 20190902  2.622 -119.65   44.56    34.4    13.6    24.0    23.8     0.0    22.36 C    50.8    12.1    28.1    71.6    13.5    39.5   0.058   0.065   0.101   0.108   0.099    28.7    28.1    26.8    26.9    27.6
04125 20190903  2.622 -119.65   44.56    35.6    13.0    24.3    24.2     0.0    20.23 C    52.0    11.2    27.6    68.5     8.0    36.4   0.056   0.063   0.101   0.107   0.099    28.4    27.9    26.8    26.9    27.5
04125 20190904  2.622 -119.65   44.56    34.5    12.4    23.4    23.7     0.0    22.00 C    50.9    10.7    27.5    73.0    14.4    38.6   0.054   0.062   0.101   0.107   0.098    28.4    27.9    26.7    26.8    27.3
04125 20190905  2.622 -119.65   44.56    35.1    14.8    24.9    22.6     2.2    15.10 C    50.7    13.3    25.9    75.6    13.8    47.6   0.053   0.061   0.101   0.107   0.098    27.7    27.5    26.6    26.7    27.3
04125 20190906  2.622 -119.65   44.56    31.2    15.0    23.1    22.6     0.0    17.46 C    44.3    13.9    24.3    86.2    23.3    53.7   0.054   0.059   0.101   0.107   0.097    26.8    27.0    26.2    26.4    26.9
04125 20190907  2.622 -119.65   44.56    32.3    15.6    23.9    23.2     0.0    15.28 C    44.5    14.4    25.3    65.8    14.2    43.1   0.056   0.057   0.100   0.106   0.097    26.0    26.2    25.5    25.8    26.3
04125 20190908  2.622 -119.65   44.56    24.4    15.9    20.1    19.0     0.0    12.19 C    46.5    15.4    23.0    60.0    25.7    47.6   0.055   0.055   0.099   0.105   0.096    25.2    25.8    25.3    25.6    26.0
04125 20190909  2.622 -119.65   44.56    23.7    10.6    17.1    17.2     0.0    15.41 C    42.3     8.5    20.7    72.3    23.9    45.9   0.054   0.052   0.098   0.105   0.095    24.1    24.8    24.6    24.9    25.4
04125 20190910  2.622 -119.65   44.56    21.7    10.6    16.2    15.7     1.4    14.05 C    38.9     9.3    19.3    84.1    34.6    54.3   0.052   0.051   0.097   0.104   0.095    23.1    24.0    24.0    24.3    24.7
04125 20190911  2.622 -119.65   44.56    24.2    10.8    17.5    16.7     0.0    20.61 C    41.4     9.3    20.5    88.0    26.4    55.4   0.053   0.050   0.096   0.103   0.094    23.3    23.8    23.4    23.8    24.3
04125 20190912  2.622 -119.65   44.56    30.9     9.7    20.3    19.9     0.0    20.68 C    46.2     9.1    23.1    65.0    10.9    36.4   0.053   0.050   0.096   0.102   0.094    23.7    23.9    23.2    23.7    24.2
04125 20190913  2.622 -119.65   44.56    28.4    12.6    20.5    20.5     0.0    19.25 C    45.3     9.6    23.8    55.9    22.4    34.7   0.053   0.050   0.096   0.102   0.094    24.5    24.5    23.5    23.9    24.5
04125 20190914  2.622 -119.65   44.56    33.2    11.1    22.2    20.5     0.0    19.83 C    47.9     8.8    23.7    68.2    13.3    39.5   0.052   0.050   0.096   0.102   0.094    24.6    24.7    23.6    23.9    24.5
04125 20190915  2.622 -119.65   44.56    30.6    12.3    21.4    19.0     0.0    17.97 C    45.5     9.6    22.7    58.4    10.5    41.1   0.051   0.049   0.096   0.102   0.094    24.6    24.7    23.7    24.0    24.6
04125 20190916  2.622 -119.65   44.56    15.1     9.2    12.2    12.6    10.4     5.41 C    18.7     8.9    14.4    89.6    55.0    74.6   0.059   0.053   0.095   0.102   0.093    20.9    22.9    23.2    23.5    24.1
04125 20190917  2.622 -119.65   44.56    15.9     8.1    12.0    11.5     5.5     5.50 C    21.2     8.1    12.2    87.3    41.3    69.8   0.096   0.065   0.092   0.100   0.091    17.2    19.5    21.2    21.5    21.9
04125 20190918  2.622 -119.65   44.56    20.2     9.1    14.6    13.9     2.6    15.09 C    32.1     8.4    16.4    89.2    33.2    66.3   0.139   0.077   0.090   0.099   0.089    18.3    19.1    19.9    20.3    20.7
04125 20190919  2.622 -119.65   44.56    18.5    10.2    14.3    13.8     0.0    12.01 C    31.7     8.3    15.9    88.6    41.6    68.2   0.145   0.090   0.091   0.098   0.091    18.6    19.5    19.8    20.2    20.7
04125 20190920  2.622 -119.65   44.56    15.6     9.4    12.5    12.3     1.5     4.54 C    18.2     8.0    13.3    88.5    60.1    77.6   0.143   0.093   0.089   0.098   0.093    17.2    18.6    19.2    19.7    20.1
04125 20190921  2.622 -119.65   44.56    22.9     6.2    14.6    14.6     0.0    18.46 C    31.3     5.6    16.1    88.9    29.9    61.4   0.142   0.094   0.089   0.097   0.094    17.9    18.5    18.7    19.1    19.5
04125 20190922  2.622 -119.65   44.56    22.6     9.4    16.0    15.3     1.3     9.74 C    28.1     8.5    15.8    83.3    34.8    61.0   0.137   0.093   0.089   0.098   0.096    18.1    18.9    18.8    19.3    19.7
04125 20190923  2.622 -119.65   44.56    22.8    10.3    16.5    16.4     0.0    16.43 C    31.3    10.0    17.4    86.5    31.3    55.3   0.133   0.092   0.089   0.098   0.097    19.2    19.5    19.1    19.4    19.8
04125 20190924  2.622 -119.65   44.56    26.1    10.3    18.2    18.8     0.0    14.48 C    31.5     7.1    18.3    61.1    24.9    42.2   0.127   0.090   0.090   0.098   0.099    19.7    20.1    19.5    19.9    20.3
04125 20190925  2.622 -119.65   44.56    22.8     5.3    14.1    14.3     0.0    17.85 C    30.5     3.1    14.2    79.7    22.9    46.5   0.120   0.087   0.089   0.098   0.100    18.3    19.3    19.0    19.5    20.0
04125 20190926  2.622 -119.65   44.56    25.1     8.8    16.9    16.1     0.0    12.48 C    36.0     6.8    16.1    72.2    26.5    49.0   0.113   0.082   0.089   0.098   0.100    18.1    18.9    18.6    19.1    19.6
04125 20190927  2.622 -119.65   44.56    21.2     4.5    12.9    12.7     0.0    16.13 C    32.3     1.2    13.1    87.3     9.6    49.3   0.107   0.079   0.088   0.098   0.099    17.5    18.6    18.3    18.8    19.4
04125 20190928  2.622 -119.65   44.56    10.0     5.1     7.6     7.1     3.2     7.22 C    17.1     5.3     8.9    87.5    54.4    69.5   0.102   0.075   0.087   0.097   0.098    15.4    17.3    17.6    18.2    18.8
04125 20190929  2.622 -119.65   44.56     9.8     3.4     6.6     5.9     0.7    10.34 C    17.5     3.9     8.3    82.8    44.4    64.2   0.101   0.072   0.087   0.096   0.096    14.1    15.8    16.5    17.0    17.5
04125 20190930  2.622 -119.65   44.56     9.4     4.4     6.9     6.6     0.0     6.56 C    15.7     4.1     8.1    67.4    47.6    57.2   0.100   0.070   0.086   0.096   0.095    13.2    14.9    15.8    16.3    16.8
04125 20191001  2.622 -119.65   44.56    10.2    -0.4     4.9     6.8     0.0     7.46 C    16.6    -3.0     7.9    72.1    34.7    52.7   0.099   0.068   0.086   0.095   0.094    12.9    14.4    15.3    15.7    16.2
04125 20191002  2.622 -119.65   44.56    16.7    -2.9     6.9     7.8     0.0    14.93 C    25.9    -5.5     8.8    83.6    26.4    51.9   0.097   0.067   0.084   0.094   0.093    12.6    13.9    14.6    15.1    15.6
04125 20191003  2.622 -119.65   44.56    16.0     6.8    11.4    10.2     0.7    11.16 C    26.6     5.0    11.4    83.2    36.8    62.6   0.098   0.068   0.085   0.094   0.093    14.4    15.2    15.0    15.5    16.0
04125 20191004  2.622 -119.65   44.56    15.6     3.0     9.3     9.1     0.0     8.65 C    25.4     0.8     9.3    84.8    30.1    57.8   0.096   0.066   0.086   0.094   0.093    13.6    14.9    15.0    15.6    16.1
04125 20191005  2.622 -119.65   44.56    17.2     2.4     9.8     8.7     0.0    16.29 C    27.1    -0.2     9.5    76.1    26.7    54.4   0.094   0.065   0.085   0.094   0.092    13.0    14.4    14.5    15.1    15.6
04125 20191006  2.622 -119.65   44.56    21.8     1.6    11.7    11.0     0.0    16.29 C    30.9    -1.4    10.9    75.1    13.9    43.7   0.092   0.064   0.084   0.094   0.091    13.2    14.4    14.2    14.9    15.5
04125 20191007  2.622 -119.65   44.56    24.8     4.4    14.6    13.0     0.0    15.60 C    33.5     2.9    13.3    57.7    13.8    38.0   0.091   0.064   0.084   0.094   0.091    14.1    15.0    14.3    15.0    15.7
04125 20191008  2.622 -119.65   44.56    16.7     3.2     9.9    11.1     0.6     6.80 C    26.9     2.6    11.7    79.7    31.8    52.9   0.089   0.062   0.085   0.094   0.090    14.2    15.3    14.7    15.4    16.0
04125 20191009  2.622 -119.65   44.56     9.2    -3.6     2.8     4.1     0.0    11.60 C    21.8    -7.6     5.0    75.2    26.3    48.9   0.086   0.060   0.084   0.094   0.090    12.1    14.1    14.2    14.9    15.5
04125 20191010  2.622 -119.65   44.56    12.2    -7.2     2.5     1.9     0.0    15.84 C    22.3   -10.9     2.1    80.9    15.7    48.1   0.083   0.057   0.083   0.093   0.088     9.6    12.1    12.8    13.6    14.2
04125 20191011  2.622 -119.65   44.56    18.5    -2.6     7.9     6.9     0.0    15.37 C    27.0    -7.7     6.2    64.8    12.4    36.5   0.082   0.056   0.082   0.091   0.087    10.1    11.9    12.0    12.9    13.6
04125 20191012  2.622 -119.65   44.56    19.4     0.4     9.9     8.8     0.0    13.42 C    27.0    -2.9     8.7    49.1    12.8    31.7   0.082   0.057   0.082   0.091   0.087    11.0    12.4    11.9    12.9    13.6
04125 20191013  2.622 -119.65   44.56    19.7     5.6    12.6    12.0     0.0    12.04 C    28.9     3.2    12.8    58.8    19.9    40.7   0.083   0.057   0.082   0.092   0.087    12.8    13.5    12.5    13.4    14.1
04125 20191014  2.622 -119.65   44.56    17.3     5.3    11.3    10.6     0.0    13.43 C    26.9     0.9    11.1    70.7    29.1    48.8   0.083   0.058   0.084   0.093   0.087    13.7    14.4    13.3    14.0    14.8
04125 20191015  2.622 -119.65   44.56    21.9     2.4    12.2    11.7     0.0    10.19 C    27.2    -1.1    11.9    69.5    19.6    43.3   0.080   0.057   0.083   0.093   0.087    13.0    14.0    13.3    14.0    14.8
04125 20191016  2.622 -119.65   44.56    22.7    10.7    16.7    15.9     0.7     3.23 C    22.8     6.8    14.1    78.1     8.9    29.3   0.080   0.057   0.084   0.093   0.087    13.8    14.5    13.7    14.4    15.0
04125 20191017  2.622 -119.65   44.56    15.7     8.4    12.1    11.3     0.3     9.74 C    27.0     6.4    11.6    79.3    31.4    53.2   0.080   0.057   0.085   0.093   0.087    14.1    14.7    14.0    14.6    15.1
04125 20191018  2.622 -119.65   44.56    15.4     5.7    10.6    11.2     0.0     9.35 C    26.5     3.0    11.4    62.8    24.2    40.2   0.079   0.057   0.084   0.093   0.086    13.5    14.4    14.0    14.5    15.0
04125 20191019  2.622 -119.65   44.56    12.0     5.2     8.6     8.8     3.0     9.41 C    20.5     0.9     8.4    84.5    37.9    54.8   0.078   0.056   0.084   0.093   0.086    12.6    13.9    13.7    14.3    14.8
04125 20191020  2.622 -119.65   44.56     9.7     1.7     5.7     6.7     0.3     4.05 C    13.0    -0.8     6.1    77.8    45.4    63.5   0.077   0.054   0.083   0.092   0.085    10.6    12.4    13.0    13.5    14.0
04125 20191021  2.622 -119.65   44.56    16.8     5.1    11.0    10.4     0.0     6.86 C    25.8     4.4    10.6    82.3    37.7    61.5   0.079   0.054   0.082   0.091   0.084    11.8    12.4    12.7    13.2    13.5
04125 20191022  2.622 -119.65   44.56    22.8     5.5    14.1    14.3     0.0    11.58 C    28.3     0.0    13.0    73.2    16.4    43.4   0.082   0.056   0.084   0.092   0.085    13.5    13.8    13.2    13.7    14.1
04125 20191023  2.622 -119.65   44.56    16.6    -0.8     7.9     7.3     0.0    12.94 C    23.4    -4.7     5.6    72.4    20.5    46.6   0.080   0.055   0.083   0.092   0.085    11.2    12.9    12.9    13.4    14.0
04125 20191024  2.622 -119.65   44.56    19.0     1.3    10.2     8.8     0.0    12.35 C    25.0    -1.6     8.2    68.2    18.5    45.6   0.079   0.054   0.082   0.090   0.084    10.5    12.0    12.0    12.7    13.3
04125 20191025  2.622 -119.65   44.56    23.7     4.1    13.9    13.2     0.0    11.28 C    30.7    -0.4    11.8    62.2    15.2    39.7   0.081   0.054   0.082   0.090   0.084    11.7    12.5    11.9    12.6    13.2
04125 20191026  2.622 -119.65   44.56    10.3    -1.1     4.6     5.7     0.0     7.17 C    20.6    -5.9     5.3    67.6    20.5    43.4   0.080   0.054   0.082   0.090   0.084    10.3    12.1    11.9    12.7    13.3
04125 20191027  2.622 -119.65   44.56     9.6    -4.7     2.4     2.4     0.0    12.40 C    18.2    -9.9     0.9    76.6    15.4    42.7   0.077   0.051   0.081   0.090   0.083     8.6    10.7    11.0    11.8    12.4
04125 20191028  2.622 -119.65   44.56     8.7    -4.6     2.0     2.6     0.0     7.27 C    16.7    -9.9     3.0    59.8    21.9    38.4   0.076   0.048   0.080   0.089   0.082     6.8     9.1     9.8    10.7    11.4
04125 20191029  2.622 -119.65   44.56     3.6   -10.4    -3.4    -3.3     0.0     9.24 C    11.6   -15.6    -4.5    59.4    16.8    35.2   0.075   0.048   0.079   0.088   0.081     6.0     8.6     9.3    10.2    10.8
04125 20191030  2.622 -119.65   44.56    10.8   -10.3     0.2    -1.0     0.0    11.34 C    19.2   -15.8    -2.4    57.3     7.8    30.2   0.073   0.045   0.076   0.086   0.080     4.2     6.9     7.8     8.8     9.7
04125 20191031  2.622 -119.65   44.56    13.7    -2.7     5.5     3.7     0.0     9.99 C    21.6    -8.5     1.7    41.6     8.3    22.0   0.074   0.046   0.076   0.085   0.079     5.7     7.5     7.5     8.5     9.4
04125 20191101  2.622 -119.65   44.56    13.2    -6.1     3.6     2.5     0.0    10.78 C    22.1   -11.2     0.1    57.4    17.1    37.8   0.074   0.046   0.076   0.086   0.079     5.5     7.5     7.5     8.5     9.3
04125 20191102  2.622 -119.65   44.56    16.8    -2.0     7.4     5.2     0.0    10.60 C    24.1    -8.8     2.8    59.3    15.8    40.5   0.074   0.046   0.076   0.085   0.078     6.1     7.8     7.5     8.4     9.3
04125 20191103  2.622 -119.65   44.56    14.9     0.1     7.5     5.9     0.0     9.59 C    23.4    -5.5     4.1    67.0    21.9    43.6   0.075   0.046   0.076   0.086   0.079     7.0     8.3     7.8     8.7     9.5
04125 20191104  2.622 -119.65   44.56    16.8     0.9     8.8     7.2     0.0     9.98 C    24.5    -4.3     5.5    70.8    29.7    53.6   0.075   0.047   0.077   0.086   0.079     7.5     8.7     8.0     8.9     9.8
04125 20191105  2.622 -119.65   44.56    17.0     0.8     8.9     7.1     0.0     9.25 C    24.4    -4.8     5.2    73.9    25.6    53.4   0.075   0.047   0.077   0.087   0.079     8.0     9.2     8.4     9.3    10.1
04125 20191106  2.622 -119.65   44.56    14.3    -4.7     4.8     4.4     0.0     9.69 C    20.9    -9.1     2.1    84.5    31.6    58.8   0.073   0.047   0.077   0.087   0.079     7.1     8.8     8.3     9.2    10.0
04125 20191107  2.622 -119.65   44.56    12.1    -1.8     5.1     3.5     0.0     7.62 C    19.4    -7.9     1.3    81.8    35.1    60.5   0.072   0.046   0.076   0.086   0.079     6.4     8.1     8.0     8.8     9.6
04125 20191108  2.622 -119.65   44.56    19.6    -0.3     9.6     7.2     0.0     9.69 C    24.8    -6.8     4.6    69.9    18.7    47.0   0.072   0.046   0.077   0.086   0.079     6.9     8.2     7.8     8.6     9.4
04125 20191109  2.622 -119.65   44.56    18.1     2.7    10.4     9.5     0.0     8.83 C    25.8    -1.1     8.4    58.2    22.8    41.5   0.073   0.046   0.077   0.086   0.079     8.1     9.0     8.1     9.0     9.8
04125 20191110  2.622 -119.65   44.56    18.4     2.5    10.4    11.5     0.0     6.64 C    28.2    -3.4    10.2    86.2    32.7    49.7   0.074   0.048   0.079   0.086   0.080    10.3    10.4     9.1     9.8    10.5
04125 20191111  2.622 -119.65   44.56    12.5    -1.2     5.6     4.8     0.0     7.25 C    19.9    -6.2     2.9    89.5    40.4    66.7   0.071   0.047   0.079   0.087   0.080     8.0     9.6     9.3    10.0    10.6
04125 20191112  2.622 -119.65   44.56    13.7     4.7     9.2     8.2     0.0     2.71 C    17.5    -1.3     6.7    74.4    32.4    46.1   0.070   0.046   0.078   0.086   0.079     8.0     9.1     8.9     9.5    10.1
04125 20191113  2.622 -119.65   44.56    16.0     0.7     8.4     7.3     0.0     8.70 C    23.5    -4.1     5.6    87.7    43.3    69.1   0.071   0.046   0.079   0.086   0.080     8.7     9.5     9.1     9.7    10.3
04125 20191114  2.622 -119.65   44.56    10.2     0.5     5.4     5.2     0.0     6.29 C    21.5    -4.4     6.2    89.6    56.3    76.8   0.070   0.046   0.079   0.086   0.080     8.2     9.3     9.0     9.7    10.3
04125 20191115  2.622 -119.65   44.56     8.7     0.9     4.8     5.0     1.2     2.67 C    17.2    -1.8     5.2    91.3    62.7    82.8   0.069   0.045   0.079   0.086   0.079     7.9     9.0     9.0     9.6    10.1
04125 20191116  2.622 -119.65   44.56    13.5     0.5     7.0     5.8     0.0     8.15 C    17.4    -1.0     5.3    93.5    42.2    74.7   0.069   0.046   0.079   0.086   0.079     8.3     9.2     9.0     9.6    10.1
04125 20191117  2.622 -119.65   44.56    16.7     3.2    10.0     8.5     0.0     5.16 C    22.1    -1.8     6.9    80.6    33.6    57.1   0.069   0.045   0.079   0.086   0.079     8.3     9.2     8.9     9.5    10.1
04125 20191118  2.622 -119.65   44.56    13.3     3.8     8.5     8.3     0.0     4.96 C    19.0    -2.2     7.0    81.4    49.1    67.2   0.069   0.045   0.079   0.086   0.078     8.5     9.3     9.1     9.6    10.1
04125 20191119  2.622 -119.65   44.56    11.7     3.1     7.4     7.4     0.2     3.07 C    17.3    -1.7     5.9    87.1    48.3    69.5   0.070   0.046   0.079   0.088   0.078     8.7     9.5     9.3     9.8    10.2
04125 20191120  2.622 -119.65   44.56     8.1     0.7     4.4     4.8     0.0     1.20 C     8.0    -5.4     2.9    68.2    37.9    53.9   0.068   0.044   0.079   0.086   0.078     7.0     8.5     8.9     9.4     9.8
04125 20191121  2.622 -119.65   44.56     7.8    -2.8     2.5     2.4     0.0     7.10 C    16.2    -8.8     1.6    83.2    46.0    68.5   0.068   0.043   0.078   0.086   0.077     6.6     8.0     8.4     8.9     9.4
04125 20191122  2.622 -119.65   44.56     9.2    -3.4     2.9     1.2     0.0     7.55 C    14.6    -8.4    -1.0    79.0    39.4    64.9   0.066   0.041   0.077   0.084   0.076     4.7     6.7     7.4     8.1     8.7
04125 20191123  2.622 -119.65   44.56    11.8    -2.0     4.9     2.9     0.0     7.34 C    17.9    -7.2     0.3    75.9    35.3    61.5   0.066   0.040   0.075   0.084   0.074     4.7     6.4     6.7     7.5     8.1
04125 20191124  2.622 -119.65   44.56    13.3     1.4     7.3     5.1     0.0     4.78 C    17.3    -6.2     3.3    66.5    19.9    50.0   0.067   0.040   0.076   0.083   0.073     5.2     6.5     6.6     7.4     8.0
04125 20191125  2.622 -119.65   44.56     6.9    -1.9     2.5     1.8     1.4     3.74 C    14.5    -5.5     1.1    89.0    37.9    71.1   0.067   0.040   0.076   0.083   0.073     5.1     6.6     6.7     7.4     7.9
04125 20191126  2.622 -119.65   44.56     3.5    -3.7    -0.1     0.9     0.0     2.67 C     5.1    -7.4    -0.6    82.1    43.7    60.1   0.065   0.039   0.075   0.084   0.072     3.9     5.6     6.4     7.0     7.5
04125 20191127  2.622 -119.65   44.56     1.5    -1.4     0.1    -0.2     4.9     1.76 C     4.4    -3.5    -0.5    91.8    58.6    84.1   0.066   0.038   0.074   0.083   0.071     3.9     5.4     6.1     6.7     7.1
04125 20191128  2.622 -119.65   44.56    -0.3    -2.4    -1.4    -1.4     0.0     2.63 C     1.8    -2.8    -1.2    86.9    67.1    73.6   0.066   0.047   0.074   0.083   0.070     3.6     4.4     5.9     6.5     6.8
04125 20191129  2.622 -119.65   44.56    -1.2    -9.8    -5.5    -4.1     0.0     4.96 C     3.6   -12.1    -4.2    73.7    46.2    64.2   0.066   0.061   0.075   0.082   0.069     2.7     3.2     5.5     6.1     6.4
04125 20191130  2.622 -119.65   44.56     2.1   -11.8    -4.9    -6.0     0.0     6.14 C     3.2   -12.7    -6.4    75.1    42.6    59.8 -99.000   0.059   0.074   0.081   0.065     0.3     1.5     4.5     5.1     5.5
04125 20191201  2.622 -119.65   44.56     6.4    -0.1     3.2     3.0     0.4     3.51 C     7.9    -3.3     0.3    80.7    45.7    61.9   0.067   0.053   0.073   0.081   0.063     1.8     2.0     3.9     4.6     5.0
04125 20191202  2.622 -119.65   44.56    10.2    -3.6     3.3     2.3     0.0     6.73 C    11.9    -6.4    -0.6    86.0    48.7    71.1   0.068   0.044   0.073   0.081   0.064     2.8     3.0     4.1     4.8     5.3
04125 20191203  2.622 -119.65   44.56    11.0    -1.6     4.7     3.7     0.0     6.71 C    12.3    -6.3     0.2    83.6    48.7    69.8   0.069   0.031   0.073   0.081   0.064     2.9     3.3     4.2     4.9     5.4
04125 20191204  2.622 -119.65   44.56    11.0    -1.4     4.8     4.3     0.0     4.89 C    13.1    -5.0     0.8    86.4    48.2    69.3   0.070   0.031   0.073   0.081   0.064     3.3     3.8     4.3     5.0     5.6
04125 20191205  2.622 -119.65   44.56     9.3    -0.4     4.4     3.9     0.0     4.84 C    13.6    -3.6     1.3    78.0    50.5    66.9   0.071   0.032   0.072   0.081   0.064     3.5     4.1     4.4     5.1     5.7
04125 20191206  2.622 -119.65   44.56    11.4     2.9     7.1     7.9     0.6     3.61 C    13.7    -2.4     4.6    71.7    44.6    54.2   0.072   0.040   0.073   0.081   0.065     4.5     4.9     4.8     5.4     5.9
04125 20191207  2.622 -119.65   44.56    11.3     5.4     8.3     8.6     0.9     1.89 C    11.9     2.6     6.3    91.3    48.2    65.6   0.075   0.044   0.075   0.082   0.069     6.1     6.1     5.7     6.2     6.6
04125 20191208  2.622 -119.65   44.56     7.7     3.5     5.6     6.1     0.8     1.30 C    10.1     0.9     5.9    91.9    79.7    87.4   0.077   0.045   0.075   0.082   0.071     6.5     6.7     6.4     6.8     7.1
04125 20191209  2.622 -119.65   44.56     8.6    -0.8     3.9     2.8     0.0     4.88 C    11.9    -4.3     1.5    92.2    60.6    82.7   0.076   0.046   0.075   0.083   0.072     5.4     6.2     6.5     6.9     7.2
04125 20191210  2.622 -119.65   44.56     8.8    -0.9     3.9     2.9     0.0     6.08 C    12.1    -4.5     1.2    83.2    49.1    72.6   0.076   0.045   0.075   0.082   0.070     4.0     5.1     5.7     6.2     6.6
04125 20191211  2.622 -119.65   44.56     9.7     0.4     5.0     5.5     0.3     2.09 C    10.9    -2.1     4.1    89.2    53.0    69.7   0.077   0.046   0.075   0.081   0.069     4.9     5.4     5.5     6.0     6.5
04125 20191212  2.622 -119.65   44.56    11.6     0.0     5.8     6.5     1.2     2.72 C    11.3    -3.9     3.1    90.2    43.9    68.8   0.079   0.047   0.074   0.083   0.070     5.6     6.1     6.1     6.5     6.8
04125 20191213  2.622 -119.65   44.56     6.4    -0.4     3.0     3.3     0.0     1.28 C     6.9    -3.9     1.1    86.0    58.5    73.1   0.078   0.047   0.075   0.082   0.070     3.9     5.1     5.7     6.1     6.4
04125 20191214  2.622 -119.65   44.56     6.6    -2.9     1.8     1.7     0.0     3.63 C    12.1    -5.1     0.8    91.1    47.7    74.7   0.079   0.046   0.075   0.082   0.068     4.1     4.9     5.5     5.8     6.1
04125 20191215  2.622 -119.65   44.56     5.8    -3.9     0.9    -0.2     0.0     3.28 C     8.4    -8.1    -2.5    85.1    37.9    67.3   0.078   0.045   0.074   0.081   0.067     2.5     4.0     5.0     5.4     5.7
04125 20191216  2.622 -119.65   44.56     4.8    -5.5    -0.4    -0.4     0.0     6.34 C     4.9    -7.5    -3.3    75.2    39.9    56.4   0.077   0.044   0.073   0.080   0.064     1.2     2.9     4.1     4.6     4.8
04125 20191217  2.622 -119.65   44.56     5.4    -0.6     2.4     2.4     0.0     4.94 C     6.3    -7.9    -1.2    45.4    28.4    34.5   0.080   0.044   0.071   0.079   0.061     1.0     2.5     3.3     3.9     4.3
04125 20191218  2.622 -119.65   44.56     8.6    -1.0     3.8     3.7     0.0     4.12 C    10.6    -5.5     0.9    60.9    22.0    40.8   0.079   0.044   0.072   0.079   0.059     1.8     2.8     3.1     3.8     4.2
04125 20191219  2.622 -119.65   44.56    12.5     3.5     8.0     8.0     0.4     1.47 C     9.1    -0.3     4.9    77.1    44.9    59.3   0.081   0.045   0.072   0.079   0.062     3.7     4.0     3.6     4.2     4.6
04125 20191220  2.622 -119.65   44.56    14.8    10.8    12.8    12.7     0.0     3.84 C    16.1     6.0     8.8    47.8    36.1    41.9   0.086   0.048   0.074   0.081   0.066     6.5     6.0     5.0     5.4     5.8
04125 20191221  2.622 -119.65   44.56    15.5     3.9     9.7    12.1     0.0     2.28 C    15.8    -2.1     7.2    54.4    22.1    32.7   0.087   0.050   0.075   0.082   0.070     7.1     7.1     6.1     6.4     6.8
04125 20191222  2.622 -119.65   44.56    10.7     0.1     5.4     5.4     0.0     4.82 C    15.7    -2.9     3.7    77.3    38.7    58.9   0.086   0.049   0.074   0.082   0.070     5.5     6.1     6.0     6.4     6.7
04125 20191223  2.622 -119.65   44.56     7.1    -2.9     2.1     3.2     0.5     3.31 C    11.5    -7.3     2.0    88.8    55.5    76.2   0.086   0.048   0.074   0.082   0.070     5.3     6.0     5.9     6.2     6.6
04125 20191224  2.622 -119.65   44.56     4.6    -6.4    -0.9    -1.9     0.0     6.25 C     6.7    -8.9    -4.0    85.8    47.2    73.0   0.084   0.047   0.074   0.081   0.068     2.5     4.2     5.1     5.5     5.9
04125 20191225  2.622 -119.65   44.56     2.1    -6.1    -2.0    -1.4     0.0     3.66 C     5.8    -9.5    -2.1    84.7    56.9    69.5   0.081   0.044   0.072   0.080   0.064     1.0     2.7     3.8     4.4     4.7
04125 20191226  2.622 -119.65   44.56     3.1    -5.9    -1.4    -0.9     0.0     3.04 C     7.9    -9.9    -2.4    83.2    55.8    71.3   0.083   0.044   0.071   0.079   0.062     1.7     2.9     3.5     4.0     4.3
04125 20191227  2.622 -119.65   44.56     3.5    -6.0    -1.2    -0.2     0.0     3.62 C    10.8   -10.0    -1.0    81.9    51.8    65.9   0.081   0.043   0.072   0.079   0.060     1.0     2.3     3.2     3.7     4.0
04125 20191228  2.622 -119.65   44.56     5.7    -2.0     1.8     1.4     0.0     2.95 C    10.4    -5.5     0.4    83.1    48.4    67.1   0.084   0.044   0.072   0.079   0.060     2.0     2.8     3.2     3.6     4.0
04125 20191229  2.622 -119.65   44.56     8.5     0.7     4.6     3.3     0.0     4.64 C    12.5    -3.3     2.3    78.9    48.1    64.8   0.085   0.045   0.072   0.079   0.062     3.0     3.5     3.5     3.9     4.3
04125 20191230  2.622 -119.65   44.56     4.1     0.4     2.3     2.1     0.0     1.79 C     7.7     0.2     2.6    76.7    63.0    70.2   0.085   0.045   0.073   0.080   0.063     3.3     3.9     3.9     4.3     4.7
04125 20191231  2.622 -119.65   44.56    13.5     2.8     8.1     7.3     2.0     2.27 C    13.3     1.2     5.7    87.6    31.6    55.2   0.087   0.046   0.073   0.080   0.065     4.5     4.5     4.3     4.7     5.0
