03761 20190101  2.622  -75.79   39.86 -9999.0 -9999.0 -9999.0 -9999.0     0.8 -9999.00 U -9999.0 -9999.0 -9999.0 -9999.0 -9999.0 -9999.0   0.384   0.385   0.378   0.295   0.332     5.7     5.0     4.8     4.9     5.7
03761 20190102  2.622  -75.79   39.86 -9999.0 -9999.0 -9999.0 -9999.0     0.0 -9999.00 U -9999.0 -9999.0 -9999.0 -9999.0 -9999.0 -9999.0   0.370   0.370   0.364   0.287   0.322     4.6     4.6     4.9     5.3     5.8
03761 20190103  2.622  -75.79   39.86 -9999.0 -9999.0 -9999.0 -9999.0     0.0 -9999.00 U -9999.0 -9999.0 -9999.0 -9999.0 -9999.0 -9999.0   0.364   0.365   0.359   0.284   0.317     4.5     4.5     4.7     5.2     5.9
03761 20190104  2.622  -75.79   39.86 -9999.0 -9999.0 -9999.0 -9999.0     0.7 -9999.00 U -9999.0 -9999.0 -9999.0 -9999.0 -9999.0 -9999.0   0.359   0.361   0.356   0.282   0.314     3.2     3.4     4.0     5.0     5.9
03761 20190105  2.622  -75.79   39.86 -9999.0 -9999.0 -9999.0 -9999.0     8.1 -9999.00 U -9999.0 -9999.0 -9999.0 -9999.0 -9999.0 -9999.0   0.383   0.382   0.369   0.285   0.312     4.6     4.3     4.4     4.8     5.8
03761 20190106  2.622  -75.79   39.86 -9999.0 -9999.0 -9999.0 -9999.0     0.0 -9999.00 U -9999.0 -9999.0 -9999.0 -9999.0 -9999.0 -9999.0   0.376   0.376   0.368   0.288   0.314     4.2     4.2     4.5     5.0     5.8
03761 20190107  2.622  -75.79   39.86 -9999.0 -9999.0 -9999.0 -9999.0     0.0 -9999.00 U -9999.0 -9999.0 -9999.0 -9999.0 -9999.0 -9999.0   0.366   0.367   0.361   0.285   0.314     2.6     3.0     3.8     4.8     5.8
03761 20190108  2.622  -75.79   39.86 -9999.0 -9999.0 -9999.0 -9999.0     6.5 -9999.00 U -9999.0 -9999.0 -9999.0 -9999.0 -9999.0 -9999.0   0.372   0.370   0.360   0.283   0.312     3.2     3.1     3.5     4.4     5.7
03761 20190109  2.622  -75.79   39.86 -9999.0 -9999.0 -9999.0 -9999.0     0.0 -9999.00 U -9999.0 -9999.0 -9999.0 -9999.0 -9999.0 -9999.0   0.382   0.380   0.370   0.285   0.310     3.6     3.7     3.9     4.5     5.5
03761 20190110  2.622  -75.79   39.86 -9999.0 -9999.0 -9999.0 -9999.0     0.0 -9999.00 U -9999.0 -9999.0 -9999.0 -9999.0 -9999.0 -9999.0   0.366   0.369   0.363   0.285   0.310     2.0     2.4     3.2     4.3     5.5
03761 20190111  2.622  -75.79   39.86 -9999.0 -9999.0 -9999.0 -9999.0     0.0 -9999.00 U -9999.0 -9999.0 -9999.0 -9999.0 -9999.0 -9999.0   0.353   0.362   0.358   0.283   0.308     1.3     1.7     2.4     3.9     5.3
03761 20190112  2.622  -75.79   39.86 -9999.0 -9999.0 -9999.0 -9999.0     2.0 -9999.00 U -9999.0 -9999.0 -9999.0 -9999.0 -9999.0 -9999.0   0.339   0.354   0.353   0.281   0.307     0.9     1.2     2.0     3.4     5.1
03761 20190113  2.622  -75.79   39.86 -9999.0 -9999.0 -9999.0 -9999.0     2.4 -9999.00 U -9999.0 -9999.0 -9999.0 -9999.0 -9999.0 -9999.0   0.341   0.350   0.349   0.279   0.305     0.8     1.1     1.8     3.1     4.8
03761 20190114  2.622  -75.79   39.86 -9999.0 -9999.0 -9999.0 -9999.0     0.0 -9999.00 U -9999.0 -9999.0 -9999.0 -9999.0 -9999.0 -9999.0   0.346   0.351   0.347   0.277   0.304     0.8     1.1     1.7     2.9     4.6
03761 20190115  2.622  -75.79   39.86 -9999.0 -9999.0 -9999.0 -9999.0     0.0 -9999.00 U -9999.0 -9999.0 -9999.0 -9999.0 -9999.0 -9999.0   0.343   0.350   0.345   0.276   0.302     0.8     1.0     1.6     2.8     4.4
03761 20190116  2.622  -75.79   39.86 -9999.0 -9999.0 -9999.0 -9999.0     0.0 -9999.00 U -9999.0 -9999.0 -9999.0 -9999.0 -9999.0 -9999.0   0.339   0.348   0.344   0.274   0.301     0.7     0.9     1.5     2.6     4.3
03761 20190117  2.622  -75.79   39.86 -9999.0 -9999.0 -9999.0 -9999.0     0.4 -9999.00 U -9999.0 -9999.0 -9999.0 -9999.0 -9999.0 -9999.0   0.343   0.347   0.342   0.273   0.299     0.7     0.9     1.4     2.5     4.1
03761 20190118  2.622  -75.79   39.86 -9999.0 -9999.0 -9999.0 -9999.0     1.3 -9999.00 U -9999.0 -9999.0 -9999.0 -9999.0 -9999.0 -9999.0   0.349   0.348   0.340   0.272   0.298     0.7     0.9     1.4     2.4     4.0
03761 20190119  2.622  -75.79   39.86 -9999.0 -9999.0 -9999.0 -9999.0    19.5 -9999.00 U -9999.0 -9999.0 -9999.0 -9999.0 -9999.0 -9999.0   0.367   0.361   0.346   0.272   0.297     0.7     0.8     1.3     2.3     3.9
03761 20190120  2.622  -75.79   39.86 -9999.0 -9999.0 -9999.0 -9999.0    15.7 -9999.00 U -9999.0 -9999.0 -9999.0 -9999.0 -9999.0 -9999.0   0.399   0.399   0.383   0.299   0.342     0.9     1.0     1.3     2.1     3.7
03761 20190121  2.622  -75.79   39.86    -9.0   -14.0   -11.5   -11.2     0.0    11.57 C    -4.0   -14.4   -10.6    48.3    33.5    39.9 -99.000   0.367   0.364   0.286   0.323     0.4     0.6     1.2     2.2     3.6
03761 20190122  2.622  -75.79   39.86    -1.4   -11.7    -6.6    -6.7     0.0    10.91 C     7.8   -13.8    -5.9    60.1    30.9    46.6 -99.000 -99.000   0.355   0.282   0.317    -0.1     0.2     0.8     2.0     3.6
03761 20190123  2.622  -75.79   39.86    11.7    -4.1     3.8     2.6     0.0     4.89 C    12.0    -6.9     1.8    83.4    46.9    64.5 -99.000 -99.000   0.354   0.279   0.314    -0.1     0.1     0.7     1.8     3.5
03761 20190124  2.622  -75.79   39.86    14.9    -0.6     7.2     8.6    36.7     1.30 C    13.4    -3.5     6.8    99.0    57.4    84.7 -99.000 -99.000   0.389   0.299   0.345    -0.1     0.1     0.5     1.6     3.2
03761 20190125  2.622  -75.79   39.86     2.4    -4.6    -1.1    -0.5 -9999.0    10.12 C     9.0    -9.0    -2.3    73.9    27.2    48.2 -99.000 -99.000   0.380   0.292   0.328     0.0     0.1     0.5     1.5     3.0
03761 20190126  2.622  -75.79   39.86     1.5    -8.9    -3.7    -3.3 -9999.0     9.65 C     9.3   -12.0    -4.1    83.9    35.2    54.8 -99.000 -99.000   0.370   0.284   0.320     0.1     0.2     0.6     1.5     3.0
03761 20190127  2.622  -75.79   39.86     6.0    -6.1    -0.1     0.7 -9999.0     7.44 C     9.3    -9.1    -1.2    88.4    44.3    65.1 -99.000 -99.000   0.363   0.285   0.317     0.1     0.2     0.6     1.5     2.9
03761 20190128  2.622  -75.79   39.86     0.9    -6.2    -2.6    -2.9 -9999.0     8.62 C     8.1   -10.0    -3.9    73.1    34.9    48.2 -99.000 -99.000   0.357   0.280   0.314     0.2     0.3     0.7     1.6     2.9
03761 20190129  2.622  -75.79   39.86     3.2    -5.9    -1.3    -1.0 -9999.0     2.53 C     5.9    -9.7    -1.5    96.2    60.1    78.9   0.315 -99.000   0.355   0.282   0.312     0.2     0.3     0.7     1.6     2.8
03761 20190130  2.622  -75.79   39.86    -0.8   -16.4    -8.6    -8.9 -9999.0    10.20 C    -0.7   -20.1   -10.9    83.6    38.1    57.1   0.330 -99.000   0.351   0.280   0.310     0.2     0.3     0.7     1.5     2.8
03761 20190131  2.622  -75.79   39.86   -10.4   -18.5   -14.4   -14.4 -9999.0    12.94 C    -7.1   -23.0   -16.4    68.3    32.2    47.2 -99.000 -99.000   0.350   0.279   0.308     0.1     0.2     0.6     1.5     2.8
03761 20190201  2.622  -75.79   39.86    -9.1   -15.8   -12.5   -12.1 -9999.0     6.44 C    -5.3   -20.5   -12.5    88.8    67.1    77.8 -99.000 -99.000   0.351   0.275   0.307    -0.2     0.0     0.5     1.4     2.8
03761 20190202  2.622  -75.79   39.86    -1.9   -15.9    -8.9    -8.0 -9999.0    11.30 C    -1.2   -20.2   -10.7    88.4    62.6    79.3 -99.000 -99.000   0.347   0.277   0.305    -0.2    -0.1     0.4     1.3     2.7
03761 20190203  2.622  -75.79   39.86     8.9    -8.5     0.2    -0.2 -9999.0    10.73 C    10.2   -11.0    -2.5    92.3    53.1    76.4 -99.000 -99.000   0.344   0.276   0.303    -0.2    -0.1     0.4     1.3     2.6
03761 20190204  2.622  -75.79   39.86    14.7    -3.6     5.5     4.2 -9999.0    12.84 C    17.2    -5.4     2.4    93.5    44.7    76.1 -99.000 -99.000   0.348   0.280   0.303    -0.2    -0.1     0.4     1.2     2.6
03761 20190205  2.622  -75.79   39.86 -9999.0 -9999.0 -9999.0 -9999.0 -9999.0 -9999.00 U -9999.0 -9999.0 -9999.0 -9999.0 -9999.0 -9999.0 -99.000 -99.000 -99.000 -99.000 -99.000 -9999.0 -9999.0 -9999.0 -9999.0 -9999.0
03761 20190206  2.622  -75.79   39.86     9.1     0.9     5.0     5.2     5.3     7.91 C    14.6    -2.5     3.8    95.5    62.0    81.6 -99.000 -99.000   0.364   0.283   0.303    -0.1    -0.1     0.4     1.1     2.5
03761 20190207  2.622  -75.79   39.86    10.6     3.7     7.1     5.7     1.2     7.49 C    15.6     2.0     6.0    97.2    74.1    91.0 -99.000 -99.000 -99.000   0.292   0.328     0.1     0.0     0.4     1.1     2.4
03761 20190208  2.622  -75.79   39.86    10.9    -1.1     4.9     5.0     0.8     8.13 C    12.9    -3.8     3.5    97.6    25.5    67.9   0.374   0.395   0.373   0.285   0.323     1.5     0.9     0.9     1.3     2.4
03761 20190209  2.622  -75.79   39.86    -1.1    -7.1    -4.1    -3.5     0.0    14.01 C     7.2   -10.6    -3.8    65.7    32.5    42.0   0.344   0.369   0.363   0.287   0.317     0.8     0.7     1.1     1.6     2.5
03761 20190210  2.622  -75.79   39.86     0.7    -9.3    -4.3    -3.5     2.4    11.84 C    10.4   -12.0    -2.6    90.9    37.5    59.3   0.326 -99.000   0.356   0.284   0.311     0.4     0.4     0.8     1.6     2.6
03761 20190211  2.622  -75.79   39.86     0.5    -2.8    -1.2    -1.3     7.2     3.51 C     0.5    -2.8    -1.4    93.6    79.0    89.7   0.328 -99.000   0.351   0.283   0.307     0.4     0.3     0.7     1.5     2.6
03761 20190212  2.622  -75.79   39.86     2.5    -1.7     0.4     0.2    18.7     1.86 C     0.4    -2.0    -0.4    96.7    87.6    91.5   0.367 -99.000   0.366   0.286   0.315     0.3     0.3     0.7     1.5     2.6
03761 20190213  2.622  -75.79   39.86     3.6     0.3     2.0     1.9     0.5     8.37 C     1.1    -4.3    -0.5    97.9    47.4    66.8   0.395 -99.000   0.385   0.298   0.338     0.3     0.2     0.6     1.3     2.5
03761 20190214  2.622  -75.79   39.86     7.4    -2.2     2.6     2.4     0.0    11.66 C    10.1    -8.0    -0.5    69.4    35.4    52.4   0.385 -99.000   0.377   0.291   0.329     0.4     0.2     0.6     1.3     2.4
03761 20190215  2.622  -75.79   39.86    15.6     2.7     9.2     9.6     0.0    10.57 C    20.2    -2.0     7.2    69.8    28.1    53.7   0.380 -99.000   0.376   0.296   0.326     1.6     1.0     0.9     1.4     2.4
03761 20190216  2.622  -75.79   39.86     7.0    -2.8     2.1     2.3     0.0    15.29 C    13.6    -7.4     1.7    67.6    33.7    47.2   0.359   0.374   0.370   0.293   0.324     2.4     1.9     1.9     1.9     2.4
03761 20190217  2.622  -75.79   39.86     1.5    -5.4    -2.0    -1.0     4.3     8.18 C    10.0    -9.1    -0.7    94.5    46.0    65.8   0.346   0.365   0.362   0.287   0.320     1.2     1.2     1.6     2.1     2.6
03761 20190218  2.622  -75.79   39.86     6.1    -0.4     2.9     2.1     2.1     6.94 C     9.2    -3.1     1.8    97.5    52.0    74.5   0.378   0.385   0.374   0.286   0.317     1.7     1.4     1.5     2.1     2.7
03761 20190219  2.622  -75.79   39.86     1.0    -4.6    -1.8    -1.6     0.0    15.23 C     9.8    -9.2    -1.4    62.2    32.3    47.0   0.349   0.369   0.365   0.286   0.317     1.2     1.1     1.5     2.1     2.7
03761 20190220  2.622  -75.79   39.86     0.3    -4.1    -1.9    -1.8    17.4     2.97 C    -0.1    -4.2    -1.8    95.4    47.9    77.3   0.338   0.362   0.359   0.283   0.315     0.8     0.8     1.2     2.0     2.8
03761 20190221  2.622  -75.79   39.86     8.6     0.0     4.3     3.9     0.2    15.68 C     8.7    -1.4     1.6    96.6    40.4    76.2   0.386   0.390   0.379   0.295   0.328     0.8     0.7     1.1     1.8     2.7
03761 20190222  2.622  -75.79   39.86     6.9    -0.2     3.4     4.3     0.0     7.90 C    11.0    -3.2     2.8    79.3    41.0    53.1   0.367   0.378   0.372   0.289   0.329     1.9     1.4     1.5     1.9     2.6
03761 20190223  2.622  -75.79   39.86     3.8    -1.0     1.4     1.8     0.3     4.87 C     7.9    -3.7     1.5    92.1    59.6    69.6   0.354   0.369   0.364   0.285   0.321     1.8     1.6     1.8     2.1     2.7
03761 20190224  2.622  -75.79   39.86     8.5     1.8     5.2     4.8    10.5     3.01 C     7.6     0.5     4.0    96.4    36.6    84.5   0.384   0.389   0.378   0.293   0.324     2.7     2.2     2.2     2.3     2.8
03761 20190225  2.622  -75.79   39.86     5.2    -0.7     2.3     2.4     0.0    17.56 C     9.4    -5.0     1.0    39.5    25.6    32.8   0.354   0.373   0.368   0.288   0.325     2.0     1.9     2.2     2.5     2.9
03761 20190226  2.622  -75.79   39.86     3.6    -3.2     0.2     0.2     0.0    12.71 C    10.1    -6.7     0.1    47.4    35.1    41.5   0.332   0.361   0.360   0.284   0.320     1.2     1.2     1.7     2.4     3.0
03761 20190227  2.622  -75.79   39.86     2.1    -4.6    -1.2    -1.1     0.0    11.00 C    12.7    -7.5     0.5    86.1    35.4    53.1   0.332   0.358   0.356   0.282   0.316     1.2     1.1     1.5     2.2     2.9
03761 20190228  2.622  -75.79   39.86     2.7    -1.1     0.8     0.7     0.0    16.42 C    14.9    -6.7     2.0    90.8    35.2    57.2   0.332   0.357   0.353   0.280   0.314     1.9     1.6     1.8     2.2     2.9
03761 20190301  2.622  -75.79   39.86     1.0    -2.9    -1.0    -0.8    14.0     6.85 C     0.4    -3.2    -1.1    92.6    43.6    82.0   0.328   0.354   0.352   0.279   0.312     1.4     1.4     1.8     2.3     2.9
03761 20190302  2.622  -75.79   39.86     2.3    -0.5     0.9     0.6     9.2     7.30 C     1.2    -3.0    -0.1    92.9    80.5    88.7   0.374   0.393   0.384   0.296   0.348     1.3     1.1     1.5     2.2     2.9
03761 20190303  2.622  -75.79   39.86     4.0     0.0     2.0     1.5    19.4     5.46 C     8.2    -2.7     1.0    96.4    61.1    78.3   0.379   0.385   0.378   0.292   0.330     1.6     1.4     1.6     2.2     2.9
03761 20190304  2.622  -75.79   39.86     0.8    -5.1    -2.2    -0.6     0.6    14.30 C     0.3   -10.7    -2.5    94.7    36.7    65.8   0.385   0.391   0.383   0.296   0.331     1.5     1.4     1.7     2.2     2.9
03761 20190305  2.622  -75.79   39.86    -0.8    -9.8    -5.3    -4.9     0.0    19.26 C     0.2   -14.1    -7.2    80.4    40.1    51.8   0.357   0.375   0.370   0.289   0.327     0.9     0.9     1.4     2.2     2.8
03761 20190306  2.622  -75.79   39.86    -4.5    -8.9    -6.7    -6.8     0.0    17.54 C    -1.0   -14.2    -8.8    56.8    40.6    48.9   0.338   0.364   0.362   0.285   0.321     0.6     0.6     1.1     2.0     2.8
03761 20190307  2.622  -75.79   39.86     0.2    -9.5    -4.6    -4.0     0.0    13.19 C     1.9   -14.4    -5.8    72.4    41.4    57.3   0.320 -99.000   0.356   0.282   0.317     0.4     0.5     1.0     1.8     2.7
03761 20190308  2.622  -75.79   39.86     3.0    -7.9    -2.4    -1.6     0.3    10.05 C     7.3   -11.8    -2.1    94.2    38.6    71.8   0.314 -99.000   0.351   0.280   0.315     0.4     0.4     0.8     1.6     2.6
03761 20190309  2.622  -75.79   39.86     8.1    -0.3     3.9     2.4     0.0    18.19 C    16.5    -2.9     3.7    98.0    41.9    77.4   0.349 -99.000   0.362   0.286   0.313     0.4     0.4     0.8     1.6     2.6
03761 20190310  2.622  -75.79   39.86     9.2     1.5     5.4     5.3    18.6     4.17 C    13.2    -0.2     4.9    97.9    84.0    93.1   0.392   0.416   0.386   0.300   0.345     1.2     0.8     1.0     1.5     2.4
03761 20190311  2.622  -75.79   39.86    11.9     2.5     7.2     7.1     0.0    14.40 C    15.0    -1.1     5.4    98.3    25.7    54.0   0.367   0.378   0.372   0.292   0.328     2.8     2.0     1.9     1.9     2.4
03761 20190312  2.622  -75.79   39.86     6.3    -3.1     1.6     2.7     0.0    20.43 C    15.7    -7.5     2.1    77.5    30.9    45.4   0.351   0.369   0.364   0.285   0.322     2.7     2.3     2.4     2.4     2.6
03761 20190313  2.622  -75.79   39.86    11.3    -5.5     2.9     3.3     0.0    17.88 C    23.4    -9.0     4.8    87.3    30.9    59.5   0.339   0.362   0.359   0.283   0.318     2.8     2.3     2.4     2.6     2.8
03761 20190314  2.622  -75.79   39.86    19.7     0.7    10.2    10.4     0.0    17.73 C    29.4    -2.5    10.6    80.9    47.2    64.9   0.336   0.360   0.356   0.282   0.316     4.9     3.8     3.4     2.9     2.9
03761 20190315  2.622  -75.79   39.86    23.3    10.9    17.1    17.5     4.1    13.43 C    33.9     6.1    16.7    80.3    42.5    65.1   0.333   0.357   0.353   0.281   0.314     8.1     6.5     5.5     3.9     3.3
03761 20190316  2.622  -75.79   39.86    10.9     1.2     6.0     6.1     0.0    17.07 C    18.8    -2.5     5.4    55.6    34.8    43.8   0.342   0.360   0.353   0.280   0.312     6.8     6.4     6.2     5.1     3.9
03761 20190317  2.622  -75.79   39.86     6.5    -2.8     1.8     1.8     0.0    18.92 C    19.9    -7.8     1.3    69.9    27.2    43.6   0.328   0.355   0.352   0.279   0.310     4.3     4.3     4.7     5.0     4.3
03761 20190318  2.622  -75.79   39.86     6.9    -2.6     2.2     1.8     0.0    15.98 C    23.3    -7.1     2.9    79.1    33.3    50.8   0.321   0.352   0.349   0.278   0.308     4.0     3.8     4.1     4.5     4.4
03761 20190319  2.622  -75.79   39.86     8.3    -3.9     2.2     2.5     0.0    21.62 C    25.6    -8.9     3.0    77.0    21.9    46.8   0.315   0.349   0.346   0.277   0.306     4.1     3.7     4.0     4.4     4.4
03761 20190320  2.622  -75.79   39.86    10.7    -4.7     3.0     3.8     0.0    17.55 C    22.1    -8.1     5.1    84.7    22.0    57.0   0.310   0.346   0.344   0.276   0.304     4.2     3.7     4.0     4.3     4.4
03761 20190321  2.622  -75.79   39.86     9.7     4.7     7.2     7.5    45.1     1.39 C     9.9     0.2     7.1    94.0    63.6    89.1   0.362   0.381   0.366   0.289   0.325     5.5     4.8     4.7     4.5     4.4
03761 20190322  2.622  -75.79   39.86     9.4     2.0     5.7     5.6     8.0    12.48 C    15.5     1.1     5.8    92.3    46.1    66.5   0.383   0.393   0.381   0.297   0.344     5.8     5.4     5.3     5.0     4.6
03761 20190323  2.622  -75.79   39.86     9.2     0.4     4.8     4.5     0.0    22.37 C    13.4    -0.7     4.4    57.9    21.0    38.6   0.352   0.369   0.365   0.287   0.324     4.3     4.3     4.6     5.0     4.7
03761 20190324  2.622  -75.79   39.86    16.2    -0.6     7.8     8.8     0.0    20.92 C    25.1    -3.3     9.6    53.0    16.6    33.4   0.336   0.362   0.359   0.284   0.318     5.0     4.5     4.5     4.7     4.8
03761 20190325  2.622  -75.79   39.86    13.2     3.0     8.1     7.5     7.4     7.27 C    24.1     3.0     7.8    89.4    40.6    65.9   0.343   0.363   0.356   0.283   0.315     6.3     5.7     5.5     5.1     4.8
03761 20190326  2.622  -75.79   39.86     7.9    -1.2     3.4     3.1     0.0    23.21 C    20.5    -6.4     3.6    88.4    15.7    33.4   0.364   0.374   0.363   0.283   0.313     5.3     5.0     5.3     5.4     5.0
03761 20190327  2.622  -75.79   39.86     9.8    -4.8     2.5     2.9     0.0    22.61 C    24.5    -9.2     3.9    72.8    19.1    41.3   0.343   0.364   0.359   0.282   0.312     4.8     4.5     4.8     5.2     5.1
03761 20190328  2.622  -75.79   39.86    13.9    -4.1     4.9     5.6     0.0    21.37 C    25.5    -7.5     7.0    90.4    31.9    64.7   0.333   0.359   0.355   0.281   0.310     5.4     4.8     5.0     5.2     5.1
03761 20190329  2.622  -75.79   39.86    15.6     6.0    10.8    11.5     0.0     6.98 C    21.2     1.3    10.7    82.0    53.1    68.8   0.327   0.355   0.352   0.280   0.309     7.0     6.1     5.9     5.5     5.2
03761 20190330  2.622  -75.79   39.86    23.5     9.5    16.5    16.0     0.0    17.31 C    33.5     5.1    15.9    79.1    28.6    55.5   0.321   0.352   0.349   0.280   0.307     9.0     7.7     7.1     6.1     5.4
03761 20190331  2.622  -75.79   39.86    15.5    -0.3     7.6     9.8     1.9    10.41 C    17.9    -3.0     7.8    85.7    35.7    55.4   0.316   0.349   0.347   0.279   0.306     8.7     8.1     7.9     7.0     5.7
03761 20190401  2.622  -75.79   39.86     6.7    -2.5     2.1     1.5     0.0    23.97 C    18.0    -7.1     2.4    73.5    26.3    41.1   0.313   0.347   0.344   0.277   0.303     5.6     5.8     6.4     6.8     6.1
03761 20190402  2.622  -75.79   39.86     9.7    -4.1     2.8     3.9     0.0    13.41 C    22.2    -7.6     4.9    83.1    35.2    62.1   0.306   0.344   0.342   0.276   0.302     5.3     5.1     5.6     6.2     6.1
03761 20190403  2.622  -75.79   39.86    18.1     0.4     9.3    10.0     0.0    23.69 C    25.6    -4.1     9.2    84.6    17.4    44.8   0.301   0.341   0.339   0.275   0.301     6.6     6.0     6.0     6.1     6.0
03761 20190404  2.622  -75.79   39.86    16.3     3.0     9.6    10.8     0.0    21.30 C    28.5    -2.0    10.5    61.1    25.7    35.7   0.292   0.337   0.336   0.274   0.299     7.4     6.7     6.6     6.4     6.0
03761 20190405  2.622  -75.79   39.86    10.4     3.9     7.1     6.0     3.3     5.77 C    14.3     4.1     6.4    94.9    24.7    56.6   0.287   0.334   0.333   0.273   0.298     7.0     6.7     6.9     6.8     6.1
03761 20190406  2.622  -75.79   39.86    17.6     3.9    10.8    10.4     0.0    21.12 C    31.6     3.8    12.7    97.3    49.8    76.3   0.293   0.334   0.330   0.272   0.297     8.3     7.3     7.0     6.8     6.3
03761 20190407  2.622  -75.79   39.86    20.4     3.6    12.0    12.8     0.6    17.66 C    33.8     1.1    14.4    94.7    43.4    70.5   0.291   0.334   0.330   0.270   0.296     9.8     8.7     8.3     7.4     6.4
03761 20190408  2.622  -75.79   39.86    25.1    10.9    18.0    18.5     3.1    17.62 C    34.6     8.7    18.6    94.5    45.1    68.9   0.293   0.333   0.329   0.270   0.294    11.9    10.5     9.7     8.2     6.8
03761 20190409  2.622  -75.79   39.86    23.4    12.0    17.7    18.5     0.0    17.47 C    33.6     6.4    18.7    91.9    15.2    54.1   0.290   0.332   0.328   0.270   0.293    13.2    11.9    11.1     9.2     7.3
03761 20190410  2.622  -75.79   39.86    16.2     3.5     9.8    11.2     0.0    21.20 C    26.5     0.0    11.1    78.9    30.4    44.9   0.281   0.328   0.326   0.268   0.292    11.3    10.8    10.8     9.9     7.9
03761 20190411  2.622  -75.79   39.86    13.0     4.6     8.8     8.6     0.0    15.84 C    25.8     2.1    10.9    66.4    38.4    51.5   0.273   0.322   0.322   0.268   0.291    10.4     9.9    10.1     9.7     8.2
03761 20190412  2.622  -75.79   39.86    23.6     7.4    15.5    14.3     6.3    10.80 C    31.5     6.5    15.5    95.7    49.8    76.7   0.269   0.318   0.319   0.266   0.290    11.4    10.5    10.3     9.7     8.4
03761 20190413  2.622  -75.79   39.86    23.1    15.0    19.0    18.1     2.5    15.86 C    33.3    11.2    18.7    95.4    51.4    77.6   0.284   0.325   0.319   0.266   0.289    13.7    12.3    11.6    10.2     8.6
03761 20190414  2.622  -75.79   39.86    22.3    13.6    17.9    17.9     0.8     7.03 C    26.5    10.4    17.8    96.9    76.0    89.7   0.290   0.328   0.321   0.265   0.288    14.1    12.9    12.5    11.0     9.0
03761 20190415  2.622  -75.79   39.86    21.9     6.0    14.0    11.9     5.4     9.77 C    19.6     2.7    11.3    95.2    46.1    62.1   0.327   0.337   0.327   0.264   0.287    13.3    12.8    12.7    11.6     9.4
03761 20190416  2.622  -75.79   39.86    17.0     4.2    10.6    11.2     0.0    24.24 C    24.6    -0.6    11.6    64.9    25.0    42.4   0.319   0.333   0.327   0.263   0.285    11.0    10.6    11.1    11.2     9.7
03761 20190417  2.622  -75.79   39.86    16.1     9.9    13.0    12.2     0.0    10.39 C    22.9     7.0    12.6    67.2    46.1    55.6   0.301   0.328   0.324   0.262   0.285    11.8    11.1    11.3    11.0     9.7
03761 20190418  2.622  -75.79   39.86    23.6    10.7    17.1    17.3     0.0    19.75 C    31.7    10.3    18.0    77.9    45.9    65.7   0.289   0.324   0.321   0.262   0.284    13.2    12.0    11.8    11.1     9.8
03761 20190419  2.622  -75.79   39.86    23.8    17.2    20.5    19.7     7.4    10.29 C    29.0    14.4    19.3    93.1    65.9    79.8   0.278   0.319   0.317   0.261   0.283    14.7    13.4    13.0    11.7    10.0
03761 20190420  2.622  -75.79   39.86    22.5    13.5    18.0    18.0    49.7    13.55 C    26.2     9.9    17.5    99.8    37.8    78.5   0.362   0.375   0.363   0.286   0.319    16.0    14.9    14.3    12.8    10.5
03761 20190421  2.622  -75.79   39.86    19.1     9.7    14.4    14.6     0.0    19.11 C    26.8     7.6    15.4    94.8    40.5    67.4   0.348   0.363   0.360   0.286   0.319    15.2    14.4    14.3    13.3    11.0
03761 20190422  2.622  -75.79   39.86    19.0     9.1    14.1    14.8     0.0    19.27 C    24.9     7.3    14.9    92.6    51.8    69.2   0.329   0.354   0.353   0.284   0.314    14.7    13.9    14.0    13.3    11.3
03761 20190423  2.622  -75.79   39.86    24.3     7.6    15.9    17.4     0.0    23.35 C    29.8     5.8    17.4    94.4    38.4    61.1   0.311   0.345   0.347   0.282   0.311    15.0    14.0    14.0    13.3    11.5
03761 20190424  2.622  -75.79   39.86    19.7     8.8    14.3    15.7     0.0    26.16 C    24.5     6.8    15.2    86.2    30.6    55.9   0.292   0.335   0.340   0.280   0.309    15.5    14.5    14.6    13.6    11.7
03761 20190425  2.622  -75.79   39.86    17.6     9.3    13.4    14.4     0.0    11.55 C    21.7     8.4    14.4    85.7    52.9    62.9   0.278   0.327   0.333   0.278   0.306    14.5    13.8    14.2    13.8    11.9
03761 20190426  2.622  -75.79   39.86    21.6    10.9    16.2    14.2    25.9     8.49 C    25.5     9.0    14.3    95.8    57.7    82.3   0.317   0.348   0.344   0.282   0.305    14.7    14.0    14.1    13.7    12.0
03761 20190427  2.622  -75.79   39.86    17.5     8.5    13.0    13.1     0.0    26.86 C    20.9     5.7    12.5    67.4    25.2    41.3   0.353   0.369   0.365   0.289   0.304    13.8    13.2    13.8    13.7    12.1
03761 20190428  2.622  -75.79   39.86    18.8     3.9    11.3    11.4     1.0    13.89 C    24.7     1.9    11.3    88.9    46.7    64.8   0.331   0.354   0.355   0.284   0.304    13.7    13.0    13.5    13.4    12.1
03761 20190429  2.622  -75.79   39.86    15.5     0.7     8.1     9.4     0.3    23.25 C    21.8    -0.9    10.6    95.5    30.0    59.6   0.318   0.346   0.349   0.282   0.303    12.9    12.3    12.9    13.2    12.1
03761 20190430  2.622  -75.79   39.86    22.2     9.7    16.0    15.8     0.0    22.83 C    26.2    10.1    16.8    96.5    48.0    73.8   0.304   0.338   0.344   0.280   0.302    14.7    13.5    13.6    13.2    12.0
03761 20190501  2.622  -75.79   39.86    15.3    11.2    13.2    12.9     0.0     7.62 C    17.0    10.5    13.4    96.3    71.2    81.0   0.292   0.330   0.338   0.279   0.300    14.7    13.9    14.1    13.7    12.1
03761 20190502  2.622  -75.79   39.86    26.0    11.8    18.9    18.1     0.0    20.62 C    30.4    12.1    19.0    96.9    52.1    81.2   0.284   0.324   0.333   0.277   0.298    15.8    14.5    14.4    13.8    12.3
03761 20190503  2.622  -75.79   39.86 -9999.0 -9999.0 -9999.0 -9999.0 -9999.0 -9999.00 U -9999.0 -9999.0 -9999.0 -9999.0 -9999.0 -9999.0 -99.000 -99.000 -99.000 -99.000 -99.000 -9999.0 -9999.0 -9999.0 -9999.0 -9999.0
03761 20190504  2.622  -75.79   39.86    21.9    12.4    17.1    16.9     0.7    11.62 C    32.6    11.6    18.8    96.1    70.1    88.2   0.278   0.317   0.325   0.274   0.296    16.3    15.1    15.2    14.5    12.7
03761 20190505  2.622  -75.79   39.86    17.3    11.3    14.3    13.6    36.0     3.78 C    19.6    11.3    14.3    94.9    88.4    91.8   0.356   0.367   0.360   0.289   0.304    16.0    15.3    15.5    14.9    13.0
03761 20190506  2.622  -75.79   39.86    21.2    11.3    16.2    15.4     0.0    15.71 C    29.6    10.0    17.0    94.5    56.3    78.4   0.365   0.375   0.371   0.293   0.322    15.7    14.8    15.0    14.8    13.2
03761 20190507  2.622  -75.79   39.86    23.8    11.3    17.5    16.4     0.0    15.76 C    32.7     9.4    18.5    95.8    58.3    84.8   0.347   0.361   0.361   0.288   0.313    16.3    15.3    15.4    14.9    13.3
03761 20190508  2.622  -75.79   39.86    18.9    13.9    16.4    15.7     8.8     8.83 C    27.5    12.3    17.3    94.1    66.6    83.6   0.371   0.377   0.374   0.292   0.310    16.7    15.7    15.9    15.2    13.4
03761 20190509  2.622  -75.79   39.86    17.9    13.5    15.7    14.7     0.2     4.95 C    19.8    13.5    15.2    92.3    72.0    83.6   0.368   0.367   0.369   0.291   0.309    16.0    15.3    15.6    15.3    13.6
03761 20190510  2.622  -75.79   39.86    24.6    14.8    19.7    18.9     5.8    13.19 C    34.3    13.5    19.9    95.3    61.5    85.1   0.371   0.361   0.366   0.288   0.308    16.7    15.6    15.7    15.2    13.7
03761 20190511  2.622  -75.79   39.86    19.0    11.8    15.4    15.8     5.0    17.63 C    33.0    12.8    18.1    94.0    47.0    69.6   0.386   0.369   0.369   0.287   0.306    17.3    16.3    16.5    15.6    13.8
03761 20190512  2.622  -75.79   39.86    11.8     6.8     9.3     9.1    25.1     2.55 C    12.8     7.7    10.1    93.8    84.8    91.0   0.419   0.394   0.388   0.301   0.331    14.9    14.8    15.5    15.8    14.1
03761 20190513  2.622  -75.79   39.86    10.4     6.4     8.4     8.1    17.8     5.04 C    16.4     7.3     9.7    94.0    85.8    91.5   0.418   0.392   0.390   0.302   0.338    13.0    13.0    13.7    14.8    14.1
03761 20190514  2.622  -75.79   39.86    12.8     7.0     9.9     9.6     0.0     9.63 C    20.2     4.9    10.7    95.4    58.6    77.7   0.396   0.375   0.378   0.294   0.327    13.0    12.8    13.4    14.1    13.8
03761 20190515  2.622  -75.79   39.86    21.1     4.7    12.9    14.1     0.0    26.34 C    29.0     3.5    15.6    93.8    33.4    57.2   0.377   0.363   0.370   0.290   0.320    13.7    13.1    13.4    13.8    13.5
03761 20190516  2.622  -75.79   39.86    21.8    11.7    16.7    16.9     0.5    23.83 C    31.0     9.2    18.0    87.7    36.5    56.2   0.358   0.352   0.363   0.287   0.316    15.7    14.6    14.7    14.2    13.4
03761 20190517  2.622  -75.79   39.86    26.1    11.9    19.0    19.6     0.0    21.94 C    33.9     9.7    20.3    90.6    45.9    68.5   0.342   0.342   0.356   0.285   0.313    16.9    15.6    15.7    14.8    13.6
03761 20190518  2.622  -75.79   39.86    23.9    14.3    19.1    18.8     0.0    21.19 C    33.5    13.0    20.5    89.1    45.5    64.0   0.326   0.333   0.349   0.283   0.311    18.0    16.7    16.8    15.6    13.8
03761 20190519  2.622  -75.79   39.86    29.0    13.4    21.2    21.8     0.0    24.53 C    36.4    12.8    23.6    93.0    61.9    77.1   0.312   0.322   0.342   0.281   0.308    19.2    17.4    17.5    16.2    14.2
03761 20190520  2.622  -75.79   39.86    29.2    19.7    24.5    24.6     0.0    21.36 C    35.7    16.6    24.2    89.7    35.3    57.7   0.296   0.310   0.334   0.278   0.306    20.5    18.8    18.8    17.1    14.6
03761 20190521  2.622  -75.79   39.86    20.0    11.5    15.8    16.2     0.0    28.04 C    28.2     9.5    17.6    75.8    33.4    47.2   0.279   0.295   0.325   0.276   0.303    18.9    18.0    18.5    17.6    15.1
03761 20190522  2.622  -75.79   39.86    21.7     6.2    13.9    15.6     0.0    23.28 C    30.5     4.9    16.9    89.8    30.7    52.3   0.266   0.282   0.317   0.273   0.301    17.7    16.9    17.6    17.3    15.4
03761 20190523  2.622  -75.79   39.86    23.0    13.9    18.4    18.2     4.4    12.32 C    28.0    12.6    18.8    95.0    63.9    77.4   0.262   0.276   0.311   0.271   0.299    18.0    17.1    17.5    17.1    15.5
03761 20190524  2.622  -75.79   39.86    25.7    17.2    21.5    21.1     0.0    28.41 C    30.1    14.1    21.1    95.7    33.8    54.6   0.264   0.271   0.309   0.268   0.297    19.1    17.9    18.1    17.3    15.5
03761 20190525  2.622  -75.79   39.86    21.6    13.6    17.6    17.2     1.0    18.39 C    29.8    13.0    18.5    92.3    56.7    69.6   0.253   0.261   0.302   0.265   0.295    19.0    17.9    18.4    17.6    15.7
03761 20190526  2.622  -75.79   39.86    29.4    16.0    22.7    22.5     0.0    23.54 C    34.3    16.2    23.0    95.2    44.6    71.5   0.244   0.251   0.296   0.263   0.293    20.0    18.6    18.8    17.8    15.9
03761 20190527  2.622  -75.79   39.86    26.0    13.8    19.9    20.4     0.0    27.02 C    31.4    12.5    21.0    92.9    35.4    64.1   0.232   0.238   0.289   0.261   0.291    20.5    19.1    19.5    18.2    16.1
03761 20190528  2.622  -75.79   39.86    27.7    12.8    20.2    19.9    19.6    15.34 C    30.8    12.0    20.5    95.3    61.4    84.6   0.241   0.245   0.294   0.260   0.290    19.9    18.8    19.3    18.4    16.4
03761 20190529  2.622  -75.79   39.86    30.5    18.1    24.3    23.4     7.4    21.38 C    33.2    17.7    23.4    95.6    47.9    71.9   0.300   0.282   0.317   0.262   0.287    21.2    19.7    19.9    18.7    16.6
03761 20190530  2.622  -75.79   39.86    27.5    17.7    22.6    21.9     5.5    16.69 C    32.7    16.8    22.3    95.8    57.9    82.6   0.326   0.288   0.320   0.260   0.286    21.4    20.1    20.4    19.2    16.8
03761 20190531  2.622  -75.79   39.86    25.3    15.1    20.2    20.8     0.0    26.45 C    28.5    14.1    20.7    94.8    45.8    70.1   0.322   0.292   0.319   0.257   0.285    21.4    20.2    20.5    19.4    17.1
03761 20190601  2.622  -75.79   39.86    26.6    13.5    20.0    20.4     1.6    22.85 C    29.0    12.8    20.4    95.7    38.8    69.9   0.296   0.284   0.312   0.256   0.283    21.0    19.9    20.3    19.6    17.4
03761 20190602  2.622  -75.79   39.86    26.0    13.9    20.0    19.6    11.5    20.46 C    29.2    13.2    20.0    95.4    50.0    77.9   0.303   0.287   0.311   0.256   0.282    21.0    19.9    20.4    19.6    17.5
03761 20190603  2.622  -75.79   39.86    19.7     8.3    14.0    15.2     0.0    28.02 C    24.1     7.0    14.9    94.8    28.0    59.1   0.326   0.303   0.319   0.255   0.280    19.6    19.1    19.8    19.6    17.6
03761 20190604  2.622  -75.79   39.86    21.4     6.9    14.1    15.3     0.0    28.88 C    25.0     5.3    15.4    89.9    28.7    54.5   0.298   0.287   0.311   0.252   0.279    18.4    17.9    18.8    19.0    17.6
03761 20190605  2.622  -75.79   39.86    26.0    14.2    20.1    21.2     0.9    18.44 C    28.8    12.0    21.0    91.3    55.3    72.6   0.277   0.275   0.304   0.251   0.277    19.6    18.5    19.1    18.8    17.5
03761 20190606  2.622  -75.79   39.86    27.6    18.9    23.3    23.3     0.0    22.67 C    30.6    17.3    22.9    95.7    53.3    73.3   0.263   0.266   0.298   0.249   0.276    21.4    19.9    20.1    19.1    17.5
03761 20190607  2.622  -75.79   39.86    24.8    15.2    20.0    20.9     0.0    18.79 C    28.1    13.7    20.5    93.7    47.6    66.3   0.248   0.255   0.291   0.248   0.275    21.3    20.2    20.6    19.6    17.7
03761 20190608  2.622  -75.79   39.86    25.9    14.0    19.9    20.0     0.0    23.16 C    27.8    11.8    19.2    95.2    44.6    66.1   0.235   0.243   0.283   0.246   0.273    20.7    19.7    20.2    19.7    17.8
03761 20190609  2.622  -75.79   39.86    25.7    13.8    19.7    19.7     0.0    25.15 C    27.7    11.6    19.2    82.0    33.2    55.7   0.219   0.228   0.274   0.243   0.272    20.5    19.4    20.0    19.6    17.9
03761 20190610  2.622  -75.79   39.86    23.7    14.1    18.9    19.3    49.2     4.56 C    25.2    14.1    19.5    95.7    66.2    92.5   0.330   0.290   0.312   0.253   0.271    19.9    19.1    19.7    19.4    17.9
03761 20190611  2.622  -75.79   39.86    24.2    13.6    18.9    19.3     8.4    27.31 C    25.8    11.4    18.9    93.7    33.0    64.4   0.373   0.362   0.368   0.285   0.274    20.7    19.8    20.0    19.5    18.0
03761 20190612  2.622  -75.79   39.86    23.2    10.6    16.9    17.7     1.3    24.85 C    27.3     9.5    17.3    93.4    43.2    62.3   0.339   0.337   0.351   0.280   0.274    19.9    19.2    19.8    19.5    18.1
03761 20190613  2.622  -75.79   39.86    20.7    13.8    17.3    16.5    37.2    10.90 C    23.4    11.8    16.8    94.7    72.4    86.4   0.383   0.371   0.376   0.295   0.290    19.5    18.9    19.5    19.4    18.1
03761 20190614  2.622  -75.79   39.86    21.5    10.6    16.1    16.5     0.0    24.14 C    22.2     9.1    15.4    94.9    34.0    60.1   0.367   0.273   0.369   0.291   0.319    18.8    18.4    18.9    19.1    18.1
03761 20190615  2.622  -75.79   39.86    25.5     8.9    17.2    18.5     0.0    22.48 C    27.1     7.7    17.9    94.9    46.8    67.6   0.341   0.235   0.355   0.285   0.310    18.7    18.1    18.7    18.7    18.0
03761 20190616  2.622  -75.79   39.86    26.4    18.2    22.3    21.9     3.4    16.73 C    28.9    16.5    21.4    95.9    59.3    75.8   0.328   0.220   0.347   0.282   0.305    20.2    19.2    19.4    18.9    17.9
03761 20190617  2.622  -75.79   39.86    28.1    18.9    23.5    22.7     0.0    18.02 C    32.0    18.4    23.0    96.0    60.5    83.4   0.330   0.217   0.342   0.279   0.301    21.2    20.1    20.2    19.3    18.0
03761 20190618  2.622  -75.79   39.86    27.7    20.3    24.0    23.3     0.0    13.76 C    30.9    19.8    23.3    95.7    57.8    84.2   0.321   0.214   0.337   0.277   0.298    21.8    20.7    20.8    19.8    18.1
03761 20190619  2.622  -75.79   39.86    27.9    20.4    24.2    23.2    28.9    15.17 C    31.0    20.1    23.6    95.3    63.3    85.0   0.324   0.215   0.334   0.276   0.296    22.3    21.2    21.3    20.1    18.4
03761 20190620  2.622  -75.79   39.86    27.8    20.8    24.3    23.7    27.6    14.46 C    31.3    20.6    23.7    95.0    61.1    83.6   0.397   0.350   0.383   0.305   0.340    22.8    21.7    21.9    20.8    18.8
03761 20190621  2.622  -75.79   39.86    25.2    17.6    21.4    21.5     3.7    18.66 C    25.6    15.0    20.4    90.7    42.1    66.2   0.378   0.366   0.372   0.293   0.322    22.4    21.6    21.8    21.0    19.1
03761 20190622  2.622  -75.79   39.86    25.3    14.2    19.7    19.7     0.0    26.54 C    27.0    11.7    18.5    85.8    37.8    60.7   0.353   0.344   0.360   0.289   0.316    21.5    20.9    21.3    20.9    19.3
03761 20190623  2.622  -75.79   39.86    26.4    11.7    19.1    19.9     0.0    28.73 C    28.4    10.1    18.8    92.8    33.8    62.0   0.329   0.242   0.348   0.285   0.312    21.0    20.4    20.9    20.6    19.3
03761 20190624  2.622  -75.79   39.86    28.7    13.4    21.0    22.2     0.0    23.06 C    31.5    12.1    21.9    95.5    45.8    75.0   0.309   0.215   0.337   0.281   0.308    21.4    20.4    20.9    20.5    19.2
03761 20190625  2.622  -75.79   39.86    29.4    18.4    23.9    24.3     0.4    22.06 C    30.3    16.6    23.3    94.6    44.8    71.8   0.296   0.208   0.328   0.278   0.305    22.7    21.5    21.7    20.7    19.3
03761 20190626  2.622  -75.79   39.86    29.7    16.0    22.8    23.9     0.0    26.02 C    31.1    14.3    22.8    93.2    43.2    65.7   0.279   0.200   0.318   0.274   0.302    22.6    21.5    21.8    21.0    19.4
03761 20190627  2.622  -75.79   39.86    30.6    18.2    24.4    24.6     0.0    27.53 C    31.5    16.8    23.5    94.1    33.7    66.0   0.260   0.190   0.307   0.271   0.300    23.1    21.9    22.2 -9999.0    19.5
03761 20190628  2.622  -75.79   39.86    31.8    17.8    24.8    24.4     0.0    22.84 C    34.2    16.8    23.9    94.2    46.3    73.1   0.243   0.180   0.297   0.266   0.297    23.2    22.0    22.3    21.4    19.7
03761 20190629  2.622  -75.79   39.86    31.3    18.8    25.1    23.4    19.3    20.03 C    33.0    17.8    23.0    95.4    51.7    80.9   0.276   0.189   0.300   0.265   0.295    23.1    22.2    22.5    21.6    19.8
03761 20190630  2.622  -75.79   39.86    28.5    18.4    23.5    24.2     0.0    26.51 C    28.4    14.0    22.3    83.7    37.3    58.8   0.318   0.210   0.311   0.262   0.292    23.3    22.2    22.5    21.7    20.0
03761 20190701  2.622  -75.79   39.86    26.5    13.0    19.8    20.4     0.0    27.37 C    29.9    11.5    19.9    93.8    45.8    67.5   0.288   0.285   0.301   0.259   0.291    22.4    21.6    22.1    21.8    20.1
03761 20190702  2.622  -75.79   39.86    30.9    16.0    23.5    23.5     0.0    24.63 C    31.4    14.3    22.9    94.1    48.6    74.1   0.265   0.273   0.292   0.256   0.289    22.5    21.5    21.9    21.5    20.1
03761 20190703  2.622  -75.79   39.86    29.5    20.7    25.1    25.1     0.0    23.91 C    31.5    19.8    24.8    94.0    57.3    75.8   0.246   0.258   0.283   0.253   0.287    23.8    22.4    22.6    21.7    20.1
03761 20190704  2.622  -75.79   39.86    31.0    19.8    25.4    24.3    18.2    14.42 C    34.2    19.2    24.3    95.5    57.9    85.8   0.269   0.270   0.294   0.250   0.285    23.8    22.7    23.0    22.0    20.2
03761 20190705  2.622  -75.79   39.86    29.9    21.5    25.7    25.1     1.0    18.05 C    33.4    20.8    25.3    94.9    65.9    84.1   0.315   0.302   0.309   0.249   0.284    24.1    22.9    23.1    22.1    20.4
03761 20190706  2.622  -75.79   39.86    31.0    21.5    26.2    24.9    12.6    19.11 C    33.3    20.8    25.3    95.9    59.3    85.5   0.333   0.316   0.315   0.246   0.282    24.5    23.3    23.5    22.4    20.6
03761 20190707  2.622  -75.79   39.86    29.1    20.6    24.8    24.5     0.0    20.90 C    32.9    19.7    24.8    95.1    61.1    81.3   0.340   0.321   0.321   0.246   0.281    24.5    23.4    23.6    22.6    20.8
03761 20190708  2.622  -75.79   39.86    24.3    17.9    21.1    21.2     5.3    11.38 C    28.0    16.7    21.2    95.8    67.3    86.9   0.343   0.316   0.321   0.247   0.280    23.8    23.0    23.5    22.8    20.9
03761 20190709  2.622  -75.79   39.86    28.5    16.2    22.4    22.7     0.0    24.11 C    30.6    15.3    22.4    96.1    51.3    78.7   0.331   0.312   0.317   0.244   0.278    23.1    22.3    22.8    22.4    21.0
03761 20190710  2.622  -75.79   39.86    28.9    18.1    23.5    23.8     0.0    23.33 C    31.2    17.2    23.2    95.7    56.4    75.9   0.308   0.298   0.307   0.243   0.277    23.5    22.5    22.9    22.3    20.9
03761 20190711  2.622  -75.79   39.86    27.8    18.8    23.3    22.4    33.5     7.89 C    30.7    17.6    22.4    95.5    76.6    90.0   0.347   0.331   0.337   0.255   0.275    23.2    22.5    22.9    22.4    21.0
03761 20190712  2.622  -75.79   39.86    29.2    18.6    23.9    24.0     0.0    25.39 C    30.1    17.4    23.6    95.5    49.5    78.0   0.364   0.354   0.362   0.280   0.276    23.8    22.8    23.0    22.4    21.0
03761 20190713  2.622  -75.79   39.86    29.1    16.9    23.0    23.1     0.0    27.20 C    30.4    15.9    22.7    95.0    46.1    73.5   0.335   0.334   0.347   0.278   0.277    23.5    22.7    23.0    22.5    21.0
03761 20190714  2.622  -75.79   39.86    30.7    17.7    24.2    24.5     0.0    24.20 C    31.8    16.0    23.2    95.1    43.1    70.2   0.310   0.316   0.333   0.275   0.277    23.4    22.6    22.9    22.4    21.1
03761 20190715  2.622  -75.79   39.86    28.5    16.1    22.3    22.3     0.0    27.58 C    29.5    14.5    21.6    94.7    40.9    69.2   0.287   0.300   0.320   0.272   0.276    23.0    22.3    22.7    22.5    21.1
03761 20190716  2.622  -75.79   39.86    31.5    16.0    23.7    24.4     0.0    23.39 C    32.9    15.0    24.1    95.4    45.2    74.8   0.266   0.283   0.308   0.267   0.276    23.1    22.3    22.5    22.2    21.1
03761 20190717  2.622  -75.79   39.86    33.4    21.9    27.7    26.7    12.9    23.19 C    34.5    21.5    26.5    95.1    50.4    78.2   0.267   0.267   0.298   0.264   0.274    24.4    23.3    23.3    22.4    21.1
03761 20190718  2.622  -75.79   39.86    29.8    21.9    25.8    25.0    27.7    15.28 C    33.6    21.6    25.5    95.7    66.0    89.8   0.369   0.315   0.341   0.272   0.275    24.6    23.7    23.8    22.8    21.3
03761 20190719  2.622  -75.79   39.86    32.5    22.4    27.5    27.5     0.0    23.48 C    33.7    21.9    27.4    95.9    59.0    80.4   0.357   0.347   0.359   0.286   0.279    25.3    24.2    24.1    23.0    21.5
03761 20190720  2.622  -75.79   39.86    33.2    23.1    28.2    28.4     0.0    24.85 C    35.3    22.3    27.8    95.2    54.7    76.7   0.327   0.327   0.344   0.284   0.280    25.9    24.7    24.6    23.4    21.7
03761 20190721  2.622  -75.79   39.86    34.3    23.1    28.7    28.7     0.0    24.51 C    34.8    22.4    27.7    94.3    50.8    73.4   0.300   0.309   0.330   0.281   0.281    26.3    25.1    25.0    23.8    21.9
03761 20190722  2.622  -75.79   39.86    31.6    21.5    26.6    25.1    21.6    19.33 C    33.1    21.4    25.1    95.1    56.1    82.3   0.316   0.297   0.327   0.277   0.281    25.9    25.0    25.1    23.9    22.2
03761 20190723  2.622  -75.79   39.86    23.5    18.7    21.1    20.8    16.7     9.71 C    25.9    18.0    20.6    94.7    69.8    84.4   0.383   0.363   0.374   0.296   0.305    24.0    23.8    24.2    23.9    22.4
03761 20190724  2.622  -75.79   39.86    27.2    16.7    22.0    21.3     0.0    25.87 C    28.7    15.8    20.9    93.8    39.2    71.7   0.349   0.343   0.358   0.290   0.298    23.4    23.0    23.4    23.4    22.4
03761 20190725  2.622  -75.79   39.86    27.8    15.8    21.8    21.4     0.0    26.77 C    29.3    14.5    20.6    94.4    36.5    69.8   0.321   0.324   0.344   0.285   0.294    22.9    22.6    23.0    23.0    22.3
03761 20190726  2.622  -75.79   39.86    28.7    14.9    21.8    21.9     0.0    26.26 C    30.0    13.8    21.4    95.2    39.1    71.1   0.296   0.307   0.331   0.279   0.291    22.7    22.3    22.6    22.7    22.1
03761 20190727  2.622  -75.79   39.86    29.4    16.0    22.7    23.0     0.0    25.33 C    30.4    15.0    22.2    95.3    40.7    70.9   0.274   0.291   0.319   0.274   0.288    22.8    22.3    22.6    22.5    21.9
03761 20190728  2.622  -75.79   39.86    30.7    18.6    24.6    24.8     0.0    24.52 C    30.8    17.6    23.9    95.4    45.5    71.8   0.255   0.276   0.307   0.271   0.286    23.3    22.7    22.8    22.4    21.8
03761 20190729  2.622  -75.79   39.86    31.2    20.8    26.0    25.9     0.0    24.70 C    31.8    19.9    25.1    95.2    48.1    73.4   0.238   0.261   0.296   0.266   0.284    24.0    23.2    23.1    22.6    21.7
03761 20190730  2.622  -75.79   39.86    32.0    20.5    26.2    25.9     0.0    25.00 C    32.6    19.6    25.0    95.5    44.8    72.9   0.223   0.247   0.283   0.262   0.282    24.3    23.6    23.4    22.7    21.8
03761 20190731  2.622  -75.79   39.86    30.0    19.8    24.9    24.3     0.0    20.68 C    32.4    19.0    24.0    94.9    53.8    77.4   0.211   0.235   0.272   0.258   0.280    24.1    23.5    23.5    22.8    21.9
03761 20190801  2.622  -75.79   39.86    29.5    19.7    24.6    23.1     5.2    18.10 C    31.9    19.1    23.3    95.7    57.3    84.5   0.208   0.226   0.264   0.254   0.279    23.9    23.4    23.4    22.8    22.0
03761 20190802  2.622  -75.79   39.86    28.1    19.2    23.6    22.3     0.6    12.81 C    29.9    18.4    22.4    96.0    62.1    87.6   0.222   0.224   0.262   0.250   0.278    23.5    23.0    23.2    22.8    22.0
03761 20190803  2.622  -75.79   39.86    29.2    18.4    23.8    23.4     0.0    21.57 C    31.5    17.7    23.7    96.0    55.6    81.8   0.216   0.222   0.258   0.247   0.276    23.5    22.9    23.0    22.7    22.0
03761 20190804  2.622  -75.79   39.86    29.8    18.6    24.2    23.9     0.0    24.93 C    30.8    17.7    23.5    95.5    42.1    73.9   0.207   0.216   0.251   0.242   0.274    23.2    23.2    23.2    22.7    21.9
03761 20190805  2.622  -75.79   39.86    28.6    18.8    23.7    23.2     0.0    19.31 C    30.7    17.5    22.5    94.1    51.0    71.8   0.198   0.208   0.243   0.237   0.272    22.8    22.8    23.0    22.6    22.0
03761 20190806  2.622  -75.79   39.86    29.5    19.7    24.6    23.9     0.0    17.47 C    31.1    19.0    23.8    95.7    51.3    81.3   0.192   0.202   0.236   0.232   0.270    23.0    22.9    23.0    22.6    21.9
03761 20190807  2.622  -75.79   39.86    31.2    19.4    25.3    23.4     3.9    17.45 C    32.8    18.6    23.3    95.4    50.2    83.7   0.186   0.195   0.231   0.227   0.269    23.2    23.2    23.1    22.6    21.9
03761 20190808  2.622  -75.79   39.86    28.9    18.1    23.5    22.5     6.7    21.30 C    30.4    17.5    22.4    96.2    46.5    80.8   0.195   0.192   0.227   0.223   0.267    22.7    22.9    22.9    22.6    22.0
03761 20190809  2.622  -75.79   39.86    28.5    16.1    22.3    22.3     0.0    24.70 C    28.7    15.0    21.6    95.9    36.2    71.6   0.209   0.193   0.228   0.220   0.265    22.2    22.4    22.5    22.4    21.9
03761 20190810  2.622  -75.79   39.86    26.9    13.5    20.2    20.1     0.0    22.93 C    28.7    12.0    19.4    94.3    42.4    69.4   0.192   0.190   0.223   0.217   0.263    21.2    21.6    21.9    22.1    21.8
03761 20190811  2.622  -75.79   39.86    26.0    12.5    19.2    19.2     0.0    25.46 C    28.4    11.2    19.1    95.2    39.9    71.0   0.181   0.187   0.217   0.214   0.261    20.6    21.1    21.3    21.6    21.6
03761 20190812  2.622  -75.79   39.86    28.9    12.5    20.7    22.0     0.0    23.31 C    31.7    11.8    21.5    95.7    44.6    73.3   0.174   0.181   0.212   0.209   0.259    20.5    20.9    21.0    21.3    21.4
03761 20190813  2.622  -75.79   39.86    24.6    21.1    22.9    22.6     0.8     4.98 C    25.6    20.3    22.1    95.3    73.0    85.7   0.171   0.179   0.210   0.207   0.257    21.5    21.6    21.5    21.3    21.2
03761 20190814  2.622  -75.79   39.86    28.4    20.3    24.3    23.0    43.4    10.67 C    31.1    19.7    23.3    95.6    66.0    88.6   0.226   0.196   0.234   0.206   0.256    21.8    21.8    21.8    21.4    21.2
03761 20190815  2.622  -75.79   39.86    27.6    19.0    23.3    22.8     0.0    14.88 C    29.8    18.6    22.9    96.0    65.1    84.8   0.311   0.254   0.309   0.213   0.256    22.2    22.1    22.1    21.6    21.2
03761 20190816  2.622  -75.79   39.86    28.5    19.5    24.0    23.7     0.0    15.52 C    31.0    18.8    23.6    94.8    60.2    82.1   0.286   0.252   0.297   0.214   0.256    22.4    22.4    22.3    21.8    21.3
03761 20190817  2.622  -75.79   39.86    30.3    22.1    26.2    25.5     0.0    15.50 C    32.9    21.7    25.6    94.8    58.5    82.0   0.268   0.248   0.287   0.214   0.255    23.1    22.8    22.6    21.9    21.3
03761 20190818  2.622  -75.79   39.86    31.9    21.2    26.5    24.8     0.0    17.08 C    33.1    20.7    24.8    95.7    55.4    82.5   0.252   0.243   0.278   0.214   0.255    23.2    23.1    22.9    22.2    21.4
03761 20190819  2.622  -75.79   39.86    31.9    21.3    26.6    25.6     0.0    19.34 C    32.8    20.9    25.4    95.6    54.6    81.2   0.236   0.236   0.268   0.213   0.254    23.5    23.4    23.2    22.4    21.6
03761 20190820  2.622  -75.79   39.86    31.4    19.9    25.6    25.2     0.0    19.08 C    33.1    19.4    24.8    95.2    50.0    77.7   0.221   0.230   0.258   0.213   0.253    23.5    23.4    23.3    22.6    21.7
03761 20190821  2.622  -75.79   39.86    30.5    19.6    25.1    24.6     2.3    17.12 C    32.6    19.2    24.5    95.6    61.2    84.1   0.209   0.223   0.250   0.212   0.252    23.5    23.4    23.3    22.6    21.8
03761 20190822  2.622  -75.79   39.86    31.4    20.2    25.8    25.4     2.2    21.28 C    32.6    19.6    25.0    94.6    48.4    74.8   0.203   0.218   0.243   0.210   0.251    23.6    23.6    23.4    22.7    21.9
03761 20190823  2.622  -75.79   39.86    21.3    14.4    17.8    18.6     5.5     5.81 C    22.5    13.2    18.4    95.4    73.3    87.8   0.204   0.215   0.240   0.209   0.250    22.4    22.7    23.0    22.7    21.9
03761 20190824  2.622  -75.79   39.86    25.0    13.1    19.1    17.5     0.0    20.44 C    28.8    12.1    17.5    94.6    38.6    71.4   0.211   0.214   0.239   0.210   0.249    20.9    21.1    21.7    22.1    21.9
03761 20190825  2.622  -75.79   39.86    24.2    11.9    18.1    17.6     0.0    19.28 C    28.1    11.0    17.3    94.7    46.7    74.4   0.207   0.213   0.236   0.210   0.248    20.4    20.3    21.1    21.6    21.6
03761 20190826  2.622  -75.79   39.86    21.5    13.0    17.2    16.8     0.0    15.96 C    25.2    12.0    16.9    95.0    60.9    80.6   0.203   0.211   0.234   0.210   0.246    20.0    19.9    20.6    21.2    21.4
03761 20190827  2.622  -75.79   39.86    24.5    12.4    18.4    18.0     0.0    13.60 C    28.2    11.7    18.3    95.7    57.0    83.0   0.199   0.209   0.232   0.208   0.245    19.8    19.7    20.3    20.8    21.1
03761 20190828  2.622  -75.79   39.86    26.6    16.5    21.5    20.8     0.3    11.73 C    29.7    15.6    21.0    94.9    60.9    84.4   0.195   0.208   0.230   0.207   0.245    20.8    20.3    20.7    20.7    20.9
03761 20190829  2.622  -75.79   39.86    26.1    13.1    19.6    20.0     0.0    23.24 C    28.7    12.3    19.8    94.9    36.2    69.6   0.191   0.205   0.227   0.206   0.244    20.7    20.4    20.8    20.8    20.8
03761 20190830  2.622  -75.79   39.86    29.5    11.9    20.7    21.2     0.0    20.69 C    32.2    11.2    20.9    95.3    41.1    69.2   0.186   0.200   0.223   0.204   0.242    20.4    20.0    20.5    20.7    20.7
03761 20190831  2.622  -75.79   39.86    27.9    16.0    22.0    21.3     0.0    20.77 C    31.6    15.2    21.3    95.0    42.0    66.5   0.188   0.197   0.220   0.203   0.240    21.1    20.6    20.9    20.7    20.6
03761 20190901  2.622  -75.79   39.86    26.4    15.3    20.8    20.6     0.0    15.62 C    29.3    13.7    20.2    90.3    47.1    66.4   0.206   0.192   0.217   0.202   0.237    20.9    20.4    20.9    20.8    20.6
03761 20190902  2.622  -75.79   39.86    28.4    17.8    23.1    21.9     1.9     9.41 C    31.4    17.3    21.8    94.3    56.0    85.4   0.203   0.190   0.215   0.201   0.236    21.3    20.8    21.1    20.8    20.6
03761 20190903  2.622  -75.79   39.86    28.8    16.3    22.5    21.8     0.0    22.01 C    32.2    15.4    22.2    94.2    38.0    70.6   0.203   0.189   0.214   0.202   0.235    21.4    20.9    21.2    21.0    20.6
03761 20190904  2.622  -75.79   39.86    31.2    18.1    24.6    23.7     0.3    15.19 C    34.8    17.3    23.9    95.1    48.5    81.8   0.201   0.186   0.211   0.201   0.233    22.1    21.3    21.5    21.1    20.6
03761 20190905  2.622  -75.79   39.86    24.8    16.9    20.8    19.6     0.0    15.27 C    29.7    15.4    19.9    88.0    53.2    72.7   0.198   0.183   0.210   0.201   0.232    21.6    21.2    21.6    21.2    20.7
03761 20190906  2.622  -75.79   39.86    19.0    13.2    16.1    17.0     0.0     4.92 C    20.3    12.2    16.8    89.0    71.9    80.2   0.195   0.181   0.208   0.200   0.231    20.3    20.2    20.8    21.1    20.7
03761 20190907  2.622  -75.79   39.86    24.9    10.4    17.6    17.5     0.0    19.94 C    29.5     9.7    17.8    95.1    43.3    71.9   0.192   0.178   0.206   0.197   0.230    19.5    19.3    19.9    20.5    20.6
03761 20190908  2.622  -75.79   39.86    26.7    11.9    19.3    18.9     0.0    19.12 C    30.7    11.1    19.4    94.6    34.8    71.1   0.190   0.175   0.204   0.194   0.229    19.8    19.4    19.9    20.3    20.3
03761 20190909  2.622  -75.79   39.86    28.3    16.3    22.3    20.4     0.0    13.37 C    33.3    16.0    20.9    92.9    41.1    75.6   0.188   0.172   0.202   0.193   0.227    20.4    19.8    20.3    20.3    20.2
03761 20190910  2.622  -75.79   39.86    28.2    16.1    22.1    21.3     0.0    14.46 C    32.1    15.4    21.7    95.3    52.0    78.9   0.186   0.170   0.200   0.192   0.226    20.8    20.2    20.4    20.3    20.1
03761 20190911  2.622  -75.79   39.86    31.7    17.8    24.7    24.1     0.0    17.42 C    36.3    17.1    24.7    94.6    51.9    77.7   0.184   0.168   0.199   0.193   0.224    21.8    20.9    21.0    20.5    20.1
03761 20190912  2.622  -75.79   39.86    29.6    18.4    24.0    23.5     2.8    14.75 C    34.0    18.1    23.9    94.5    54.9    80.3   0.182   0.167   0.197   0.194   0.223    22.4    21.6    21.7    21.0    20.2
03761 20190913  2.622  -75.79   39.86    19.9    14.6    17.2    17.3     0.0     5.42 C    21.2    13.8    17.3    90.1    56.3    73.7   0.181   0.166   0.197   0.194   0.223    20.9    20.7    21.2    21.1    20.4
03761 20190914  2.622  -75.79   39.86    24.1    14.0    19.0    19.6     0.2     6.88 C    26.2    13.5    19.9    93.8    65.3    80.5   0.181   0.164   0.195   0.192   0.222    20.1    19.8    20.3    20.7    20.4
03761 20190915  2.622  -75.79   39.86    28.0    15.0    21.5    20.9     0.0    19.17 C    33.5    14.5    22.3    95.1    33.2    73.2   0.180   0.165   0.195   0.191   0.222    21.3    20.6    20.8    20.5    20.2
03761 20190916  2.622  -75.79   39.86    29.0    14.5    21.7    21.3     0.0    12.32 C    35.2    14.0    21.7    94.0    36.8    72.7   0.179   0.162   0.193   0.191   0.221    20.9    20.3    20.6    20.6    20.2
03761 20190917  2.622  -75.79   39.86    25.4    11.4    18.4 -9999.0     0.0    19.79 C    31.9    10.5    20.4    93.5    32.1    67.0   0.177   0.161   0.192   0.190   0.221    21.0    20.5    20.8    20.6    20.2
03761 20190918  2.622  -75.79   39.86    23.3     9.1    16.2    15.2     0.0    16.72 C    30.0     8.3    15.9    95.1    37.3    71.7   0.174   0.158   0.189   0.188   0.220    19.1    19.0    19.8    20.4    20.2
03761 20190919  2.622  -75.79   39.86    22.2     7.0    14.6 -9999.0     0.0    20.42 C    27.6     6.0    14.2    95.4    30.3    69.7   0.172   0.157   0.187   0.184   0.220    18.1    18.0    18.9    19.8    20.0
03761 20190920  2.622  -75.79   39.86    25.3     5.5    15.4    14.8     0.0    19.54 C    29.9     4.7    15.4    95.5    30.1    71.0   0.169   0.155   0.186   0.185   0.219    17.7    17.4    18.2    19.2    19.7
03761 20190921  2.622  -75.79   39.86    29.6     8.8    19.2 -9999.0     0.0    19.03 C    35.0     8.1    19.3    94.6    29.1    70.2   0.168   0.154   0.185   0.184   0.219    18.4    17.9    18.3    18.9    19.4
03761 20190922  2.622  -75.79   39.86    31.5    13.3    22.4    21.9     0.0    17.18 C    36.9    12.8    22.6    94.3    41.0    73.0   0.167   0.153   0.183   0.183   0.218    19.7    18.9    19.0    19.1    19.2
03761 20190923  2.622  -75.79   39.86    32.6    18.3    25.4    24.5     0.0    14.94 C    36.9    17.3    24.8    94.9    31.8    66.1   0.166   0.152   0.183   0.182   0.217    20.8    20.0    19.9    19.5    19.2
03761 20190924  2.622  -75.79   39.86    24.2    11.4    17.8    19.1     0.0    14.76 C    30.1    10.3    18.9    91.1    39.5    63.6   0.163   0.151   0.181   0.180   0.217    20.5    19.9    20.1    19.9    19.3
03761 20190925  2.622  -75.79   39.86    26.5     9.0    17.8    17.1     0.0    18.50 C    32.9     8.2    17.7    94.0    28.9    67.1   0.160   0.149   0.180   0.179   0.216    19.0    18.8    19.2    19.7    19.4
03761 20190926  2.622  -75.79   39.86    28.7    11.5    20.1    17.7     0.0    11.67 C    34.9    10.7    18.0    95.1    46.6    80.1   0.159   0.148   0.178   0.179   0.216    19.0    18.6    19.0    19.4    19.3
03761 20190927  2.622  -75.79   39.86    25.8     8.3    17.0    17.3     0.0    17.35 C    32.2     7.3    17.8    95.8    31.0    68.8   0.157   0.147   0.178   0.179   0.216    18.5    18.3    18.7    19.3    19.2
03761 20190928  2.622  -75.79   39.86    27.7    14.3    21.0    20.8     0.0    11.24 C    31.8    12.8    21.0    94.9    64.1    82.9   0.157   0.146   0.177   0.179   0.215    19.2    18.6    18.8    19.2    19.1
03761 20190929  2.622  -75.79   39.86    27.2    17.8    22.5    21.0     0.0    15.00 C    34.9    17.2    22.2    95.3    48.0    75.8   0.156   0.146   0.177   0.178   0.214    20.2    19.6    19.6    19.4    19.1
03761 20190930  2.622  -75.79   39.86    22.2    15.9    19.0    18.5     0.0     4.73 C    24.9    15.1    18.8    91.2    60.0    71.8   0.154   0.144   0.177   0.176   0.214    19.7    19.3    19.5    19.5    19.2
03761 20191001  2.622  -75.79   39.86    28.1    16.7    22.4    21.5     0.0    14.58 C    34.2    16.8    22.5    91.2    53.2    72.9   0.154   0.144   0.177   0.176   0.213    20.4    19.6    19.7    19.5    19.2
03761 20191002  2.622  -75.79   39.86    33.4    18.6    26.0    25.5     0.0    12.68 C    38.2    17.8    25.4    94.9    35.2    66.6   0.153   0.144   0.176   0.175   0.212    21.2    20.4    20.3    19.8    19.2
03761 20191003  2.622  -75.79   39.86    23.2    15.9    19.6    17.3     3.6     1.38 C    22.5    16.2    17.5    95.0    74.4    91.5   0.152   0.143   0.176   0.175   0.212    20.5    20.1    20.3    20.1    19.4
03761 20191004  2.622  -75.79   39.86    20.2     6.8    13.5    14.9     0.0    16.16 C    24.8     4.8    14.8    95.0    42.4    66.5   0.150   0.142   0.176   0.174   0.212    18.9    18.8    19.3    19.8    19.4
03761 20191005  2.622  -75.79   39.86    16.6     4.9    10.7    10.2     0.0    17.69 C    22.9     3.6    10.9    87.5    33.9    63.1   0.150   0.141   0.175   0.175   0.211    16.3    16.7    17.6    19.0    19.3
03761 20191006  2.622  -75.79   39.86    20.4     9.3    14.8    16.5     1.5     1.67 C    20.9     9.5    16.1    89.9    66.9    80.7   0.150   0.141   0.175   0.175   0.211    16.6    16.5    17.1    18.3    19.0
03761 20191007  2.622  -75.79   39.86    26.1    13.6    19.8    20.2     5.2     8.97 C    29.6    13.6    20.3    91.3    44.9    72.1   0.154   0.141   0.175   0.176   0.211    18.5    17.9    18.0    18.2    18.6
03761 20191008  2.622  -75.79   39.86    19.5    12.1    15.8    14.7     2.7     8.49 C    23.4    11.1    14.5    92.6    37.4    66.2   0.223   0.143   0.178   0.176   0.211    17.4    17.4    17.9    18.3    18.6
03761 20191009  2.622  -75.79   39.86    15.0    10.9    12.9    12.8     2.7     5.15 C    16.8    10.6    12.8    86.5    62.5    70.7   0.216   0.147   0.178   0.174   0.210    16.2    16.3    17.0    18.0    18.4
03761 20191010  2.622  -75.79   39.86    22.7    10.6    16.6    15.5     0.0    13.43 C    27.5     9.8    15.5    74.3    35.6    56.7   0.204   0.148   0.179   0.171   0.210    16.2    16.1    16.6    17.5    18.2
03761 20191011  2.622  -75.79   39.86    20.8     7.5    14.1    14.3     0.0    15.78 C    27.0     6.6    14.1    89.7    36.8    50.7   0.197   0.149   0.179   0.172   0.210    15.6    15.8    16.3    17.3    18.0
03761 20191012  2.622  -75.79   39.86    19.8     5.6    12.7    12.5     0.0     8.89 C    28.2     4.7    12.6    93.3    42.4    72.9   0.191   0.149   0.178   0.174   0.209    15.1    15.2    15.8    17.0    17.7
03761 20191013  2.622  -75.79   39.86    19.3     5.4    12.4    12.6     0.0     8.83 C    24.7     4.3    12.9    91.2    47.1    68.9   0.186   0.149   0.178   0.174   0.209    14.7    14.9    15.5    16.6    17.5
03761 20191014  2.622  -75.79   39.86    22.4     7.0    14.7    14.6     0.0    14.03 C    27.0     5.6    15.3    94.9    25.8    69.6   0.184   0.149   0.178   0.174   0.209    15.9    15.7    16.0    16.5    17.3
03761 20191015  2.622  -75.79   39.86    19.9     3.9    11.9    11.5     0.0    15.43 C    25.7     2.9    11.8    94.4    33.5    67.6   0.180   0.148   0.178   0.174   0.209    14.6    14.8    15.4    16.5    17.1
03761 20191016  2.622  -75.79   39.86    16.9     6.5    11.7    12.7    38.3     0.95 C    17.0     5.5    12.1   100.0    57.5    87.7   0.253   0.160   0.235   0.184   0.209    14.2    14.4    14.9    16.1    16.9
03761 20191017  2.622  -75.79   39.86    14.8     9.3    12.0    11.2     0.0     8.47 C    18.1     7.4    10.9    64.4    41.8    55.3   0.299   0.197   0.303   0.202   0.209    13.4    13.8    14.4    15.7    16.7
03761 20191018  2.622  -75.79   39.86    15.3     3.1     9.2    10.0     0.0    14.68 C    20.2     1.5     9.7    88.8    37.3    58.5   0.281   0.198   0.292   0.200   0.209    12.8    13.2    13.7    15.2    16.4
03761 20191019  2.622  -75.79   39.86    16.6     0.0     8.3     8.3     0.0    14.18 C    22.3    -0.9     8.5    96.1    36.8    72.1   0.271   0.199   0.286   0.199   0.209    12.1    12.4    13.1    14.7    16.1
03761 20191020  2.622  -75.79   39.86    11.8     5.0     8.4     9.5    14.1     1.45 C    12.8     3.6     9.5    94.1    91.6    92.8   0.329   0.209   0.292   0.198   0.208    12.1    12.3    12.9    14.3    15.8
03761 20191021  2.622  -75.79   39.86    19.8     9.4    14.6    13.5     0.0    14.38 C    23.2     7.7    13.4    91.6    46.6    74.7   0.336   0.235   0.318   0.198   0.208    13.1    13.1    13.3    14.1    15.5
03761 20191022  2.622  -75.79   39.86    16.8    12.9    14.8    14.7    15.9     2.18 C    17.6    12.8    14.7    94.9    89.1    93.6   0.344   0.254   0.328   0.201   0.209    13.9    13.8    13.9    14.3    15.3
03761 20191023  2.622  -75.79   39.86    17.5     4.3    10.9    12.3     0.0    14.31 C    20.4     2.8    11.4    91.0    33.0    67.5   0.353   0.282   0.347   0.212   0.208    13.9    14.0    14.2    14.6    15.4
03761 20191024  2.622  -75.79   39.86    19.5     1.8    10.7    10.2     0.0    13.44 C    24.2     0.8    10.0    94.6    25.4    66.2   0.337   0.279   0.336   0.212   0.208    12.5    12.8    13.3    14.4    15.3
03761 20191025  2.622  -75.79   39.86    19.1     4.2    11.7    11.4     0.0     8.67 C    27.3     2.7    12.1    94.7    47.3    79.0   0.334   0.278   0.330   0.213   0.208    12.6    12.7    13.0    14.0    15.1
03761 20191026  2.622  -75.79   39.86    17.2     8.0    12.6    13.1     0.0     6.70 C    26.1     5.3    13.3    92.7    46.5    72.9   0.332   0.277   0.326   0.213   0.209    13.2    13.3    13.4    14.0    14.9
03761 20191027  2.622  -75.79   39.86    23.6    12.3    17.9    17.1    40.3     5.12 C    25.8     7.4    15.6    96.3    48.6    75.9   0.375   0.317   0.354   0.258   0.251    14.6    14.4    14.1    14.2    14.9
03761 20191028  2.622  -75.79   39.86    19.7     7.0    13.3    14.0     0.0    13.20 C    30.0     4.2    14.6    92.2    49.0    69.6   0.362   0.311   0.351   0.279   0.269    14.1    14.1    14.3    14.5    15.0
03761 20191029  2.622  -75.79   39.86    16.3    10.9    13.6    13.3     0.0     4.60 C    24.0     8.4    14.5    93.7    68.3    79.9   0.355   0.304   0.345   0.277   0.265    14.4    14.4    14.4    14.6    15.0
03761 20191030  2.622  -75.79   39.86    17.4    10.4    13.9    14.5     6.8     3.30 C    23.1     8.6    15.1    95.8    80.4    90.8   0.352   0.303   0.342   0.275   0.263    14.4    14.4    14.5    14.7    15.1
03761 20191031  2.622  -75.79   39.86    23.0    10.5    16.8    19.2    37.7     0.85 C    21.9    10.1    18.5    94.7    76.5    88.3   0.389   0.344   0.373   0.295   0.283    15.9    15.7    15.3    15.0    15.1
03761 20191101  2.622  -75.79   39.86    10.5     2.5     6.5     6.9     0.5    12.97 C    16.7    -0.9     6.1    80.5    40.9    53.3   0.373   0.325   0.364   0.291   0.317    13.0    13.8    14.7    15.3    15.4
03761 20191102  2.622  -75.79   39.86    11.1    -1.7     4.7     4.0     0.0    12.79 C    22.9    -3.8     5.0    93.0    39.1    68.6   0.358   0.311   0.351   0.284   0.304    10.4    10.9    12.3    14.1    15.2
03761 20191103  2.622  -75.79   39.86    10.5    -1.3     4.6     3.8     0.0    11.51 C    19.6    -4.1     3.2    92.9    34.7    68.1   0.352   0.305   0.345   0.281   0.299     9.2     9.7    11.1    13.1    14.7
03761 20191104  2.622  -75.79   39.86    15.0    -2.8     6.1     6.1     0.0    12.22 C    24.5    -5.1     5.7    92.8    28.2    67.7   0.348   0.301   0.341   0.278   0.295     8.7     9.0    10.2    12.2    14.2
03761 20191105  2.622  -75.79   39.86    15.6     1.4     8.5     8.7     0.0     7.26 C    22.2    -0.8     7.5    94.1    43.6    70.4   0.345   0.298   0.338   0.276   0.293     9.3     9.4    10.3    11.8    13.7
03761 20191106  2.622  -75.79   39.86    11.5     0.9     6.2     6.9     0.0    11.89 C    20.1    -2.1     5.6    80.9    30.3    55.9   0.341   0.296   0.335   0.274   0.290     9.1     9.4    10.2    11.6    13.3
03761 20191107  2.622  -75.79   39.86    14.0     1.8     7.9     8.2     3.3     4.17 C    21.8    -1.5     8.4    89.6    56.9    74.0   0.342   0.295   0.333   0.272   0.288     9.1     9.2     9.9    11.3    13.0
03761 20191108  2.622  -75.79   39.86     4.2    -4.5    -0.1     1.3     0.0     9.93 C    11.5    -8.6     0.1    79.5    31.3    55.1   0.347   0.299   0.334   0.271   0.286     7.7     8.4     9.5    11.0    12.8
03761 20191109  2.622  -75.79   39.86     5.0    -8.0    -1.5    -1.9     0.0    11.02 C    15.8   -11.0    -1.5    87.8    22.8    58.8   0.342   0.296   0.333   0.269   0.285     5.5     6.2     7.7    10.1    12.4
03761 20191110  2.622  -75.79   39.86    12.6    -3.1     4.8     4.9     0.0     7.02 C    22.0    -4.2     4.7    80.6    37.1    58.5   0.341   0.294   0.332   0.267   0.283     6.2     6.5     7.5     9.3    11.9
03761 20191111  2.622  -75.79   39.86    19.1    -0.4     9.4     9.2     0.0     9.93 C    29.0    -2.7     8.9    92.8    35.5    68.2   0.339   0.293   0.330   0.267   0.282     7.7     7.8     8.1     9.2    11.5
03761 20191112  2.622  -75.79   39.86    13.1    -4.5     4.3     3.7     4.3     1.68 C     9.7    -7.7     2.0    87.1    30.4    59.7   0.346   0.299   0.332   0.266   0.281     7.5     8.0     8.6     9.6    11.3
03761 20191113  2.622  -75.79   39.86     0.0    -6.8    -3.4    -3.6     0.0    11.03 C     7.8   -10.6    -4.2    78.3    37.9    51.9   0.345   0.297   0.333   0.265   0.279     4.0     4.9     6.5     8.9    11.1
03761 20191114  2.622  -75.79   39.86     5.7    -8.0    -1.2    -1.0     0.0     9.77 C    17.6   -11.0    -1.1    88.6    37.8    67.5   0.343   0.297   0.332   0.263   0.278     3.8     4.4     5.6     7.8    10.7
03761 20191115  2.622  -75.79   39.86     9.2    -3.7     2.8     2.3     0.0     9.54 C    17.2    -7.1     1.1    86.8    32.3    60.8   0.342   0.296   0.331   0.263   0.277     4.4     4.8     5.7     7.4    10.2
03761 20191116  2.622  -75.79   39.86     5.1    -1.2     2.0     2.1     0.0    11.04 C    14.1    -7.7     0.3    65.6    14.3    36.0   0.339   0.296   0.329   0.262   0.277     4.3     4.8     5.7     7.3     9.8
03761 20191117  2.622  -75.79   39.86     6.5    -2.4     2.1     2.0     0.0     5.19 C    13.2    -5.7     2.7    68.4    30.4    51.2   0.336   0.294   0.327   0.262   0.276     3.9     4.4     5.3     6.9     9.5
03761 20191118  2.622  -75.79   39.86     7.9     1.3     4.6     4.0     0.0     5.53 C    20.9    -3.0     5.0    90.5    63.9    76.2   0.335   0.291   0.325   0.261   0.275     5.3     5.6     5.9     6.8     9.2
03761 20191119  2.622  -75.79   39.86    10.2     2.0     6.1     5.8     0.0     7.98 C    19.4    -2.2     5.8    90.7    52.9    74.1   0.334   0.290   0.324   0.260   0.274     5.9     6.1     6.4     7.1     9.1
03761 20191120  2.622  -75.79   39.86     9.7     3.4     6.5     6.4     0.0     6.37 C    17.6    -3.0     5.2    82.0    47.2    61.4   0.333   0.288   0.323   0.259   0.273     6.2     6.5     6.7     7.3     9.1
03761 20191121  2.622  -75.79   39.86    10.8     2.0     6.4     6.7     0.0     8.70 C    22.2    -4.0     6.2    68.4    44.1    57.1   0.331   0.287   0.321   0.259   0.273     6.0     6.2     6.6     7.4     9.1
03761 20191122  2.622  -75.79   39.86    11.0     0.5     5.7     7.2     2.2     1.58 C    15.3    -3.6     4.9    86.5    46.0    64.3   0.332   0.287   0.320   0.258   0.273     6.5     6.7     7.0     7.5     9.1
03761 20191123  2.622  -75.79   39.86     5.6    -3.2     1.2     2.2     5.1     6.19 C    11.9    -6.9     1.9    92.6    46.4    66.5   0.334   0.288   0.321   0.257   0.273     5.1     5.5     6.3     7.4     9.1
03761 20191124  2.622  -75.79   39.86     8.0     1.6     4.8     4.0    24.0     3.48 C     8.0    -2.5     2.8    94.0    49.2    78.9   0.383   0.339   0.366   0.287   0.290     5.1     5.5     6.0     7.1     8.9
03761 20191125  2.622  -75.79   39.86    12.1    -1.2     5.5     5.4     0.0     9.41 C    18.9    -4.0     3.2    90.1    46.2    67.7   0.367   0.320   0.354   0.281   0.300     4.8     5.1     5.7     6.8     8.7
03761 20191126  2.622  -75.79   39.86    15.5    -2.1     6.7     5.9     0.0     9.39 C    22.7    -4.6     4.6    94.5    43.1    74.2   0.360   0.313   0.349   0.279   0.297     5.2     5.3     5.8     6.7     8.6
03761 20191127  2.622  -75.79   39.86    14.1     0.8     7.4     8.5     0.0     3.06 C    18.5    -2.1     7.4    93.1    36.3    78.2   0.356   0.310   0.346   0.277   0.295     6.2     6.0     6.2     6.9     8.5
03761 20191128  2.622  -75.79   39.86    10.0     3.0     6.5     6.8     0.0     7.36 C    14.5    -0.3     5.4    63.4    37.2    50.7   0.351   0.306   0.343   0.276   0.293     6.3     6.4     6.7     7.2     8.5
03761 20191129  2.622  -75.79   39.86     4.6    -0.8     1.9     2.0     0.0     8.84 C    14.3    -4.1     1.9    65.8    47.7    57.5   0.346   0.301   0.339   0.274   0.291     4.9     5.2     5.9     7.0     8.5
03761 20191130  2.622  -75.79   39.86     5.8    -2.0     1.9     1.3     0.0     7.41 C    15.9    -6.1     1.5    78.0    30.1    56.1   0.343   0.299   0.336   0.272   0.290     4.6     4.9     5.5     6.6     8.4
03761 20191201  2.622  -75.79   39.86     3.9    -2.1     0.9     1.6    16.8     0.26 C     4.0    -5.1     1.4    92.8    47.9    80.0   0.364   0.321   0.351   0.280   0.289     4.1     4.3     5.1     6.3     8.2
03761 20191202  2.622  -75.79   39.86     3.2     0.7     1.9     2.0     0.0     2.11 C     6.2    -0.2     2.1    91.7    73.2    81.5   0.373   0.328   0.361   0.286   0.303     4.3     4.4     5.0     6.0     8.0
03761 20191203  2.622  -75.79   39.86     4.9     0.5     2.7     2.2     0.0     8.99 C     9.6    -3.6     1.2    80.2    30.1    55.7   0.362   0.316   0.352   0.281   0.303     3.7     4.0     4.7     5.9     7.8
03761 20191204  2.622  -75.79   39.86     5.0     0.2     2.6     1.8     4.7     3.11 C     9.3    -2.9     1.9    93.8    58.8    80.8   0.362   0.315   0.349   0.278   0.300     3.7     3.9     4.5     5.6     7.6
03761 20191205  2.622  -75.79   39.86     5.5    -0.4     2.5     3.1     0.0     6.56 C     8.1    -4.8     0.7    91.6    41.7    58.5   0.369   0.323   0.355   0.279   0.298     3.4     3.7     4.3     5.5     7.4
03761 20191206  2.622  -75.79   39.86     8.7    -3.0     2.8     3.7     0.2     4.03 C    12.9    -6.6     1.9    82.9    47.5    63.8   0.361   0.314   0.350   0.279   0.297     3.3     3.5     4.1     5.2     7.2
03761 20191207  2.622  -75.79   39.86     3.5    -6.1    -1.3    -0.2     0.0     7.35 C    11.0   -10.1    -2.8    83.9    40.1    60.2   0.357   0.310   0.347   0.277   0.297     3.0     3.4     4.1     5.2     7.1
03761 20191208  2.622  -75.79   39.86     5.7    -7.8    -1.1    -0.6     0.0     7.56 C    12.8   -10.9    -1.5    88.8    39.0    72.5   0.351   0.305   0.343   0.275   0.295     1.9     2.4     3.4     4.8     6.9
03761 20191209  2.622  -75.79   39.86    11.3     3.8     7.5     7.4    26.8     0.57 C    10.2     3.1     7.1    95.7    87.1    94.4   0.379   0.335   0.361   0.286   0.310     3.9     3.8     3.9     4.6     6.7
03761 20191210  2.622  -75.79   39.86    12.7     1.8     7.2    10.1     7.4     0.42 C    12.5     0.7     9.0    92.1    67.8    86.2   0.384   0.340   0.370   0.290   0.324     6.6     6.3     5.7     5.3     6.6
03761 20191211  2.622  -75.79   39.86     2.7    -2.4     0.2     0.3     3.7     7.17 C     7.6    -7.3    -0.8    91.4    40.2    65.6   0.383   0.338   0.369   0.291   0.324     4.9     5.2     5.6     6.0     6.8
03761 20191212  2.622  -75.79   39.86     2.2    -6.2    -2.0    -2.0     0.0     8.53 C     8.9    -9.5    -3.6    77.4    36.5    54.5   0.366   0.318   0.355   0.283   0.318     2.4     3.0     4.1     5.5     6.9
03761 20191213  2.622  -75.79   39.86     7.9    -3.0     2.5     2.6     6.5     0.77 C     7.5    -6.6     2.2    95.8    66.8    85.2   0.367   0.318   0.352   0.280   0.314     2.2     2.4     3.4     4.8     6.7
03761 20191214  2.622  -75.79   39.86    11.0     5.3     8.2     8.2     5.7     1.96 C    13.6     2.4     7.6    95.5    62.8    86.9   0.387   0.345   0.373   0.292   0.318     5.2     4.8     4.6     4.8     6.4
03761 20191215  2.622  -75.79   39.86     9.4     1.1     5.2     4.8     0.0     6.09 C    13.9    -2.8     2.8    71.1    41.5    56.5   0.371   0.325   0.360   0.285   0.320     4.7     4.8     5.1     5.4     6.5
03761 20191216  2.622  -75.79   39.86     1.6    -0.4     0.6     0.3    13.4     0.46 C     2.4    -0.4     0.6    93.6    46.1    78.0   0.370   0.322   0.355   0.281   0.316     3.3     3.6     4.3     5.3     6.6
03761 20191217  2.622  -75.79   39.86     2.6     0.2     1.4     1.4    13.7     0.31 C     3.6     0.2     1.6    95.7    68.0    91.0   0.393   0.349   0.377   0.297   0.337     3.0     3.2     3.8     4.8     6.4
03761 20191218  2.622  -75.79   39.86     2.2    -6.1    -2.0    -0.8     0.0     7.29 C     5.6    -7.8    -1.9    72.7    35.6    55.6   0.371   0.325   0.359   0.285   0.322     2.3     2.8     3.5     4.6     6.2
03761 20191219  2.622  -75.79   39.86    -2.9    -8.7    -5.8    -6.0     0.0     8.31 C     2.7   -11.5    -6.7    78.4    38.4    48.7   0.350   0.311   0.349   0.281   0.316     1.2     1.7     2.7     4.2     6.1
03761 20191220  2.622  -75.79   39.86     1.2    -9.4    -4.1    -4.4     0.0     8.47 C     8.1   -12.0    -5.5    85.7    39.0    63.6   0.336   0.297   0.341   0.277   0.313     0.7     1.2     2.1     3.7     5.8
03761 20191221  2.622  -75.79   39.86     1.0    -7.7    -3.4    -4.0     0.0     4.60 C     6.5   -10.1    -5.0    86.3    49.5    70.5   0.331   0.286   0.335   0.275   0.311     0.5     0.9     1.8     3.3     5.5
03761 20191222  2.622  -75.79   39.86     9.7    -8.6     0.5    -0.5     0.0     7.86 C    14.8   -10.6    -2.4    89.4    40.6    71.9 -99.000   0.280   0.330   0.272   0.309     0.3     0.8     1.6     3.0     5.2
03761 20191223  2.622  -75.79   39.86    12.5    -4.3     4.1     2.4     0.0     6.27 C    16.9    -7.1    -0.6    89.2    30.5    68.9 -99.000   0.280   0.327   0.270   0.307     0.3     0.7     1.5     2.9     5.0
03761 20191224  2.622  -75.79   39.86     9.7    -3.1     3.3     3.4     0.0     8.07 C    14.4    -7.8     0.0    84.3    38.3    64.1 -99.000   0.283   0.326   0.268   0.305     0.3     0.7     1.4     2.7     4.8
03761 20191225  2.622  -75.79   39.86     8.2    -6.1     1.0    -0.1     0.0     7.49 C    14.9    -9.3    -2.0    87.2    41.7    71.6 -99.000   0.285   0.327   0.267   0.303     0.3     0.6     1.3     2.6     4.6
03761 20191226  2.622  -75.79   39.86     9.4    -4.5     2.4     2.6     0.0     6.39 C    15.1    -6.7     1.7    90.5    62.7    80.1 -99.000   0.285   0.327   0.265   0.301     0.4     0.6     1.3     2.5     4.5
03761 20191227  2.622  -75.79   39.86    11.7     2.5     7.1     6.8     0.0     3.23 C    15.5    -1.2     5.1    95.9    72.5    86.2   0.352   0.291   0.328   0.264   0.300     1.3     1.1     1.7     2.5     4.4
03761 20191228  2.622  -75.79   39.86    11.6    -0.1     5.8     5.2     0.0     7.61 C    16.2    -3.7     3.0    96.5    52.9    81.8   0.352   0.294   0.330   0.263   0.298     2.4     2.0     2.3     2.9     4.4
03761 20191229  2.622  -75.79   39.86     7.7    -1.4     3.1     4.3    14.0     1.50 C     8.9    -4.2     3.9    94.8    61.7    87.9   0.362   0.309   0.339   0.263   0.297     2.8     2.6     2.7     3.2     4.5
03761 20191230  2.622  -75.79   39.86     7.9     3.6     5.7     6.2    10.3     0.87 C     7.9     3.4     6.0    95.3    85.1    91.5   0.394   0.348   0.376   0.293   0.310     4.4     4.1     3.8     3.7     4.6
03761 20191231  2.622  -75.79   39.86     7.9     2.8     5.4     4.8     0.0     3.69 C    11.4     1.4     4.6    93.7    51.1    80.0   0.376   0.326   0.361   0.285   0.320     4.4     4.3     4.2     4.2     4.8
