53974 20190101  2.622  -96.61   39.10    -7.7   -11.1    -9.4    -9.4     0.0     3.11 C    -3.2    -8.4    -6.4    69.0    61.2    66.1   0.365   0.423   0.514 -99.000 -99.000     0.8     1.6     2.5 -9999.0 -9999.0
53974 20190102  2.622  -96.61   39.10     3.1    -7.7    -2.3    -3.3     0.0    10.33 C     5.4    -7.8    -3.2    69.5    34.4    56.9   0.339   0.408   0.497 -99.000 -99.000     0.6     1.4     2.2 -9999.0 -9999.0
53974 20190103  2.622  -96.61   39.10     9.7    -8.4     0.6     0.3     0.0    10.18 C    12.0    -9.0    -0.7    80.4    29.2    58.2   0.339   0.406   0.497 -99.000 -99.000     0.6     1.3     2.1 -9999.0 -9999.0
53974 20190104  2.622  -96.61   39.10    12.6    -7.3     2.7     2.0     0.0    10.12 C    13.6    -8.2     0.5    86.3    35.3    65.6   0.352   0.413   0.495 -99.000 -99.000     0.6     1.3     2.0 -9999.0 -9999.0
53974 20190105  2.622  -96.61   39.10    17.6    -1.3     8.2     6.3     0.0    10.31 C    20.7    -3.5     4.5    82.0    29.8    62.1   0.378   0.432   0.511 -99.000 -99.000     1.1     1.6     2.1 -9999.0 -9999.0
53974 20190106  2.622  -96.61   39.10    16.7     1.5     9.1    10.4     0.0     4.73 C    16.3    -1.4     8.7    77.5    37.9    59.6   0.402   0.447   0.540 -99.000 -99.000     3.0     2.9     2.7 -9999.0 -9999.0
53974 20190107  2.622  -96.61   39.10    14.7     4.6     9.6    10.3     0.0     7.97 C    17.1    -0.6     8.6    83.9    34.9    56.8   0.410   0.450   0.541 -99.000 -99.000     5.6     5.4     4.7 -9999.0 -9999.0
53974 20190108  2.622  -96.61   39.10    11.1    -1.7     4.7     5.5     0.0    10.67 C    15.5    -5.1     4.0    72.1    22.8    47.2   0.391   0.447   0.530 -99.000 -99.000     4.3     4.6     4.7 -9999.0 -9999.0
53974 20190109  2.622  -96.61   39.10     5.6    -7.3    -0.9    -0.5     0.0     9.98 C    12.0    -8.0    -1.2    74.4    20.3    50.0   0.374   0.436   0.513 -99.000 -99.000     2.6     3.3     4.0 -9999.0 -9999.0
53974 20190110  2.622  -96.61   39.10     9.0    -4.2     2.4     1.8     0.0     9.55 C    11.3    -6.1     1.2    65.4    31.9    50.3   0.366   0.429   0.506 -99.000 -99.000     2.3     2.9     3.4 -9999.0 -9999.0
53974 20190111  2.622  -96.61   39.10     4.5     0.2     2.3     2.0    11.9     0.92 C     3.7    -2.2     1.1    93.1    48.5    79.2   0.414   0.447   0.522 -99.000 -99.000     2.7     3.2     3.6 -9999.0 -9999.0
53974 20190112  2.622  -96.61   39.10     0.2    -1.0    -0.4    -0.5     4.3     1.21 C    -0.1    -1.2    -0.6    93.4    82.9    88.2   0.529   0.472   0.554 -99.000 -99.000     2.6     3.1     3.6 -9999.0 -9999.0
53974 20190113  2.622  -96.61   39.10    -1.0    -2.4    -1.7    -1.7     0.0     1.29 C    -0.6    -2.4    -1.5    88.4    84.0    85.7   0.536   0.474   0.561 -99.000 -99.000     2.2     2.8     3.3 -9999.0 -9999.0
53974 20190114  2.622  -96.61   39.10     0.7    -3.7    -1.5    -1.2     0.0     2.05 C     0.1    -3.4    -1.2    93.0    87.9    90.6   0.518   0.472   0.562 -99.000 -99.000     1.8     2.5     3.1 -9999.0 -9999.0
53974 20190115  2.622  -96.61   39.10     0.7    -1.9    -0.6    -0.5     0.0     3.86 C     1.0    -1.1    -0.1    95.3    91.2    92.7   0.529   0.477   0.562 -99.000 -99.000     1.9     2.5     3.0 -9999.0 -9999.0
53974 20190116  2.622  -96.61   39.10    -0.1    -2.0    -1.1    -0.8     0.7     1.19 C     0.4    -1.5    -0.4    95.6    93.1    93.9   0.533   0.482   0.568 -99.000 -99.000     2.1     2.6     3.1 -9999.0 -9999.0
53974 20190117  2.622  -96.61   39.10     0.7    -1.6    -0.5    -0.3     0.0     2.29 C     1.4    -1.0     0.1    93.7    87.1    90.7   0.537   0.484   0.566 -99.000 -99.000     2.2     2.7     3.1 -9999.0 -9999.0
53974 20190118  2.622  -96.61   39.10     2.6    -6.1    -1.7    -0.1    10.0     0.48 C     2.9    -5.7     0.0    93.8    87.1    92.1   0.541   0.484   0.573 -99.000 -99.000     2.3     2.7     3.1 -9999.0 -9999.0
53974 20190119  2.622  -96.61   39.10    -6.1   -14.5   -10.3    -9.6     0.0     9.91 C    -5.6   -17.2    -9.9    86.8    61.9    75.9   0.544   0.486   0.570 -99.000 -99.000     1.4     1.9     2.5 -9999.0 -9999.0
53974 20190120  2.622  -96.61   39.10    -2.1   -14.9    -8.5    -8.1     0.0     9.71 C    -1.0   -17.1    -9.0    82.2    61.2    71.6   0.469   0.475   0.570 -99.000 -99.000     0.8     1.5     2.1 -9999.0 -9999.0
53974 20190121  2.622  -96.61   39.10     3.1    -8.4    -2.6    -2.6     0.0     4.96 C     0.5    -9.8    -3.9    78.7    64.7    73.4   0.423   0.461   0.553 -99.000 -99.000     0.7     1.3     1.9 -9999.0 -9999.0
53974 20190122  2.622  -96.61   39.10     3.3    -7.8    -2.2    -1.6     6.0     0.46 C     1.2    -8.0    -2.1    93.0    66.0    82.8   0.477   0.470   0.555 -99.000 -99.000     0.7     1.3     1.7 -9999.0 -9999.0
53974 20190123  2.622  -96.61   39.10    -1.4   -11.5    -6.4    -6.2     0.0    12.43 C    -1.2   -14.6    -7.0    86.7    67.2    79.2   0.478   0.477   0.554 -99.000 -99.000     0.7     1.2     1.6 -9999.0 -9999.0
53974 20190124  2.622  -96.61   39.10    -1.0   -16.7    -8.9    -6.6     0.0    10.94 C     0.6   -17.0    -7.2    84.7    48.5    68.6   0.447   0.475   0.559 -99.000 -99.000     0.6     1.2     1.6 -9999.0 -9999.0
53974 20190125  2.622  -96.61   39.10     4.5   -16.4    -6.0    -4.6     0.0     9.91 C     4.7   -16.4    -5.5    83.9    57.5    69.8   0.463   0.452   0.528 -99.000 -99.000     0.5     1.0     1.6 -9999.0 -9999.0
53974 20190126  2.622  -96.61   39.10     6.8    -7.4    -0.3     0.6     0.0    10.53 C     8.3    -7.8    -0.1    88.8    54.9    71.7   0.477   0.463   0.542 -99.000 -99.000     0.4     0.9     1.4 -9999.0 -9999.0
53974 20190127  2.622  -96.61   39.10     9.7    -4.4     2.6     3.2     0.0     8.39 C     9.8    -5.0     1.9    89.6    44.2    72.7   0.506   0.482   0.554 -99.000 -99.000     0.5     0.9     1.2 -9999.0 -9999.0
53974 20190128  2.622  -96.61   39.10     7.9    -9.6    -0.9    -0.7     1.3     8.06 C     4.7    -9.6    -1.1    78.0    43.5    60.9   0.525   0.485   0.559 -99.000 -99.000     0.7     1.1     1.2 -9999.0 -9999.0
53974 20190129  2.622  -96.61   39.10     0.2   -12.4    -6.1    -6.7     0.0     9.65 C     7.1   -11.3    -5.3    83.0    42.6    64.7   0.496   0.475   0.559 -99.000 -99.000     0.5     0.9     1.3 -9999.0 -9999.0
53974 20190130  2.622  -96.61   39.10   -11.8   -18.0   -14.9   -14.6     0.0     8.91 C    -4.4   -15.2   -11.4    63.7    41.3    52.6 -99.000   0.423   0.526 -99.000 -99.000     0.4     0.9     1.3 -9999.0 -9999.0
53974 20190131  2.622  -96.61   39.10     4.0   -13.8    -4.9    -6.0     0.0    11.51 C     6.8   -12.6    -5.0    78.8    43.9    59.8 -99.000   0.404   0.497 -99.000 -99.000     0.2     0.7     1.1 -9999.0 -9999.0
53974 20190201  2.622  -96.61   39.10    13.0    -8.9     2.1     1.7     0.0    13.21 C    14.2    -8.8     1.0    88.5    31.4    71.2 -99.000   0.417   0.494 -99.000 -99.000     0.2     0.7     1.1 -9999.0 -9999.0
53974 20190202  2.622  -96.61   39.10    16.6     6.3    11.5    10.6     0.0     5.29 C    16.2     4.9     8.8    92.1    63.3    83.4 -99.000   0.431   0.522 -99.000 -99.000     0.6     0.9     1.1 -9999.0 -9999.0
53974 20190203  2.622  -96.61   39.10    21.4    12.3    16.8    15.4     0.0     9.34 C    20.8     9.8    13.4    84.0    46.3    71.4   0.500   0.457   0.555 -99.000 -99.000     4.9     3.6     2.1 -9999.0 -9999.0
53974 20190204  2.622  -96.61   39.10    13.6    -7.8     2.9    -1.7     0.0    11.58 C    11.3    -6.9     0.9    90.2    49.8    71.4   0.476   0.459   0.559 -99.000 -99.000     4.6     4.6     3.9 -9999.0 -9999.0
53974 20190205  2.622  -96.61   39.10    -5.6    -8.6    -7.1    -7.2     0.0     2.47 C    -1.4    -7.1    -4.9    82.1    69.9    76.6   0.402   0.448   0.552 -99.000 -99.000     1.6     2.2     2.8 -9999.0 -9999.0
53974 20190206  2.622  -96.61   39.10    -6.0    -8.6    -7.3    -7.1     2.7     1.62 C    -3.3    -7.3    -5.2    89.6    77.0    86.0   0.364   0.431   0.526 -99.000 -99.000     0.9     1.5     2.1 -9999.0 -9999.0
53974 20190207  2.622  -96.61   39.10    -7.7   -13.7   -10.7   -10.9     0.0    12.79 C    -1.9   -13.4    -8.9    85.3    45.4    61.7   0.350   0.402   0.507 -99.000 -99.000     0.5     1.2     1.8 -9999.0 -9999.0
53974 20190208  2.622  -96.61   39.10    -4.0   -16.9   -10.5   -10.3     0.0    14.71 C     4.6   -17.1    -8.1    72.5    35.3    54.9 -99.000   0.385   0.497 -99.000 -99.000     0.2     0.9     1.5 -9999.0 -9999.0
53974 20190209  2.622  -96.61   39.10     3.1   -12.6    -4.7    -4.5     0.0    10.23 C     6.4   -12.9    -3.9    82.9    40.1    65.5 -99.000   0.405   0.488 -99.000 -99.000     0.0     0.7     1.2 -9999.0 -9999.0
53974 20190210  2.622  -96.61   39.10     4.9    -1.0     2.0     1.5     0.8     3.21 C     6.8    -1.1     1.2    92.2    63.8    82.2 -99.000   0.408   0.487 -99.000 -99.000     0.1     0.7     1.1 -9999.0 -9999.0
53974 20190211  2.622  -96.61   39.10     1.0    -1.9    -0.4     0.2     2.8     1.05 C     1.3    -1.6     0.2    93.8    88.5    92.3 -99.000   0.420   0.499 -99.000 -99.000     0.1     0.7     1.1 -9999.0 -9999.0
53974 20190212  2.622  -96.61   39.10     4.1    -4.1     0.0    -1.1     0.0    15.00 C     8.8    -6.0    -0.8    88.5    46.6    70.7 -99.000   0.456   0.536 -99.000 -99.000     0.2     0.7     1.1 -9999.0 -9999.0
53974 20190213  2.622  -96.61   39.10    11.2    -5.5     2.8     4.2     0.0    10.21 C    11.7    -6.7     2.4    86.3    40.6    60.3 -99.000   0.447   0.541 -99.000 -99.000     0.2     0.8     1.1 -9999.0 -9999.0
53974 20190214  2.622  -96.61   39.10    11.9    -5.9     3.0     2.7     0.0    14.18 C    16.9    -5.1     2.9    84.6    43.0    60.5 -99.000   0.456   0.550 -99.000 -99.000     0.8     1.2     1.4 -9999.0 -9999.0
53974 20190215  2.622  -96.61   39.10    -5.9   -10.9    -8.4    -9.7     6.4     3.26 C    -5.0    -9.7    -7.9    82.4    52.6    70.9   0.416   0.448   0.552 -99.000 -99.000     0.5     1.0     1.5 -9999.0 -9999.0
53974 20190216  2.622  -96.61   39.10    -4.3   -12.6    -8.5    -7.8     1.2     7.61 C    -1.2   -15.3    -6.8    90.7    61.6    75.0   0.419   0.439   0.543 -99.000 -99.000     0.4     0.9     1.4 -9999.0 -9999.0
53974 20190217  2.622  -96.61   39.10    -3.2   -10.4    -6.8    -6.4     0.0    13.24 C     0.5   -11.9    -5.9    90.8    59.4    76.0   0.422   0.439   0.538 -99.000 -99.000     0.4     0.9     1.3 -9999.0 -9999.0
53974 20190218  2.622  -96.61   39.10    -4.0   -14.4    -9.2    -8.8     0.0    12.38 C     2.4   -15.6    -7.4    81.2    64.6    73.1 -99.000   0.427   0.523 -99.000 -99.000     0.3     0.9     1.3 -9999.0 -9999.0
53974 20190219  2.622  -96.61   39.10    -1.7   -10.4    -6.0    -5.3     3.9     5.24 C    -0.2   -10.1    -4.8    87.9    63.2    77.1 -99.000   0.419   0.515 -99.000 -99.000     0.3     0.8     1.2 -9999.0 -9999.0
53974 20190220  2.622  -96.61   39.10     2.1    -3.6    -0.7    -1.4     0.4    14.40 C     2.4    -7.0    -1.9    90.9    50.4    74.2 -99.000   0.429   0.530 -99.000 -99.000     0.3     0.9     1.2 -9999.0 -9999.0
53974 20190221  2.622  -96.61   39.10     5.7    -8.7    -1.5    -1.0     0.0    10.66 C     6.3    -9.2    -1.9    88.7    41.0    67.8 -99.000   0.443   0.549 -99.000 -99.000     0.3     0.8     1.1 -9999.0 -9999.0
53974 20190222  2.622  -96.61   39.10     5.6    -4.6     0.5     0.5     1.0    10.09 C     8.6    -5.9     0.3    92.9    57.9    76.9 -99.000   0.462   0.559 -99.000 -99.000     0.3     0.8     1.1 -9999.0 -9999.0
53974 20190223  2.622  -96.61   39.10     2.1    -2.9    -0.4     0.2    19.7     1.18 C     2.6    -5.2    -0.1    94.3    71.1    91.1 -99.000   0.469   0.559 -99.000 -99.000     0.3     0.8     1.1 -9999.0 -9999.0
53974 20190224  2.622  -96.61   39.10    -2.6    -9.7    -6.1    -4.7     0.0    16.46 C     1.7   -10.3    -5.0    75.0    54.8    63.1 -99.000   0.476   0.559 -99.000 -99.000     0.3     0.7     1.1 -9999.0 -9999.0
53974 20190225  2.622  -96.61   39.10     4.4   -10.4    -3.0    -6.0     0.0    16.99 C     9.7   -10.1    -4.3    75.4    56.6    69.1 -99.000   0.479   0.561 -99.000 -99.000     0.3     0.8     1.1 -9999.0 -9999.0
53974 20190226  2.622  -96.61   39.10    -6.8   -11.2    -9.0    -8.9     0.0     5.39 C    -2.0    -9.7    -6.1    89.1    67.7    75.8 -99.000   0.472   0.563 -99.000 -99.000     0.3     0.7     1.1 -9999.0 -9999.0
53974 20190227  2.622  -96.61   39.10    -6.2   -11.6    -8.9    -9.3     0.0     9.32 C     0.9   -10.4    -6.5    91.1    53.7    71.9 -99.000   0.446   0.530 -99.000 -99.000     0.3     0.7     1.1 -9999.0 -9999.0
53974 20190228  2.622  -96.61   39.10    -2.2   -11.6    -6.9    -7.8     0.0    11.38 C     5.7    -9.1    -4.6    72.8    36.4    55.2 -99.000   0.428   0.509 -99.000 -99.000     0.2     0.7     1.0 -9999.0 -9999.0
53974 20190301  2.622  -96.61   39.10     4.1   -10.1    -3.0    -2.9     0.0    11.97 C    10.4   -10.0    -1.7    77.1    49.2    64.7 -99.000   0.422   0.501 -99.000 -99.000     0.2     0.6     1.0 -9999.0 -9999.0
53974 20190302  2.622  -96.61   39.10    -1.8    -8.1    -4.9    -4.9     0.0    15.34 C     6.9    -6.7    -2.3    71.5    50.3    62.2 -99.000   0.425   0.499 -99.000 -99.000     0.2     0.6     0.9 -9999.0 -9999.0
53974 20190303  2.622  -96.61   39.10    -8.1   -17.3   -12.7   -13.6     6.9    18.83 C    -4.2   -17.2   -10.9    83.9    44.9    60.9 -99.000   0.421   0.500 -99.000 -99.000     0.2     0.6     0.9 -9999.0 -9999.0
53974 20190304  2.622  -96.61   39.10    -8.8   -19.6   -14.2   -14.0     0.0    19.73 C    -2.1   -19.9   -12.2    61.4    39.7    52.3 -99.000 -99.000   0.494 -99.000 -99.000     0.1     0.5     0.9 -9999.0 -9999.0
53974 20190305  2.622  -96.61   39.10    -4.5   -14.8    -9.7    -9.9     0.0    19.62 C     3.6   -15.4    -8.2    71.8    44.1    55.6 -99.000 -99.000   0.491 -99.000 -99.000    -0.1     0.4     0.8 -9999.0 -9999.0
53974 20190306  2.622  -96.61   39.10     2.9   -14.3    -5.7    -3.6     0.0    12.82 C     6.7   -13.8    -3.2    74.7    40.7    58.0 -99.000 -99.000   0.488 -99.000 -99.000    -0.2     0.4     0.7 -9999.0 -9999.0
53974 20190307  2.622  -96.61   39.10     7.9    -2.3     2.8     1.7     0.0    14.59 C    12.4    -4.4     1.7    70.2    46.8    57.1 -99.000 -99.000   0.508 -99.000 -99.000     0.0     0.4     0.7 -9999.0 -9999.0
53974 20190308  2.622  -96.61   39.10     4.4    -1.9     1.3     2.2     0.0     4.38 C     5.5    -3.3     2.1    89.5    68.4    81.8 -99.000 -99.000   0.542 -99.000 -99.000     0.0     0.4     0.7 -9999.0 -9999.0
53974 20190309  2.622  -96.61   39.10    10.2    -0.6     4.8     5.2     7.7     3.36 C     8.7    -1.9     4.1    92.1    57.9    78.6 -99.000 -99.000   0.549 -99.000 -99.000     0.0     0.5     0.8 -9999.0 -9999.0
53974 20190310  2.622  -96.61   39.10     6.7    -3.8     1.4     1.4     0.0    17.13 C    13.6    -4.8     2.1    76.9    36.6    58.7 -99.000   0.466   0.552 -99.000 -99.000     0.5     1.0     1.2 -9999.0 -9999.0
53974 20190311  2.622  -96.61   39.10    12.4    -4.7     3.8     4.4     0.0    19.65 C    17.8    -5.8     4.5    80.1    31.2    57.3   0.481   0.459   0.557 -99.000 -99.000     1.4     1.8     1.7 -9999.0 -9999.0
53974 20190312  2.622  -96.61   39.10    13.5     6.8    10.1    10.1    10.9     4.37 C    13.5     5.4     9.0    89.3    61.7    80.7   0.505   0.462   0.555 -99.000 -99.000     3.3     3.7     3.2 -9999.0 -9999.0
53974 20190313  2.622  -96.61   39.10    18.4     8.3    13.4    14.5     9.6    12.16 C    18.6     7.2    12.9   100.0    47.0    71.6   0.505   0.465   0.572 -99.000 -99.000     7.0     7.1     6.1 -9999.0 -9999.0
53974 20190314  2.622  -96.61   39.10     8.3     1.3     4.8     2.9     1.1     3.35 C     7.2    -0.3     2.6    85.7    64.8    75.5   0.509   0.467   0.578 -99.000 -99.000     4.8     5.6     6.0 -9999.0 -9999.0
53974 20190315  2.622  -96.61   39.10    10.1    -2.5     3.8     3.3     0.0    20.87 C    17.9    -3.8     3.9    73.5    24.6    52.1   0.479   0.464   0.565 -99.000 -99.000     3.8     4.3     4.5 -9999.0 -9999.0
53974 20190316  2.622  -96.61   39.10    16.2    -4.8     5.7     6.2     0.0    21.02 C    21.6    -5.2     5.4    83.3    20.8    48.6   0.413   0.451   0.557 -99.000 -99.000     4.3     4.5     4.4 -9999.0 -9999.0
53974 20190317  2.622  -96.61   39.10    13.9    -4.0     5.0     5.3     0.0    20.88 C    24.4    -4.7     6.8    86.7    20.8    53.2   0.391   0.444   0.542 -99.000 -99.000     5.3     5.3     4.8 -9999.0 -9999.0
53974 20190318  2.622  -96.61   39.10    13.1     0.5     6.8     7.0     0.0    19.42 C    22.0    -2.0     8.3    73.8    29.8    48.5   0.382   0.438   0.532 -99.000 -99.000     6.4     6.3     5.5 -9999.0 -9999.0
53974 20190319  2.622  -96.61   39.10    14.3     4.4     9.3     7.2     5.7     5.30 C    16.9     3.7     6.9    90.6    37.5    67.0   0.397   0.442   0.537 -99.000 -99.000     6.7     6.7     6.2 -9999.0 -9999.0
53974 20190320  2.622  -96.61   39.10    16.4     4.5    10.4     9.0     0.0    20.15 C    21.4     1.9     9.1    90.1    24.4    62.0   0.433   0.466   0.578 -99.000 -99.000     7.7     7.4     6.6 -9999.0 -9999.0
53974 20190321  2.622  -96.61   39.10    16.3    -0.6     7.8     7.1     0.0    21.61 C    26.6    -2.4     8.7    89.4    24.5    58.9   0.409   0.457   0.561 -99.000 -99.000     7.9     7.6     6.8 -9999.0 -9999.0
53974 20190322  2.622  -96.61   39.10    20.1    -2.4     8.8     9.9     0.0    18.55 C    30.2    -2.9    10.8    85.1    19.9    50.2   0.391   0.448   0.543 -99.000 -99.000     8.5     8.0     7.1 -9999.0 -9999.0
53974 20190323  2.622  -96.61   39.10    18.4     9.0    13.7    12.4     1.6    11.64 C    27.0     7.3    12.2    86.0    42.1    59.2   0.387   0.447   0.536 -99.000 -99.000    10.2     9.5     8.3 -9999.0 -9999.0
53974 20190324  2.622  -96.61   39.10    14.6     7.4    11.0    10.6     0.0     7.24 C    22.7     5.9    10.8    85.3    60.0    76.4   0.385   0.446   0.541 -99.000 -99.000     9.9     9.6     8.8 -9999.0 -9999.0
53974 20190325  2.622  -96.61   39.10    15.1     4.1     9.6     9.7     0.0    13.78 C    28.2     2.5    11.5    85.9    39.9    68.7   0.379   0.441   0.534 -99.000 -99.000    10.8    10.2     9.1 -9999.0 -9999.0
53974 20190326  2.622  -96.61   39.10    20.3     2.6    11.4    11.2     0.0    18.01 C    28.9     1.7    12.2    89.8    31.5    61.9   0.370   0.432   0.525 -99.000 -99.000    10.6    10.1     9.2 -9999.0 -9999.0
53974 20190327  2.622  -96.61   39.10    23.6    10.5    17.1    16.7     0.0    15.30 C    26.5     8.5    15.8    61.3    37.2    49.7   0.361   0.426   0.522 -99.000 -99.000    11.5    10.9     9.9 -9999.0 -9999.0
53974 20190328  2.622  -96.61   39.10    15.3     7.7    11.5    11.5     6.7     1.30 C    13.3     7.9    10.7    90.8    55.6    77.9   0.388   0.444   0.547 -99.000 -99.000    10.8    10.8    10.2 -9999.0 -9999.0
53974 20190329  2.622  -96.61   39.10     8.4     2.7     5.6     6.0    13.4     0.82 C     8.4     3.5     6.2    91.9    81.2    89.1   0.484   0.476   0.576 -99.000 -99.000     8.7     9.1     9.2 -9999.0 -9999.0
53974 20190330  2.622  -96.61   39.10     6.4    -2.2     2.1     2.6     3.5    16.63 C    14.7    -3.2     4.5    90.6    39.0    69.5   0.550   0.489   0.580 -99.000 -99.000     7.3     7.6     7.7 -9999.0 -9999.0
53974 20190331  2.622  -96.61   39.10     9.5    -6.7     1.4     2.0     0.0    23.56 C    19.5    -6.2     4.7    85.3    30.0    57.5   0.555   0.487   0.579 -99.000 -99.000     6.7     6.9     7.0 -9999.0 -9999.0
53974 20190401  2.622  -96.61   39.10    14.9     0.3     7.6     7.7     0.0    21.16 C    19.9    -0.7     8.0    62.5    24.0    45.3   0.477   0.476   0.578 -99.000 -99.000     7.5     7.6     7.4 -9999.0 -9999.0
53974 20190402  2.622  -96.61   39.10    14.4     1.0     7.7     8.0     0.0    13.62 C    24.6    -0.5     9.2    82.0    33.2    57.6   0.432   0.464   0.571 -99.000 -99.000     8.6     8.4     8.0 -9999.0 -9999.0
53974 20190403  2.622  -96.61   39.10    20.4     8.5    14.5    13.9     0.0    11.62 C    25.5     6.3    13.2    61.6    29.7    46.6   0.408   0.456   0.553 -99.000 -99.000    10.1     9.4     8.6 -9999.0 -9999.0
53974 20190404  2.622  -96.61   39.10    19.6     9.6    14.6    14.0     0.0    12.70 C    32.2     7.2    15.1    84.7    46.8    69.1   0.398   0.450   0.548 -99.000 -99.000    12.5    11.5    10.0 -9999.0 -9999.0
53974 20190405  2.622  -96.61   39.10    24.2     6.4    15.3    15.5     0.0    20.44 C    30.6     4.5    16.0    92.1    36.0    66.8   0.387   0.443   0.543 -99.000 -99.000    13.1    12.3    10.8 -9999.0 -9999.0
53974 20190406  2.622  -96.61   39.10    25.4    12.4    18.9    17.0    11.5    16.06 C    32.0    10.7    17.3    92.3    36.5    69.3   0.419   0.451   0.545 -99.000 -99.000    14.4    13.5    12.0 -9999.0 -9999.0
53974 20190407  2.622  -96.61   39.10    23.6     9.3    16.4    16.5     0.0    21.61 C    30.9     8.0    16.7    93.2    32.8    69.0   0.539   0.492   0.589 -99.000 -99.000    15.0    14.4    12.9 -9999.0 -9999.0
53974 20190408  2.622  -96.61   39.10    28.2     5.3    16.7    17.6     0.0    23.89 C    32.0     4.6    16.9    89.5    19.3    52.4   0.463   0.481   0.588 -99.000 -99.000    14.2    13.9    12.9 -9999.0 -9999.0
53974 20190409  2.622  -96.61   39.10    26.5    10.2    18.3    19.5     0.0    19.05 C    32.2     7.2    18.4    70.2    28.8    47.2   0.420   0.462   0.567 -99.000 -99.000    15.1    14.5    13.3 -9999.0 -9999.0
53974 20190410  2.622  -96.61   39.10    31.0    14.5    22.7    22.4     0.0    15.96 C    35.9    13.3    21.2    66.1    19.4    43.8   0.397   0.445   0.552 -99.000 -99.000    16.0    15.2    13.9 -9999.0 -9999.0
53974 20190411  2.622  -96.61   39.10    23.6     0.6    12.1     5.4     0.0     8.43 C    20.4    -0.4     6.2    83.2    41.2    59.6   0.372   0.426   0.532 -99.000 -99.000    10.2    11.9    12.8 -9999.0 -9999.0
53974 20190412  2.622  -96.61   39.10    12.6    -1.0     5.8     5.1     0.0    25.22 C    21.7    -1.9     6.5    65.0    24.0    44.4   0.354   0.414   0.514 -99.000 -99.000     7.5     8.6     9.7 -9999.0 -9999.0
53974 20190413  2.622  -96.61   39.10    14.0    -2.7     5.7     6.8     0.0    18.03 C    28.4    -3.2     9.1    82.4    25.8    48.1   0.343   0.408   0.513 -99.000 -99.000     8.9     9.2     9.3 -9999.0 -9999.0
53974 20190414  2.622  -96.61   39.10    16.1     0.7     8.4     9.2     0.0    24.81 C    30.6    -1.9    12.5    74.7    27.2    46.0   0.332   0.402   0.512 -99.000 -99.000    10.5    10.4     9.9 -9999.0 -9999.0
53974 20190415  2.622  -96.61   39.10    26.4     9.0    17.7    18.2     0.0    23.33 C    34.6     7.0    18.1    62.1    26.1    42.4   0.315   0.397   0.514 -99.000 -99.000    13.1    12.3    11.2 -9999.0 -9999.0
53974 20190416  2.622  -96.61   39.10    28.9    13.4    21.1    21.5     0.0    23.47 C    36.9    10.7    22.3    71.3    29.5    50.4   0.301   0.394   0.519 -99.000 -99.000    16.2    15.0    13.1 -9999.0 -9999.0
53974 20190417  2.622  -96.61   39.10    25.6    12.6    19.1    20.0     0.0    12.65 C    35.5    12.0    20.5    72.7    38.8    59.2   0.290   0.388   0.524 -99.000 -99.000    17.1    16.3    14.6 -9999.0 -9999.0
53974 20190418  2.622  -96.61   39.10    19.1     8.1    13.6    12.7     0.0    19.69 C    34.3     7.1    15.6    76.3    30.1    52.8   0.275   0.380   0.520 -99.000 -99.000    14.8    14.8    14.0 -9999.0 -9999.0
53974 20190419  2.622  -96.61   39.10    18.8     3.8    11.3    11.2     0.0    25.96 C    34.4     1.9    14.8    81.3    20.6    49.6   0.264   0.373   0.516 -99.000 -99.000    14.2    13.9    13.2 -9999.0 -9999.0
53974 20190420  2.622  -96.61   39.10    28.6     2.3    15.5    17.2     0.0    25.69 C    35.6     1.8    17.8    78.2    19.6    41.8   0.254   0.367   0.513 -99.000 -99.000    14.9    14.4    13.5 -9999.0 -9999.0
53974 20190421  2.622  -96.61   39.10    30.1    16.8    23.4    23.0     1.3    22.24 C    36.3    14.2    22.7    66.3    29.9    41.9   0.245   0.362   0.516 -99.000 -99.000    17.5    16.5    14.9 -9999.0 -9999.0
53974 20190422  2.622  -96.61   39.10    21.1    11.2    16.1    16.7     2.5    15.56 C    32.8     9.1    17.9    78.8    52.6    67.1   0.248   0.357   0.517 -99.000 -99.000    17.1    16.8    15.6 -9999.0 -9999.0
53974 20190423  2.622  -96.61   39.10    13.0     9.9    11.4    11.3     0.2     4.37 C    17.4    10.1    12.5    92.6    67.9    76.0   0.243   0.353   0.510 -99.000 -99.000    14.2    14.5    14.5 -9999.0 -9999.0
53974 20190424  2.622  -96.61   39.10    22.6     9.0    15.8    14.8     0.0    21.64 C    35.5     8.2    18.0    93.4    42.0    72.1   0.245   0.351   0.509 -99.000 -99.000    16.3    15.5    14.4 -9999.0 -9999.0
53974 20190425  2.622  -96.61   39.10    21.3     6.8    14.0    14.3     0.0    15.94 C    33.2     5.2    15.3    92.3    28.3    65.9   0.238   0.346   0.506 -99.000 -99.000    15.4    15.3    14.7 -9999.0 -9999.0
53974 20190426  2.622  -96.61   39.10    24.0     3.4    13.7    15.4     0.0    24.47 C    35.5     2.6    17.3    83.2    21.1    46.5   0.231   0.339   0.500 -99.000 -99.000    15.7    15.3    14.4 -9999.0 -9999.0
53974 20190427  2.622  -96.61   39.10    20.2     6.7    13.4    14.5     0.0    26.03 C    32.2     7.5    17.7    65.3    38.6    48.8   0.220   0.331   0.498 -99.000 -99.000    16.4    16.2    15.2 -9999.0 -9999.0
53974 20190428  2.622  -96.61   39.10    16.0     4.8    10.4    10.5     1.7    21.04 C    25.8     4.9    13.0    79.8    40.9    59.7   0.207   0.320   0.493 -99.000 -99.000    15.6    15.4    14.8 -9999.0 -9999.0
53974 20190429  2.622  -96.61   39.10    17.0    10.3    13.6    13.8    13.3    16.66 C    28.8    10.2    15.9    89.1    40.6    66.1   0.314   0.354   0.488 -99.000 -99.000    15.8    15.5    14.9 -9999.0 -9999.0
53974 20190430  2.622  -96.61   39.10    13.0     7.7    10.4     9.6    27.3     1.41 C    12.4     8.3    10.0    93.5    53.3    88.3   0.427   0.414   0.529 -99.000 -99.000    12.8    13.4    13.7 -9999.0 -9999.0
53974 20190501  2.622  -96.61   39.10    14.4    10.0    12.2    11.7     0.0     6.38 C    18.5    10.2    12.8    93.6    75.0    85.2   0.562   0.487   0.588 -99.000 -99.000    13.4    13.3    13.1 -9999.0 -9999.0
53974 20190502  2.622  -96.61   39.10    17.7     7.3    12.5    12.2     4.4    24.42 C    28.0     6.9    14.6    89.7    46.7    70.0   0.539   0.491   0.594 -99.000 -99.000    15.1    14.5    13.7 -9999.0 -9999.0
53974 20190503  2.622  -96.61   39.10    17.5     8.0    12.8    12.9     1.4     9.79 C    23.1     7.5    13.3    91.9    66.6    80.1   0.495   0.487   0.599 -99.000 -99.000    15.0    14.9    14.4 -9999.0 -9999.0
53974 20190504  2.622  -96.61   39.10    21.4     6.0    13.7    13.6     0.0    21.84 C    31.7     6.3    15.5    94.6    48.9    77.3   0.448   0.466   0.587 -99.000 -99.000    16.0    15.4    14.6 -9999.0 -9999.0
53974 20190505  2.622  -96.61   39.10    25.7    11.8    18.7    18.5    13.7    24.40 C    32.6     9.8    19.3    88.4    45.5    66.9   0.412   0.447   0.559 -99.000 -99.000    17.5    16.8    15.7 -9999.0 -9999.0
53974 20190506  2.622  -96.61   39.10    24.4    10.3    17.4    16.6    15.1    19.45 C    33.4     9.8    17.7    92.1    58.0    79.9   0.539   0.493   0.594 -99.000 -99.000    17.8    17.3    16.4 -9999.0 -9999.0
53974 20190507  2.622  -96.61   39.10    16.5    13.5    15.0    15.3    41.7     3.05 C    16.6    14.2    15.3    92.3    88.3    90.1   0.543   0.499   0.605 -99.000 -99.000    16.0    16.2    16.0 -9999.0 -9999.0
53974 20190508  2.622  -96.61   39.10    22.0     9.2    15.6    15.5    62.5    14.49 C    27.1     9.7    16.4    92.1    59.0    82.8   0.542   0.501   0.606 -99.000 -99.000    16.7    16.7    16.2 -9999.0 -9999.0
53974 20190509  2.622  -96.61   39.10    11.7     5.5     8.6     8.4     0.0     7.70 C    15.7     6.7    10.0    79.4    59.2    69.6   0.543   0.498   0.602 -99.000 -99.000    13.4    13.9    14.4 -9999.0 -9999.0
53974 20190510  2.622  -96.61   39.10    15.9     3.9     9.9    11.2     0.0    18.98 C    24.2     3.8    13.2    92.4    43.4    67.6   0.527   0.492   0.598 -99.000 -99.000    14.2    14.1    13.7 -9999.0 -9999.0
53974 20190511  2.622  -96.61   39.10    16.5     9.6    13.1    12.7     4.7    15.71 C    24.6     9.6    14.0    88.5    50.6    70.9   0.467   0.479   0.589 -99.000 -99.000    15.5    15.1    14.5 -9999.0 -9999.0
53974 20190512  2.622  -96.61   39.10    18.3     7.4    12.8    12.7     8.5    19.92 C    24.6     7.1    13.9    92.4    48.1    74.1   0.539   0.501   0.600 -99.000 -99.000    15.3    15.3    14.8 -9999.0 -9999.0
53974 20190513  2.622  -96.61   39.10    23.6     4.7    14.1    15.7     0.0    29.38 C    30.0     4.8    16.8    92.9    35.2    64.2   0.506   0.492   0.599 -99.000 -99.000    16.9    16.1    15.1 -9999.0 -9999.0
53974 20190514  2.622  -96.61   39.10    29.0    11.9    20.4    21.3     0.0    27.82 C    35.8    10.8    22.5    86.9    41.0    61.8   0.421   0.460   0.572 -99.000 -99.000    19.8    18.6    16.8 -9999.0 -9999.0
53974 20190515  2.622  -96.61   39.10    29.9    13.7    21.8    22.1     0.0    17.81 C    35.1    13.0    22.1    92.0    37.0    70.9   0.390   0.434   0.554 -99.000 -99.000    20.5    19.6    18.1 -9999.0 -9999.0
53974 20190516  2.622  -96.61   39.10    31.8    19.3    25.6    25.9     0.0    27.40 C    35.4    16.9    25.6    76.7    32.8    53.9   0.364   0.412   0.539 -99.000 -99.000    22.0    20.9    19.1 -9999.0 -9999.0
53974 20190517  2.622  -96.61   39.10    29.5    20.3    24.9    24.8     0.0    24.36 C    34.5    18.7    24.9    73.0    43.6    60.0   0.328   0.391   0.531 -99.000 -99.000    22.2    21.3    19.7 -9999.0 -9999.0
53974 20190518  2.622  -96.61   39.10 -9999.0 -9999.0 -9999.0 -9999.0 -9999.0 -9999.00 U -9999.0 -9999.0 -9999.0 -9999.0 -9999.0 -9999.0 -99.000 -99.000 -99.000 -99.000 -99.000 -9999.0 -9999.0 -9999.0 -9999.0 -9999.0
53974 20190519  2.622  -96.61   39.10    18.5    10.6    14.6    14.5     2.5    24.97 C    26.4     9.2    15.8    89.0    46.1    68.5   0.554   0.500   0.607 -99.000 -99.000    18.4    18.2    17.6 -9999.0 -9999.0
53974 20190520  2.622  -96.61   39.10    11.2     7.3     9.2     9.3    31.8     3.10 C    13.2     5.4     9.2    91.1    62.8    81.1   0.510   0.492   0.606 -99.000 -99.000    14.3    15.2    15.8 -9999.0 -9999.0
53974 20190521  2.622  -96.61   39.10    20.1     9.6    14.8    12.9    18.7     8.11 C    19.6     9.6    12.4    92.5    47.4    81.2   0.534   0.495   0.602 -99.000 -99.000    13.6    14.0    14.1 -9999.0 -9999.0
53974 20190522  2.622  -96.61   39.10    21.7     7.9    14.8    14.2     0.0    29.55 C    32.3     6.3    16.4    88.2    44.8    65.7   0.533   0.497   0.606 -99.000 -99.000    16.8    16.2    15.1 -9999.0 -9999.0
53974 20190523  2.622  -96.61   39.10    23.6     9.3    16.4    17.8     0.2    15.85 C    33.5     7.6    18.9    90.9    45.8    72.7   0.472   0.484   0.607 -99.000 -99.000    17.9    17.3    16.2 -9999.0 -9999.0
53974 20190524  2.622  -96.61   39.10    25.0    18.2    21.6    21.3     6.7    13.14 C    36.0    17.4    21.8    90.5    69.2    81.0   0.507   0.494   0.611 -99.000 -99.000    20.2    19.3    17.8 -9999.0 -9999.0
53974 20190525  2.622  -96.61   39.10    25.1    17.6    21.4    21.2    40.0    10.69 C    27.8    16.3    21.0    90.6    69.6    80.5   0.533   0.504   0.615 -99.000 -99.000    20.0    19.6    18.6 -9999.0 -9999.0
53974 20190526  2.622  -96.61   39.10    25.7    14.3    20.0    21.1     0.3    22.41 C    33.6    13.4    22.1    93.1    56.9    78.0   0.536   0.504   0.615 -99.000 -99.000    21.2    20.5    19.2 -9999.0 -9999.0
53974 20190527  2.622  -96.61   39.10    28.7    16.6    22.6    23.1    11.6    19.45 C    33.3    16.2    23.3    87.6    55.6    74.8   0.542   0.502   0.620 -99.000 -99.000    22.0    21.5    20.2 -9999.0 -9999.0
53974 20190528  2.622  -96.61   39.10    27.2    15.7    21.4    21.8    11.2     7.64 C    30.2    14.7    21.1    91.2    64.3    80.9   0.541   0.501   0.618 -99.000 -99.000    21.2    21.2    20.5 -9999.0 -9999.0
53974 20190529  2.622  -96.61   39.10    20.7    13.4    17.0    17.2     0.0    19.32 C    29.3    12.3    18.8    92.9    55.3    75.4   0.541   0.501   0.617 -99.000 -99.000    20.7    20.4    19.6 -9999.0 -9999.0
53974 20190530  2.622  -96.61   39.10    25.9    11.9    18.9    18.0     0.0    27.02 C    37.1    10.8    20.9    87.4    34.3    65.6   0.468   0.484   0.610 -99.000 -99.000    20.9    20.3    19.1 -9999.0 -9999.0
53974 20190531  2.622  -96.61   39.10    26.6    11.1    18.8    19.6     0.0    22.24 C    41.4    10.3    22.5    91.7    36.5    68.9   0.412   0.450   0.573 -99.000 -99.000    21.4    20.8    19.4 -9999.0 -9999.0
53974 20190601  2.622  -96.61   39.10    29.4    16.2    22.8    23.4     0.0    28.60 C    47.1    15.0    27.2    81.3    37.5    60.6   0.385   0.428   0.561 -99.000 -99.000    23.5    22.5    20.5 -9999.0 -9999.0
53974 20190602  2.622  -96.61   39.10    26.1    13.5    19.8    20.2     0.0    27.44 C    41.3    12.7    23.7    85.5    37.2    60.5   0.356   0.406   0.551 -99.000 -99.000    23.0    22.4    21.0 -9999.0 -9999.0
53974 20190603  2.622  -96.61   39.10    29.4    16.9    23.2    23.7     0.0    25.13 C    45.0    15.5    26.7    81.6    49.9    63.8   0.321   0.392   0.541 -99.000 -99.000    23.5    22.7    21.3 -9999.0 -9999.0
53974 20190604  2.622  -96.61   39.10    31.0    20.8    25.9    25.1     0.0    25.42 C    46.3    19.6    28.5    88.6    46.4    66.7   0.288   0.379   0.541 -99.000 -99.000    25.1    24.2    22.4 -9999.0 -9999.0
53974 20190605  2.622  -96.61   39.10    30.1    20.0    25.1    25.0     0.0    22.54 C    46.2    18.4    27.9    87.4    41.7    66.9   0.259   0.362   0.534 -99.000 -99.000    25.2    24.5    22.9 -9999.0 -9999.0
53974 20190606  2.622  -96.61   39.10    29.0    17.2    23.1    22.8     0.5    23.05 C    44.9    16.8    26.1    90.5    41.1    69.8   0.237   0.348   0.522 -99.000 -99.000    25.2    24.6    23.1 -9999.0 -9999.0
53974 20190607  2.622  -96.61   39.10    30.5    15.0    22.8    23.3     0.0    28.59 C    45.3    14.7    26.7    99.2    36.0    68.1   0.215   0.326   0.511 -99.000 -99.000    25.2    24.6    23.2 -9999.0 -9999.0
53974 20190608  2.622  -96.61   39.10    30.6    16.1    23.4    23.9     0.0    26.39 C    46.3    15.1    26.8    94.3    38.2    62.6   0.191   0.298   0.490 -99.000 -99.000    25.4    24.8    23.4 -9999.0 -9999.0
53974 20190609  2.622  -96.61   39.10    22.4    10.9    16.6    18.9     1.4    16.32 C    34.3     8.5    20.0    88.7    46.6    65.7   0.172   0.276   0.459 -99.000 -99.000    23.0    23.1    22.6 -9999.0 -9999.0
53974 20190610  2.622  -96.61   39.10    25.1     6.9    16.0    16.9     0.0    30.81 C    40.0     6.5    20.6    95.3    22.6    56.0   0.162   0.258   0.426 -99.000 -99.000    22.4    22.0    21.1 -9999.0 -9999.0
53974 20190611  2.622  -96.61   39.10    25.7    10.1    17.9    18.7     8.2    22.59 C    37.6     8.2    20.7    92.1    29.4    55.0   0.151   0.239   0.392 -99.000 -99.000    21.9    21.8    20.9 -9999.0 -9999.0
53974 20190612  2.622  -96.61   39.10    24.5     9.1    16.8    17.6     1.6    28.60 C    37.5     8.6    20.2    97.6    25.9    63.1   0.181   0.228   0.367 -99.000 -99.000    22.0    21.6    20.5 -9999.0 -9999.0
53974 20190613  2.622  -96.61   39.10    26.4     6.7    16.6    18.5     0.0    28.71 C    40.0     6.5    21.8    96.2    27.0    52.3   0.179   0.222   0.347 -99.000 -99.000    21.6    21.2    20.0 -9999.0 -9999.0
53974 20190614  2.622  -96.61   39.10    28.8    15.2    22.0    22.6     1.6    22.97 C    39.1    14.6    24.0    83.4    43.2    60.6   0.169   0.218   0.332 -99.000 -99.000    22.6    22.0    20.6 -9999.0 -9999.0
53974 20190615  2.622  -96.61   39.10    30.7    17.4    24.0    24.2     0.0    24.05 C    40.7    16.3    26.1    88.0    38.4    64.8   0.159   0.215   0.318 -99.000 -99.000    24.6    23.6    21.9 -9999.0 -9999.0
53974 20190616  2.622  -96.61   39.10    29.2    16.5    22.9    22.5     0.0    26.10 C    41.2    15.3    25.2    91.4    34.8    64.6   0.149   0.208   0.304 -99.000 -99.000    24.7    23.9    22.3 -9999.0 -9999.0
53974 20190617  2.622  -96.61   39.10    29.3    14.9    22.1    22.4     0.0    26.51 C    41.1    14.0    24.4    94.7    33.4    67.1   0.141   0.202   0.290 -99.000 -99.000    24.8    24.1    22.5 -9999.0 -9999.0
53974 20190618  2.622  -96.61   39.10    27.4    16.5    22.0    20.5    22.9    10.62 C    35.3    15.1    21.1    97.8    58.1    83.8   0.189   0.236   0.282 -99.000 -99.000    22.7    22.8    22.2 -9999.0 -9999.0
53974 20190619  2.622  -96.61   39.10    24.8    16.4    20.6    20.4     0.0    16.17 C    35.2    15.7    21.9    92.9    56.4    79.5   0.269   0.275   0.281 -99.000 -99.000    23.0    22.6    21.6 -9999.0 -9999.0
53974 20190620  2.622  -96.61   39.10    32.1    15.4    23.7    24.3     0.4    24.98 C    41.6    14.2    26.0    91.4    48.0    70.1   0.250   0.265   0.280 -99.000 -99.000    24.2    23.4    21.8 -9999.0 -9999.0
53974 20190621  2.622  -96.61   39.10    28.4    17.4    22.9    23.7    16.4    17.95 C    35.6    17.0    24.3    89.0    58.5    77.7   0.279   0.340   0.286 -99.000 -99.000    24.3    24.0    22.8 -9999.0 -9999.0
53974 20190622  2.622  -96.61   39.10    29.2    18.4    23.8    22.9    35.5    15.92 C    35.5    18.1    23.3    90.0    53.1    78.6   0.333   0.399   0.332 -99.000 -99.000    24.3    24.1    23.2 -9999.0 -9999.0
53974 20190623  2.622  -96.61   39.10    26.0    16.5    21.3    20.7    57.5    20.53 C    29.7    15.7    21.2    95.9    55.5    76.6   0.577   0.523   0.638 -99.000 -99.000    22.5    22.3    21.9 -9999.0 -9999.0
53974 20190624  2.622  -96.61   39.10    27.1    13.4    20.2    20.6     0.0    30.10 C    34.2    12.5    22.4    86.9    34.8    59.3   0.454   0.479   0.603 -99.000 -99.000    23.7    23.1    21.9 -9999.0 -9999.0
53974 20190625  2.622  -96.61   39.10    31.6    16.5    24.1    24.3     7.7    28.29 C    40.0    16.0    25.8    82.0    36.8    58.4   0.383   0.433   0.547 -99.000 -99.000    24.5    23.8    22.3 -9999.0 -9999.0
53974 20190626  2.622  -96.61   39.10    30.4    17.7    24.0    24.7     0.0    26.63 C    36.3    16.4    25.5    77.4    49.1    64.4   0.387   0.442   0.571 -99.000 -99.000    24.9    24.3    22.8 -9999.0 -9999.0
53974 20190627  2.622  -96.61   39.10    32.6    22.3    27.5    27.7     0.0    25.24 C    40.1    20.7    28.5    82.1    48.9    63.8   0.348   0.406   0.524 -99.000 -99.000    25.9    25.3    23.8 -9999.0 -9999.0
53974 20190628  2.622  -96.61   39.10    35.1    23.7    29.4    29.2     0.0    28.01 C    42.3    22.2    30.3    80.3    38.2    61.5   0.314   0.379   0.489 -99.000 -99.000    27.2    26.3    24.4 -9999.0 -9999.0
53974 20190629  2.622  -96.61   39.10    35.1    24.9    30.0    29.6     0.0    27.81 C    42.8    23.3    30.7    78.3    40.5    60.6   0.279   0.354   0.445 -99.000 -99.000    28.1    27.3    25.4 -9999.0 -9999.0
53974 20190630  2.622  -96.61   39.10    32.4    21.8    27.1    27.4     0.0    28.83 C    41.7    20.3    28.9    84.0    43.7    63.9   0.250   0.329   0.406 -99.000 -99.000    27.9    27.3    25.7 -9999.0 -9999.0
53974 20190701  2.622  -96.61   39.10    31.7    20.5    26.1    26.4     0.0    27.64 C    40.2    18.9    27.7    83.6    43.4    62.9   0.223   0.301   0.373 -99.000 -99.000    27.2    26.8    25.5 -9999.0 -9999.0
53974 20190702  2.622  -96.61   39.10    32.4    22.1    27.2    27.1     0.0    27.16 C    41.7    20.7    28.6    82.1    42.7    61.8   0.200   0.278   0.344 -99.000 -99.000    27.5    27.0    25.6 -9999.0 -9999.0
53974 20190703  2.622  -96.61   39.10    31.0    21.2    26.1    25.6     0.0    26.15 C    40.9    19.9    27.5    81.4    48.4    65.2   0.179   0.256   0.317 -99.000 -99.000    27.2    26.9    25.6 -9999.0 -9999.0
53974 20190704  2.622  -96.61   39.10    29.6    21.2    25.4    24.6    33.0    19.39 C    34.6    21.1    25.5    88.6    53.4    76.0   0.330   0.389   0.462 -99.000 -99.000    26.1    25.9    25.2 -9999.0 -9999.0
53974 20190705  2.622  -96.61   39.10    28.4    19.9    24.2    23.9    16.9    11.58 C    30.3    19.4    23.8    89.2    59.6    79.7   0.450   0.464   0.568 -99.000 -99.000    25.2    25.2    24.8 -9999.0 -9999.0
53974 20190706  2.622  -96.61   39.10    28.8    21.0    24.9    24.5    27.7    17.80 C    33.8    20.6    25.0    90.2    54.2    75.6   0.540   0.506   0.629 -99.000 -99.000    25.2    25.0    24.4 -9999.0 -9999.0
53974 20190707  2.622  -96.61   39.10    30.8    19.3    25.0    25.1     0.0    25.94 C    37.7    18.7    26.4    88.7    41.9    69.2   0.450   0.476   0.598 -99.000 -99.000    26.0    25.6    24.6 -9999.0 -9999.0
53974 20190708  2.622  -96.61   39.10    31.3    21.3    26.3    26.3     0.0    23.65 C    37.3    20.5    27.0    86.2    52.3    70.8   0.386   0.432   0.545 -99.000 -99.000    26.3    26.0    25.2 -9999.0 -9999.0
53974 20190709  2.622  -96.61   39.10    33.1    19.6    26.3    26.6     4.6    24.39 C    39.2    19.3    27.9    87.4    52.1    72.6   0.382   0.427   0.522 -99.000 -99.000    27.0    26.5    25.4 -9999.0 -9999.0
53974 20190710  2.622  -96.61   39.10    29.1    17.7    23.4    24.3    10.9    21.97 C    33.6    16.9    24.5    92.5    46.9    73.3   0.426   0.470   0.577 -99.000 -99.000    26.5    26.3    25.4 -9999.0 -9999.0
53974 20190711  2.622  -96.61   39.10    29.0    15.7    22.4    22.6     0.0    27.80 C    34.5    15.1    23.5    92.5    42.7    71.1   0.396   0.450   0.564 -99.000 -99.000    25.2    25.1    24.5 -9999.0 -9999.0
53974 20190712  2.622  -96.61   39.10    30.5    15.2    22.9    23.7     0.0    28.58 C    36.3    14.3    24.3    92.3    42.1    69.8   0.356   0.415   0.528 -99.000 -99.000    25.1    25.0    24.3 -9999.0 -9999.0
53974 20190713  2.622  -96.61   39.10    31.6    17.7    24.7    25.2     0.0    27.50 C    36.8    16.9    25.9    91.8    47.0    70.7   0.316   0.393   0.494 -99.000 -99.000    25.7    25.5    24.6 -9999.0 -9999.0
53974 20190714  2.622  -96.61   39.10    32.3    19.1    25.7    26.7     0.0    25.09 C    37.8    18.3    27.0    90.5    50.8    68.6   0.283   0.375   0.455 -99.000 -99.000    26.2    25.9    25.0 -9999.0 -9999.0
53974 20190715  2.622  -96.61   39.10    29.9    20.4    25.2    25.0     0.0    27.25 C    35.2    19.1    26.1    87.8    55.1    72.3   0.257   0.357   0.424 -99.000 -99.000    26.4    26.2    25.3 -9999.0 -9999.0
53974 20190716  2.622  -96.61   39.10    33.0    19.2    26.1    26.6     0.0    25.73 C    38.0    18.4    27.4    91.3    50.5    71.5   0.234   0.337   0.394 -99.000 -99.000    26.5    26.2    25.2 -9999.0 -9999.0
53974 20190717  2.622  -96.61   39.10    36.5    25.4    30.9    30.6     0.0    24.90 C    39.2    23.9    30.3    79.7    37.2    59.6   0.207   0.314   0.359 -99.000 -99.000    27.4    27.1    25.9 -9999.0 -9999.0
53974 20190718  2.622  -96.61   39.10    35.8    26.1    31.0    30.6     0.0    25.13 C    39.4    24.7    30.6    70.0    44.0    57.6   0.181   0.288   0.326 -99.000 -99.000    27.7    27.4    26.4 -9999.0 -9999.0
53974 20190719  2.622  -96.61   39.10    36.2    25.6    30.9    30.8     0.0    26.95 C    40.6    24.2    30.9    69.2    43.8    55.6   0.162   0.262   0.296 -99.000 -99.000    28.1    27.8    26.7 -9999.0 -9999.0
53974 20190720  2.622  -96.61   39.10    36.5    25.4    30.9    30.5     0.0    26.81 C    41.2    24.0    30.8    72.6    41.9    57.7   0.150   0.241   0.271 -99.000 -99.000    28.3    28.0    26.9 -9999.0 -9999.0
53974 20190721  2.622  -96.61   39.10    28.5    20.2    24.4    23.5     0.9     7.41 C    29.7    19.2    23.3    89.1    56.5    77.5   0.141   0.224   0.261 -99.000 -99.000    25.9    26.4    26.3 -9999.0 -9999.0
53974 20190722  2.622  -96.61   39.10    27.5    13.6    20.6    21.9     0.0    26.82 C    33.2    12.5    22.4    89.3    42.1    67.2   0.137   0.216   0.251 -99.000 -99.000    25.0    25.3    25.0 -9999.0 -9999.0
53974 20190723  2.622  -96.61   39.10    26.5    11.3    18.9    19.3     0.0    28.72 C    32.7     9.9    20.1    92.2    39.7    67.3   0.131   0.205   0.237 -99.000 -99.000    23.8    24.1    24.1 -9999.0 -9999.0
53974 20190724  2.622  -96.61   39.10    28.7    11.3    20.0    21.0     0.0    28.16 C    34.9    10.0    21.9    91.3    38.6    62.0   0.127   0.196   0.230 -99.000 -99.000    23.7    23.9    23.6 -9999.0 -9999.0
53974 20190725  2.622  -96.61   39.10    31.6    18.6    25.1    24.8     0.0    23.73 C    38.0    16.8    25.3    69.1    33.5    51.0   0.123   0.186   0.227 -99.000 -99.000    24.7    24.7    24.0 -9999.0 -9999.0
53974 20190726  2.622  -96.61   39.10    32.5    20.2    26.3    26.2     0.0    26.74 C    38.3    18.9    26.8    66.9    32.1    48.5   0.120   0.178   0.225 -99.000 -99.000    25.5    25.4    24.5 -9999.0 -9999.0
53974 20190727  2.622  -96.61   39.10    33.0    19.2    26.1    26.6     0.0    26.48 C    39.8    17.7    27.3    71.0    30.0    49.3   0.115   0.171   0.222 -99.000 -99.000    26.0    25.9    24.9 -9999.0 -9999.0
53974 20190728  2.622  -96.61   39.10    34.4    22.0    28.2    27.8     1.6    23.68 C    40.9    20.5    28.2    85.4    34.6    53.1   0.111   0.166   0.220 -99.000 -99.000    26.6    26.4    25.4 -9999.0 -9999.0
53974 20190729  2.622  -96.61   39.10    32.0    16.5    24.2    25.1     0.0    27.70 C    37.6    15.0    25.3    90.7    27.0    60.1   0.107   0.161   0.219 -99.000 -99.000    26.3    26.2    25.3 -9999.0 -9999.0
53974 20190730  2.622  -96.61   39.10    31.8    14.6    23.2    24.0     0.0    24.62 C    37.4    13.4    24.7    88.4    33.9    61.3   0.105   0.157   0.213 -99.000 -99.000    25.7    25.4    24.7 -9999.0 -9999.0
53974 20190731  2.622  -96.61   39.10    32.4    20.9    26.6    26.3     0.0    24.09 C    40.8    19.2    27.7    76.3    37.4    58.3   0.103   0.155   0.211 -99.000 -99.000    26.5    26.1    25.0 -9999.0 -9999.0
53974 20190801  2.622  -96.61   39.10    33.2    20.8    27.0    25.5     0.0    20.65 C    42.8    20.1    27.2    84.4    41.8    68.0   0.101   0.153   0.208 -99.000 -99.000    26.7    26.4    25.3 -9999.0 -9999.0
53974 20190802  2.622  -96.61   39.10    24.8    21.0    22.9    23.0    31.9     5.15 C    27.3    21.2    23.1    92.0    80.5    87.6   0.237   0.279   0.208 -99.000 -99.000    24.9    25.1    24.7 -9999.0 -9999.0
53974 20190803  2.622  -96.61   39.10    29.7    20.7    25.2    24.0     0.0    14.70 C    36.0    19.7    25.0    92.4    59.9    81.9   0.260   0.361   0.211 -99.000 -99.000    25.2    25.1    24.4 -9999.0 -9999.0
53974 20190804  2.622  -96.61   39.10    30.6    19.6    25.1    24.8     0.0    25.45 C    38.5    18.6    26.2    91.9    45.6    71.5   0.235   0.337   0.214 -99.000 -99.000    25.5    25.4    24.7 -9999.0 -9999.0
53974 20190805  2.622  -96.61   39.10    31.1    19.3    25.2    25.3     0.0    13.76 C    40.6    18.3    25.4    90.9    53.4    74.8   0.211   0.313   0.216 -99.000 -99.000    25.0    25.1    24.5 -9999.0 -9999.0
53974 20190806  2.622  -96.61   39.10    33.0    20.3    26.7    26.5     0.0    25.05 C    40.2    19.7    28.1    92.4    50.9    73.9   0.198   0.297   0.218 -99.000 -99.000    26.0    25.8    24.8 -9999.0 -9999.0
53974 20190807  2.622  -96.61   39.10    30.3    19.0    24.6    23.6    40.8    12.11 C    35.6    18.6    23.3    91.0    58.8    80.8   0.296   0.390   0.453 -99.000 -99.000    24.4    24.6    24.5 -9999.0 -9999.0
53974 20190808  2.622  -96.61   39.10    28.2    20.5    24.3    23.3     9.6    18.92 C    34.9    18.8    24.3    91.4    57.1    80.9   0.330   0.427   0.549 -99.000 -99.000    24.6    24.6    24.2 -9999.0 -9999.0
53974 20190809  2.622  -96.61   39.10    30.2    17.8    24.0    24.4     0.0    23.43 C    36.6    16.6    25.1    93.1    53.0    75.3   0.301   0.399   0.525 -99.000 -99.000    24.8    24.8    24.3 -9999.0 -9999.0
53974 20190810  2.622  -96.61   39.10    31.2    20.1    25.6    25.6     0.0    15.75 C    38.0    19.1    26.1    93.5    63.5    82.7   0.278   0.379   0.493 -99.000 -99.000    25.3    25.3    24.5 -9999.0 -9999.0
53974 20190811  2.622  -96.61   39.10    31.7    21.2    26.4    26.7    10.8    21.31 C    37.8    21.0    27.4    92.6    54.9    78.5   0.319   0.418   0.543 -99.000 -99.000    26.1    25.9    25.0 -9999.0 -9999.0
53974 20190812  2.622  -96.61   39.10    32.1    21.1    26.6    26.2     9.1    20.65 C    37.6    20.6    27.0    92.4    59.1    80.0   0.337   0.432   0.566 -99.000 -99.000    26.4    26.3    25.4 -9999.0 -9999.0
53974 20190813  2.622  -96.61   39.10    31.8    20.3    26.0    25.6     0.0    23.70 C    37.2    19.3    26.1    93.6    40.0    75.2   0.306   0.405   0.534 -99.000 -99.000    26.1    26.1    25.5 -9999.0 -9999.0
53974 20190814  2.622  -96.61   39.10    28.4    18.3    23.3    23.0     0.0    24.36 C    33.8    16.5    23.7    90.9    46.0    70.9   0.277   0.382   0.508 -99.000 -99.000    25.0    25.2    24.9 -9999.0 -9999.0
53974 20190815  2.622  -96.61   39.10    30.8    16.6    23.7    23.1    53.1    18.52 C    34.8    14.9    22.9    92.0    55.4    75.6   0.304   0.391   0.511 -99.000 -99.000    23.8    24.0    24.0 -9999.0 -9999.0
53974 20190816  2.622  -96.61   39.10    30.6    18.1    24.3    23.9     0.0    16.91 C    36.6    17.0    24.0    90.9    52.8    78.1   0.452   0.467   0.585 -99.000 -99.000    23.8    23.8    23.4 -9999.0 -9999.0
53974 20190817  2.622  -96.61   39.10    32.0    18.3    25.1    25.2     6.1    24.37 C    36.2    18.0    25.3    91.0    50.4    72.9   0.427   0.454   0.578 -99.000 -99.000    24.5    24.5    23.9 -9999.0 -9999.0
53974 20190818  2.622  -96.61   39.10    30.8    21.0    25.9    26.2     0.6    24.29 C    37.1    18.8    26.3    87.5    39.7    60.9   0.374   0.423   0.559 -99.000 -99.000    24.8    24.8    24.3 -9999.0 -9999.0
53974 20190819  2.622  -96.61   39.10    34.0    20.7    27.3    27.5     0.0    23.31 C    38.8    19.4    28.0    90.4    54.3    75.2   0.353   0.398   0.550 -99.000 -99.000    25.7    25.4    24.6 -9999.0 -9999.0
53974 20190820  2.622  -96.61   39.10    34.8    25.1    30.0    29.7     0.0    17.67 C    38.0    23.7    28.9    85.7    51.3    67.3   0.327   0.383   0.533 -99.000 -99.000    26.6    26.3    25.4 -9999.0 -9999.0
53974 20190821  2.622  -96.61   39.10    29.6    20.1    24.9    23.6     3.7     8.15 C    32.1    19.7    23.2    89.0    54.7    80.3   0.321   0.370   0.519 -99.000 -99.000    25.3    25.4    25.1 -9999.0 -9999.0
53974 20190822  2.622  -96.61   39.10    27.9    21.4    24.7    23.6     0.0    11.75 C    33.4    20.5    24.0    91.4    64.9    82.1   0.321   0.367   0.511 -99.000 -99.000    24.8    24.8    24.4 -9999.0 -9999.0
53974 20190823  2.622  -96.61   39.10    28.6    20.7    24.6    23.8     0.0    12.99 C    33.3    19.8    23.9    92.3    60.3    78.6   0.310   0.359   0.502 -99.000 -99.000    24.5    24.6    24.2 -9999.0 -9999.0
53974 20190824  2.622  -96.61   39.10    24.0    18.2    21.1    21.3    12.1     6.74 C    28.9    17.8    21.7    87.6    74.0    82.1   0.298   0.352   0.495 -99.000 -99.000    23.8    24.0    23.7 -9999.0 -9999.0
53974 20190825  2.622  -96.61   39.10    25.6    18.5    22.0    21.2 -9999.0    14.10 C    34.5    18.1    22.2    92.1    63.9    81.2   0.537   0.490   0.587 -99.000 -99.000    22.7    22.9    22.7 -9999.0 -9999.0
53974 20190826  2.622  -96.61   39.10    22.8    17.4    20.1    20.3 -9999.0     3.49 C    24.7    15.8    20.0    93.0    83.1    89.9   0.466   0.479   0.593 -99.000 -99.000    22.5    22.7    22.6 -9999.0 -9999.0
53974 20190827  2.622  -96.61   39.10    27.0    13.1    20.0    19.9     0.0    23.27 C    31.9    11.8    19.7    93.0    37.8    71.5   0.419   0.451   0.576 -99.000 -99.000    21.4    21.9    22.0 -9999.0 -9999.0
53974 20190828  2.622  -96.61   39.10    29.3    12.6    21.0    20.9     0.0    23.95 C    34.4    11.0    20.9    91.9    33.0    66.7   0.382   0.419   0.551 -99.000 -99.000    21.1    21.5    21.6 -9999.0 -9999.0
53974 20190829  2.622  -96.61   39.10    32.9    18.3    25.6    26.4    68.8    21.66 C    37.5    17.8    26.2    89.7    53.6    71.3   0.363   0.401   0.541 -99.000 -99.000    23.2    22.9    22.3 -9999.0 -9999.0
53974 20190830  2.622  -96.61   39.10    26.5    17.2    21.9    21.1    15.7    17.15 C    32.9    15.6    21.6    91.1    57.7    78.4   0.552   0.495   0.602 -99.000 -99.000    22.6    22.7    22.5 -9999.0 -9999.0
53974 20190831  2.622  -96.61   39.10    24.5    16.9    20.7    19.4     0.0    12.11 C    31.4    15.1    19.9    92.1    59.8    81.9   0.460   0.478   0.599 -99.000 -99.000    21.8    22.0    21.9 -9999.0 -9999.0
53974 20190901  2.622  -96.61   39.10    28.2    16.6    22.4    21.8     0.0    18.36 C    37.0    14.8    22.5    94.6    59.5    80.5   0.416   0.450   0.578 -99.000 -99.000    22.0    22.1    21.8 -9999.0 -9999.0
53974 20190902  2.622  -96.61   39.10    32.1    19.6    25.8    25.8     0.0    22.08 C    36.4    17.5    25.5    89.3    53.0    72.3   0.390   0.426   0.565 -99.000 -99.000    23.3    23.2    22.4 -9999.0 -9999.0
53974 20190903  2.622  -96.61   39.10    33.7    23.5    28.6    27.5     0.0    20.62 C    38.1    21.0    27.1    82.3    48.3    65.6   0.361   0.405   0.549 -99.000 -99.000    24.4    24.2    23.3 -9999.0 -9999.0
53974 20190904  2.622  -96.61   39.10    28.1    19.5    23.8    23.4     0.0    20.00 C    33.1    18.0    23.7    80.6    44.4    63.0   0.334   0.388   0.534 -99.000 -99.000    23.9    23.9    23.4 -9999.0 -9999.0
53974 20190905  2.622  -96.61   39.10    33.7    21.4    27.5    27.0     0.0    21.77 C    36.7    19.9    26.1    84.9    40.7    62.6   0.307   0.375   0.516 -99.000 -99.000    24.1    24.0    23.3 -9999.0 -9999.0
53974 20190906  2.622  -96.61   39.10    29.3    17.6    23.4    23.6     0.0    20.94 C    34.9    15.3    23.4    90.6    41.4    67.2   0.281   0.360   0.497 -99.000 -99.000    23.7    23.8    23.5 -9999.0 -9999.0
53974 20190907  2.622  -96.61   39.10    31.9    16.2    24.0    24.1     0.3    19.53 C    35.3    14.8    23.9    89.9    54.6    72.1   0.259   0.348   0.480 -99.000 -99.000    23.1    23.2    23.0 -9999.0 -9999.0
53974 20190908  2.622  -96.61   39.10    29.1    20.2    24.7    24.4     0.5    11.97 C    34.3    19.2    24.3    92.7    53.8    78.4   0.248   0.339   0.460 -99.000 -99.000    23.9    23.8    23.2 -9999.0 -9999.0
53974 20190909  2.622  -96.61   39.10    31.9    20.0    25.9    25.2    31.0    12.12 C    33.3    18.3    23.4    89.4    45.6    67.5   0.496   0.470   0.581 -99.000 -99.000    23.2    23.3    22.9 -9999.0 -9999.0
53974 20190910  2.622  -96.61   39.10    31.3    23.5    27.4    26.6     0.0    16.13 C    33.8    21.5    25.9    73.9    52.3    64.9   0.417   0.455   0.579 -99.000 -99.000    23.8    23.7    23.1 -9999.0 -9999.0
53974 20190911  2.622  -96.61   39.10    32.5    22.7    27.6    27.0     0.0    20.78 C    35.3    21.3    26.5    75.0    43.9    62.1   0.374   0.419   0.548 -99.000 -99.000    24.2    24.1    23.5 -9999.0 -9999.0
53974 20190912  2.622  -96.61   39.10    28.1    15.6    21.8    23.0     6.4     9.59 C    31.1    14.0    22.1    86.5    42.0    72.7   0.389   0.428   0.530 -99.000 -99.000    23.4    23.6    23.5 -9999.0 -9999.0
53974 20190913  2.622  -96.61   39.10    27.9    11.8    19.9    19.9     0.0    21.34 C    33.0    10.2    19.6    86.4    36.3    62.1   0.373   0.422   0.522 -99.000 -99.000    21.4    21.9    22.2 -9999.0 -9999.0
53974 20190914  2.622  -96.61   39.10    32.0    14.4    23.2    24.1     0.0    19.92 C    34.5    13.2    23.5    90.2    46.7    68.4   0.346   0.405   0.509 -99.000 -99.000    22.1    22.2    22.0 -9999.0 -9999.0
53974 20190915  2.622  -96.61   39.10    34.3    22.8    28.6    27.6     0.0    19.88 C    37.2    20.8    26.7    74.4    37.5    57.9   0.316   0.391   0.487 -99.000 -99.000    23.6    23.5    22.9 -9999.0 -9999.0
53974 20190916  2.622  -96.61   39.10    33.1    21.6    27.3    26.8     0.0    18.10 C    36.4    20.0    25.9    80.0    39.8    62.8   0.290   0.377   0.465 -99.000 -99.000    23.9    23.8    23.3 -9999.0 -9999.0
53974 20190917  2.622  -96.61   39.10    32.6    22.7    27.6    27.0     0.0    18.78 C    35.9    20.9    26.1    77.9    40.8    60.8   0.267   0.364   0.452 -99.000 -99.000    24.1    24.0    23.5 -9999.0 -9999.0
53974 20190918  2.622  -96.61   39.10    32.9    23.0    28.0    27.3     0.0    19.72 C    35.9    21.5    26.5    74.3    40.8    59.9   0.245   0.350   0.429 -99.000 -99.000    24.2    24.1    23.6 -9999.0 -9999.0
53974 20190919  2.622  -96.61   39.10    32.9    20.3    26.6    26.4     0.0    18.26 C    38.4    19.2    25.9    86.0    45.8    67.2   0.226   0.339   0.406 -99.000 -99.000    24.3    24.3    23.7 -9999.0 -9999.0
53974 20190920  2.622  -96.61   39.10    26.2    22.0    24.1    23.4     0.0     8.92 C    30.1    20.4    23.1    85.4    65.8    77.9   0.213   0.328   0.390 -99.000 -99.000    23.6    23.7    23.5 -9999.0 -9999.0
53974 20190921  2.622  -96.61   39.10    30.6    20.8    25.7    25.0     0.0    11.73 C    32.7    19.7    24.8    81.9    53.1    73.6   0.207   0.320   0.375 -99.000 -99.000    23.6    23.6    23.2 -9999.0 -9999.0
53974 20190922  2.622  -96.61   39.10    24.1    13.0    18.6    19.5    12.5    11.05 C    27.2    11.2    19.4    92.3    56.8    81.7   0.320   0.335   0.361 -99.000 -99.000    22.4    22.8    22.8 -9999.0 -9999.0
53974 20190923  2.622  -96.61   39.10    28.7    11.2    20.0    19.7     0.0    20.11 C    32.1    10.0    19.2    94.7    33.4    69.0   0.296   0.335   0.353 -99.000 -99.000    20.6    21.1    21.5 -9999.0 -9999.0
53974 20190924  2.622  -96.61   39.10    30.2    18.3    24.2    23.8     0.0    14.80 C    34.1    16.8    23.7    90.9    56.2    73.4   0.276   0.329   0.346 -99.000 -99.000    22.1    22.0    21.7 -9999.0 -9999.0
53974 20190925  2.622  -96.61   39.10    28.5    16.8    22.7    22.3     0.0    17.39 C    32.9    14.5    22.0    91.7    31.5    59.9   0.260   0.323   0.341 -99.000 -99.000    22.2    22.4    22.2 -9999.0 -9999.0
53974 20190926  2.622  -96.61   39.10    26.1    12.2    19.2    20.0     0.0    14.42 C    31.7    10.1    20.0    78.2    32.0    56.5   0.240   0.313   0.333 -99.000 -99.000    20.7    21.1    21.3 -9999.0 -9999.0
53974 20190927  2.622  -96.61   39.10    32.8    18.7    25.8    24.8     0.2    18.34 C    36.5    17.3    24.7    86.4    39.8    67.1   0.226   0.305   0.330 -99.000 -99.000    22.3    22.3    21.7 -9999.0 -9999.0
53974 20190928  2.622  -96.61   39.10    19.2    14.8    17.0    16.1     4.8     2.29 C    18.0    14.8    16.4    94.0    62.5    84.2   0.230   0.295   0.323 -99.000 -99.000    20.2    20.8    21.3 -9999.0 -9999.0
53974 20190929  2.622  -96.61   39.10    31.3    17.5    24.4    25.3     1.2    15.96 C    33.1    17.7    24.5    94.7    54.6    76.6   0.259   0.295   0.321 -99.000 -99.000    21.8    21.7    21.2 -9999.0 -9999.0
53974 20190930  2.622  -96.61   39.10    33.1    23.4    28.2    26.9     0.0    14.16 C    35.4    21.7    26.3    80.7    45.8    65.9   0.245   0.291   0.320 -99.000 -99.000    23.2    23.0    22.3 -9999.0 -9999.0
53974 20191001  2.622  -96.61   39.10    32.0    18.1    25.0    25.7    12.7    13.87 C    34.9    18.3    25.7    91.3    50.3    73.0   0.257   0.291   0.317 -99.000 -99.000    23.6    23.5    22.8 -9999.0 -9999.0
53974 20191002  2.622  -96.61   39.10    18.1    12.2    15.1    15.6     5.1     4.31 C    20.1    12.1    16.2    92.3    79.7    89.4   0.346   0.355   0.309 -99.000 -99.000    21.3    21.7    22.0 -9999.0 -9999.0
53974 20191003  2.622  -96.61   39.10    17.0     9.4    13.2    12.4     0.0    10.69 C    21.8     9.5    13.3    82.4    55.3    72.3   0.322   0.364   0.304 -99.000 -99.000    18.6    19.2    20.1 -9999.0 -9999.0
53974 20191004  2.622  -96.61   39.10    14.9    10.6    12.8    11.8    13.2     2.41 C    14.1    10.5    12.2    90.5    75.0    84.3   0.347   0.400   0.390 -99.000 -99.000    16.8    17.7    18.7 -9999.0 -9999.0
53974 20191005  2.622  -96.61   39.10    23.4     7.1    15.2    17.1    17.8    13.19 C    25.2     5.9    16.4    91.8    36.9    71.7   0.419   0.476   0.565 -99.000 -99.000    17.8    18.1    18.3 -9999.0 -9999.0
53974 20191006  2.622  -96.61   39.10    21.8     5.5    13.7    11.4     0.0    10.92 C    27.8     4.4    11.4    93.4    27.7    75.3   0.397   0.462   0.560 -99.000 -99.000    15.8    16.7    17.6 -9999.0 -9999.0
53974 20191007  2.622  -96.61   39.10    22.3     3.4    12.8    12.4     0.0    18.21 C    27.8     2.3    12.0    93.3    25.0    65.7   0.373   0.437   0.544 -99.000 -99.000    14.9    15.8    16.8 -9999.0 -9999.0
53974 20191008  2.622  -96.61   39.10    23.6     8.9    16.2    16.2     0.0    17.70 C    26.5     6.7    15.2    73.4    31.7    53.2   0.361   0.421   0.532 -99.000 -99.000    15.8    16.2    16.7 -9999.0 -9999.0
53974 20191009  2.622  -96.61   39.10    20.4    13.0    16.7    16.6     5.1     9.99 C    22.2    11.6    15.9    85.7    52.5    69.9   0.382   0.440   0.538 -99.000 -99.000    16.4    16.7    16.9 -9999.0 -9999.0
53974 20191010  2.622  -96.61   39.10    22.5     3.0    12.8    11.8     1.0     5.17 C    22.9     2.8    11.6    87.5    65.5    77.9   0.384   0.446   0.545 -99.000 -99.000    16.2    16.8    17.1 -9999.0 -9999.0
53974 20191011  2.622  -96.61   39.10     9.0    -0.6     4.2     3.8     0.0    17.03 C    14.1    -2.0     4.6    80.7    33.0    56.0   0.362   0.424   0.527 -99.000 -99.000    12.6    13.6    15.0 -9999.0 -9999.0
53974 20191012  2.622  -96.61   39.10    21.9    -1.2    10.4     8.8     0.0    17.57 C    25.0    -2.8     8.0    75.4    13.6    49.2   0.353   0.414   0.513 -99.000 -99.000    11.7    12.5    13.5 -9999.0 -9999.0
53974 20191013  2.622  -96.61   39.10    18.8    -1.3     8.8     7.8     0.0    17.52 C    23.3    -1.8     7.9    92.0    23.9    63.4   0.347   0.408   0.516 -99.000 -99.000    11.6    12.5    13.5 -9999.0 -9999.0
53974 20191014  2.622  -96.61   39.10    25.0     1.8    13.4    14.1     0.0    16.72 C    27.9     0.6    13.1    91.7    32.8    65.2   0.342   0.402   0.506 -99.000 -99.000    12.5    13.0    13.5 -9999.0 -9999.0
53974 20191015  2.622  -96.61   39.10    18.3     4.9    11.6    13.3     0.0    16.32 C    23.0     1.6    12.8    92.1    24.9    57.4   0.338   0.398   0.508 -99.000 -99.000    14.0    14.4    14.6 -9999.0 -9999.0
53974 20191016  2.622  -96.61   39.10    15.7     2.3     9.0     8.0     0.0    16.14 C    21.3     0.2     8.3    83.1    37.7    65.4   0.328   0.391   0.500 -99.000 -99.000    12.4    13.1    13.9 -9999.0 -9999.0
53974 20191017  2.622  -96.61   39.10    24.8     3.8    14.3    14.9     0.0    16.18 C    28.4     1.9    13.7    84.6    26.5    51.2   0.324   0.386   0.498 -99.000 -99.000    12.9    13.3    13.7 -9999.0 -9999.0
53974 20191018  2.622  -96.61   39.10    24.7    12.6    18.6    17.2     2.8    15.72 C    27.6    10.7    16.3    83.4    34.9    50.4   0.320   0.383   0.492 -99.000 -99.000    14.4    14.6    14.5 -9999.0 -9999.0
53974 20191019  2.622  -96.61   39.10    20.8     4.7    12.8    13.3     0.2    15.79 C    24.5     2.9    13.0    89.9    31.5    67.1   0.356   0.387   0.482 -99.000 -99.000    14.6    15.0    15.0 -9999.0 -9999.0
53974 20191020  2.622  -96.61   39.10    19.4     4.9    12.2    13.7    10.5     7.66 C    21.3     2.9    12.5    88.4    47.7    70.4   0.358   0.403   0.501 -99.000 -99.000    13.7    14.1    14.6 -9999.0 -9999.0
53974 20191021  2.622  -96.61   39.10    13.5     6.9    10.2     9.9     0.0     6.03 C    16.4     5.3     8.8    66.1    42.9    53.9   0.408   0.451   0.540 -99.000 -99.000    12.6    13.3    14.0 -9999.0 -9999.0
53974 20191022  2.622  -96.61   39.10    17.0     4.6    10.8    10.4     0.0    15.04 C    21.7     3.3     9.8    58.9    22.9    43.7   0.386   0.438   0.538 -99.000 -99.000    11.8    12.4    13.1 -9999.0 -9999.0
53974 20191023  2.622  -96.61   39.10    19.3     6.7    13.0    12.7     0.0    11.38 C    23.6     4.8    12.0    80.6    31.5    48.9   0.375   0.429   0.539 -99.000 -99.000    12.5    12.9    13.2 -9999.0 -9999.0
53974 20191024  2.622  -96.61   39.10    10.1     3.3     6.7     6.3     0.0    12.14 C    17.5     2.3     7.7    78.1    40.5    59.0   0.363   0.418   0.521 -99.000 -99.000    11.5    12.3    13.2 -9999.0 -9999.0
53974 20191025  2.622  -96.61   39.10    13.5    -3.0     5.2     4.6     0.0    15.24 C    18.9    -3.6     4.8    92.4    30.1    66.0   0.354   0.410   0.521 -99.000 -99.000     9.8    10.9    12.2 -9999.0 -9999.0
53974 20191026  2.622  -96.61   39.10    17.9    -3.6     7.1     6.7     0.0    15.14 C    22.9    -4.4     6.7    92.0    23.2    62.6   0.351   0.405   0.517 -99.000 -99.000     9.1    10.1    11.3 -9999.0 -9999.0
53974 20191027  2.622  -96.61   39.10     9.4     1.1     5.2     6.0     0.0     6.70 C    13.2    -0.9     6.0    84.0    56.6    67.9   0.348   0.400   0.513 -99.000 -99.000     9.4    10.3    11.4 -9999.0 -9999.0
53974 20191028  2.622  -96.61   39.10     4.1    -1.0     1.6     1.7     0.2     3.09 C     8.8    -0.4     2.9    83.0    49.1    60.6   0.342   0.396   0.512 -99.000 -99.000     8.6     9.6    10.9 -9999.0 -9999.0
53974 20191029  2.622  -96.61   39.10     3.6    -4.3    -0.3     0.2     0.0     5.06 C     8.8    -5.6     1.5    90.2    59.5    75.7   0.339   0.393   0.504 -99.000 -99.000     7.5     8.5     9.9 -9999.0 -9999.0
53974 20191030  2.622  -96.61   39.10     1.7    -3.1    -0.7    -0.5     0.9     2.55 C     3.0    -3.9     0.4    87.8    53.2    72.1   0.337   0.389   0.501 -99.000 -99.000     6.8     7.9     9.4 -9999.0 -9999.0
53974 20191031  2.622  -96.61   39.10     6.8    -8.6    -0.9    -0.7     0.0    14.57 C     9.9   -10.4    -1.0    87.1    26.0    59.3   0.337   0.386   0.496 -99.000 -99.000     5.8     6.9     8.4 -9999.0 -9999.0
53974 20191101  2.622  -96.61   39.10    13.2    -1.4     5.9     4.3     0.0    12.49 C    19.8    -3.7     4.0    85.0    29.5    54.7   0.335   0.388   0.501 -99.000 -99.000     6.5     7.3     8.4 -9999.0 -9999.0
53974 20191102  2.622  -96.61   39.10    12.4    -4.5     3.9     4.4     0.0    14.00 C    17.3    -5.8     3.8    84.7    26.4    54.9   0.332   0.385   0.494 -99.000 -99.000     6.3     7.3     8.4 -9999.0 -9999.0
53974 20191103  2.622  -96.61   39.10    18.7     2.4    10.5    10.1     0.0    13.27 C    22.0    -1.0     9.0    57.7    22.6    41.9   0.332   0.386   0.493 -99.000 -99.000     7.9     8.3     8.8 -9999.0 -9999.0
53974 20191104  2.622  -96.61   39.10    12.8     3.0     7.9     8.6     0.0     7.28 C    18.1     0.2     8.6    84.4    43.6    60.4   0.331   0.386   0.498 -99.000 -99.000     9.0     9.4     9.8 -9999.0 -9999.0
53974 20191105  2.622  -96.61   39.10    15.0    -2.2     6.4     6.7     0.0    12.99 C    20.1    -3.3     6.5    92.3    34.0    62.9   0.327   0.383   0.495 -99.000 -99.000     8.2     8.9     9.7 -9999.0 -9999.0
53974 20191106  2.622  -96.61   39.10    19.1    -0.8     9.1     7.0     0.0    11.74 C    23.6    -1.9     7.4    89.6    39.7    63.6   0.325   0.381   0.495 -99.000 -99.000     8.4     9.1     9.8 -9999.0 -9999.0
53974 20191107  2.622  -96.61   39.10     3.4    -8.8    -2.7    -2.6     0.0    13.56 C     8.9    -9.9    -1.3    71.7    24.2    51.8   0.318   0.374   0.493 -99.000 -99.000     6.1     7.6     9.2 -9999.0 -9999.0
53974 20191108  2.622  -96.61   39.10     9.1    -9.3    -0.1     1.0     0.0     9.12 C    12.6   -10.5     0.5    78.3    20.4    44.5   0.313   0.371   0.488 -99.000 -99.000     4.4     5.7     7.5 -9999.0 -9999.0
53974 20191109  2.622  -96.61   39.10    24.1     1.7    12.9    11.9     0.0    12.42 C    26.0    -1.4    10.3    68.5    15.9    42.8   0.313   0.371   0.490 -99.000 -99.000     7.0     7.4     7.9 -9999.0 -9999.0
53974 20191110  2.622  -96.61   39.10    16.6     0.6     8.6     8.6     0.0    12.12 C    20.6    -1.2     8.0    86.6    35.3    58.6   0.313   0.372   0.491 -99.000 -99.000     8.2     8.7     9.2 -9999.0 -9999.0
53974 20191111  2.622  -96.61   39.10     1.0   -11.5    -5.3    -5.7     0.2     5.86 C     1.7   -13.0    -4.8    74.9    43.2    62.0   0.308   0.367   0.484 -99.000 -99.000     4.9     6.6     8.4 -9999.0 -9999.0
53974 20191112  2.622  -96.61   39.10     0.5   -15.2    -7.3    -7.2     0.0    12.72 C     5.1   -15.9    -6.3    83.4    24.6    56.2   0.297   0.361   0.475 -99.000 -99.000     2.2     3.9     6.1 -9999.0 -9999.0
53974 20191113  2.622  -96.61   39.10     7.2    -4.6     1.3     1.3     0.0     6.07 C    11.3    -5.4     1.1    72.9    30.3    41.9   0.300   0.361   0.470 -99.000 -99.000     3.3     4.2     5.5 -9999.0 -9999.0
53974 20191114  2.622  -96.61   39.10    10.5    -4.2     3.1     2.8     0.0    11.97 C    14.9    -6.5     2.3    84.9    34.6    62.7   0.300   0.362   0.476 -99.000 -99.000     4.4     5.2     6.1 -9999.0 -9999.0
53974 20191115  2.622  -96.61   39.10    16.5    -5.6     5.4     5.3     0.0    11.95 C    20.3    -7.0     4.3    88.6    25.3    57.8   0.299   0.362   0.476 -99.000 -99.000     4.5     5.3     6.2 -9999.0 -9999.0
53974 20191116  2.622  -96.61   39.10    18.2     4.5    11.4    10.2     0.0    10.59 C    21.2     1.3     9.0    55.0    24.5    42.1   0.300   0.363   0.481 -99.000 -99.000     6.5     6.8     7.1 -9999.0 -9999.0
53974 20191117  2.622  -96.61   39.10    13.8     0.0     6.9     8.2     0.0    11.41 C    18.2    -2.8     7.3    75.8    35.5    55.9   0.300   0.363   0.485 -99.000 -99.000     7.5     7.9     8.1 -9999.0 -9999.0
53974 20191118  2.622  -96.61   39.10    20.7    -0.4    10.1    11.8     0.0     7.30 C    23.2    -3.1    10.0    79.1    28.5    42.6   0.299   0.363   0.482 -99.000 -99.000     7.6     7.9     8.2 -9999.0 -9999.0
53974 20191119  2.622  -96.61   39.10    20.0    -0.9     9.6     9.9     0.0    11.17 C    24.5    -2.4     8.4    82.9    21.6    50.2   0.297   0.360   0.481 -99.000 -99.000     7.6     8.2     8.6 -9999.0 -9999.0
53974 20191120  2.622  -96.61   39.10    18.8    11.6    15.2    14.9     3.5     4.52 C    20.3     8.5    13.4    86.8    40.0    62.7   0.311   0.363   0.484 -99.000 -99.000     9.4     9.5     9.3 -9999.0 -9999.0
53974 20191121  2.622  -96.61   39.10    18.3     1.0     9.6     4.9     1.5     2.00 C    16.1     1.1     5.1    85.9    68.1    74.1   0.356   0.376   0.481 -99.000 -99.000     9.2     9.7     9.9 -9999.0 -9999.0
53974 20191122  2.622  -96.61   39.10     1.0    -2.4    -0.7    -1.1     4.4     1.48 C     1.6    -4.0    -0.5    89.2    71.0    81.1   0.349   0.378   0.475 -99.000 -99.000     6.3     7.2     8.4 -9999.0 -9999.0
53974 20191123  2.622  -96.61   39.10     6.5    -4.2     1.1     1.4     0.0    11.00 C     8.3    -5.4     0.7    90.3    60.3    78.6   0.366   0.395   0.472 -99.000 -99.000     5.5     6.3     7.3 -9999.0 -9999.0
53974 20191124  2.622  -96.61   39.10    16.7     0.1     8.4     7.8     0.0    10.94 C    18.2    -2.1     5.5    78.8    28.5    56.0   0.362   0.406   0.474 -99.000 -99.000     6.1     6.6     7.2 -9999.0 -9999.0
53974 20191125  2.622  -96.61   39.10    15.2     1.8     8.5     7.8     0.0    10.16 C    18.0    -1.4     5.4    82.4    23.8    53.1   0.356   0.406   0.479 -99.000 -99.000     6.5     7.2     7.7 -9999.0 -9999.0
53974 20191126  2.622  -96.61   39.10     6.1     0.7     3.4     3.8     1.6     2.09 C     7.6    -0.7     3.8    89.8    57.0    73.5   0.352   0.404   0.478 -99.000 -99.000     6.1     6.9     7.6 -9999.0 -9999.0
53974 20191127  2.622  -96.61   39.10     5.5    -4.2     0.7     0.3     0.0    10.59 C     8.8    -5.6    -0.1    82.2    43.8    65.9   0.354   0.407   0.469 -99.000 -99.000     5.1     6.0     7.0 -9999.0 -9999.0
53974 20191128  2.622  -96.61   39.10     1.1    -2.1    -0.5    -0.1     3.7     1.32 C     2.1    -3.1     0.1    92.6    72.5    84.4   0.370   0.413   0.479 -99.000 -99.000     4.2     5.0     6.1 -9999.0 -9999.0
53974 20191129  2.622  -96.61   39.10     5.7     1.1     3.4     3.9     1.1     1.93 C     7.5     1.4     4.1    92.7    84.6    90.0   0.381   0.425   0.503 -99.000 -99.000     5.3     5.7     6.1 -9999.0 -9999.0
53974 20191130  2.622  -96.61   39.10    13.5     1.2     7.3     7.1     0.0    10.37 C    13.2     1.0     6.1    91.8    28.6    63.5   0.382   0.425   0.517 -99.000 -99.000     6.3     6.7     6.9 -9999.0 -9999.0
53974 20191201  2.622  -96.61   39.10     2.1    -3.1    -0.5     0.6     0.0     3.35 C     3.5    -4.5     0.6    75.1    53.2    61.1   0.371   0.422   0.512 -99.000 -99.000     4.6     5.5     6.4 -9999.0 -9999.0
53974 20191202  2.622  -96.61   39.10     9.5    -6.5     1.5     0.5     0.0    10.15 C    12.1    -8.2    -0.2    82.2    19.7    54.2   0.364   0.418   0.504 -99.000 -99.000     3.8     4.6     5.5 -9999.0 -9999.0
53974 20191203  2.622  -96.61   39.10    15.6    -2.1     6.8     5.8     0.0     9.84 C    17.8    -4.8     4.0    71.2    26.9    50.7   0.361   0.418   0.505 -99.000 -99.000     4.3     4.9     5.5 -9999.0 -9999.0
53974 20191204  2.622  -96.61   39.10    15.5    -1.6     6.9     5.2     0.0     9.21 C    18.3    -3.6     3.5    83.2    30.8    62.2   0.357   0.415   0.503 -99.000 -99.000     4.6     5.2     5.8 -9999.0 -9999.0
53974 20191205  2.622  -96.61   39.10    17.4    -3.2     7.1     6.2     0.0     9.23 C    20.3    -4.6     5.3    90.4    33.2    66.5   0.356   0.414   0.504 -99.000 -99.000     4.8     5.4     6.0 -9999.0 -9999.0
53974 20191206  2.622  -96.61   39.10     6.2    -4.6     0.8     1.2     0.0     9.72 C    10.2    -7.0     1.0    77.4    36.5    63.4   0.354   0.410   0.506 -99.000 -99.000     4.9     5.7     6.4 -9999.0 -9999.0
53974 20191207  2.622  -96.61   39.10    14.2    -4.6     4.8     4.7     0.0    10.00 C    15.4    -6.9     3.2    77.2    23.5    52.0   0.349   0.406   0.502 -99.000 -99.000     4.0     4.7     5.7 -9999.0 -9999.0
53974 20191208  2.622  -96.61   39.10    11.0     3.2     7.1     7.2     0.0     4.30 C    14.1     0.3     6.2    84.1    52.5    68.2   0.351   0.410   0.503 -99.000 -99.000     5.5     5.9     6.2 -9999.0 -9999.0
53974 20191209  2.622  -96.61   39.10     4.7    -9.7    -2.5    -2.6     0.0     9.34 C     3.0   -11.0    -3.0    96.6    42.7    70.1   0.345   0.404   0.505 -99.000 -99.000     4.1     5.2     6.2 -9999.0 -9999.0
53974 20191210  2.622  -96.61   39.10     2.0    -9.8    -3.9    -3.8     0.0     8.48 C     7.8   -10.9    -4.1    80.4    35.3    58.5   0.336   0.394   0.497 -99.000 -99.000     2.1     3.3     4.7 -9999.0 -9999.0
53974 20191211  2.622  -96.61   39.10    11.2    -6.3     2.4     3.3     0.0     9.60 C    13.7    -8.6     1.9    70.0    26.2    47.9   0.339   0.395   0.496 -99.000 -99.000     2.6     3.4     4.3 -9999.0 -9999.0
53974 20191212  2.622  -96.61   39.10    12.3     0.6     6.4     7.2     0.0     6.84 C    16.4    -2.4     6.0    84.4    45.1    56.9   0.341   0.397   0.501 -99.000 -99.000     4.5     4.9     5.2 -9999.0 -9999.0
53974 20191213  2.622  -96.61   39.10    13.7    -3.0     5.4     4.2     0.0     7.77 C    17.2    -4.7     3.8    92.4    35.9    71.1   0.338   0.397   0.497 -99.000 -99.000     4.4     5.0     5.6 -9999.0 -9999.0
53974 20191214  2.622  -96.61   39.10     3.3    -4.3    -0.5    -0.8     0.0     5.10 C     6.6    -3.7     0.4    79.8    52.3    65.4   0.337   0.394   0.500 -99.000 -99.000     4.3     5.0     5.7 -9999.0 -9999.0
53974 20191215  2.622  -96.61   39.10    -4.3    -5.6    -5.0    -5.0     9.9     1.72 C    -3.5    -6.1    -4.7    87.3    63.9    80.9   0.335   0.391   0.492 -99.000 -99.000     3.0     3.9     5.0 -9999.0 -9999.0
53974 20191216  2.622  -96.61   39.10    -3.2   -13.2    -8.2    -6.2     0.0     4.97 C    -1.9   -18.5    -7.8    89.7    78.1    83.4   0.340   0.392   0.490 -99.000 -99.000     3.3     3.8     4.4 -9999.0 -9999.0
53974 20191217  2.622  -96.61   39.10    -0.4   -14.0    -7.2    -7.1     0.0     9.22 C    -2.3   -19.4   -10.3    89.0    63.9    80.5   0.341   0.391   0.490 -99.000 -99.000     2.2     3.1     3.8 -9999.0 -9999.0
53974 20191218  2.622  -96.61   39.10     4.7   -13.3    -4.3    -2.6     0.0     9.74 C     0.9   -18.0    -7.0    88.5    46.4    69.5   0.342   0.399   0.492 -99.000 -99.000     1.7     2.6     3.3 -9999.0 -9999.0
53974 20191219  2.622  -96.61   39.10     9.6     1.4     5.5     5.0     0.0     9.60 C     4.4    -4.2    -0.6    49.4    33.1    41.8   0.380   0.425   0.518 -99.000 -99.000     2.5     3.0     3.3 -9999.0 -9999.0
53974 20191220  2.622  -96.61   39.10    10.0    -4.0     3.0     3.9     0.0     8.34 C     9.5    -6.4     0.8    84.9    37.7    53.6   0.408   0.445   0.515 -99.000 -99.000     3.0     3.5     3.9 -9999.0 -9999.0
53974 20191221  2.622  -96.61   39.10     8.8    -6.3     1.2     0.9     0.0     9.73 C    10.3    -8.1    -0.5    89.6    47.6    77.9   0.410   0.462   0.514 -99.000 -99.000     2.3     3.1     3.9 -9999.0 -9999.0
53974 20191222  2.622  -96.61   39.10    14.5     0.1     7.3     5.4     0.0     9.71 C    15.5    -2.5     3.6    92.3    30.6    70.4   0.408   0.465   0.509 -99.000 -99.000     3.5     4.0     4.3 -9999.0 -9999.0
53974 20191223  2.622  -96.61   39.10    16.5    -0.2     8.2     7.8     0.0     8.39 C    18.4    -3.6     4.9    85.8    30.4    61.0   0.405   0.467   0.512 -99.000 -99.000     4.0     4.5     4.8 -9999.0 -9999.0
53974 20191224  2.622  -96.61   39.10    18.9     7.3    13.1    11.8     0.0     6.58 C    19.9     3.7     9.2    59.1    25.3    44.4   0.402   0.465   0.516 -99.000 -99.000     5.4     5.6     5.6 -9999.0 -9999.0
53974 20191225  2.622  -96.61   39.10    19.2     2.1    10.6    13.0     0.0     8.86 C    20.9    -0.3    10.2    79.8    30.5    45.3   0.400   0.463   0.523 -99.000 -99.000     6.7     6.9     6.6 -9999.0 -9999.0
53974 20191226  2.622  -96.61   39.10     2.1    -6.8    -2.4    -0.5     0.0     2.07 C     3.8    -7.5    -0.2    90.8    68.8    81.8   0.393   0.451   0.515 -99.000 -99.000     5.3     6.0     6.6 -9999.0 -9999.0
53974 20191227  2.622  -96.61   39.10     6.6    -8.3    -0.9    -0.2     0.0     4.97 C     9.2    -8.9     0.0    90.3    60.1    77.4   0.380   0.432   0.510 -99.000 -99.000     3.3     4.2     5.2 -9999.0 -9999.0
53974 20191228  2.622  -96.61   39.10    13.7     5.3     9.5    10.2    20.8     0.35 C    12.7     5.4     9.3    92.8    68.0    87.3   0.483   0.460   0.544 -99.000 -99.000     6.0     6.1     6.0 -9999.0 -9999.0
53974 20191229  2.622  -96.61   39.10     5.3    -1.1     2.1     1.1     0.0     1.98 C     5.4    -1.0     1.2    92.8    62.1    78.0   0.556   0.484   0.565 -99.000 -99.000     5.5     6.0     6.4 -9999.0 -9999.0
53974 20191230  2.622  -96.61   39.10     3.1    -0.9     1.1     0.8     0.0     3.15 C     5.1    -2.6     0.3    65.2    51.2    58.4   0.506   0.482   0.560 -99.000 -99.000     3.6     4.3     5.1 -9999.0 -9999.0
53974 20191231  2.622  -96.61   39.10     6.5    -2.9     1.8     0.6     0.0     9.87 C     9.1    -5.4    -0.5    66.9    37.3    56.0   0.457   0.474   0.554 -99.000 -99.000     2.9     3.6     4.3 -9999.0 -9999.0
