54854 20190101  2.622  -84.72   44.91    -1.2   -15.6    -8.4    -9.6     3.9     5.64 C    -1.7   -26.4   -13.1    92.6    66.6    83.7 -99.000 -99.000   0.149   0.135   0.178    -0.1     0.2     0.6     1.7     3.8
54854 20190102  2.622  -84.72   44.91    -4.4   -15.9   -10.2    -9.4     3.7     2.65 C    -4.8   -27.6   -11.6    92.0    80.0    88.0 -99.000 -99.000   0.147   0.134   0.173    -0.1     0.2     0.6     1.6     3.7
54854 20190103  2.622  -84.72   44.91    -0.6    -6.1    -3.4    -3.7     1.5     1.30 C    -2.7    -6.8    -5.1    91.1    77.9    86.2 -99.000 -99.000   0.147   0.133   0.170    -0.1     0.2     0.6     1.6     3.6
54854 20190104  2.622  -84.72   44.91     3.9    -2.4     0.8     0.3     2.4     7.03 C     1.2   -11.3    -4.5    98.5    70.3    85.5 -99.000 -99.000   0.147   0.134   0.168    -0.1     0.2     0.6     1.6     3.6
54854 20190105  2.622  -84.72   44.91     5.1    -3.4     0.8     0.3     2.2     7.25 C     1.0   -11.9    -3.5    99.1    66.5    87.2 -99.000 -99.000   0.146   0.133   0.166     0.0     0.2     0.6     1.6     3.6
54854 20190106  2.622  -84.72   44.91    -0.3    -7.0    -3.6    -3.7     1.2     5.05 C    -0.8    -9.1    -5.6    86.9    53.4    64.6 -99.000 -99.000   0.146   0.133   0.164     0.0     0.3     0.6     1.5     3.5
54854 20190107  2.622  -84.72   44.91     2.9    -6.8    -2.0    -2.4    14.5     0.51 C     0.9    -7.7    -2.8    97.3    72.0    87.7 -99.000   0.166   0.146   0.133   0.163     0.0     0.3     0.6     1.6     3.5
54854 20190108  2.622  -84.72   44.91     1.9    -5.2    -1.6     0.0     4.8     1.46 C     0.5    -5.5    -0.8    95.1    76.2    88.6 -99.000   0.166   0.151   0.135   0.161     0.1     0.4     0.7     1.5     3.5
54854 20190109  2.622  -84.72   44.91    -5.2    -8.9    -7.1    -7.5     6.1     2.78 C    -5.5    -9.6    -7.6    89.0    74.2    84.3 -99.000   0.169   0.151   0.138   0.160     0.2     0.4     0.7     1.6     3.5
54854 20190110  2.622  -84.72   44.91    -8.8   -14.1   -11.5   -10.8     3.5     4.12 C    -8.5   -21.6   -12.5    87.8    72.8    79.2   0.193   0.170   0.151   0.138   0.161     0.3     0.5     0.8     1.6     3.4
54854 20190111  2.622  -84.72   44.91    -7.8   -17.4   -12.6   -10.9     1.6     2.89 C    -8.2   -24.1   -12.0    89.0    46.7    68.5   0.191   0.169   0.149   0.137   0.162     0.3     0.5     0.8     1.6     3.5
54854 20190112  2.622  -84.72   44.91    -6.4   -10.2    -8.3    -7.8     2.3     1.95 C    -6.1   -15.7    -8.0    92.9    71.5    82.4   0.190   0.168   0.148   0.136   0.163     0.3     0.5     0.8     1.6     3.5
54854 20190113  2.622  -84.72   44.91    -7.8   -12.9   -10.3   -10.4     2.1     2.88 C    -6.8   -21.1   -14.5    91.9    78.7    86.2 -99.000   0.166   0.147   0.135   0.163     0.2     0.4     0.8     1.6     3.4
54854 20190114  2.622  -84.72   44.91    -2.5   -11.5    -7.0    -5.6     1.6     1.81 C    -2.8   -18.3    -6.7    94.1    82.9    88.5 -99.000 -99.000   0.146   0.134   0.162     0.1     0.3     0.7     1.6     3.4
54854 20190115  2.622  -84.72   44.91    -1.9    -3.9    -2.9    -2.9     4.3     1.37 C    -0.6    -3.2    -2.5    96.2    86.0    93.7 -99.000 -99.000   0.146   0.132   0.162     0.1     0.3     0.6     1.6     3.4
54854 20190116  2.622  -84.72   44.91    -1.9   -12.6    -7.3    -9.2     3.6     3.70 C    -1.6   -15.1    -9.8    89.7    61.5    72.6 -99.000   0.165   0.145   0.132   0.161     0.2     0.4     0.7     1.6     3.4
54854 20190117  2.622  -84.72   44.91    -6.6   -16.0   -11.3   -10.2     2.5     3.66 C    -6.5   -21.5   -12.5    91.6    72.2    82.3 -99.000 -99.000   0.144   0.132   0.159     0.1     0.3     0.7     1.6     3.3
54854 20190118  2.622  -84.72   44.91    -6.0   -15.2   -10.6    -9.2     2.9     4.74 C    -5.3   -15.3    -9.5    93.7    57.0    74.4 -99.000 -99.000   0.144   0.131   0.159     0.1     0.3     0.6     1.5     3.3
54854 20190119  2.622  -84.72   44.91   -14.0   -20.5   -17.3   -16.2     4.7     7.41 C   -12.3   -25.9   -17.2    84.4    61.8    74.4 -99.000 -99.000   0.144   0.130   0.158     0.0     0.2     0.6     1.5     3.3
54854 20190120  2.622  -84.72   44.91   -18.8   -24.4   -21.6   -20.7     4.4     8.46 C   -17.0   -30.3   -23.7    84.1    39.4    70.7 -99.000 -99.000   0.136   0.130   0.157    -0.1     0.2     0.5     1.4     3.3
54854 20190121  2.622  -84.72   44.91   -10.6   -25.8   -18.2   -17.9     4.0     9.47 C   -10.7   -31.6   -22.8    83.0    42.4    62.8 -99.000 -99.000   0.137   0.129   0.156    -0.1     0.1     0.5     1.4     3.2
54854 20190122  2.622  -84.72   44.91    -7.3   -16.5   -11.9   -11.2     5.9     2.16 C    -7.1   -20.4   -11.7    88.6    35.7    60.5 -99.000 -99.000   0.154   0.127   0.155    -0.2     0.0     0.4     1.3     3.2
54854 20190123  2.622  -84.72   44.91    -5.1    -7.5    -6.3    -6.4     5.2     1.33 C    -4.1    -8.6    -6.3    94.3    87.6    91.0 -99.000 -99.000 -99.000   0.126   0.153    -0.3     0.0     0.4     1.3     3.2
54854 20190124  2.622  -84.72   44.91    -5.5    -8.8    -7.1    -6.7     4.3     3.10 C    -5.8   -11.1    -7.2    91.6    67.7    86.1 -99.000 -99.000 -99.000   0.125   0.153    -0.2     0.0     0.3     1.3     3.1
54854 20190125  2.622  -84.72   44.91    -8.8   -18.3   -13.6   -14.5     8.2     5.08 C    -9.1   -23.8   -15.5    88.8    62.5    79.4 -99.000 -99.000 -99.000   0.124   0.151    -0.2     0.0     0.3     1.3     3.1
54854 20190126  2.622  -84.72   44.91   -13.6   -23.1   -18.4   -17.2     4.9     5.11 C   -14.9   -34.1   -21.1    84.5    57.6    75.3 -99.000 -99.000 -99.000   0.124   0.151    -0.2     0.0     0.3     1.2     3.1
54854 20190127  2.622  -84.72   44.91   -14.5   -20.7   -17.6   -17.7     6.3     5.12 C   -15.4   -22.5   -18.5    84.8    62.7    77.4 -99.000 -99.000 -99.000   0.124   0.149    -0.2     0.0     0.3     1.2     3.1
54854 20190128  2.622  -84.72   44.91   -13.7   -21.2   -17.4   -17.4     8.8     1.71 C   -14.0   -23.3   -17.5    82.7    63.2    78.3 -99.000 -99.000 -99.000   0.124   0.149    -0.2     0.0     0.3     1.2     3.0
54854 20190129  2.622  -84.72   44.91   -12.3   -21.0   -16.7   -17.0     4.2     6.30 C   -11.5   -29.0   -19.6    84.7    58.8    76.4 -99.000 -99.000 -99.000   0.124   0.147    -0.2     0.0     0.3     1.2     3.0
54854 20190130  2.622  -84.72   44.91   -17.1   -22.0   -19.5   -19.3     5.7     3.19 C   -17.3   -25.0   -20.1    82.3    66.6    77.8 -99.000 -99.000 -99.000   0.123   0.146    -0.2     0.0     0.3     1.2     3.0
54854 20190131  2.622  -84.72   44.91   -17.5   -22.4   -19.9   -19.4     6.7     7.09 C   -16.9   -30.8   -22.7    82.1    57.8    74.8 -99.000 -99.000 -99.000   0.123   0.146    -0.2     0.0     0.3     1.2     3.0
54854 20190201  2.622  -84.72   44.91   -11.3   -22.3   -16.8   -16.3     5.6     9.65 C   -12.3   -27.8   -18.6    81.7    54.1    71.7 -99.000 -99.000 -99.000   0.123   0.145    -0.2     0.0     0.3     1.1     2.9
54854 20190202  2.622  -84.72   44.91    -1.3   -12.0    -6.7    -5.6     4.1     1.42 C    -1.0   -12.3    -5.7    97.9    77.4    91.9 -99.000 -99.000 -99.000   0.124   0.144    -0.2     0.0     0.3     1.1     2.9
54854 20190203  2.622  -84.72   44.91     5.2    -1.3     1.9     3.2     2.6     1.71 C     1.5    -1.0     0.7   100.0    95.9    97.8 -99.000 -99.000 -99.000   0.124   0.144    -0.2     0.0     0.3     1.1     2.9
54854 20190204  2.622  -84.72   44.91     6.8    -1.6     2.6     3.4     2.8     1.20 C     2.0    -1.1     0.8   100.0    93.6    98.5 -99.000 -99.000 -99.000   0.142   0.146    -0.2     0.0     0.3     1.1     2.9
54854 20190205  2.622  -84.72   44.91    -1.6   -11.2    -6.4    -8.3     3.8     8.05 C    -1.1   -10.2    -7.5    96.8    63.4    78.5 -99.000 -99.000 -99.000   0.143   0.162    -0.2     0.0     0.3     1.0     2.8
54854 20190206  2.622  -84.72   44.91    -4.9   -10.3    -7.6    -7.0     4.8     3.20 C    -3.8    -9.6    -6.3    94.9    86.9    92.0 -99.000 -99.000 -99.000   0.141   0.163    -0.2     0.0     0.3     1.1     2.8
54854 20190207  2.622  -84.72   44.91     1.0    -8.5    -3.7    -4.7     7.7     1.16 C     0.0    -8.0    -4.3    97.3    84.5    93.2 -99.000 -99.000 -99.000   0.139   0.162    -0.1     0.0     0.3     1.0     2.8
54854 20190208  2.622  -84.72   44.91    -4.6   -14.7    -9.6   -12.1     6.4     4.93 C    -3.5   -16.6   -11.9    89.9    74.1    81.9 -99.000 -99.000 -99.000   0.139   0.161    -0.1     0.0     0.3     1.1     2.8
54854 20190209  2.622  -84.72   44.91   -10.6   -15.6   -13.1   -12.9     3.4     7.50 C    -7.3   -23.5   -14.5    87.7    68.1    79.8 -99.000 -99.000 -99.000   0.138   0.161    -0.1     0.1     0.3     1.1     2.7
54854 20190210  2.622  -84.72   44.91    -7.6   -16.2   -11.9   -11.1     3.3     4.75 C    -7.7   -25.2   -12.1    88.4    53.9    79.2 -99.000 -99.000 -99.000   0.137   0.161    -0.1     0.1     0.4     1.1     2.7
54854 20190211  2.622  -84.72   44.91    -5.9   -10.4    -8.1    -7.9     3.6     2.54 C    -6.0   -12.6    -8.2    92.2    76.4    86.1 -99.000 -99.000 -99.000   0.136   0.161    -0.1     0.1     0.3     1.1     2.7
54854 20190212  2.622  -84.72   44.91    -5.6    -7.9    -6.8    -6.6    12.2     2.85 C    -5.5    -8.1    -7.0    90.4    69.9    83.4 -99.000 -99.000 -99.000   0.135   0.160    -0.1     0.1     0.4     1.1     2.7
54854 20190213  2.622  -84.72   44.91    -6.3   -10.4    -8.4    -8.3     6.7     5.22 C    -6.9   -11.6    -8.6    89.8    77.7    86.0 -99.000 -99.000 -99.000   0.134   0.159     0.0     0.1     0.4     1.1     2.7
54854 20190214  2.622  -84.72   44.91    -0.2   -10.4    -5.3    -4.5     5.4     5.27 C    -0.1   -18.6    -5.9    95.6    72.3    85.8 -99.000 -99.000 -99.000   0.133   0.159     0.0     0.1     0.4     1.1     2.7
54854 20190215  2.622  -84.72   44.91     0.1    -9.7    -4.8    -6.2     5.8     4.63 C    -0.2    -9.8    -6.4    96.8    80.9    86.7 -99.000 -99.000 -99.000   0.133   0.158     0.0     0.1     0.4     1.1     2.7
54854 20190216  2.622  -84.72   44.91    -5.9   -12.9    -9.4    -8.7     2.9    11.26 C    -3.9   -25.4   -12.3    89.4    59.5    75.6 -99.000 -99.000 -99.000   0.132   0.157     0.0     0.1     0.4     1.1     2.7
54854 20190217  2.622  -84.72   44.91    -5.8   -14.0    -9.9   -10.1     1.8     6.26 C    -4.6   -23.8   -12.9    91.1    62.2    81.3 -99.000 -99.000 -99.000   0.132   0.156     0.0     0.2     0.4     1.1     2.7
54854 20190218  2.622  -84.72   44.91    -8.6   -14.7   -11.6   -11.6     4.0    13.52 C    -6.3   -26.1   -15.2    87.1    53.8    73.7 -99.000 -99.000   0.136   0.132   0.156     0.1     0.2     0.5     1.1     2.7
54854 20190219  2.622  -84.72   44.91    -4.2   -18.6   -11.4   -10.9     2.5    12.85 C    -3.3   -29.5   -18.9    89.0    51.9    74.4 -99.000 -99.000   0.140   0.132   0.155     0.1     0.2     0.5     1.1     2.7
54854 20190220  2.622  -84.72   44.91    -2.2   -11.7    -7.0    -6.9     4.5     3.65 C    -2.8   -20.3    -8.2    93.3    55.5    81.0 -99.000 -99.000   0.144   0.132   0.155     0.1     0.2     0.5     1.1     2.7
54854 20190221  2.622  -84.72   44.91    -0.6    -5.5    -3.1    -3.6     2.1     4.51 C    -2.1    -6.8    -4.6    93.1    66.6    77.5 -99.000   0.160   0.144   0.132   0.154     0.1     0.2     0.5     1.1     2.7
54854 20190222  2.622  -84.72   44.91     1.2    -5.9    -2.4    -3.4     2.2    11.62 C     1.0   -15.4    -6.9    90.5    50.6    74.0 -99.000   0.160   0.143   0.131   0.153     0.1     0.2     0.5     1.1     2.7
54854 20190223  2.622  -84.72   44.91     0.0    -6.0    -3.0    -2.5     2.8     4.17 C    -0.2   -13.5    -3.8    95.8    60.3    77.7 -99.000   0.161   0.141   0.131   0.153     0.1     0.3     0.5     1.2     2.7
54854 20190224  2.622  -84.72   44.91     3.3    -9.5    -3.1    -2.0    17.3     3.33 C     1.1    -9.6    -2.3    98.2    86.3    92.6 -99.000   0.161   0.141   0.132   0.152     0.1     0.3     0.5     1.2     2.7
54854 20190225  2.622  -84.72   44.91    -9.5   -14.2   -11.8   -12.6     3.7     5.81 C    -9.2   -15.7   -12.6    87.8    70.9    81.6 -99.000   0.163   0.139   0.136   0.152     0.1     0.3     0.5     1.2     2.7
54854 20190226  2.622  -84.72   44.91   -11.6   -16.5   -14.0   -13.7     4.1    10.52 C    -8.7   -25.4   -15.2    86.1    47.1    66.9 -99.000   0.162   0.138   0.136   0.153     0.1     0.3     0.5     1.2     2.7
54854 20190227  2.622  -84.72   44.91    -7.9   -16.5   -12.2   -12.0     2.9     4.95 C    -6.4   -29.1   -14.6    90.7    64.2    80.9 -99.000   0.163   0.139   0.136   0.153     0.1     0.3     0.5     1.2     2.7
54854 20190228  2.622  -84.72   44.91    -4.8   -20.3   -12.6   -11.5    15.0    15.34 C    -3.7   -30.6   -18.4    89.7    51.1    72.2 -99.000   0.162   0.138   0.135   0.154     0.1     0.3     0.5     1.2     2.7
54854 20190301  2.622  -84.72   44.91    -1.7   -12.8    -7.2    -6.6     2.2    15.65 C    -2.2   -20.7   -10.1    88.6    37.2    63.8 -99.000   0.162   0.137   0.134   0.155     0.1     0.3     0.5     1.2     2.7
54854 20190302  2.622  -84.72   44.91    -5.4   -12.2    -8.8    -7.6     4.6     9.33 C    -4.3   -23.3    -9.3    91.1    63.7    78.7 -99.000   0.162   0.136   0.135   0.155     0.1     0.3     0.5     1.2     2.7
54854 20190303  2.622  -84.72   44.91    -9.9   -20.8   -15.3   -13.6     4.1    13.42 C    -6.8   -31.3   -16.8    88.8    45.6    72.9 -99.000   0.163   0.136   0.134   0.154     0.1     0.3     0.5     1.2     2.7
54854 20190304  2.622  -84.72   44.91   -14.3   -21.9   -18.1   -17.5     3.8     9.46 C   -11.5   -31.2   -19.8    85.2    51.9    73.6 -99.000   0.163   0.136   0.134   0.154     0.1     0.3     0.5     1.2     2.7
54854 20190305  2.622  -84.72   44.91   -11.2   -18.8   -15.0   -15.3     5.8     9.95 C    -9.1   -26.4   -16.9    84.6    57.0    76.1 -99.000   0.163   0.136   0.133   0.154     0.1     0.3     0.5     1.2     2.7
54854 20190306  2.622  -84.72   44.91   -10.3   -21.3   -15.8   -15.0     4.0     9.90 C    -8.7   -32.2   -19.1    88.9    53.3    75.7 -99.000   0.162   0.136   0.133   0.154     0.1     0.3     0.5     1.2     2.7
54854 20190307  2.622  -84.72   44.91    -9.2   -17.6   -13.4   -13.3     2.5    15.57 C    -6.8   -29.8   -18.3    89.6    57.9    76.4 -99.000   0.164   0.136   0.132   0.154     0.1     0.3     0.5     1.2     2.7
54854 20190308  2.622  -84.72   44.91    -1.7   -16.6    -9.1    -8.6     2.6    17.47 C    -3.1   -27.7   -15.7    90.1    41.1    70.4 -99.000   0.162   0.136   0.132   0.153     0.1     0.3     0.5     1.2     2.7
54854 20190309  2.622  -84.72   44.91     1.9    -9.4    -3.8    -3.6     3.3    13.15 C    -0.4   -20.0    -8.9    87.3    27.3    58.5 -99.000   0.160   0.135   0.132   0.153     0.1     0.3     0.5     1.2     2.7
54854 20190310  2.622  -84.72   44.91     0.0    -2.9    -1.5    -1.6     9.2     2.75 C    -0.4    -4.6    -2.3    96.3    75.2    87.5 -99.000   0.160   0.133   0.131   0.153     0.1     0.3     0.5     1.2     2.7
54854 20190311  2.622  -84.72   44.91    -1.5   -10.8    -6.1    -5.1     3.3     6.52 C    -2.9   -20.4    -7.6    88.4    64.6    75.0 -99.000   0.161   0.134   0.131   0.152     0.1     0.3     0.5     1.1     2.7
54854 20190312  2.622  -84.72   44.91     5.0   -11.6    -3.3    -2.6     2.5    18.39 C     0.3   -22.2    -8.5    92.7    33.4    64.1 -99.000   0.161   0.134   0.131   0.152     0.1     0.3     0.5     1.1     2.7
54854 20190313  2.622  -84.72   44.91     4.4     0.0     2.2     1.9     8.0     3.17 C     1.0    -0.9     0.2    97.6    52.4    91.9 -99.000 -99.000   0.139   0.131   0.151     0.1     0.3     0.5     1.1     2.7
54854 20190314  2.622  -84.72   44.91    10.1     2.5     6.3     6.6     8.3     4.73 C     2.1     0.1     1.0    98.2    82.5    92.0 -99.000 -99.000   0.178   0.146   0.155     0.1     0.2     0.5     1.1     2.7
54854 20190315  2.622  -84.72   44.91     2.6    -5.1    -1.3    -1.4     4.8     5.25 C     0.2    -5.6    -1.8    95.7    76.7    87.4 -99.000 -99.000   0.187   0.157   0.204     0.0     0.2     0.4     1.0     2.7
54854 20190316  2.622  -84.72   44.91    -4.5   -10.4    -7.4    -6.1     2.6     8.03 C    -3.3   -16.5    -7.5    87.5    58.8    74.6 -99.000 -99.000   0.162   0.148   0.199     0.1     0.2     0.4     1.0     2.7
54854 20190317  2.622  -84.72   44.91     1.6   -10.5    -4.4    -4.4     2.7    17.13 C     1.1   -16.4    -8.2    89.7    37.5    66.9 -99.000 -99.000   0.149   0.143   0.191     0.1     0.2     0.4     1.0     2.7
54854 20190318  2.622  -84.72   44.91     2.3    -9.3    -3.5    -2.8     2.3    19.26 C     1.3   -16.6    -6.8    94.1    33.1    61.1 -99.000 -99.000   0.146   0.141   0.185     0.1     0.2     0.4     1.0     2.7
54854 20190319  2.622  -84.72   44.91     5.6    -5.4     0.1     0.3     1.4    17.37 C     1.6   -10.4    -3.8    84.8    36.4    56.6 -99.000 -99.000   0.144   0.139   0.181     0.1     0.2     0.4     1.0     2.7
54854 20190320  2.622  -84.72   44.91     5.8    -0.9     2.4     1.7     2.5     8.02 C     0.9    -5.5    -1.1    97.4    51.5    70.0 -99.000 -99.000   0.143   0.138   0.177     0.1     0.2     0.4     1.0     2.7
54854 20190321  2.622  -84.72   44.91     1.9    -0.2     0.9     0.5     3.6     4.61 C     0.5    -3.5    -0.3    98.5    74.7    91.1 -99.000 -99.000   0.149   0.141   0.174     0.0     0.2     0.4     1.0     2.6
54854 20190322  2.622  -84.72   44.91    -0.1    -7.1    -3.6    -3.0     4.5    16.60 C    -0.1   -11.1    -3.8    93.2    56.2    75.1 -99.000 -99.000   0.150   0.144   0.175     0.1     0.2     0.4     1.0     2.6
54854 20190323  2.622  -84.72   44.91     5.4    -9.4    -2.0    -1.8     2.5    21.25 C     0.6   -14.2    -5.7    90.1    33.0    58.9 -99.000 -99.000   0.147   0.142   0.177     0.1     0.2     0.4     1.0     2.6
54854 20190324  2.622  -84.72   44.91     5.2    -4.6     0.3     0.9     2.0    11.03 C     1.6    -8.9    -2.3    77.5    49.6    67.1 -99.000 -99.000   0.147   0.141   0.177     0.1     0.2     0.4     0.9     2.6
54854 20190325  2.622  -84.72   44.91    -0.8    -8.8    -4.8    -4.3     3.3    21.93 C     0.2   -13.5    -7.0    75.2    22.2    46.4 -99.000 -99.000   0.150   0.142   0.177     0.1     0.2     0.4     1.0     2.5
54854 20190326  2.622  -84.72   44.91     3.4    -9.6    -3.1    -2.0     3.2    21.66 C     1.1   -15.4    -6.2    69.2    20.5    38.9 -99.000 -99.000 -99.000   0.141   0.178     0.0     0.1     0.4     0.9     2.4
54854 20190327  2.622  -84.72   44.91     7.4    -2.9     2.3     3.2     0.7    15.76 C     1.2    -9.1    -2.6    44.3    26.9    35.4 -99.000 -99.000 -99.000   0.141   0.177     0.0     0.1     0.3     0.9     2.4
54854 20190328  2.622  -84.72   44.91     7.4     0.6     4.0     5.2     1.7     8.51 C     1.2    -3.0     0.1    75.4    43.7    62.7 -99.000 -99.000 -99.000   0.153   0.181     0.0     0.1     0.3     0.9     2.6
54854 20190329  2.622  -84.72   44.91     5.6    -2.4     1.6     1.2     1.8    20.29 C     1.8    -7.2    -1.6    75.1    32.1    48.6 -99.000 -99.000 -99.000   0.153   0.202     0.0     0.2     0.3     0.8     2.6
54854 20190330  2.622  -84.72   44.91     0.6    -6.8    -3.1    -2.8     4.0     4.11 C    -0.3    -6.9    -3.1    93.8    51.4    78.3 -99.000 -99.000   0.181   0.150   0.200     0.0     0.2     0.4     0.8     2.5
54854 20190331  2.622  -84.72   44.91    -3.8    -9.1    -6.5    -6.3     2.3    20.08 C    -1.9   -10.6    -6.9    77.8    41.5    59.2 -99.000 -99.000 -99.000   0.145   0.192     0.0     0.1     0.3     0.8     2.5
54854 20190401  2.622  -84.72   44.91     2.9   -10.1    -3.6    -2.8     2.9    18.04 C     2.2   -14.8    -5.0    92.0    36.3    66.5 -99.000 -99.000 -99.000   0.140   0.185    -0.2     0.0     0.2     0.8     2.4
54854 20190402  2.622  -84.72   44.91     2.7     0.2     1.4     1.1     3.4     6.48 C     1.9    -0.8     0.2    96.0    65.2    87.9 -99.000 -99.000 -99.000   0.140   0.180    -0.2     0.0     0.2     0.8     2.3
54854 20190403  2.622  -84.72   44.91     1.3    -3.8    -1.2    -1.1     6.7    20.12 C     0.0   -10.1    -3.7    94.8    35.1    63.8 -99.000 -99.000 -99.000   0.147   0.180    -0.2     0.0     0.2     0.8     2.3
54854 20190404  2.622  -84.72   44.91     5.2    -8.1    -1.4    -1.3     2.0    22.32 C     8.0   -13.5    -3.3    78.8    26.2    49.5 -99.000 -99.000 -99.000   0.146   0.185    -0.2     0.0     0.2     0.8     2.3
54854 20190405  2.622  -84.72   44.91     3.7    -2.3     0.7     0.5     3.0     6.19 C     6.4    -2.4     0.6    96.6    47.1    84.8 -99.000 -99.000 -99.000   0.146   0.187    -0.2     0.0     0.2     0.8     2.3
54854 20190406  2.622  -84.72   44.91    10.9     1.8     6.3     5.8     2.1     7.06 C    15.2     0.6     5.3    96.9    61.0    86.4 -99.000 -99.000 -99.000   0.152   0.190    -0.1     0.0     0.2     0.7     2.3
54854 20190407  2.622  -84.72   44.91    16.9     5.2    11.0     9.7     4.9    11.77 C    25.8     3.1     9.9    96.0    48.3    76.3 -99.000 -99.000 -99.000   0.162   0.212     2.5     1.8     1.0     0.8     2.3
54854 20190408  2.622  -84.72   44.91    14.2     4.0     9.1     7.4     3.3    11.71 C    24.0     5.0     9.6   100.0    39.4    84.8   0.212   0.190   0.168   0.152   0.208     6.0     5.1     3.8     1.9     2.4
54854 20190409  2.622  -84.72   44.91     5.7    -0.5     2.6     2.4     2.2     9.71 C    19.8     0.3     5.1    98.9    59.7    89.2   0.200   0.183   0.159   0.145   0.195     5.4     5.2     4.7     3.1     2.9
54854 20190410  2.622  -84.72   44.91     5.4    -3.0     1.2     0.6     0.3    16.40 C    22.0    -5.0     4.1    96.1    32.0    62.9   0.194   0.182   0.154   0.141   0.188     4.6     4.5     4.2     3.4     3.4
54854 20190411  2.622  -84.72   44.91    -1.1    -3.6    -2.3    -2.3    18.3     1.59 C    -0.9    -3.7    -2.5    93.4    44.3    76.3   0.188   0.179   0.151   0.138   0.182     1.9     2.4     3.0     3.3     3.7
54854 20190412  2.622  -84.72   44.91     8.9    -1.6     3.7     2.9    12.3    11.19 C    11.8    -2.7     1.6    97.4    45.0    74.0   0.210   0.192   0.164   0.146   0.183     1.6     1.7     2.0     2.6     3.8
54854 20190413  2.622  -84.72   44.91     2.2    -0.3     0.9     1.0     0.0     4.53 C     7.1    -0.7     1.4    72.8    55.3    62.2   0.207   0.191   0.164   0.150   0.202     1.4     1.5     1.7     2.3     3.7
54854 20190414  2.622  -84.72   44.91     0.6    -2.6    -1.0    -1.3     9.1     5.57 C     9.9    -2.4    -0.1    94.1    64.1    80.7   0.198   0.183   0.156   0.143   0.191     1.2     1.3     1.6     2.1     3.5
54854 20190415  2.622  -84.72   44.91     7.8    -1.9     2.9     2.3     0.4    26.02 C    18.6    -8.6     1.5    94.0    23.2    47.2   0.200   0.188   0.157   0.141   0.184     2.3     2.1     1.9     2.1     3.4
54854 20190416  2.622  -84.72   44.91     7.6     1.7     4.6     4.1     0.0     6.29 C    15.4    -1.7     4.1    93.1    36.3    64.3   0.198   0.187   0.158   0.144   0.182     2.9     2.7     2.5     2.3     3.4
54854 20190417  2.622  -84.72   44.91    13.3    -0.9     6.2     4.5    14.1    12.19 C    24.1    -2.2     6.1    99.2    36.1    83.4   0.205   0.187   0.157   0.141   0.181     4.0     3.7     3.2     2.6     3.4
54854 20190418  2.622  -84.72   44.91    11.0     1.7     6.4     6.0    10.7     2.05 C     9.7     2.3     6.5    98.0    89.8    95.7   0.231   0.205   0.175   0.153   0.187     5.5     5.2     4.7     3.4     3.7
54854 20190419  2.622  -84.72   44.91    10.0     1.3     5.6     4.5     0.6    17.05 C    21.4    -2.0     6.4    96.0    31.7    69.5   0.207   0.192   0.163   0.148   0.196     5.4     5.2     4.7     3.8     4.1
54854 20190420  2.622  -84.72   44.91    15.9    -0.5     7.7     7.3     0.0    26.99 C    27.5    -3.4     8.6    73.4    13.1    39.6   0.191   0.182   0.154   0.142   0.189     6.1     5.7     5.1     4.1     4.3
54854 20190421  2.622  -84.72   44.91    22.2     5.8    14.0    13.2     0.0    15.14 C    34.0     1.2    13.2    51.7    20.4    34.4   0.183   0.177   0.150   0.138   0.183     8.1     7.4     6.4     4.7     4.5
54854 20190422  2.622  -84.72   44.91    25.0    10.5    17.7    16.3     0.0    21.60 C    34.3     7.0    16.9    64.4    24.8    41.6   0.177   0.173   0.146   0.135   0.178    10.8     9.8     8.4     5.7     5.0
54854 20190423  2.622  -84.72   44.91    14.3     1.2     7.7     5.7     6.1     5.39 C    11.3    -0.6     6.5    98.2    58.1    83.6   0.195   0.179   0.149   0.134   0.174     8.3     8.6     8.4     6.6     5.6
54854 20190424  2.622  -84.72   44.91    15.8    -2.5     6.7     7.5     0.0    25.44 C    29.2    -4.6    10.3    96.4    24.2    56.6   0.186   0.176   0.149   0.135   0.171     8.0     7.6     7.0     6.2     5.9
54854 20190425  2.622  -84.72   44.91    20.3     6.7    13.5    12.2     0.0    18.94 C    34.2     3.4    14.0    90.2    30.4    50.9   0.178   0.172   0.145   0.134   0.169    10.1     9.6     8.6     6.6     6.1
54854 20190426  2.622  -84.72   44.91    11.1    -1.3     4.9     5.7     2.0    16.48 C    23.0    -0.3     8.7    95.6    52.4    75.1   0.181   0.172   0.145   0.132   0.167     9.2     9.3     9.0     7.2     6.5
54854 20190427  2.622  -84.72   44.91     5.1    -2.3     1.4     0.7     0.0    18.07 C    18.3    -1.3     5.0    78.1    35.4    58.6   0.175   0.171   0.144   0.131   0.166     6.5     6.9     7.2     6.9     6.8
54854 20190428  2.622  -84.72   44.91     9.8    -3.0     3.4     3.7     0.0    27.30 C    26.7    -6.0     8.0    73.3    15.9    41.8   0.171   0.168   0.142   0.130   0.164     7.2     7.0     6.8     6.4     6.8
54854 20190429  2.622  -84.72   44.91     5.1     0.6     2.9     1.9     2.9     4.90 C     9.8    -1.3     2.9    97.2    40.7    67.5   0.170   0.167   0.140   0.128   0.162     5.2     5.7     6.3     6.4     6.7
54854 20190430  2.622  -84.72   44.91     5.7     0.3     3.0     2.7     0.0     6.01 C     9.8     1.3     4.3    98.1    58.1    81.1   0.181   0.171   0.143   0.128   0.160     5.0     5.2     5.4     5.8     6.6
54854 20190501  2.622  -84.72   44.91     4.3     0.5     2.4     2.7    17.2     3.14 C     7.1     1.4     3.7    97.3    78.1    93.1   0.217   0.191   0.160   0.134   0.159     4.8     5.0     5.3     5.6     6.5
54854 20190502  2.622  -84.72   44.91     7.1     0.1     3.6     3.7     0.7     5.42 C    10.7     0.9     5.4    98.6    84.9    94.4   0.204   0.188   0.161   0.145   0.160     5.3     5.2     5.1     5.3     6.3
54854 20190503  2.622  -84.72   44.91    11.2     1.1     6.1     5.6     0.3    15.03 C    27.1     0.4     8.5    98.0    51.6    78.3   0.196   0.183   0.156   0.143   0.165     7.2     6.8     6.2     5.5     6.2
54854 20190504  2.622  -84.72   44.91    17.5    -0.2     8.7     9.4     0.0    27.79 C    31.9    -2.4    12.5    95.4    27.3    59.0   0.186   0.178   0.152   0.140   0.168     9.3     8.6     7.6     6.0     6.3
54854 20190505  2.622  -84.72   44.91    21.0     4.5    12.8    13.1     0.0    22.30 C    32.9     2.2    14.1    83.3    26.2    53.4   0.179   0.174   0.148   0.137   0.170    10.6    10.0     9.1     7.0     6.6
54854 20190506  2.622  -84.72   44.91    10.1     2.0     6.0     6.5     1.4     8.04 C    23.0     0.1     7.9    90.2    60.5    73.0   0.178   0.172   0.145   0.134   0.169     9.1     9.2     9.0     7.7     7.0
54854 20190507  2.622  -84.72   44.91    12.8     0.3     6.6     5.7     0.0    26.14 C    29.4    -0.9    10.2    66.5    32.4    49.5   0.176   0.171   0.145   0.133   0.168     9.2     8.9     8.5     7.4     7.3
54854 20190508  2.622  -84.72   44.91    12.7    -1.2     5.7     6.6     0.5    15.69 C    21.7    -4.3     7.5    68.0    28.0    46.0   0.171   0.168   0.143   0.131   0.166     7.9     8.1     8.2     7.6     7.4
54854 20190509  2.622  -84.72   44.91    16.1     2.5     9.3     7.5    34.5     5.40 C    19.2     3.7     8.3    98.1    58.9    90.3   0.234   0.207   0.174   0.147   0.170     7.7     7.7     7.6     7.3     7.5
54854 20190510  2.622  -84.72   44.91     7.5     0.4     4.0     2.9     1.0    20.02 C    20.5    -1.9     6.6    98.1    53.4    79.8   0.203   0.188   0.160   0.146   0.194     8.1     8.1     7.9     7.3     7.7
54854 20190511  2.622  -84.72   44.91    11.2    -0.2     5.5     6.3     0.0    14.26 C    22.9    -2.4     7.6    87.6    39.8    58.3   0.191   0.180   0.153   0.140   0.189     7.6     7.6     7.6     7.2     7.6
54854 20190512  2.622  -84.72   44.91    10.5     3.3     6.9     7.1     0.0    11.60 C    20.3     3.1     8.8    65.4    47.6    57.6   0.184   0.175   0.149   0.136   0.183     8.2     8.1     7.9     7.3     7.6
54854 20190513  2.622  -84.72   44.91    15.3     4.0     9.6     9.1     0.0    18.20 C    27.7     0.5    10.9    80.7    28.8    55.6   0.179   0.172   0.146   0.133   0.178     9.4     9.0     8.5     7.4     7.6
54854 20190514  2.622  -84.72   44.91    19.6     2.5    11.1    12.1     0.0    28.38 C    34.4    -1.0    13.9    79.6    22.0    44.8   0.173   0.169   0.143   0.131   0.174    10.7    10.1     9.3     7.8     7.8
54854 20190515  2.622  -84.72   44.91    19.6     5.9    12.7    12.9     0.0    25.44 C    35.4     2.5    15.4    78.0    33.5    49.9   0.166   0.165   0.140   0.129   0.170    12.5    11.9    10.8     8.6     8.0
54854 20190516  2.622  -84.72   44.91    22.2     5.7    13.9    12.4     0.7     9.97 C    30.3     2.3    12.3    86.0    42.9    60.2   0.162   0.163   0.138   0.127   0.167    11.0    10.9    10.6     9.2     8.4
54854 20190517  2.622  -84.72   44.91    14.3     4.1     9.2     8.4     0.0    25.67 C    32.9     3.0    13.5    91.4    34.7    63.5   0.161   0.162   0.136   0.125   0.165    12.4    11.9    11.1     9.3     8.6
54854 20190518  2.622  -84.72   44.91     9.0     3.3     6.1     6.0     3.1     4.05 C    13.5     2.5     7.4    93.3    68.7    79.3   0.161   0.161   0.135   0.124   0.162     9.5     9.9    10.2     9.5     8.9
54854 20190519  2.622  -84.72   44.91    14.4     4.6     9.5     8.3    12.6     3.33 C    15.5     5.4     9.0    97.5    88.2    95.2   0.197   0.177   0.144   0.123   0.160     9.0     9.1     9.1     8.9     9.0
54854 20190520  2.622  -84.72   44.91     9.9     3.9     6.9     5.9     1.4    12.35 C    20.0     1.7     8.1    96.8    52.7    82.2   0.203   0.185   0.155   0.134   0.159     9.4     9.4     9.3     8.8     8.9
54854 20190521  2.622  -84.72   44.91    18.7     1.1     9.9    11.2     0.0    26.55 C    32.3    -0.2    14.1    90.1    28.6    51.7   0.188   0.177   0.150   0.136   0.159    11.1    10.6     9.8     8.7     8.9
54854 20190522  2.622  -84.72   44.91    18.5     7.8    13.2    12.6     2.0    14.37 C    26.1     6.8    13.0    84.0    40.5    63.6   0.183   0.174   0.147   0.134   0.159    11.4    11.1    10.7     9.4     8.9
54854 20190523  2.622  -84.72   44.91    19.2     8.9    14.1    15.6     0.0    20.05 C    30.9     7.8    17.3    93.8    42.2    68.3   0.178   0.171   0.145   0.132   0.160    14.0    13.3    12.2     9.9     9.2
54854 20190524  2.622  -84.72   44.91    17.2     7.3    12.2    12.2     0.0    15.59 C    30.0     7.0    15.3    96.9    51.7    74.6   0.172   0.168   0.142   0.129   0.160    13.6    13.2    12.5    10.5     9.5
54854 20190525  2.622  -84.72   44.91    26.2    12.3    19.3    18.4    23.1    19.43 C    33.0    10.2    19.3    96.2    32.7    71.0   0.215   0.203   0.163   0.140   0.160    15.5    14.8    13.5    11.1     9.9
54854 20190526  2.622  -84.72   44.91    21.2     7.9    14.6    14.4     0.0    25.62 C    34.9     6.9    17.2    91.1    32.0    62.3   0.192   0.183   0.154   0.142   0.168    15.9    15.4    14.4    11.9    10.3
54854 20190527  2.622  -84.72   44.91    17.4     6.5    12.0    11.2    17.0    12.54 C    27.8     6.6    12.9    94.5    53.3    74.4   0.190   0.178   0.149   0.136   0.172    13.8    13.9    13.8    12.2    10.7
54854 20190528  2.622  -84.72   44.91    14.1     6.2    10.2    10.1    10.3     9.07 C    24.3     7.3    12.5    96.7    78.2    89.9   0.230   0.210   0.173   0.150   0.184    12.5    12.4    12.4    11.8    11.2
54854 20190529  2.622  -84.72   44.91    21.0     6.9    13.9    14.3     0.0    28.19 C    35.4     6.4    17.8    97.9    32.4    67.2   0.194   0.183   0.155   0.142   0.194    15.2    14.5    13.4    11.7    11.4
54854 20190530  2.622  -84.72   44.91    21.3     6.6    13.9    14.8     0.0    24.51 C    32.3     4.4    17.2    89.3    33.3    58.0   0.180   0.174   0.147   0.136   0.186    16.0    15.6    14.7    12.4    11.5
54854 20190531  2.622  -84.72   44.91    25.2     3.1    14.2    14.4     2.8    18.53 C    35.2     3.5    16.6    94.1    29.1    57.2   0.173   0.169   0.143   0.132   0.180    15.1    14.8    14.3    12.7    11.6
54854 20190601  2.622  -84.72   44.91    17.5     7.0    12.2    11.4     0.0    15.75 C    28.4     5.5    14.3    96.7    48.5    73.2   0.176   0.169   0.142   0.129   0.175    15.1    14.9    14.5    12.9    11.8
54854 20190602  2.622  -84.72   44.91    13.1     4.0     8.5     9.1     0.0    30.65 C    30.1     3.5    14.1    95.5    33.7    57.7   0.170   0.166   0.140   0.127   0.171    14.6    14.5    14.1    12.8    12.0
54854 20190603  2.622  -84.72   44.91    14.5     1.2     7.9     8.8     0.0    28.56 C    32.7     0.7    14.7    90.7    34.1    57.6   0.162   0.162   0.136   0.125   0.167    14.4    14.2    13.8    12.7    12.1
54854 20190604  2.622  -84.72   44.91    24.5     8.6    16.5    16.4     0.0    23.11 C    37.2     8.6    19.7    89.3    37.9    54.4   0.155   0.158   0.133   0.123   0.164    16.3    15.7    14.7    12.9    12.0
54854 20190605  2.622  -84.72   44.91    16.2     8.5    12.4    13.4    11.9     5.78 C    20.5     7.9    15.1    97.6    80.3    91.4   0.186   0.175   0.140   0.122   0.162    15.7    15.6    15.2    13.4    12.3
54854 20190606  2.622  -84.72   44.91    23.1     7.2    15.1    15.4     0.0    30.00 C    36.1     6.2    19.2    97.9    34.8    63.8   0.180   0.172   0.142   0.126   0.160    16.9    16.2    15.2    13.4    12.5
54854 20190607  2.622  -84.72   44.91    26.5     9.0    17.8    18.7     0.0    30.11 C    40.4     7.4    21.7    88.4    26.1    47.1   0.164   0.165   0.137   0.124   0.158    18.5    17.7    16.5    14.0    12.6
54854 20190608  2.622  -84.72   44.91    27.0    11.8    19.4    19.5     0.0    29.45 C    42.4     7.7    22.1    66.3    23.9    43.9   0.151   0.161   0.132   0.122   0.157    19.1    18.5    17.4    14.7    13.0
54854 20190609  2.622  -84.72   44.91    23.4    13.4    18.4    17.6    25.5    11.77 C    29.4    10.6    18.7    95.7    48.4    69.6   0.160   0.163   0.130   0.119   0.157    18.0    17.7    17.2    15.1    13.4
54854 20190610  2.622  -84.72   44.91    17.2     7.1    12.2    12.6     9.4    11.20 C    22.5     6.5    14.3    97.7    50.2    85.0   0.224   0.208   0.170   0.140   0.157    16.5    16.6    16.5    15.1    13.6
54854 20190611  2.622  -84.72   44.91    21.2     6.0    13.6    13.9     0.0    30.26 C    33.6     4.9    17.8    90.3    28.4    60.5   0.191   0.185   0.154   0.141   0.165    16.8    16.3    15.7    14.6    13.8
54854 20190612  2.622  -84.72   44.91    17.0    11.3    14.1    13.4    13.7     5.95 C    23.1    12.1    14.8    96.2    57.5    82.0   0.201   0.187   0.153   0.137   0.168    16.1    16.2    16.1    14.8    13.9
54854 20190613  2.622  -84.72   44.91    13.2     8.3    10.7    10.7    14.8     8.80 C    17.2     6.9    12.1    96.5    53.8    84.1   0.230   0.207   0.172   0.150   0.174    14.4    14.7    14.9    14.5    13.9
54854 20190614  2.622  -84.72   44.91    19.3     5.6    12.4    11.5    20.6    13.33 C    28.0     4.7    12.5    94.2    37.2    76.5   0.221   0.202   0.166   0.146   0.193    13.4    13.6    13.8    13.8    14.0
54854 20190615  2.622  -84.72   44.91    18.1     9.4    13.7    13.4    10.1    15.96 C    28.3     8.6    15.7    95.7    42.8    78.0   0.228   0.209   0.173   0.152   0.207    15.1    14.8    14.3    13.6    13.8
54854 20190616  2.622  -84.72   44.91    17.2     6.3    11.8    11.9     0.0    16.58 C    27.3     5.8    13.9    97.4    54.5    73.3   0.195   0.186   0.154   0.140   0.196    14.9    14.8    14.6    13.8    13.8
54854 20190617  2.622  -84.72   44.91    22.8     7.1    14.9    15.5     0.0    28.57 C    36.7     5.7    19.1    97.8    37.1    66.0   0.182   0.178   0.148   0.135   0.186    16.9    16.2    15.3    13.8    13.8
54854 20190618  2.622  -84.72   44.91    24.1    11.2    17.6    17.1     0.0    21.05 C    39.5    10.0    20.5    93.9    41.0    69.7   0.171   0.172   0.143   0.131   0.179    18.5    17.8    16.8    14.6    13.7
54854 20190619  2.622  -84.72   44.91    21.8    12.3    17.0    16.3     0.0    13.84 C    36.3    11.9    19.3    95.7    54.5    81.0   0.167   0.169   0.139   0.128   0.174    18.6    18.2    17.4    15.3    14.0
54854 20190620  2.622  -84.72   44.91    20.2    11.4    15.8    15.3     0.0    20.00 C    33.3    10.4    18.0    94.3    40.4    68.9   0.163   0.166   0.137   0.125   0.169    17.9    17.6    17.1    15.4    14.3
54854 20190621  2.622  -84.72   44.91 -9999.0 -9999.0 -9999.0 -9999.0 -9999.0 -9999.00 U -9999.0 -9999.0 -9999.0 -9999.0 -9999.0 -9999.0 -99.000 -99.000 -99.000 -99.000 -99.000 -9999.0 -9999.0 -9999.0 -9999.0 -9999.0
54854 20190622  2.622  -84.72   44.91    24.1     8.4    16.2    17.2     0.0    29.90 C    40.9     5.3    21.1    86.5    33.4    55.2   0.146   0.156   0.129   0.120   0.163    19.3    18.6    17.7    15.8    14.7
54854 20190623  2.622  -84.72   44.91    25.8    11.1    18.5    19.1     0.0    27.52 C    41.6     7.9    22.9    70.9    31.3    49.1   0.135   0.151   0.124   0.117   0.160    20.2    19.4    18.4    16.2    14.8
54854 20190624  2.622  -84.72   44.91    21.5    13.4    17.4    16.8     6.3     5.49 C    23.6    14.5    18.1    95.8    53.7    86.8   0.141   0.152   0.120   0.115   0.157    18.9    18.8    18.4    16.6    15.1
54854 20190625  2.622  -84.72   44.91    25.6    14.7    20.1    19.1     4.4    24.10 C    34.7    15.2    21.9    95.2    40.7    73.2   0.177   0.166   0.128   0.115   0.155    20.2    19.5    18.5    16.5    15.3
54854 20190626  2.622  -84.72   44.91    25.2    14.0    19.6    19.8     0.0    28.02 C    38.2    13.2    22.9    94.3    36.8    66.2   0.156   0.158   0.126   0.115   0.153    21.1    20.4    19.3    17.0    15.4
54854 20190627  2.622  -84.72   44.91    28.4    14.6    21.5    21.9     0.0    26.64 C    43.2    12.1    24.9    83.3    36.2    59.9   0.140   0.150   0.119   0.113   0.151    21.8    21.0    19.9    17.4    15.7
54854 20190628  2.622  -84.72   44.91    23.0    16.0    19.5    19.7     5.2    10.81 C    31.7    14.9    21.4    96.9    70.4    85.7   0.147   0.150   0.115   0.112   0.150    21.2    20.8    20.1    17.9    16.0
54854 20190629  2.622  -84.72   44.91    26.8    14.3    20.5    20.6     0.0    28.96 C    39.4    13.0    23.9    97.5    34.0    69.2   0.144   0.149   0.114   0.110   0.148    21.9    21.2    20.1    17.9    16.2
54854 20190630  2.622  -84.72   44.91    26.1    12.6    19.3    19.6     0.0    28.09 C    41.7    10.7    24.0    89.2    40.2    65.0   0.128   0.141   0.108   0.108   0.147    21.9    21.3    20.4    18.2    16.4
54854 20190701  2.622  -84.72   44.91    25.6    14.5    20.0    20.0     1.5    16.35 C    41.7    14.3    23.7    96.8    67.0    83.1   0.116   0.135   0.111   0.106   0.145    21.9    21.3    20.5    18.4    16.6
54854 20190702  2.622  -84.72   44.91    23.4    16.9    20.1    19.9     0.3     9.49 C    32.1    15.0    21.8    97.4    72.2    90.2   0.114   0.135   0.110   0.104   0.143    21.5    21.1    20.5    18.5    16.8
54854 20190703  2.622  -84.72   44.91    28.4    14.0    21.2    21.7     0.0    29.26 C    42.9    11.9    25.1    97.7    32.8    64.3   0.108   0.131   0.108   0.104   0.142    22.2    21.5    20.5    18.5    16.9
54854 20190704  2.622  -84.72   44.91    29.3    15.8    22.6    22.9     0.0    26.33 C    45.0    12.5    26.8    86.3    45.7    66.3   0.092   0.122   0.103   0.101   0.141    23.1    22.2    21.1    18.8    17.0
54854 20190705  2.622  -84.72   44.91    28.0    19.6    23.8    23.3     0.0    21.88 C    44.7    18.9    27.5    95.6    61.5    80.2   0.079   0.114   0.099   0.099   0.139    24.1    23.2    22.0    19.3    17.3
54854 20190706  2.622  -84.72   44.91    20.9    14.4    17.6    18.2     0.0    12.06 C    29.7    12.0    20.3    92.3    61.0    77.8   0.071   0.107   0.096   0.096   0.138    21.7    21.6    21.3    19.5    17.5
54854 20190707  2.622  -84.72   44.91    24.2    11.8    18.0    17.6     0.0    25.46 C    43.0     8.9    21.9    85.9    39.6    63.1   0.066   0.102   0.093   0.094   0.137    21.2    20.7    20.2    19.0    17.6
54854 20190708  2.622  -84.72   44.91    23.4     8.8    16.1    16.6     0.0    25.00 C    40.2     6.1    20.5    91.7    42.1    65.3   0.058   0.092   0.088   0.090   0.136    20.6    20.3    19.9    18.7    17.6
54854 20190709  2.622  -84.72   44.91    26.3    11.2    18.8    19.2     0.0    24.88 C    41.0     7.6    22.8    93.2    42.7    65.8   0.054   0.080   0.083   0.087   0.134    20.9    20.4    19.8    18.5    17.5
54854 20190710  2.622  -84.72   44.91    30.7    15.8    23.3    23.2     2.8    22.56 C    47.4    14.2    27.4    92.1    44.7    69.4   0.051   0.069   0.078   0.083   0.132    22.8    21.8    20.6    18.6    17.5
54854 20190711  2.622  -84.72   44.91    19.7    13.9    16.8    15.5     0.0     9.17 C    25.8    15.2    18.4    96.0    76.8    85.9   0.051   0.061   0.073   0.079   0.131    20.3    20.5    20.4    18.9    17.5
54854 20190712  2.622  -84.72   44.91    26.0    10.5    18.3    19.1     0.0    28.25 C    43.7     9.1    24.9    96.1    36.1    62.5   0.050   0.060   0.071   0.077   0.130    21.3    20.5    19.6    18.4    17.6
54854 20190713  2.622  -84.72   44.91    25.4    11.9    18.6    20.1     0.0    27.21 C    46.5     9.2    25.7    84.5    45.0    64.3   0.046   0.055   0.064   0.072   0.129    22.8    21.9    20.8    18.6    17.5
54854 20190714  2.622  -84.72   44.91    26.0    10.5    18.2    18.8     0.0    29.27 C    47.6     7.0    24.5    88.8    29.1    56.2   0.043   0.049   0.057   0.067   0.127    22.1    21.5    20.6    18.8    17.6
54854 20190715  2.622  -84.72   44.91    26.0    12.9    19.5    18.9    13.9    11.44 C    33.5    10.7    19.9    95.7    63.1    82.3   0.074   0.052   0.053   0.062   0.127    20.6    20.4    20.1    18.8    17.7
54854 20190716  2.622  -84.72   44.91    28.0    17.8    22.9    23.1     0.0    20.41 C    40.4    17.1    25.4    94.4    52.1    74.9   0.108   0.068   0.056   0.062   0.126    23.0    22.3    21.0    18.8    17.7
54854 20190717  2.622  -84.72   44.91    27.9    18.1    23.0    22.4     0.0    27.13 C    43.3    17.4    27.4    96.6    41.2    68.4   0.086   0.066   0.056   0.061   0.125    24.0    23.2    21.9    19.3    17.8
54854 20190718  2.622  -84.72   44.91    27.8    17.1    22.4    22.3     0.3    13.68 C    38.2    16.6    24.1    90.3    56.7    73.3   0.069   0.061   0.052   0.059   0.124    22.9    22.5    21.8    19.7    18.0
54854 20190719  2.622  -84.72   44.91    30.3    21.4    25.8    25.1     0.0    20.71 C    47.5    20.4    28.8    95.7    59.7    80.5   0.058   0.056   0.051   0.056   0.124    24.6    23.6    22.2    19.7    18.1
54854 20190720  2.622  -84.72   44.91    24.6    16.8    20.7    21.3     9.6     2.97 C    26.1    16.1    21.6    96.2    68.7    87.2   0.065   0.053   0.048   0.054   0.123    22.5    22.4    22.1    20.1    18.3
54854 20190721  2.622  -84.72   44.91    24.2    13.6    18.9    18.6     0.0    26.18 C    38.7    12.7    22.7    97.7    46.9    75.7   0.096   0.053   0.048   0.053   0.122    22.0    21.7    21.0    19.6    18.5
54854 20190722  2.622  -84.72   44.91    22.4    10.8    16.6    16.7     0.0    26.40 C    40.9     8.8    21.9    88.5    36.5    61.4   0.077   0.053   0.048   0.052   0.121    21.6    21.3    20.9    19.5    18.4
54854 20190723  2.622  -84.72   44.91    21.1     9.8    15.4    15.4     0.0    20.25 C    37.0     8.0    19.0    89.6    42.7    71.2   0.061   0.051   0.047   0.050   0.120    20.1    20.1    20.1    19.2    18.4
54854 20190724  2.622  -84.72   44.91 -9999.0 -9999.0 -9999.0 -9999.0 -9999.0 -9999.00 U -9999.0 -9999.0 -9999.0 -9999.0 -9999.0 -9999.0 -99.000 -99.000 -99.000 -99.000 -99.000 -9999.0 -9999.0 -9999.0 -9999.0 -9999.0
54854 20190725  2.622  -84.72   44.91    27.6    11.5    19.6    19.9     0.0    25.06 C    44.7     9.5    24.3    94.2    42.9    70.4   0.045   0.048   0.043   0.044   0.082    21.2    20.5    19.7    18.5    16.9
54854 20190726  2.622  -84.72   44.91    27.8    15.1    21.5    21.4     0.0    22.28 C    45.9    12.6    25.3    84.8    43.1    64.3   0.041   0.044   0.042   0.040   0.081    22.4    21.6    20.6    18.8    16.8
54854 20190727  2.622  -84.72   44.91    25.2    17.5    21.4    21.1    16.1    14.10 C    34.6    16.8    22.8    96.7    66.6    81.6   0.049   0.067   0.038   0.038   0.080    22.2    21.7    20.9    19.1    16.8
54854 20190728  2.622  -84.72   44.91    28.4    16.1    22.2    22.0     1.4    23.23 C    40.5    14.5    24.8    97.6    47.0    75.8   0.059   0.068   0.041   0.039   0.080    22.7    22.0    21.1    19.2    16.9
54854 20190729  2.622  -84.72   44.91    23.5    16.6    20.0    20.4    12.8    11.69 C    31.5    16.4    21.7    94.9    66.8    84.4   0.088   0.079   0.053   0.040   0.080    22.0    21.8    21.3    19.5    17.0
54854 20190730  2.622  -84.72   44.91    19.7    10.3    15.0    15.8     0.0    21.50 C    34.5     9.0    19.5    96.9    62.8    81.1   0.109   0.096   0.072   0.040   0.079    20.8    20.7    20.6    19.4    17.2
54854 20190731  2.622  -84.72   44.91    23.1     6.1    14.6    15.5     0.0    27.76 C    38.8     4.8    19.9    96.6    39.0    68.3   0.094   0.097   0.078   0.040   0.079    19.7    19.6    19.5    18.9    17.2
54854 20190801  2.622  -84.72   44.91    24.6     9.4    17.0    17.2     0.0    26.55 C    41.2     7.0    21.1    97.5    38.3    68.0   0.078   0.088   0.073   0.040   0.077    20.2    19.9    19.6    18.7    17.1
54854 20190802  2.622  -84.72   44.91    26.3    10.8    18.5    19.0     0.0    25.68 C    44.0     8.0    23.0    93.4    41.1    66.6   0.063   0.076   0.067   0.040   0.076    20.8    20.3    19.8    18.7    17.0
54854 20190803  2.622  -84.72   44.91    27.6    13.3    20.4    20.6     0.0    22.09 C    46.1    11.5    24.9    95.5    51.2    71.1   0.052   0.064   0.061   0.039   0.076    21.8    21.2    20.4    18.8    16.9
54854 20190804  2.622  -84.72   44.91    26.4    12.5    19.4    20.1     0.0    23.72 C    45.8    10.2    25.4    97.2    30.3    70.7   0.045   0.055   0.055   0.040   0.076    22.7    22.0    21.1    19.2    16.9
54854 20190805  2.622  -84.72   44.91    28.1    11.1    19.6    19.0    25.9    18.71 C    46.5     8.2    22.5    95.8    52.2    78.3   0.061   0.066   0.055   0.039   0.075    21.2    21.0    20.7    19.3    17.1
54854 20190806  2.622  -84.72   44.91    25.0    14.0    19.5    19.3     0.0    22.39 C    38.0    12.4    22.9    97.3    51.7    80.1   0.121   0.126   0.094   0.039   0.075    21.8    21.3    20.7    19.2    17.1
54854 20190807  2.622  -84.72   44.91    26.9    12.7    19.8    20.0     0.0    21.75 C    40.9    10.9    22.6    97.8    43.6    72.7   0.104   0.115   0.092   0.040   0.075    21.1    20.8    20.4    19.3    17.2
54854 20190808  2.622  -84.72   44.91    22.2    11.8    17.0    17.9     5.5    20.11 C    35.7    11.1    21.1    95.0    48.0    74.5   0.111   0.111   0.088   0.041   0.074    21.4    21.2    20.8    19.4    17.3
54854 20190809  2.622  -84.72   44.91    21.8    11.3    16.6    16.3     0.0    22.31 C    36.7     9.7    19.4    96.4    42.4    72.1   0.102   0.107   0.087   0.044   0.073    19.7    19.7    19.8    19.1    17.3
54854 20190810  2.622  -84.72   44.91    22.6     9.4    16.0    16.2     0.0    21.65 C    39.0     7.8    19.1    97.0    45.3    71.1   0.089   0.099   0.082   0.046   0.073    19.2    19.2    19.2    18.7    17.3
54854 20190811  2.622  -84.72   44.91    26.1    11.4    18.7    18.9     0.0    21.80 C    43.3     9.0    22.6    90.0    42.2    67.5   0.077   0.089   0.077   0.047   0.071    20.1    19.7    19.3    18.5    17.1
54854 20190812  2.622  -84.72   44.91    26.1    15.1    20.6    20.6     0.0    20.14 C    42.4    13.6    24.4    94.1    49.6    68.7   0.066   0.080   0.071   0.048   0.070    21.8    21.2    20.4    18.8    17.0
54854 20190813  2.622  -84.72   44.91    21.5    13.8    17.7    17.4     0.0    13.61 C    38.1    10.9    19.9    83.6    56.1    63.6   0.058   0.073   0.066   0.049   0.070    20.3    20.2    20.1    19.1    17.1
54854 20190814  2.622  -84.72   44.91    23.3    14.5    18.9    17.8     0.0    15.83 C    43.6    14.3    21.9    81.0    45.8    67.5   0.053   0.067   0.061   0.048   0.070    20.4    20.1    19.7    18.8    17.1
54854 20190815  2.622  -84.72   44.91    16.6    10.2    13.4    14.0     7.1     6.07 C    22.2     8.6    15.7    97.7    63.9    89.2   0.055   0.064   0.058   0.049   0.069    18.4    18.8    19.1    18.7    17.1
54854 20190816  2.622  -84.72   44.91    23.3     8.9    16.1    16.3     0.5    17.47 C    35.7     7.4    17.8    98.0    41.4    78.3   0.076   0.064   0.056   0.048   0.069    17.7    17.7    17.8    17.9    16.9
54854 20190817  2.622  -84.72   44.91    24.0    15.3    19.7    18.9     2.9    19.75 C    34.8    14.6    21.7    96.2    52.2    80.7   0.093   0.066   0.056   0.048   0.069    20.2    19.7    19.0    17.9    16.8
54854 20190818  2.622  -84.72   44.91    24.4    15.4    19.9    19.8     0.5    14.39 C    31.8    12.6    20.4    92.8    63.2    79.1   0.085   0.067   0.055   0.048   0.070    19.9    19.7    19.4    18.3    16.7
54854 20190819  2.622  -84.72   44.91    24.4    11.4    17.9    18.0     0.0    25.00 C    39.4     8.9    21.3    96.7    32.2    66.3   0.075   0.066   0.055   0.048   0.069    20.2    19.9    19.4    18.3    16.7
54854 20190820  2.622  -84.72   44.91    26.8    10.8    18.8    18.9     0.0    22.28 C    40.5     7.7    21.3    95.5    39.0    69.5   0.064   0.063   0.055   0.046   0.067    19.9    19.6    19.3    18.3    16.8
54854 20190821  2.622  -84.72   44.91    23.6    11.8    17.7    17.8     0.0    16.43 C    41.5     8.7    20.9    97.4    48.0    76.5   0.056   0.061   0.052   0.046   0.066    20.2    19.9    19.6    18.4    16.7
54854 20190822  2.622  -84.72   44.91    19.7     6.8    13.2    13.6     0.0    23.57 C    41.4     4.1    18.0    96.8    40.1    68.2   0.050   0.058   0.049   0.045   0.065    18.8    18.8    18.9    18.3    16.8
54854 20190823  2.622  -84.72   44.91    20.1     7.3    13.7    13.8     0.0    17.11 C    37.6     4.2    16.5    97.6    43.9    71.8   0.045   0.054   0.048   0.043   0.065    17.8    17.9    18.1    17.9    16.7
54854 20190824  2.622  -84.72   44.91    23.6     8.0    15.8    15.6     0.0    24.36 C    42.3     3.9    19.4    97.8    33.6    66.3   0.042   0.052   0.046   0.042   0.063    18.0    17.8    17.8    17.5    16.6
54854 20190825  2.622  -84.72   44.91    25.0    10.1    17.5    16.7     0.0    21.28 C    43.8     5.9    20.2    94.9    41.1    70.8   0.039   0.048   0.044   0.040   0.062    18.7    18.4    18.1    17.5    16.5
54854 20190826  2.622  -84.72   44.91    24.0    13.0    18.5    17.7     1.8    15.30 C    40.1    11.2    20.6    95.1    45.7    76.2   0.037   0.047   0.042   0.039   0.062    19.2    18.9    18.5    17.6    16.4
54854 20190827  2.622  -84.72   44.91    23.9    12.6    18.3    18.8     5.1    17.11 C    35.2    13.0    21.4    95.3    42.3    76.4   0.039   0.047   0.042   0.040   0.061    20.2    19.8    19.1    17.8    16.3
54854 20190828  2.622  -84.72   44.91    17.0    10.4    13.7    13.6     0.2     8.55 C    24.4    10.2    14.8    93.1    61.1    79.7   0.041   0.047   0.041   0.039   0.062    17.1    17.6    18.1    17.8    16.4
54854 20190829  2.622  -84.72   44.91    21.9    10.3    16.1    16.0     0.4    16.18 C    32.3     8.6    17.1    94.8    46.5    76.4   0.043   0.047   0.040   0.040   0.061    17.2    17.2    17.3    17.2    16.3
54854 20190830  2.622  -84.72   44.91    19.6     6.9    13.2    13.8     0.0    22.57 C    35.6     5.2    16.6    90.8    36.3    64.8   0.043   0.047   0.040   0.039   0.061    17.2    17.3    17.3    17.0    16.2
54854 20190831  2.622  -84.72   44.91    20.8     6.7    13.7    13.8     0.0    15.43 C    35.8     3.8    15.5    96.5    36.9    69.3   0.040   0.045   0.039   0.039   0.061    16.1    16.3    16.7    16.8    16.2
54854 20190901  2.622  -84.72   44.91    22.8     9.5    16.2    15.8     0.0    20.99 C    40.5     5.1    18.8    94.2    36.3    66.4   0.038   0.045   0.039   0.037   0.060    17.3    17.1    16.8    16.5    16.0
54854 20190902  2.622  -84.72   44.91    20.6    10.9    15.8    15.9     0.0    11.85 C    36.8     7.5    18.3    92.1    46.5    78.3   0.037   0.045   0.038   0.037   0.058    17.8    17.6    17.4    16.7    15.9
54854 20190903  2.622  -84.72   44.91    22.5    10.1    16.3    15.8    24.4     4.82 C    27.3     7.0    15.5    96.5    69.2    86.1   0.086   0.066   0.051   0.036   0.058    16.2    16.4    16.7    16.6    15.8
54854 20190904  2.622  -84.72   44.91    17.7     6.2    11.9    12.9     0.0    19.98 C    30.4     4.8    16.1    96.9    41.3    71.0   0.115   0.107   0.078   0.036   0.058    16.8    16.8    16.7    16.4    15.8
54854 20190905  2.622  -84.72   44.91    20.6     5.1    12.9    12.8     0.0    18.58 C    33.4     3.7    15.2    98.0    39.3    73.3   0.103   0.106   0.084   0.037   0.059    15.4    15.6    15.9    16.1    15.6
54854 20190906  2.622  -84.72   44.91    16.4    11.3    13.8    13.9     1.2     3.91 C    20.4    11.1    15.3    95.3    81.7    91.0   0.098   0.103   0.081   0.037   0.059    15.8    16.0    16.1    16.0    15.5
54854 20190907  2.622  -84.72   44.91    19.1     8.3    13.7    13.3     0.0    14.14 C    30.5     6.7    15.7    97.7    53.7    83.1   0.099   0.100   0.081   0.039   0.059    16.2    16.2    16.1    15.9    15.4
54854 20190908  2.622  -84.72   44.91    15.7     6.5    11.1    11.1     0.0    11.61 C    28.2     4.1    13.0    95.9    52.1    76.8   0.094   0.098   0.080   0.039   0.059    14.9    15.2    15.6    15.8    15.3
54854 20190909  2.622  -84.72   44.91    19.9     4.2    12.1    12.2     0.0    19.46 C    33.7     2.2    15.1    97.6    45.5    73.1   0.088   0.095   0.077   0.039   0.060    14.6    14.7    14.9    15.3    15.2
54854 20190910  2.622  -84.72   44.91    25.0    12.8    18.9    18.8     2.4     9.53 C    31.3    13.3    19.2    95.8    68.9    85.3   0.087   0.093   0.075   0.040   0.060    17.1    16.6    16.1    15.4    15.1
54854 20190911  2.622  -84.72   44.91    22.0    12.5    17.2    17.0    16.2     7.07 C    31.7    13.8    18.8    97.0    67.7    91.6   0.106   0.098   0.076   0.041   0.060    18.1    17.9    17.4    16.1    15.1
54854 20190912  2.622  -84.72   44.91    13.6    10.2    11.9    12.0     0.0     4.49 C    18.1    11.6    13.7    96.8    80.3    88.5   0.140   0.137   0.106   0.043   0.060    15.7    16.0    16.4    16.2    15.2
54854 20190913  2.622  -84.72   44.91    24.3    12.8    18.5    16.3     4.3     6.36 C    28.2    12.8    16.5    95.4    54.1    80.5   0.140   0.136   0.108   0.045   0.060    15.9    15.9    15.8    15.8    15.2
54854 20190914  2.622  -84.72   44.91    19.0     9.9    14.5    13.9     0.0    19.80 C    29.0     8.7    16.1    90.9    36.6    69.6   0.131   0.133   0.109   0.051   0.061    16.2    16.3    16.2    15.8    15.2
54854 20190915  2.622  -84.72   44.91    15.6    11.0    13.3    13.5     8.8     4.32 C    20.9    12.0    15.1    97.2    86.4    93.5   0.144   0.142   0.114   0.057   0.061    15.5    15.6    15.8    15.8    15.1
54854 20190916  2.622  -84.72   44.91    23.5    14.3    18.9    17.5     0.2    11.58 C    32.0    13.1    19.0    97.5    53.9    87.3   0.139   0.141   0.116   0.064   0.061    17.3    16.9    16.4    15.7    15.1
54854 20190917  2.622  -84.72   44.91    25.1    13.1    19.1    17.6     0.0    16.74 C    34.1    13.5    19.8    97.6    47.1    80.6   0.132   0.137   0.114   0.071   0.061    18.3    17.9    17.3    16.2    15.1
54854 20190918  2.622  -84.72   44.91    25.6    13.7    19.6    19.0     0.0    18.30 C    33.1    12.8    19.9    95.2    39.7    69.4   0.124   0.132   0.111   0.076   0.061    18.2    18.0    17.6    16.6    15.2
54854 20190919  2.622  -84.72   44.91    27.1    14.3    20.7    19.8     0.0    14.88 C    35.3    12.5    20.2    79.1    41.5    61.0   0.117   0.127   0.108   0.079   0.061    18.2    18.0    17.7    16.7    15.3
54854 20190920  2.622  -84.72   44.91    25.6    15.1    20.3    19.3     0.0     8.97 C    34.6    12.7    20.0    97.2    59.2    77.9   0.112   0.123   0.105   0.080   0.061    18.8    18.5    18.2    17.0    15.5
54854 20190921  2.622  -84.72   44.91    29.1    15.4    22.2    21.2     2.1    14.99 C    37.3    12.2    21.9    97.2    51.9    82.1   0.109   0.120   0.104   0.081   0.060    19.2    18.8    18.2    17.1    15.7
54854 20190922  2.622  -84.72   44.91    20.4    15.9    18.1    19.2    51.2     0.65 C    20.9    16.6    19.4    96.2    93.1    94.8   0.177   0.179   0.147   0.100   0.060    19.4    19.2    18.9    17.6    15.8
54854 20190923  2.622  -84.72   44.91    15.9    10.5    13.2    13.5     8.8     6.15 C    24.1     9.1    14.9    97.6    78.7    93.1   0.183   0.191   0.157   0.139   0.061    17.4    17.7    18.0    17.6    16.0
54854 20190924  2.622  -84.72   44.91    22.0     8.4    15.2    15.4     0.0    16.51 C    29.6     7.0    16.6    98.2    40.9    77.7   0.169   0.181   0.147   0.139   0.061    16.6    16.6    16.8    16.9    16.2
54854 20190925  2.622  -84.72   44.91    21.4    12.8    17.1    16.5     4.4     7.82 C    28.2    12.2    16.6    94.2    54.5    79.1   0.170   0.179   0.145   0.136   0.062    17.0    17.1    17.1    16.8    16.0
54854 20190926  2.622  -84.72   44.91    14.6     7.3    11.0    10.9     7.1    12.72 C    24.1     6.2    12.3    96.8    47.5    74.9   0.175   0.183   0.149   0.138   0.065    15.1    15.5    16.1    16.5    16.0
54854 20190927  2.622  -84.72   44.91    16.0     9.0    12.5    12.4     3.0     2.67 C    16.8     8.9    12.6    96.0    68.9    81.7   0.170   0.179   0.145   0.137   0.070    13.9    14.3    14.9    15.8    15.8
54854 20190928  2.622  -84.72   44.91    15.1     6.1    10.6    11.1     0.0     9.54 C    24.4     4.5    12.7    96.1    57.0    79.4   0.167   0.177   0.143   0.136   0.076    14.6    14.8    15.1    15.4    15.5
54854 20190929  2.622  -84.72   44.91    13.0     6.0     9.5     9.7     0.3     4.42 C    16.9     5.3    10.6    94.2    56.8    81.8   0.163   0.174   0.140   0.134   0.096    12.7    13.2    13.9    15.0    15.2
54854 20190930  2.622  -84.72   44.91    21.7    10.9    16.3    15.5     0.0     4.40 C    20.7    11.0    15.5    94.9    81.0    87.7   0.161   0.172   0.139   0.132   0.106    14.3    14.2    14.2    14.6    14.9
54854 20191001  2.622  -84.72   44.91    23.5    10.4    16.9    18.3     6.0     2.09 C    21.6    12.2    17.7    97.1    74.0    90.1   0.166   0.173   0.139   0.131   0.109    16.4    16.2    15.7    14.9    14.7
54854 20191002  2.622  -84.72   44.91    10.4     6.9     8.6     8.9     3.8     3.87 C    16.4     8.1    11.0    97.2    73.6    88.4   0.176   0.181   0.147   0.136   0.111    14.1    14.5    15.0    15.2    14.8
54854 20191003  2.622  -84.72   44.91    12.4     6.0     9.2     9.0     5.0     3.53 C    16.5     7.0    10.5    96.4    87.3    92.7   0.176   0.180   0.147   0.137   0.116    12.7    13.1    13.7    14.6    14.7
54854 20191004  2.622  -84.72   44.91    11.2     2.2     6.7     6.4     1.0    11.90 C    23.6     1.8     9.3    95.5    55.8    81.5   0.173   0.179   0.146   0.138   0.121    12.2    12.7    13.3    14.1    14.5
54854 20191005  2.622  -84.72   44.91    11.1     1.0     6.0     6.9     1.3     6.68 C    15.2     0.3     7.8    97.5    66.6    84.5   0.167   0.176   0.142   0.135   0.125    10.6    11.2    12.0    13.5    14.2
54854 20191006  2.622  -84.72   44.91    16.7     9.6    13.1    12.0     0.5    11.96 C    23.2     7.6    12.3    95.9    38.6    70.8   0.169   0.175   0.141   0.134   0.126    12.4    12.4    12.5    13.1    13.9
54854 20191007  2.622  -84.72   44.91    15.1     4.3     9.7     9.6     0.0    14.19 C    23.9     1.8     9.7    93.0    42.0    72.2   0.162   0.171   0.138   0.132   0.127    11.6    12.0    12.5    13.1    13.6
54854 20191008  2.622  -84.72   44.91    17.3     4.2    10.8    10.1     0.0    15.29 C    24.3     1.2     9.5    90.5    37.7    67.9   0.160   0.170   0.137   0.130   0.126    10.9    11.2    11.8    12.8    13.5
54854 20191009  2.622  -84.72   44.91    19.2     6.1    12.7    11.7     0.0    14.85 C    25.4     3.4    11.5    94.4    45.8    75.2   0.159   0.167   0.135   0.128   0.126    11.5    11.7    11.9    12.6    13.3
54854 20191010  2.622  -84.72   44.91    19.5     7.0    13.2    12.3     0.0    14.30 C    25.4     5.4    12.3    94.9    39.1    73.3   0.157   0.167   0.135   0.127   0.124    12.0    12.1    12.2    12.6    13.1
54854 20191011  2.622  -84.72   44.91    18.5     3.9    11.2    12.4    17.1     3.62 C    20.1     5.9    12.5    95.6    68.3    84.9   0.172   0.172   0.138   0.126   0.124    12.5    12.6    12.7    12.7    13.0
54854 20191012  2.622  -84.72   44.91     7.7     1.5     4.6     3.8     1.5     7.84 C    15.1     3.2     6.0    93.9    43.9    72.6   0.187   0.188   0.157   0.139   0.124    10.0    10.7    11.6    12.6    13.0
54854 20191013  2.622  -84.72   44.91     4.2     0.5     2.4     2.1     5.6     2.53 C     9.9     0.4     3.8    95.7    77.6    92.5   0.190   0.187   0.153   0.141   0.128     8.1     8.9    10.0    11.8    12.8
54854 20191014  2.622  -84.72   44.91     7.6     0.4     4.0     2.7     4.1     8.53 C    15.6     0.0     3.9    97.1    56.1    83.9   0.190   0.187   0.154   0.142   0.132     7.4     8.0     8.9    10.9    12.4
54854 20191015  2.622  -84.72   44.91     7.5    -0.7     3.4     3.8     5.7     3.00 C     7.8    -2.1     3.9    96.7    75.0    89.1   0.187   0.184   0.150   0.140   0.135     6.6     7.2     8.2    10.3    12.0
54854 20191016  2.622  -84.72   44.91     7.6     3.9     5.7     5.4     6.3     1.58 C     8.4     3.0     5.9    96.9    72.9    90.0   0.197   0.190   0.157   0.143   0.138     7.6     8.0     8.5     9.9    11.6
54854 20191017  2.622  -84.72   44.91     7.8    -1.2     3.3     4.1     0.0     7.70 C    15.1    -1.8     5.3    97.6    61.0    77.1   0.185   0.184   0.151   0.142   0.142     7.4     7.8     8.4     9.7    11.2
54854 20191018  2.622  -84.72   44.91    11.1    -1.5     4.8     4.2     0.0    12.06 C    18.9    -3.0     5.1    98.3    47.3    78.4   0.178   0.179   0.145   0.138   0.143     7.0     7.4     8.1     9.5    11.0
54854 20191019  2.622  -84.72   44.91    14.6     2.2     8.4     7.8     0.0     8.60 C    20.1     0.7     7.0    91.9    47.7    71.8   0.174   0.176   0.142   0.136   0.141     7.4     7.7     8.1     9.3    10.7
54854 20191020  2.622  -84.72   44.91    17.1     7.0    12.0    10.3     0.3    12.03 C    23.0     3.0    10.5    97.7    38.4    77.1   0.172   0.174   0.140   0.134   0.138     9.4     9.3     9.2     9.5    10.6
54854 20191021  2.622  -84.72   44.91    12.7     7.2     9.9     9.9     9.3     1.46 C    12.0     7.0     9.7    98.0    77.3    92.0   0.180   0.176   0.141   0.132   0.135     9.4     9.5     9.6     9.8    10.4
54854 20191022  2.622  -84.72   44.91    11.6     4.2     7.9     6.8     0.8     2.70 C    10.8     4.2     6.7    91.0    79.0    85.3   0.191   0.184   0.150   0.138   0.134     8.8     9.1     9.5    10.0    10.6
54854 20191023  2.622  -84.72   44.91     6.2     3.3     4.7     4.7     0.6     2.05 C     8.3     1.0     5.0    93.3    64.4    79.5   0.183   0.179   0.145   0.138   0.134     7.5     8.0     8.7     9.7    10.5
54854 20191024  2.622  -84.72   44.91     7.5    -0.8     3.4     3.6     1.1     6.20 C    15.9    -2.3     4.3    96.9    57.8    83.9   0.184   0.179   0.145   0.137   0.134     7.1     7.5     8.1     9.3    10.4
54854 20191025  2.622  -84.72   44.91     6.0    -2.3     1.8     1.8     0.0     4.84 C    12.1    -4.1     2.0    95.5    50.1    76.6   0.179   0.176   0.142   0.135   0.133     5.7     6.4     7.3     8.9    10.2
54854 20191026  2.622  -84.72   44.91     9.8    -3.5     3.2     2.9    11.9     9.85 C    17.0    -5.1     3.2    96.3    33.6    75.4   0.179   0.175   0.140   0.133   0.133     5.0     5.5     6.3     8.3     9.9
54854 20191027  2.622  -84.72   44.91     9.5     2.9     6.2     6.6    15.4     2.92 C    11.8     0.3     6.0    97.0    68.5    87.7   0.218   0.204   0.173   0.148   0.138     6.7     6.9     7.2     8.1     9.6
54854 20191028  2.622  -84.72   44.91     9.1     2.3     5.7     5.7     0.4     1.63 C    10.6    -0.6     4.9    98.1    73.6    87.8   0.189   0.185   0.151   0.143   0.151     5.9     6.3     6.8     8.0     9.4
54854 20191029  2.622  -84.72   44.91     5.2     1.3     3.3     3.0     3.4     3.11 C    10.7     2.2     4.9    98.1    82.1    92.2   0.192   0.185   0.149   0.140   0.147     6.6     6.9     7.2     8.1     9.2
54854 20191030  2.622  -84.72   44.91     5.3    -1.0     2.2     1.8     3.4     3.74 C    11.9    -0.9     3.2    98.1    61.7    87.3   0.184   0.180   0.145   0.138   0.144     5.7     6.1     6.8     7.9     9.1
54854 20191031  2.622  -84.72   44.91     1.1    -1.4    -0.2    -0.2    13.5     1.89 C     2.0    -2.0    -0.1    97.2    81.0    94.2   0.200   0.188   0.151   0.139   0.142     4.2     4.8     5.9     7.6     9.0
54854 20191101  2.622  -84.72   44.91     0.8    -1.9    -0.6    -0.5     1.4     4.93 C     0.3    -2.9    -1.5    94.8    74.8    82.3   0.194   0.186   0.150   0.142   0.141     3.7     4.2     5.1     7.0     8.8
54854 20191102  2.622  -84.72   44.91     2.5    -1.2     0.7     0.4     8.2     4.68 C     1.0    -2.4    -0.5    97.5    61.7    89.1   0.194   0.186   0.149   0.141   0.142     3.5     4.0     4.7     6.5     8.4
54854 20191103  2.622  -84.72   44.91     0.7    -2.0    -0.6    -0.8     4.1     2.99 C     0.3   -11.8    -2.9    95.6    61.6    82.2   0.194   0.185   0.149   0.141   0.141     3.2     3.7     4.5     6.2     8.2
54854 20191104  2.622  -84.72   44.91     5.0     0.7     2.8     2.2    10.6     3.28 C     2.0    -0.5     0.5    96.3    78.7    92.0   0.209   0.197   0.163   0.146   0.142     3.1     3.5     4.3     5.9     7.9
54854 20191105  2.622  -84.72   44.91     0.7    -4.5    -1.9    -1.7     7.8     2.01 C     0.6   -10.9    -3.0    96.4    67.6    85.8   0.202   0.194   0.162   0.149   0.152     2.7     3.2     3.9     5.6     7.6
54854 20191106  2.622  -84.72   44.91    -2.4    -8.0    -5.2    -4.1     2.2     3.03 C    -2.7   -16.4    -6.6    95.5    70.5    82.8   0.191   0.187   0.151   0.143   0.150     2.7     3.1     3.8     5.4     7.3
54854 20191107  2.622  -84.72   44.91    -1.9    -9.6    -5.8    -5.3     3.4     6.37 C    -0.3   -21.9    -8.6    93.7    67.1    86.3   0.188   0.183   0.147   0.140   0.146     2.6     3.1     3.7     5.2     7.1
54854 20191108  2.622  -84.72   44.91    -3.3   -12.1    -7.7    -7.0     0.2     3.22 C    -2.1   -21.9   -11.3    93.2    65.2    83.8   0.187   0.179   0.145   0.138   0.142     2.5     2.9     3.5     5.1     6.9
54854 20191109  2.622  -84.72   44.91     1.1    -5.9    -2.4    -2.1     0.0     1.94 C    -0.1    -8.4    -3.5    86.6    74.0    82.4   0.185   0.176   0.143   0.137   0.139     2.4     2.8     3.4     4.9     6.8
54854 20191110  2.622  -84.72   44.91     0.9    -6.7    -2.9    -1.4     0.8     2.46 C    -0.1   -10.2    -2.7    94.9    53.5    76.8   0.187   0.177   0.143   0.136   0.137     2.3     2.8     3.4     4.8     6.6
54854 20191111  2.622  -84.72   44.91    -6.7   -14.2   -10.5    -8.4     0.0     3.08 C    -5.1   -22.5   -11.2    86.3    57.3    72.1   0.184   0.177   0.142   0.136   0.134     2.0     2.4     3.2     4.7     6.4
54854 20191112  2.622  -84.72   44.91    -7.9   -15.8   -11.8   -10.9     3.3     5.92 C    -6.2   -23.4   -12.4    90.0    56.2    82.7   0.183   0.176   0.140   0.134   0.134     1.2     1.7     2.5     4.4     6.3
54854 20191113  2.622  -84.72   44.91    -8.4   -11.7   -10.0    -9.9     7.1     2.22 C    -8.3   -18.7   -11.0    87.4    69.1    82.9   0.179   0.175   0.141   0.133   0.132     1.3     1.8     2.4     4.1     6.1
54854 20191114  2.622  -84.72   44.91    -3.3    -8.8    -6.1    -5.6     0.5     0.84 C    -4.2    -9.1    -6.1    93.6    73.1    85.0   0.179   0.174   0.139   0.133   0.131     1.7     2.1     2.6     4.1     5.9
54854 20191115  2.622  -84.72   44.91     0.2   -11.0    -5.4    -3.1     0.0     3.93 C    -0.7   -21.8    -6.0    88.0    55.3    73.0   0.181   0.176   0.140   0.132   0.130     1.8     2.2     2.7     4.0     5.8
54854 20191116  2.622  -84.72   44.91    -0.5   -13.9    -7.2    -6.2     0.0     8.28 C    -1.7   -24.2   -12.9    90.6    41.9    66.1   0.181   0.177   0.141   0.132   0.129     1.8     2.2     2.7     4.0     5.7
54854 20191117  2.622  -84.72   44.91     1.2    -7.2    -3.0    -2.6     0.0     4.20 C    -1.3   -12.6    -5.0    95.1    57.5    73.7   0.180   0.176   0.140   0.132   0.127     1.8     2.2     2.7     4.0     5.6
54854 20191118  2.622  -84.72   44.91     4.9    -1.2     1.9     1.0     0.0     5.92 C     1.0    -4.0    -0.9    88.3    58.4    75.1   0.187   0.177   0.141   0.132   0.127     1.8     2.2     2.7     3.9     5.5
54854 20191119  2.622  -84.72   44.91     2.2     0.1     1.2     0.9     0.0     1.47 C     0.2    -0.5    -0.1    97.5    73.8    87.2   0.191   0.181   0.142   0.135   0.126     1.8     2.1     2.6     3.9     5.4
54854 20191120  2.622  -84.72   44.91     3.5    -1.2     1.1     0.9     0.0     4.05 C     0.4    -4.2    -0.7    96.3    69.3    87.8   0.191   0.181   0.144   0.136   0.126     1.8     2.1     2.6     3.8     5.3
54854 20191121  2.622  -84.72   44.91     6.0    -0.7     2.7     2.7    14.6     0.45 C     3.7    -0.9     0.8    96.8    85.8    92.6   0.219   0.199   0.164   0.146   0.128     2.0     2.2     2.6     3.8     5.3
54854 20191122  2.622  -84.72   44.91    -0.7    -6.1    -3.4    -3.5     1.6     2.57 C    -0.7   -12.1    -5.0    93.8    70.5    81.2   0.201   0.193   0.161   0.150   0.147     1.6     1.9     2.5     3.7     5.1
54854 20191123  2.622  -84.72   44.91     4.7    -5.7    -0.5    -1.4     0.0     7.79 C     1.1    -9.3    -4.4    94.0    39.2    76.5   0.197   0.185   0.149   0.143   0.150     1.0     1.5     2.1     3.5     5.0
54854 20191124  2.622  -84.72   44.91     5.3    -4.1     0.6     0.5     0.0     7.60 C     7.3    -7.4    -1.6    96.7    66.4    84.8   0.206   0.182   0.147   0.140   0.146     0.9     1.3     1.9     3.3     4.9
54854 20191125  2.622  -84.72   44.91     6.1    -1.9     2.1     2.5     1.6     4.85 C     9.3    -4.5     1.5    98.1    72.5    90.6   0.205   0.182   0.146   0.139   0.142     1.3     1.5     1.9     3.2     4.7
54854 20191126  2.622  -84.72   44.91     4.6    -0.8     1.9     2.3     0.0     2.45 C     7.0    -3.4     1.4    96.4    66.3    84.5   0.191   0.183   0.147   0.139   0.140     1.9     2.1     2.4     3.3     4.6
54854 20191127  2.622  -84.72   44.91     8.6    -2.3     3.1     3.5    30.0     1.72 C    10.5    -1.7     3.5    95.9    78.7    92.8   0.228   0.207   0.173   0.150   0.144     3.2     3.1     3.1     3.5     4.6
54854 20191128  2.622  -84.72   44.91    -2.3    -4.5    -3.4    -3.4     0.2     3.79 C     3.5    -5.0    -1.9    91.5    77.8    83.0   0.202   0.193   0.159   0.149   0.155     1.9     2.3     2.9     3.7     4.6
54854 20191129  2.622  -84.72   44.91    -1.8    -4.2    -3.0    -3.1     0.0     1.35 C     1.2    -2.5    -1.5    88.9    79.0    84.6   0.200   0.184   0.148   0.142   0.150     0.9     1.4     2.1     3.4     4.6
54854 20191130  2.622  -84.72   44.91    -1.8    -3.8    -2.8    -3.1     0.0     1.84 C     0.1    -2.5    -1.6    88.2    73.8    83.0   0.202   0.180   0.144   0.139   0.145     0.6     1.0     1.7     3.1     4.5
54854 20191201  2.622  -84.72   44.91    -1.7    -4.6    -3.1    -2.9    22.5     1.42 C    -0.2    -4.9    -2.8    94.1    73.1    89.1   0.205   0.181   0.144   0.137   0.141     0.5     0.9     1.4     2.9     4.3
54854 20191202  2.622  -84.72   44.91    -1.8    -9.7    -5.7    -5.5     0.6     9.50 C    -4.7   -21.2   -10.7    95.2    74.3    86.6   0.204   0.180   0.144   0.138   0.137     0.7     1.0     1.5     2.8     4.2
54854 20191203  2.622  -84.72   44.91    -0.8    -9.4    -5.1    -3.9     0.0     1.43 C    -1.1   -21.4    -5.6    96.3    83.5    91.3   0.202   0.179   0.142   0.136   0.135     0.8     1.1     1.5     2.7     4.1
54854 20191204  2.622  -84.72   44.91    -1.0    -3.4    -2.2    -1.9     4.1     1.08 C    -1.4    -6.1    -2.6    94.5    80.7    89.4   0.198   0.178   0.141   0.135   0.134     0.9     1.2     1.6     2.7     4.0
54854 20191205  2.622  -84.72   44.91    -2.2    -4.4    -3.3    -3.3     2.3     2.03 C    -3.0    -7.8    -4.4    93.8    70.4    80.1   0.186   0.178   0.141   0.135   0.132     1.1     1.3     1.7     2.8     3.9
54854 20191206  2.622  -84.72   44.91    -3.0    -6.8    -4.9    -4.5     3.3     1.58 C    -3.2   -10.5    -5.6    95.3    63.0    81.5   0.187   0.178   0.141   0.135   0.131     1.2     1.4     1.8     2.8     3.9
54854 20191207  2.622  -84.72   44.91    -1.4    -7.8    -4.6    -4.4     0.0     3.30 C    -2.5   -15.0    -6.2    90.9    74.0    80.7   0.187   0.178   0.142   0.135   0.130     1.2     1.5     1.8     2.8     3.9
54854 20191208  2.622  -84.72   44.91     2.5    -2.6    -0.1     0.5     0.0     1.87 C     0.1    -5.4    -1.9    87.3    60.1    77.5   0.186   0.177   0.143   0.134   0.129     1.3     1.5     1.9     2.8     3.9
54854 20191209  2.622  -84.72   44.91     3.6    -4.9    -0.6     1.1    16.0     0.35 C     0.3    -4.7    -0.3    98.3    86.6    95.4   0.196   0.186   0.150   0.140   0.130     1.2     1.4     1.8     2.8     3.9
54854 20191210  2.622  -84.72   44.91    -4.9   -10.8    -7.9    -8.7     2.5     3.53 C    -3.7   -13.8    -9.4    90.8    69.1    79.9   0.199   0.190   0.155   0.149   0.141     1.1     1.3     1.7     2.6     3.8
54854 20191211  2.622  -84.72   44.91   -10.8   -14.1   -12.4   -13.0     2.7     3.60 C   -11.6   -19.4   -14.4    84.5    67.0    77.9   0.193   0.185   0.149   0.144   0.146     1.1     1.3     1.7     2.6     3.7
54854 20191212  2.622  -84.72   44.91    -0.5   -14.0    -7.3    -7.7     2.6     2.17 C    -1.0   -20.6    -9.2    93.0    69.9    83.4   0.189   0.182   0.146   0.141   0.145     1.0     1.2     1.7     2.6     3.7
54854 20191213  2.622  -84.72   44.91     2.1    -0.6     0.8     0.8     0.0     1.56 C     0.1    -1.2    -0.5    90.3    73.4    79.1   0.188   0.180   0.143   0.139   0.142     1.1     1.3     1.7     2.6     3.7
54854 20191214  2.622  -84.72   44.91     0.3    -4.2    -2.0    -1.5     0.4     0.71 C    -0.7    -5.0    -2.0    97.2    79.5    88.8   0.189   0.180   0.142   0.137   0.139     1.1     1.3     1.7     2.6     3.6
54854 20191215  2.622  -84.72   44.91    -4.2   -10.9    -7.6    -7.0     0.8     3.18 C    -4.8   -20.8    -8.9    86.8    63.2    76.1   0.188   0.179   0.142   0.137   0.136     1.1     1.3     1.7     2.6     3.6
54854 20191216  2.622  -84.72   44.91    -3.7    -9.9    -6.8    -6.4     0.0     3.34 C    -5.0   -16.4    -8.6    88.9    53.2    75.9   0.187   0.178   0.143   0.137   0.134     1.0     1.3     1.7     2.6     3.5
54854 20191217  2.622  -84.72   44.91    -4.8    -9.0    -6.9    -6.3     2.6     2.33 C    -4.6   -14.2    -7.6    90.2    63.1    79.7   0.185   0.177   0.142   0.136   0.133     1.0     1.3     1.6     2.5     3.5
54854 20191218  2.622  -84.72   44.91    -9.0   -17.3   -13.1   -13.5     3.5     4.76 C   -10.7   -24.6   -15.6    87.1    61.4    77.4   0.185   0.177   0.140   0.135   0.131     1.0     1.2     1.6     2.5     3.5
54854 20191219  2.622  -84.72   44.91    -6.4   -15.1   -10.8    -9.6     0.0     0.77 C    -6.7   -15.5    -9.9    94.3    74.3    81.1   0.184   0.176   0.139   0.134   0.130     1.0     1.2     1.6     2.5     3.4
54854 20191220  2.622  -84.72   44.91    -1.6   -10.5    -6.0    -5.0     0.0     3.72 C    -3.6   -20.1    -9.0    94.4    63.6    81.0   0.184   0.176   0.140   0.134   0.129     1.0     1.2     1.6     2.5     3.4
54854 20191221  2.622  -84.72   44.91     5.1    -5.2     0.0    -0.7     0.0     5.99 C     0.0   -10.3    -5.4    92.7    51.6    74.8   0.183   0.175   0.140   0.133   0.128     1.0     1.2     1.6     2.4     3.4
54854 20191222  2.622  -84.72   44.91     8.3     0.3     4.3     3.8     0.0     6.02 C     0.5    -5.5    -1.9    89.1    46.8    70.2   0.184   0.175   0.138   0.133   0.127     1.0     1.2     1.6     2.4     3.4
54854 20191223  2.622  -84.72   44.91     4.6    -3.3     0.7     1.6     0.0     4.13 C     0.2    -8.8    -3.1    92.5    67.2    81.6   0.185   0.176   0.139   0.133   0.126     1.0     1.2     1.5     2.4     3.3
54854 20191224  2.622  -84.72   44.91     0.5    -2.8    -1.1    -1.2     0.0     2.67 C     0.0    -6.7    -2.2    98.0    77.7    88.8   0.186   0.176   0.140   0.133   0.125     0.9     1.2     1.5     2.4     3.3
54854 20191225  2.622  -84.72   44.91     1.9    -0.6     0.6     0.8     0.0     1.66 C     0.3    -0.8     0.0    99.2    97.7    98.6   0.187   0.176   0.140   0.133   0.124     0.9     1.2     1.5     2.3     3.3
54854 20191226  2.622  -84.72   44.91     7.4     0.0     3.7     3.0     0.0     1.84 C     1.3    -0.1     0.3    98.9    87.7    97.5   0.210   0.190   0.152   0.138   0.124     0.8     1.1     1.4     2.3     3.2
54854 20191227  2.622  -84.72   44.91     0.8    -1.9    -0.6    -0.6     0.0     0.30 C     0.0    -2.6    -0.8    98.6    80.9    91.5   0.208   0.194   0.161   0.149   0.126     0.8     1.0     1.3     2.2     3.2
54854 20191228  2.622  -84.72   44.91     1.9    -4.8    -1.5    -0.9     0.0     2.93 C     0.1   -10.7    -2.8    92.7    58.9    75.8   0.207   0.187   0.151   0.145   0.134     0.7     0.9     1.3     2.2     3.1
54854 20191229  2.622  -84.72   44.91     2.0     0.2     1.1     1.2     9.3     0.15 C     0.4    -1.8    -0.2    98.6    45.5    84.2   0.212   0.193   0.157   0.145   0.140     0.7     0.9     1.3     2.1     3.1
54854 20191230  2.622  -84.72   44.91     1.2    -2.6    -0.7    -0.4    41.2     0.00 C     0.3    -3.2    -0.9    98.6    85.6    93.3   0.242   0.210   0.180   0.157   0.154     0.6     0.8     1.2     2.0     3.0
54854 20191231  2.622  -84.72   44.91    -2.0    -5.1    -3.6    -3.3     6.1     0.35 C    -2.2    -6.4    -3.7    94.1    83.9    90.9   0.219   0.192   0.157   0.147   0.156     0.6     0.8     1.1     2.0     2.9
