54933 20190101  2.622  -99.13   45.71   -15.6   -23.8   -19.7   -20.1     0.0     7.11 C   -13.5   -26.4   -20.4    81.4    64.9    72.1 -99.000 -99.000 -99.000   0.185   0.164    -2.8    -1.6    -0.4     0.7     2.4
54933 20190102  2.622  -99.13   45.71     0.0   -17.4    -8.7    -5.4     0.0     6.73 C    -1.9   -17.1    -7.4    79.3    68.0    72.5 -99.000 -99.000 -99.000   0.182   0.164    -2.6    -1.8    -0.6     0.6     2.3
54933 20190103  2.622  -99.13   45.71     3.7    -4.4    -0.4     0.8     0.0     5.90 C     0.7    -6.6    -2.1    82.2    63.5    69.9 -99.000 -99.000 -99.000   0.180   0.163    -1.8    -1.3    -0.6     0.5     2.2
54933 20190104  2.622  -99.13   45.71     5.2    -0.8     2.2     2.2     0.0     6.60 C     2.9    -4.0    -0.7    78.3    65.0    71.9 -99.000 -99.000 -99.000   0.176   0.163    -1.1    -0.9    -0.5     0.4     2.2
54933 20190105  2.622  -99.13   45.71     3.7    -4.4    -0.3     0.0     0.0     7.17 C     5.3    -4.1    -0.7    95.5    64.1    77.9 -99.000 -99.000 -99.000   0.175   0.163    -0.7    -0.7    -0.4     0.5     2.1
54933 20190106  2.622  -99.13   45.71    -0.3    -7.6    -3.9    -3.7     0.0     1.26 C    -0.3    -6.7    -3.2    95.9    89.9    93.1 -99.000 -99.000 -99.000   0.176   0.164    -0.8    -0.6    -0.3     0.5     2.1
54933 20190107  2.622  -99.13   45.71     3.7    -2.6     0.5     0.1     0.0     6.54 C     4.9    -3.5    -0.7    95.9    64.2    83.3 -99.000 -99.000 -99.000   0.177   0.165    -0.8    -0.6    -0.3     0.5     2.1
54933 20190108  2.622  -99.13   45.71    -0.5   -11.1    -5.8    -5.6     0.0     7.64 C    -1.6   -11.9    -6.2    78.0    43.7    66.7 -99.000 -99.000 -99.000   0.178   0.165    -1.1    -0.7    -0.3     0.5     2.0
54933 20190109  2.622  -99.13   45.71   -10.8   -16.8   -13.8   -13.7     0.0     6.75 C    -2.8   -16.3   -11.3    77.1    58.1    68.3 -99.000 -99.000 -99.000   0.177   0.165    -3.2    -1.7    -0.5     0.5     2.0
54933 20190110  2.622  -99.13   45.71    -5.0   -15.1   -10.1   -10.3     0.0     6.56 C    -0.1   -14.7    -9.4    90.1    72.5    81.4 -99.000 -99.000 -99.000 -99.000   0.164    -4.3    -2.8    -1.0     0.4     2.0
54933 20190111  2.622  -99.13   45.71    -2.7   -10.4    -6.6    -7.2     0.0     7.42 C     2.0   -11.1    -6.8    91.4    64.7    82.2 -99.000 -99.000 -99.000 -99.000   0.164    -3.5    -2.5    -1.3     0.2     1.9
54933 20190112  2.622  -99.13   45.71    -7.0    -9.8    -8.4    -8.3     0.0     1.40 C    -4.6    -8.9    -7.2    90.9    88.9    89.6 -99.000 -99.000 -99.000 -99.000   0.163    -3.4    -2.5    -1.4     0.1     1.9
54933 20190113  2.622  -99.13   45.71    -3.9    -9.0    -6.5    -6.2     0.0     1.81 C    -3.3    -8.6    -5.8    92.3    87.8    90.2 -99.000 -99.000 -99.000 -99.000   0.163    -3.2    -2.5    -1.5    -0.1     1.8
54933 20190114  2.622  -99.13   45.71    -4.9    -7.7    -6.3    -6.2     0.0     2.18 C    -2.0    -7.5    -5.1    91.3    88.8    90.2 -99.000 -99.000 -99.000 -99.000   0.164    -2.6    -2.2    -1.5    -0.1     1.6
54933 20190115  2.622  -99.13   45.71    -3.4   -14.7    -9.1    -6.5     0.0     2.16 C    -1.5   -15.4    -6.1    91.9    83.1    89.5 -99.000 -99.000 -99.000 -99.000   0.165    -2.7    -2.2    -1.4    -0.2     1.6
54933 20190116  2.622  -99.13   45.71   -12.8   -19.8   -16.3   -15.9     0.0     7.60 C    -6.8   -19.2   -14.1    84.7    76.0    81.4 -99.000 -99.000 -99.000 -99.000   0.163    -4.6    -3.4    -1.8    -0.3     1.5
54933 20190117  2.622  -99.13   45.71    -6.0   -13.0    -9.5    -9.4     0.0     2.79 C    -1.2   -11.6    -7.9    91.4    75.4    85.4 -99.000 -99.000 -99.000 -99.000   0.163    -4.5    -3.7    -2.4    -0.5     1.4
54933 20190118  2.622  -99.13   45.71   -12.3   -23.4   -17.8   -17.5 -9999.0     4.66 C   -11.6   -27.6   -17.4    86.7    72.1    79.6 -99.000 -99.000 -99.000 -99.000   0.163    -4.7    -3.8    -2.5    -0.7     1.4
54933 20190119  2.622  -99.13   45.71   -18.2   -26.5   -22.4   -20.9 -9999.0     5.77 C   -14.9   -32.2   -21.0    80.6    68.5    76.1 -99.000 -99.000 -99.000 -99.000   0.164    -4.2    -3.5    -2.6    -0.8     1.2
54933 20190120  2.622  -99.13   45.71   -17.1   -19.7   -18.4   -18.4 -9999.0     5.51 C   -15.6   -19.5   -17.8    82.8    79.7    81.3 -99.000 -99.000 -99.000 -99.000   0.165    -3.8    -3.2    -2.5    -1.0     1.1
54933 20190121  2.622  -99.13   45.71   -10.9   -17.5   -14.2   -13.4 -9999.0     3.88 C   -10.4   -17.4   -13.2    87.4    82.0    84.8 -99.000 -99.000 -99.000 -99.000   0.174    -3.5    -3.0    -2.4    -1.1     1.0
54933 20190122  2.622  -99.13   45.71    -8.6   -17.6   -13.1   -12.9 -9999.0     7.22 C    -7.3   -24.0   -14.6    86.5    77.2    82.3 -99.000 -99.000 -99.000 -99.000   0.174    -3.2    -2.8    -2.3    -1.1     0.9
54933 20190123  2.622  -99.13   45.71    -4.6   -14.3    -9.4    -8.5 -9999.0     9.02 C    -5.5   -19.1   -10.5    88.6    76.7    83.6 -99.000 -99.000 -99.000 -99.000   0.173    -2.9    -2.6    -2.1    -1.1     0.8
54933 20190124  2.622  -99.13   45.71   -11.1   -25.8   -18.4   -21.0 -9999.0     9.50 C   -11.4   -29.4   -21.9    83.1    66.1    73.1 -99.000 -99.000 -99.000 -99.000   0.173    -3.5    -2.8    -2.2    -1.2     0.8
54933 20190125  2.622  -99.13   45.71   -14.3   -23.6   -18.9   -18.9 -9999.0     9.51 C   -11.0   -25.7   -18.5    80.7    71.5    76.8 -99.000 -99.000 -99.000 -99.000   0.173    -4.2    -3.4    -2.5    -1.3     0.7
54933 20190126  2.622  -99.13   45.71    -7.1   -19.3   -13.2   -13.9 -9999.0     8.41 C    -7.6   -23.2   -13.9    87.1    70.8    79.2 -99.000 -99.000 -99.000 -99.000   0.180    -4.4    -3.6    -2.8    -1.5     0.6
54933 20190127  2.622  -99.13   45.71     1.5   -20.3    -9.4   -14.0 -9999.0     3.25 C     0.0   -19.0   -13.4    96.4    75.3    85.3 -99.000 -99.000 -99.000 -99.000   0.192    -4.5    -3.7    -2.9    -1.6     0.5
54933 20190128  2.622  -99.13   45.71   -11.2   -20.6   -15.9   -16.3 -9999.0     9.32 C    -8.9   -23.5   -16.8    93.5    70.3    79.4 -99.000 -99.000 -99.000 -99.000   0.192    -4.5    -3.8    -3.0    -1.7     0.4
54933 20190129  2.622  -99.13   45.71   -20.0   -33.7   -26.9   -27.1 -9999.0     8.94 C   -22.0   -36.4   -27.9    74.9    64.8    69.4 -99.000 -99.000 -99.000 -99.000   0.191    -5.4    -4.6    -3.6    -2.0     0.2
54933 20190130  2.622  -99.13   45.71   -25.3   -35.3   -30.3   -30.5 -9999.0    10.71 C   -17.0   -38.3   -30.1    75.7    69.8    74.0 -99.000 -99.000 -99.000 -99.000   0.191    -6.8    -5.8    -4.5    -2.4     0.1
54933 20190131  2.622  -99.13   45.71   -14.8   -29.5   -22.2   -22.0 -9999.0     6.35 C   -14.0   -30.5   -20.5    83.9    73.8    78.6 -99.000 -99.000 -99.000 -99.000   0.192    -7.3    -6.4    -5.2    -3.0    -0.1
54933 20190201  2.622  -99.13   45.71     1.7   -15.6    -7.0    -9.1 -9999.0     9.70 C    -4.1   -17.2   -10.4    87.8    70.8    83.1 -99.000 -99.000 -99.000 -99.000   0.191    -6.7    -6.1    -5.3    -3.4    -0.4
54933 20190202  2.622  -99.13   45.71    -1.5   -14.3    -7.9   -10.7 -9999.0     9.56 C    -6.1   -16.2   -11.3    88.5    79.5    85.5 -99.000 -99.000 -99.000 -99.000   0.190    -5.8    -5.3    -4.8    -3.4    -0.7
54933 20190203  2.622  -99.13   45.71    -9.1   -21.9   -15.5   -16.2 -9999.0     5.20 C   -10.9   -20.8   -15.8    85.9    72.1    78.3 -99.000 -99.000 -99.000 -99.000   0.190    -6.1    -5.4    -4.7    -3.4    -0.9
54933 20190204  2.622  -99.13   45.71   -21.2   -24.5   -22.9   -22.7 -9999.0    10.35 C   -17.5   -25.6   -22.3    75.5    67.8    71.7 -99.000 -99.000 -99.000 -99.000 -99.000    -7.0    -6.1    -5.1    -3.6    -1.0
54933 20190205  2.622  -99.13   45.71   -20.3   -22.8   -21.6   -21.4 -9999.0     7.05 C   -16.5   -21.3   -19.4    79.5    72.7    77.4 -99.000 -99.000 -99.000 -99.000 -99.000    -7.2    -6.5    -5.5    -3.9    -1.2
54933 20190206  2.622  -99.13   45.71   -19.3   -21.3   -20.3   -20.1 -9999.0     6.09 C   -17.8   -21.4   -19.3    79.2    72.8    75.7 -99.000 -99.000 -99.000 -99.000 -99.000    -7.0    -6.4    -5.6    -4.1    -1.4
54933 20190207  2.622  -99.13   45.71   -21.3   -28.0   -24.6   -22.9 -9999.0     9.78 C   -19.8   -29.4   -22.4    77.7    72.2    75.0 -99.000 -99.000 -99.000 -99.000 -99.000    -7.0    -6.4    -5.6    -4.2    -1.5
54933 20190208  2.622  -99.13   45.71   -23.1   -32.0   -27.6   -27.5 -9999.0    12.11 C   -17.3   -33.1   -26.2    77.9    69.1    73.7 -99.000 -99.000 -99.000 -99.000 -99.000    -8.2    -7.4    -6.3    -4.5    -1.6
54933 20190209  2.622  -99.13   45.71   -18.5   -24.6   -21.6   -21.2 -9999.0     7.65 C   -16.3   -25.3   -20.4    80.4    74.5    77.6 -99.000 -99.000 -99.000 -99.000 -99.000    -8.8    -8.1    -6.9    -4.9    -1.9
54933 20190210  2.622  -99.13   45.71   -17.7   -21.3   -19.5   -19.7 -9999.0     9.91 C   -14.6   -23.3   -19.4    81.1    75.7    78.4 -99.000 -99.000 -99.000 -99.000 -99.000    -8.8    -8.2    -7.1    -5.3    -2.1
54933 20190211  2.622  -99.13   45.71    -8.3   -20.5   -14.4   -14.4 -9999.0     5.38 C    -7.8   -20.0   -14.0    89.6    80.3    84.8 -99.000 -99.000 -99.000 -99.000 -99.000    -8.5    -8.0    -7.1    -5.4    -2.3
54933 20190212  2.622  -99.13   45.71   -11.7   -24.3   -18.0   -20.4 -9999.0    11.63 C   -13.3   -26.7   -22.1    86.4    76.2    79.2 -99.000 -99.000 -99.000 -99.000 -99.000    -7.5    -7.3    -6.7    -5.4    -2.4
54933 20190213  2.622  -99.13   45.71   -12.7   -23.9   -18.3   -17.6 -9999.0    10.07 C   -11.4   -26.1   -18.3    84.1    75.0    79.7 -99.000 -99.000 -99.000 -99.000 -99.000    -7.4    -7.2    -6.6    -5.3    -2.5
54933 20190214  2.622  -99.13   45.71   -14.0   -25.2   -19.6   -18.9 -9999.0    12.10 C   -15.7   -28.3   -19.5    81.2    71.8    76.3 -99.000 -99.000 -99.000 -99.000 -99.000    -7.4    -7.1    -6.5    -5.2    -2.5
54933 20190215  2.622  -99.13   45.71   -16.2   -28.3   -22.3   -22.1 -9999.0    11.68 C   -11.2   -30.5   -21.7    83.0    73.6    78.3 -99.000 -99.000 -99.000 -99.000 -99.000    -8.0    -7.5    -6.7    -5.3    -2.6
54933 20190216  2.622  -99.13   45.71   -11.9   -18.8   -15.3   -15.2 -9999.0     6.67 C   -11.1   -17.8   -14.4    85.3    77.4    83.0 -99.000 -99.000 -99.000 -99.000 -99.000    -7.9    -7.5    -6.8    -5.4    -2.6
54933 20190217  2.622  -99.13   45.71   -11.2   -15.6   -13.4   -13.0 -9999.0    10.77 C    -8.5   -17.2   -13.1    85.9    74.9    79.7 -99.000 -99.000 -99.000 -99.000 -99.000    -7.4    -7.1    -6.6    -5.3    -2.7
54933 20190218  2.622  -99.13   45.71   -14.7   -21.0   -17.9   -17.5 -9999.0    12.40 C   -10.0   -26.9   -19.0    86.6    70.8    78.5 -99.000 -99.000 -99.000 -99.000 -99.000    -7.3    -7.0    -6.4    -5.2    -2.7
54933 20190219  2.622  -99.13   45.71   -11.9   -23.9   -17.9   -17.5 -9999.0     9.97 C   -11.5   -27.9   -18.9    85.5    75.3    81.1 -99.000 -99.000 -99.000 -99.000 -99.000    -7.7    -7.3    -6.5    -5.2    -2.7
54933 20190220  2.622  -99.13   45.71   -11.1   -14.9   -13.0   -12.3 -9999.0    10.77 C    -8.1   -17.4   -12.4    85.9    83.2    85.2 -99.000 -99.000 -99.000 -99.000 -99.000    -7.2    -7.0    -6.5    -5.3    -2.8
54933 20190221  2.622  -99.13   45.71   -13.4   -19.9   -16.7   -16.5 -9999.0    13.17 C   -11.2   -22.8   -17.4    83.7    79.5    81.6 -99.000 -99.000 -99.000 -99.000 -99.000    -6.7    -6.6    -6.2    -5.2    -2.8
54933 20190222  2.622  -99.13   45.71    -7.7   -19.9   -13.8   -14.0 -9999.0     7.12 C    -8.1   -24.6   -14.3    90.3    80.8    84.6 -99.000 -99.000 -99.000 -99.000 -99.000    -6.6    -6.5    -6.1    -5.0    -2.8
54933 20190223  2.622  -99.13   45.71    -7.6   -15.8   -11.7   -11.9 -9999.0    12.01 C    -7.9   -18.3   -12.6    90.9    81.1    85.7 -99.000 -99.000 -99.000 -99.000 -99.000    -6.2    -6.1    -5.8    -4.9    -2.7
54933 20190224  2.622  -99.13   45.71   -15.2   -24.1   -19.6   -19.3 -9999.0    14.60 C   -14.5   -25.7   -19.1    82.4    69.8    76.7 -99.000 -99.000 -99.000 -99.000 -99.000    -6.6    -6.3    -5.8    -4.8    -2.7
54933 20190225  2.622  -99.13   45.71   -19.6   -23.2   -21.4   -21.5 -9999.0    12.49 C   -13.8   -22.9   -19.2    75.7    62.1    69.6 -99.000 -99.000 -99.000 -99.000 -99.000    -7.4    -7.1    -6.4    -5.0    -2.7
54933 20190226  2.622  -99.13   45.71   -18.9   -21.2   -20.1   -20.1 -9999.0     9.99 C   -16.8   -20.9   -19.2    80.4    69.9    77.2 -99.000 -99.000 -99.000 -99.000 -99.000    -7.3    -7.0    -6.4    -5.2    -2.8
54933 20190227  2.622  -99.13   45.71   -15.4   -26.4   -20.9   -19.6 -9999.0    16.13 C   -16.0   -29.8   -21.0    79.5    68.8    74.1 -99.000 -99.000 -99.000 -99.000 -99.000    -6.9    -6.7    -6.3    -5.2    -2.8
54933 20190228  2.622  -99.13   45.71    -9.9   -18.6   -14.3   -13.8 -9999.0    14.69 C    -8.2   -22.9   -16.0    83.6    66.4    72.2 -99.000 -99.000 -99.000 -99.000 -99.000    -6.7    -6.5    -6.2    -5.1    -2.8
54933 20190301  2.622  -99.13   45.71    -9.8   -22.1   -16.0   -14.0 -9999.0    12.06 C    -9.1   -28.3   -15.4    87.1    75.9    82.4 -99.000 -99.000 -99.000 -99.000 -99.000    -6.4    -6.3    -6.0    -5.0    -2.9
54933 20190302  2.622  -99.13   45.71   -18.3   -28.9   -23.6   -22.0 -9999.0    14.55 C   -15.7   -32.3   -23.5    81.5    71.6    77.2 -99.000 -99.000 -99.000 -99.000 -99.000    -6.3    -6.1    -5.8    -4.9    -2.8
54933 20190303  2.622  -99.13   45.71   -20.0   -29.7   -24.9   -24.5 -9999.0    16.55 C   -18.5   -33.3   -25.6    78.5    71.4    73.8 -99.000 -99.000 -99.000 -99.000 -99.000    -6.7    -6.5    -5.9    -4.8    -2.8
54933 20190304  2.622  -99.13   45.71   -13.2   -22.1   -17.7   -17.4 -9999.0    16.34 C   -11.7   -23.7   -17.7    83.9    75.5    79.4 -99.000 -99.000 -99.000 -99.000 -99.000    -7.7    -7.3    -6.5    -5.1    -2.8
54933 20190305  2.622  -99.13   45.71   -11.2   -19.6   -15.4   -14.6 -9999.0    17.14 C    -9.6   -21.7   -15.6    83.1    70.7    76.7 -99.000 -99.000 -99.000 -99.000 -99.000    -7.6    -7.4    -6.7    -5.4    -3.0
54933 20190306  2.622  -99.13   45.71   -11.5   -20.3   -15.9   -15.8 -9999.0    16.09 C    -6.1   -23.1   -16.4    83.0    66.2    75.6 -99.000 -99.000 -99.000 -99.000 -99.000    -7.4    -7.2    -6.7    -5.5    -3.0
54933 20190307  2.622  -99.13   45.71   -10.0   -17.7   -13.8   -14.4 -9999.0    14.05 C    -6.5   -18.4   -12.7    89.2    79.8    83.5 -99.000 -99.000 -99.000 -99.000 -99.000    -7.4    -7.2    -6.6    -5.5    -3.1
54933 20190308  2.622  -99.13   45.71    -4.7   -10.0    -7.3    -7.1 -9999.0     8.62 C    -2.1   -10.1    -6.4    91.9    89.1    90.5 -99.000 -99.000 -99.000 -99.000 -99.000    -6.7    -6.6    -6.3    -5.4    -3.2
54933 20190309  2.622  -99.13   45.71    -4.1    -9.6    -6.8    -5.6 -9999.0     8.99 C    -4.0   -11.5    -5.8    92.1    84.3    90.3 -99.000 -99.000 -99.000 -99.000 -99.000    -5.9    -5.9    -5.8    -5.1    -3.1
54933 20190310  2.622  -99.13   45.71    -7.9   -16.5   -12.2   -11.7 -9999.0    18.33 C    -7.2   -20.4   -13.7    88.9    78.9    83.4 -99.000 -99.000 -99.000 -99.000 -99.000    -5.6    -5.5    -5.4    -4.7    -3.0
54933 20190311  2.622  -99.13   45.71    -4.4   -17.9   -11.1    -9.5 -9999.0    18.67 C    -3.8   -22.4   -11.7    93.6    78.9    87.4 -99.000 -99.000 -99.000 -99.000 -99.000    -5.6    -5.5    -5.2    -4.5    -2.9
54933 20190312  2.622  -99.13   45.71     1.1    -8.4    -3.6    -3.6 -9999.0    15.39 C     0.7    -9.9    -4.7    95.1    81.8    89.7 -99.000 -99.000 -99.000 -99.000 -99.000    -5.2    -5.2    -5.0    -4.4    -2.8
54933 20190313  2.622  -99.13   45.71    -0.2    -9.7    -5.0    -4.0 -9999.0     6.75 C     0.1   -11.9    -4.5    94.2    72.2    87.7 -99.000 -99.000 -99.000 -99.000 -99.000    -4.6    -4.7    -4.6    -4.1    -2.7
54933 20190314  2.622  -99.13   45.71    -0.7    -6.4    -3.6    -2.6 -9999.0    17.31 C    -0.6    -8.8    -3.3    97.8    83.7    91.8 -99.000 -99.000 -99.000 -99.000 -99.000    -3.9    -4.1    -4.2    -3.8    -2.5
54933 20190315  2.622  -99.13   45.71    -2.4   -11.0    -6.7    -6.5 -9999.0    19.67 C    -1.3   -13.2    -7.5    90.6    82.0    86.0 -99.000 -99.000 -99.000 -99.000 -99.000    -3.8    -3.8    -3.8    -3.5    -2.4
54933 20190316  2.622  -99.13   45.71    -1.2    -6.7    -4.0    -4.1 -9999.0    14.55 C     0.4    -9.4    -4.0    92.0    83.8    89.0 -99.000 -99.000 -99.000 -99.000 -99.000    -3.7    -3.7    -3.7    -3.3    -2.3
54933 20190317  2.622  -99.13   45.71    -0.7   -11.1    -5.9    -6.2 -9999.0    18.47 C     1.4   -13.9    -6.4    92.5    78.2    87.1 -99.000 -99.000 -99.000 -99.000 -99.000    -3.4    -3.5    -3.4    -3.2    -2.2
54933 20190318  2.622  -99.13   45.71     0.1   -11.0    -5.4    -4.5 -9999.0    18.24 C     2.2   -13.0    -4.7    91.2    66.4    82.6 -99.000 -99.000 -99.000 -99.000 -99.000    -2.7    -2.9    -3.0    -2.9    -2.0
54933 20190319  2.622  -99.13   45.71     1.1    -8.3    -3.6    -2.0 -9999.0    15.91 C     4.4    -8.1    -1.5    95.9    81.3    90.3 -99.000 -99.000 -99.000 -99.000 -99.000    -1.6    -2.1    -2.5    -2.4    -1.7
54933 20190320  2.622  -99.13   45.71     2.8    -5.1    -1.2    -0.9 -9999.0    20.18 C     9.0    -6.1    -0.2    93.5    76.9    85.3 -99.000 -99.000 -99.000 -99.000 -99.000    -1.2    -1.5    -1.9    -1.6    -1.4
54933 20190321  2.622  -99.13   45.71     3.8    -5.8    -1.0    -0.9 -9999.0    20.36 C    11.7    -7.3     0.2    95.2    68.1    86.1 -99.000 -99.000 -99.000 -99.000 -99.000    -0.8    -1.1    -1.4    -1.4    -1.3
54933 20190322  2.622  -99.13   45.71     1.8    -4.0    -1.1    -1.2 -9999.0    21.21 C    10.6    -6.9     0.1    93.3    67.1    81.3 -99.000 -99.000 -99.000 -99.000 -99.000    -0.7    -1.0    -1.2    -1.3    -1.2
54933 20190323  2.622  -99.13   45.71     5.4    -3.2     1.1     0.6 -9999.0    17.03 C    16.2    -3.9     2.1    96.3    72.5    90.4 -99.000 -99.000 -99.000 -99.000 -99.000    -0.7    -0.8    -0.8    -0.9    -1.1
54933 20190324  2.622  -99.13   45.71     1.4    -5.2    -1.9    -0.9 -9999.0    10.11 C    10.4    -4.7     0.1    96.1    81.4    89.5 -99.000 -99.000 -99.000 -99.000 -99.000    -0.5    -0.6    -0.7    -0.7    -0.8
54933 20190325  2.622  -99.13   45.71    -0.9    -5.1    -3.0    -3.1 -9999.0    10.12 C     7.4    -4.0    -0.2    91.8    67.3    81.2 -99.000 -99.000 -99.000 -99.000 -99.000    -0.5    -0.5    -0.6    -0.7    -0.7
54933 20190326  2.622  -99.13   45.71     4.4    -2.8     0.8     0.8     0.0    11.57 C     9.8    -2.8     1.6    96.1    84.3    91.4 -99.000 -99.000 -99.000 -99.000 -99.000    -0.5    -0.5    -0.6    -0.7    -0.7
54933 20190327  2.622  -99.13   45.71     8.7    -2.2     3.2     2.3     0.0    18.66 C    14.4    -2.9     3.5    97.4    59.1    84.2 -99.000 -99.000 -99.000 -99.000 -99.000    -0.4    -0.4    -0.5    -0.7    -0.6
54933 20190328  2.622  -99.13   45.71     4.4    -3.2     0.6     1.1     0.4    16.43 C    16.0    -7.1     1.9    92.7    52.5    74.4 -99.000 -99.000 -99.000 -99.000 -99.000    -0.3    -0.3    -0.5    -0.7    -0.6
54933 20190329  2.622  -99.13   45.71     6.2    -3.4     1.4     1.4     0.0    19.30 C    14.9    -7.1     3.0    86.6    59.9    73.8 -99.000 -99.000 -99.000 -99.000 -99.000    -0.2    -0.3    -0.3    -0.6    -0.6
54933 20190330  2.622  -99.13   45.71     0.7    -7.8    -3.5    -3.6     0.0    20.30 C    13.7    -8.7    -1.9    85.2    44.6    62.6 -99.000 -99.000 -99.000 -99.000 -99.000    -0.2    -0.3    -0.3    -0.5    -0.5
54933 20190331  2.622  -99.13   45.71     8.3    -5.3     1.5     0.8     0.0    19.25 C    17.5    -6.5     2.5    91.6    48.6    71.8 -99.000 -99.000 -99.000 -99.000 -99.000    -0.2    -0.3    -0.3    -0.4    -0.5
54933 20190401  2.622  -99.13   45.71     2.2    -5.8    -1.8    -1.1     0.0    12.59 C    10.7    -9.1     0.0    93.8    52.6    80.7 -99.000 -99.000 -99.000 -99.000 -99.000    -0.2    -0.3    -0.3    -0.4    -0.4
54933 20190402  2.622  -99.13   45.71     6.9    -2.0     2.4     1.7     0.0    21.23 C    16.7    -7.1     2.0    92.0    41.9    68.3 -99.000 -99.000 -99.000 -99.000 -99.000    -0.1    -0.3    -0.3    -0.4    -0.4
54933 20190403  2.622  -99.13   45.71     4.1    -4.9    -0.4     0.1     0.0    20.33 C    15.1    -9.0     1.8    90.2    41.1    66.2 -99.000 -99.000 -99.000 -99.000 -99.000    -0.2    -0.3    -0.3    -0.4    -0.4
54933 20190404  2.622  -99.13   45.71     5.2    -0.3     2.5     2.4     0.7     3.83 C     5.8    -0.6     2.4    96.5    81.0    91.7 -99.000 -99.000 -99.000 -99.000 -99.000    -0.1    -0.3    -0.3    -0.4    -0.3
54933 20190405  2.622  -99.13   45.71    13.7    -0.2     6.7     5.6     0.0    17.72 C    27.4    -0.9     8.4    96.7    63.5    87.5 -99.000 -99.000 -99.000 -99.000 -99.000     0.3    -0.2    -0.3    -0.4    -0.3
54933 20190406  2.622  -99.13   45.71    13.9     2.5     8.2     6.9     0.0    11.75 C    19.9     2.4     8.1    96.9    74.7    91.8 -99.000 -99.000 -99.000 -99.000 -99.000     0.5     0.0    -0.3    -0.4    -0.3
54933 20190407  2.622  -99.13   45.71    18.8     5.3    12.0    12.0     0.0    21.44 C    26.3     3.5    12.3    96.6    23.8    58.0   0.399 -99.000 -99.000 -99.000 -99.000     1.4     0.3    -0.3    -0.3    -0.2
54933 20190408  2.622  -99.13   45.71    17.9     4.4    11.1    11.4     0.0    19.84 C    27.2    -4.6    10.4    76.3    19.0    48.4   0.381   0.364 -99.000 -99.000 -99.000     1.7     0.6    -0.3    -0.3    -0.2
54933 20190409  2.622  -99.13   45.71     7.3    -3.7     1.8     1.8     0.0     7.65 C     8.6    -4.9     1.5    90.5    60.2    77.6   0.365   0.352 -99.000 -99.000 -99.000     0.6     0.3    -0.3    -0.3    -0.2
54933 20190410  2.622  -99.13   45.71    -2.4    -4.5    -3.5    -3.3     5.3     5.96 C    -2.3    -4.5    -3.4    92.2    73.4    84.5 -99.000 -99.000 -99.000 -99.000 -99.000    -0.1    -0.2    -0.3    -0.3    -0.2
54933 20190411  2.622  -99.13   45.71    -2.4    -4.9    -3.7    -4.2    11.4     8.18 C    -2.7    -5.4    -4.4    99.9    85.6    94.2 -99.000 -99.000 -99.000 -99.000 -99.000    -0.2    -0.2    -0.3    -0.3    -0.1
54933 20190412  2.622  -99.13   45.71    -0.5    -4.9    -2.7    -2.8     1.3    18.92 C    -0.2    -5.5    -3.1    95.9    86.1    91.5 -99.000 -99.000 -99.000 -99.000 -99.000    -0.2    -0.2    -0.3    -0.3    -0.1
54933 20190413  2.622  -99.13   45.71     5.0    -6.0    -0.5    -0.8     0.0    25.46 C     6.9    -9.0    -2.4    91.7    34.1    70.0 -99.000 -99.000 -99.000 -99.000 -99.000    -0.2    -0.2    -0.3    -0.3    -0.1
54933 20190414  2.622  -99.13   45.71     2.9    -7.1    -2.1    -1.7     0.0    23.29 C     9.8    -7.4    -0.7    94.0    49.7    79.7 -99.000 -99.000 -99.000 -99.000 -99.000    -0.2    -0.3    -0.3    -0.3    -0.1
54933 20190415  2.622  -99.13   45.71    12.5    -3.1     4.7     3.3     0.0    15.78 C    26.8    -4.1     5.0    93.5    40.9    77.6 -99.000 -99.000 -99.000 -99.000 -99.000    -0.2    -0.3    -0.3    -0.3     0.0
54933 20190416  2.622  -99.13   45.71    16.3     0.8     8.6     8.8     0.0    20.60 C    32.0    -5.0    10.4    88.4    27.1    60.8 -99.000 -99.000 -99.000 -99.000 -99.000     0.8     0.1    -0.3    -0.3     0.0
54933 20190417  2.622  -99.13   45.71     8.1     2.7     5.4     5.9     6.7     5.25 C    11.4    -2.5     5.7    95.9    61.7    86.1   0.391   0.385 -99.000 -99.000 -99.000     1.5     0.7    -0.3    -0.2     0.0
54933 20190418  2.622  -99.13   45.71    12.0     1.4     6.7     6.3     0.0    15.79 C    25.3    -4.8     6.7    96.3    50.3    76.8   0.371   0.362 -99.000 -99.000   0.189     1.6     0.8    -0.2    -0.2     0.0
54933 20190419  2.622  -99.13   45.71    19.8     0.7    10.3    10.5     0.0    24.78 C    28.7    -5.1    10.5    90.1    25.9    59.0   0.357   0.348 -99.000 -99.000   0.190     1.9     1.0    -0.2    -0.2     0.0
54933 20190420  2.622  -99.13   45.71    27.6     6.3    17.0    17.0     0.0    22.95 C    40.0     3.9    18.7    83.3    25.3    53.4   0.350   0.336 -99.000 -99.000   0.190     3.8     2.1     0.0    -0.2     0.1
54933 20190421  2.622  -99.13   45.71    16.1     8.0    12.0    11.3     0.0    15.19 C    23.4     6.4    11.7    87.9    48.9    67.5   0.340   0.327   0.343 -99.000   0.190     4.1     2.8     0.4    -0.2     0.1
54933 20190422  2.622  -99.13   45.71    18.6     4.4    11.5    12.0     0.0    22.90 C    32.4    -1.2    12.9    82.9    25.0    50.0   0.331   0.316   0.327 -99.000   0.190     4.0     2.7     0.6    -0.2     0.1
54933 20190423  2.622  -99.13   45.71    21.9     4.6    13.3    13.9     0.0    25.07 C    30.9    -2.2    13.8    77.6    19.6    48.9   0.322   0.306   0.316 -99.000   0.190     4.1     2.9     1.0    -0.2     0.1
54933 20190424  2.622  -99.13   45.71    23.7     8.3    16.0    15.5     0.0    19.46 C    33.6     4.9    15.8    79.5    22.5    52.8   0.315   0.298   0.307 -99.000   0.215     5.1     3.7     1.5    -0.1     0.2
54933 20190425  2.622  -99.13   45.71    17.0     1.9     9.4    10.1     0.0    24.74 C    28.4    -5.1     9.9    82.5    16.3    43.9   0.307   0.291   0.301   0.230   0.275     4.9     3.9     2.0     0.4     0.3
54933 20190426  2.622  -99.13   45.71    13.2    -1.7     5.8     6.6     0.0    17.08 C    25.2    -6.7     8.0    77.6    20.7    48.6   0.299   0.283   0.293   0.234   0.294     4.0     3.3     2.1     1.1     0.5
54933 20190427  2.622  -99.13   45.71     9.5     2.3     5.9     5.5     3.4    12.64 C    23.6     0.3     6.9    89.3    45.9    68.0   0.296   0.280   0.282   0.262   0.302     4.1     3.4     2.3     1.3     0.7
54933 20190428  2.622  -99.13   45.71     5.1     0.5     2.8     3.3     3.4     2.78 C     4.9     0.0     2.8    96.2    71.1    86.0   0.294   0.278   0.280   0.260   0.306     3.3     3.0     2.4     1.6     0.9
54933 20190429  2.622  -99.13   45.71     5.5     0.8     3.1     2.8     0.3     9.08 C     9.4    -0.8     3.2    95.9    67.2    82.1   0.295   0.279   0.279   0.258   0.278     3.0     2.6     2.2     1.7     1.1
54933 20190430  2.622  -99.13   45.71     3.6     0.6     2.1     1.9     1.7     6.60 C     8.6     0.1     2.5    95.2    73.0    85.7   0.293   0.277   0.277   0.256   0.287     2.7     2.5     2.2     1.8     1.4
54933 20190501  2.622  -99.13   45.71     4.9    -0.4     2.3     2.7     5.5     7.11 C     9.9    -2.1     3.5    95.9    81.5    90.4   0.294   0.277   0.275   0.265   0.286     2.8     2.5     2.2     1.9     1.7
54933 20190502  2.622  -99.13   45.71    13.8    -3.0     5.4     5.6     0.0    24.49 C    25.0    -3.5     7.9    98.1    35.5    71.3   0.301   0.284   0.279   0.266   0.287     3.7     3.2     2.5     2.1     1.9
54933 20190503  2.622  -99.13   45.71    17.2     3.2    10.2     9.8     0.0    22.96 C    31.4    -1.5    11.0    91.5    16.0    55.4   0.297   0.281   0.279   0.267   0.287     5.2     4.4     3.4     2.5     2.1
54933 20190504  2.622  -99.13   45.71    16.8     3.5    10.2    10.2     0.0    20.12 C    30.4     1.6    11.4    84.2    38.1    51.8   0.292   0.276   0.276   0.266   0.289     5.7     5.1     4.1     3.1     2.3
54933 20190505  2.622  -99.13   45.71    11.0     1.0     6.0     6.5     0.0    14.87 C    23.1    -1.2     8.3    89.6    31.4    57.0   0.287   0.272   0.273   0.263   0.290     5.7     5.2     4.5     3.6     2.6
54933 20190506  2.622  -99.13   45.71     8.6     0.0     4.3     4.3     0.0    12.22 C    18.4    -6.1     5.5    96.0    40.3    61.9   0.282   0.268   0.269   0.261   0.290     5.2     5.0     4.5     3.9     2.9
54933 20190507  2.622  -99.13   45.71    12.1    -2.4     4.8     5.4     2.4    19.57 C    29.3    -6.9     7.3    96.6    36.9    71.4   0.278   0.264   0.266   0.257   0.288     4.9     4.6     4.3     3.9     3.1
54933 20190508  2.622  -99.13   45.71     7.7     3.3     5.5     5.6     7.7     5.43 C     7.9     0.8     5.4    94.8    69.0    88.7   0.285   0.267   0.265   0.256   0.288     5.2     4.9     4.5     4.0     3.3
54933 20190509  2.622  -99.13   45.71    11.2     0.1     5.6     5.5     0.0    27.82 C    23.3    -6.9     6.9    85.4    27.2    57.3   0.292   0.276   0.269   0.256   0.287     5.5     5.0     4.5     4.1     3.4
54933 20190510  2.622  -99.13   45.71 -9999.0 -9999.0 -9999.0 -9999.0 -9999.0 -9999.00 U -9999.0 -9999.0 -9999.0 -9999.0 -9999.0 -9999.0 -99.000 -99.000 -99.000 -99.000 -99.000 -9999.0 -9999.0 -9999.0 -9999.0 -9999.0
54933 20190511  2.622  -99.13   45.71    12.9     3.5     8.2     8.4     1.8    10.24 C    21.2     2.1     8.7    93.1    59.3    78.7   0.283   0.270   0.267   0.255   0.286     6.2     5.8     5.1     4.5     3.6
54933 20190512  2.622  -99.13   45.71    16.2     4.9    10.5    10.2     0.0    17.08 C    32.5     1.6    12.6    96.7    52.8    78.6   0.280   0.267   0.266   0.255   0.286     7.2     6.5     5.5     4.7     3.8
54933 20190513  2.622  -99.13   45.71    21.8     5.0    13.4    14.0     0.0    24.19 C    30.9     3.5    15.4    93.0    37.3    66.4   0.276   0.264   0.264   0.254   0.285     8.2     7.4     6.2     5.2     4.0
54933 20190514  2.622  -99.13   45.71    23.8     8.9    16.4    16.6     0.0    25.56 C    38.2     3.5    18.5    95.5    36.4    63.0   0.269   0.259   0.262   0.253   0.285     9.5     8.4     7.0     5.7     4.2
54933 20190515  2.622  -99.13   45.71    26.9     9.0    17.9    18.4     0.4    25.62 C    32.8     6.8    18.5    76.1    36.4    51.6   0.259   0.252   0.259   0.252   0.285    10.0     9.1     7.7     6.2     4.5
54933 20190516  2.622  -99.13   45.71    15.4     6.9    11.2    11.6     0.0    14.69 C    28.5     5.1    12.0    92.7    42.4    67.6   0.250   0.246   0.256   0.250   0.285     9.9     9.3     8.2     6.8     4.9
54933 20190517  2.622  -99.13   45.71    12.8     4.1     8.5     7.9     5.0    10.58 C    16.3     3.4     7.8    89.2    41.8    65.1   0.244   0.241   0.253   0.248   0.285     8.4     8.2     7.8     6.9     5.2
54933 20190518  2.622  -99.13   45.71     6.7     3.4     5.1     5.7    15.3     3.96 C     7.7     3.4     5.9    95.5    90.3    93.3   0.305   0.276   0.259   0.248   0.284     7.5     7.4     7.3     6.8     5.4
54933 20190519  2.622  -99.13   45.71     6.6     2.5     4.5     4.5     2.9     6.39 C     8.3    -0.9     4.8    94.2    69.7    87.0   0.317   0.301   0.286   0.258   0.283     6.6     6.6     6.7     6.5     5.5
54933 20190520  2.622  -99.13   45.71    13.2     0.9     7.0     7.9     0.0    24.23 C    27.4    -2.0     9.9    96.3    44.0    68.4   0.307   0.295   0.286   0.268   0.284     7.2     6.8     6.5     6.3     5.5
54933 20190521  2.622  -99.13   45.71    13.9     6.2    10.0     9.4    13.6    10.35 C    17.2     5.8     9.4    93.7    46.0    69.2   0.299   0.288   0.282   0.268   0.285     7.8     7.5     7.0     6.4     5.5
54933 20190522  2.622  -99.13   45.71    10.5     5.7     8.1     7.8     9.4     8.71 C    14.2     5.1     8.4    94.8    78.9    89.0   0.352   0.331   0.312   0.288   0.288     7.5     7.3     7.0     6.6     5.6
54933 20190523  2.622  -99.13   45.71    12.7     6.8     9.8     8.9     0.0     8.99 C    21.8     4.9     9.9    93.3    63.9    81.2   0.329   0.314   0.306   0.293   0.302     7.9     7.6     7.1     6.6     5.7
54933 20190524  2.622  -99.13   45.71    20.2     7.4    13.8    12.1     6.3    17.42 C    24.0     7.1    12.4    96.1    40.3    75.1   0.326   0.312   0.302   0.290   0.316     8.6     8.1     7.4     6.7     5.8
54933 20190525  2.622  -99.13   45.71    18.1     6.7    12.4    11.9     0.0    22.83 C    32.0     5.6    14.3    90.5    44.7    70.2   0.314   0.303   0.296   0.287   0.322     9.4     8.8     7.9     7.1     5.9
54933 20190526  2.622  -99.13   45.71    21.2     8.0    14.6    13.9     7.4    20.35 C    33.7     5.6    15.0    91.1    46.2    73.0   0.301   0.293   0.289   0.283   0.322    10.0     9.4     8.4     7.4     6.1
54933 20190527  2.622  -99.13   45.71    16.4     7.7    12.1    11.2     1.1    15.26 C    23.9     8.1    12.4    96.1    64.9    85.4   0.310   0.299   0.290   0.280   0.322    10.3     9.8     8.9     7.8     6.3
54933 20190528  2.622  -99.13   45.71    16.7     7.3    12.0    11.7     0.0    18.34 C    31.4     1.1    12.4    92.9    47.4    72.3   0.301   0.293   0.287   0.279   0.322    10.3     9.8     9.0     8.0     6.5
54933 20190529  2.622  -99.13   45.71    24.6     4.5    14.5    16.2     0.0    26.34 C    37.4     0.5    16.4    91.8    29.8    57.5   0.290   0.284   0.282   0.276   0.321    10.6     9.9     9.1     8.2     6.7
54933 20190530  2.622  -99.13   45.71    28.6    12.2    20.4    20.8     0.0    25.28 C    38.4     8.7    21.2    83.7    24.1    53.8   0.277   0.274   0.276   0.272   0.320    12.1    11.2     9.8     8.5     6.9
54933 20190531  2.622  -99.13   45.71    28.2    10.0    19.1    19.3     0.0    23.80 C    35.5     8.5    19.5    77.6    28.5    55.5   0.262   0.262   0.271   0.268   0.318    12.9    12.0    10.6     9.1     7.2
54933 20190601  2.622  -99.13   45.71    20.7     5.8    13.3    13.8     0.0    28.24 C    35.8     3.9    17.2    91.0    36.2    60.9   0.245   0.250   0.266   0.265   0.316    12.5    12.0    10.8     9.5     7.5
54933 20190602  2.622  -99.13   45.71    23.5     9.1    16.3    16.4     0.0    24.62 C    29.7     5.1    17.6    89.7    36.1    62.2   0.229   0.237   0.260   0.261   0.314    12.5    11.9    10.9     9.6     7.7
54933 20190603  2.622  -99.13   45.71    27.4    11.8    19.6    20.3     0.0    28.32 C    33.7    10.5    21.5    87.7    40.9    63.8   0.208   0.219   0.253   0.257   0.312    13.2    12.4    11.2     9.9     7.9
54933 20190604  2.622  -99.13   45.71    30.5    17.1    23.8    21.8     4.5    22.56 C    41.2    14.8    23.1    95.5    37.4    74.2   0.188   0.201   0.247   0.253   0.310    14.5    13.5    11.9    10.3     8.1
54933 20190605  2.622  -99.13   45.71    26.0    11.9    19.0    19.4     0.0    29.87 C    37.6     9.0    21.5    91.4    26.9    58.2   0.175   0.188   0.241   0.250   0.308    14.9    14.0    12.5    10.7     8.4
54933 20190606  2.622  -99.13   45.71    29.5    14.3    21.9    22.4     0.0    27.28 C    39.0    10.4    23.5    81.6    34.6    57.3   0.161   0.173   0.232   0.246   0.306    15.3    14.2    12.8    11.1     8.7
54933 20190607  2.622  -99.13   45.71    30.7    17.3    24.0    24.6     0.0    27.85 C    34.0    15.7    24.6    74.2    36.0    55.9   0.147   0.158   0.220   0.240   0.304    15.7    14.7    13.2    11.5     9.0
54933 20190608  2.622  -99.13   45.71    24.1    11.1    17.6    17.3     2.7    10.08 C    27.4    10.1    16.9    90.2    60.4    76.8   0.138   0.150   0.210   0.236   0.302    15.3    14.6    13.4    11.8     9.3
54933 20190609  2.622  -99.13   45.71    19.5     8.2    13.9    14.0     0.0    28.48 C    31.4     4.3    16.2    80.8    29.0    53.8   0.134   0.145   0.203   0.233   0.300    14.1    13.6    12.9    11.7     9.5
54933 20190610  2.622  -99.13   45.71    23.2     6.9    15.1    15.3     1.1    25.21 C    35.0     3.6    16.6    83.0    26.9    56.7   0.128   0.140   0.192   0.227   0.298    13.8    13.4    12.6    11.6     9.6
54933 20190611  2.622  -99.13   45.71    22.2    10.8    16.5    15.9     3.3    18.72 C    32.5     8.4    16.3    87.0    35.1    62.3   0.125   0.138   0.185   0.223   0.295    14.0    13.6    12.7    11.6     9.7
54933 20190612  2.622  -99.13   45.71    19.5     5.6    12.6    12.9     3.0    26.95 C    31.5     3.3    15.0    91.3    38.0    63.4   0.123   0.136   0.181   0.218   0.293    13.8    13.3    12.6    11.6     9.8
54933 20190613  2.622  -99.13   45.71    26.0     9.8    17.9    17.5     0.0    23.85 C    31.3     9.4    18.0    88.9    35.4    64.1   0.122   0.135   0.176   0.214   0.291    14.0    13.5    12.7    11.6     9.9
54933 20190614  2.622  -99.13   45.71    28.6    13.5    21.1    21.3     0.0    24.84 C    40.1    11.2    22.6    86.8    33.7    61.5   0.121   0.133   0.171   0.209   0.289    15.1    14.3    13.0    11.8     9.9
54933 20190615  2.622  -99.13   45.71    24.6    13.6    19.1    19.1     0.0    22.05 C    38.5    11.8    21.3    93.6    44.2    72.3   0.120   0.132   0.167   0.204   0.287    15.7    14.9    13.5    12.1    10.0
54933 20190616  2.622  -99.13   45.71    22.9    10.5    16.7    16.6     0.0    29.57 C    36.1     5.5    19.2    94.8    40.8    69.0   0.116   0.129   0.162   0.199   0.284    15.5    14.8    13.6    12.3    10.2
54933 20190617  2.622  -99.13   45.71    20.4     8.6    14.5    14.7     3.5    26.48 C    34.4     4.9    17.5    94.0    47.1    71.3   0.114   0.127   0.159   0.195   0.283    15.2    14.6    13.6    12.4    10.3
54933 20190618  2.622  -99.13   45.71    22.3     9.5    15.9    16.2     0.0    23.13 C    35.8     5.8    18.2    95.1    42.5    67.8   0.113   0.126   0.157   0.192   0.281    14.8    14.3    13.5    12.4    10.4
54933 20190619  2.622  -99.13   45.71    15.7    12.7    14.2    13.8     6.5     4.30 C    15.5    12.0    13.6    92.8    66.1    87.8   0.112   0.126   0.156   0.190   0.279    14.4    14.1    13.4    12.4    10.5
54933 20190620  2.622  -99.13   45.71    21.6    12.6    17.1    16.0     6.4    18.23 C    31.8    12.0    17.5    94.8    59.7    83.9   0.114   0.125   0.155   0.190   0.278    14.5    13.9    13.1    12.3    10.6
54933 20190621  2.622  -99.13   45.71    22.0    11.2    16.6    16.1    27.6    10.50 C    26.8     7.4    16.2    95.6    71.2    88.2   0.191   0.166   0.156   0.189   0.277    15.4    14.8    13.6    12.4    10.6
54933 20190622  2.622  -99.13   45.71    21.5     9.6    15.6    15.1     0.4    19.38 C    30.0     7.1    15.5    93.0    42.3    70.5   0.296   0.248   0.182   0.189   0.276    15.1    14.7    13.9    12.7    10.7
54933 20190623  2.622  -99.13   45.71    22.2    10.1    16.2    16.7     0.0    19.86 C    33.2     6.5    17.5    91.7    44.3    67.8   0.273   0.245   0.186   0.188   0.274    15.2    14.8    14.0    12.8    10.9
54933 20190624  2.622  -99.13   45.71    25.6    12.2    18.9    18.5     0.2    25.23 C    35.4    10.3    19.8    89.4    38.1    65.1   0.256   0.237   0.184   0.187   0.273    15.8    15.3    14.2    13.0    11.0
54933 20190625  2.622  -99.13   45.71    24.4    11.2    17.8    18.3     0.0    30.15 C    33.5    10.4    19.4    91.1    36.4    62.6   0.237   0.224   0.183   0.186   0.273    16.1    15.6    14.5    13.2    11.1
54933 20190626  2.622  -99.13   45.71    26.7    13.8    20.3    20.9     2.0    28.80 C    35.1    12.0    22.3    90.7    49.3    68.9   0.218   0.210   0.181   0.184   0.271    16.7    16.0    14.8    13.4    11.3
54933 20190627  2.622  -99.13   45.71    24.9    16.2    20.5    20.3    13.6    21.78 C    34.4    15.8    21.7    92.8    62.6    79.3   0.256   0.219   0.180   0.183   0.271    17.5    16.8    15.4    13.7    11.4
54933 20190628  2.622  -99.13   45.71    29.1    17.8    23.4    21.8     0.0    19.11 C    33.9    17.3    22.6    95.5    58.3    84.0   0.259   0.224   0.181   0.183   0.269    18.0    17.3    15.9    14.1    11.7
54933 20190629  2.622  -99.13   45.71    31.7    21.1    26.4    26.4     0.0    25.11 C    37.0    20.5    26.9    95.0    61.0    79.7   0.242   0.215   0.180   0.182   0.269    19.4    18.4    16.6    14.5    11.9
54933 20190630  2.622  -99.13   45.71    29.0    20.4    24.7    24.3     0.0    23.65 C    38.1    19.1    25.6    91.2    44.3    68.6   0.220   0.202   0.180   0.182   0.267    20.3    19.3    17.5    15.1    12.2
54933 20190701  2.622  -99.13   45.71    24.8    16.3    20.5    20.5     0.0    18.50 C    32.0    14.2    20.9    82.8    46.4    64.5   0.201   0.189   0.178   0.182   0.267    19.4    18.7    17.5    15.5    12.5
54933 20190702  2.622  -99.13   45.71    28.7    14.8    21.7    22.2     0.0    28.55 C    37.1    11.2    23.6    95.3    52.4    74.3   0.182   0.175   0.175   0.180   0.266    19.0    18.2    17.2    15.5    12.7
54933 20190703  2.622  -99.13   45.71    28.9    16.9    22.9    22.5     2.2    24.09 C    36.3    16.7    24.0    92.7    48.5    73.8   0.163   0.160   0.172   0.177   0.265    19.4    18.6    17.3    15.6    12.9
54933 20190704  2.622  -99.13   45.71    22.4    16.2    19.3    19.1     0.2    11.78 C    28.1    14.7    19.6    94.0    73.4    85.2   0.153   0.153   0.170   0.176   0.264    19.1    18.4    17.4    15.8    13.1
54933 20190705  2.622  -99.13   45.71    22.4    15.3    18.9    18.0     5.1    15.68 C    27.9    14.9    18.2    91.1    63.0    78.4   0.150   0.151   0.169   0.175   0.262    18.6    18.0    17.2    15.7    13.2
54933 20190706  2.622  -99.13   45.71    24.2    15.2    19.7    19.2     0.0    26.22 C    32.1    13.1    20.6    90.2    49.4    67.7   0.146   0.149   0.168   0.174   0.262    18.7    18.0    17.0    15.7    13.3
54933 20190707  2.622  -99.13   45.71    27.3    14.6    21.0    21.2     0.0    26.05 C    34.3    13.7    22.6    86.6    57.0    71.6   0.140   0.144   0.165   0.172   0.260    18.9    18.2    17.2    15.7    13.4
54933 20190708  2.622  -99.13   45.71    29.4    17.3    23.4    23.5     0.0    20.95 C    34.0    17.0    24.1    94.4    59.5    77.6   0.134   0.140   0.162   0.170   0.258    19.4    18.6    17.4    15.8    13.4
54933 20190709  2.622  -99.13   45.71    25.1    16.7    20.9    20.1    15.5    17.11 C    29.5    16.1    20.5    95.0    53.6    78.8   0.167   0.137   0.161   0.168   0.257    19.2    18.6    17.5    16.0    13.5
54933 20190710  2.622  -99.13   45.71    25.0    15.2    20.1    20.0     0.5    24.64 C    33.1    11.8    20.8    92.5    50.2    72.8   0.203   0.138   0.160   0.168   0.255    18.9    18.4    17.4    16.1    13.6
54933 20190711  2.622  -99.13   45.71    28.7    15.2    21.9    22.4     0.0    27.62 C    32.8    11.9    22.5    90.3    48.4    70.5   0.183   0.138   0.159   0.167   0.253    18.9    18.3    17.4    16.1    13.7
54933 20190712  2.622  -99.13   45.71    29.2    18.8    24.0    23.9     0.0    25.46 C    38.5    16.5    25.2    93.3    39.8    67.8   0.161   0.138   0.159   0.165   0.251    19.8    19.0    17.7    16.2    13.8
54933 20190713  2.622  -99.13   45.71    28.5    19.0    23.7    23.4     0.0    22.67 C    35.0    18.0    24.3    94.0    61.8    75.5   0.144   0.136   0.158   0.163   0.250    20.0    19.2    18.0    16.4    13.9
54933 20190714  2.622  -99.13   45.71    30.0    18.2    24.1    24.3     0.0    22.34 C    38.4    17.8    25.5    94.9    62.3    82.5   0.134   0.133   0.156   0.162   0.248    20.3    19.5    18.1    16.5    14.0
54933 20190715  2.622  -99.13   45.71    32.0    19.6    25.8    25.9     0.0    26.95 C    41.4    17.5    26.7    95.3    31.1    65.8   0.124   0.130   0.154   0.160   0.245    20.7    19.9    18.5    16.7    14.1
54933 20190716  2.622  -99.13   45.71    30.0    18.3    24.2    23.3     0.8    23.18 C    38.9    16.7    24.8    87.2    42.8    65.7   0.115   0.126   0.150   0.158   0.243    20.5    19.7    18.5    16.9    14.3
54933 20190717  2.622  -99.13   45.71    28.4    17.2    22.8    23.1     7.8    26.24 C    35.5    16.8    23.9    92.7    51.1    71.9   0.113   0.125   0.148   0.157   0.241    20.4    19.7    18.5    16.9    14.4
54933 20190718  2.622  -99.13   45.71    31.1    16.1    23.6    23.5     0.3    27.81 C    38.7    15.0    24.9    92.0    38.7    67.8   0.114   0.125   0.148   0.155   0.240    20.7    19.9    18.6    17.0    14.4
54933 20190719  2.622  -99.13   45.71    28.1    18.2    23.2    23.2    24.7    22.57 C    36.2    17.4    24.2    91.8    49.0    72.0   0.195   0.170   0.148   0.155   0.237    20.8    20.2    18.9    17.2    14.5
54933 20190720  2.622  -99.13   45.71    26.1    14.9    20.5    20.2     6.7    26.16 C    34.3    12.6    21.8    89.0    40.7    65.8   0.251   0.194   0.148   0.156   0.236    20.5    20.1    19.0    17.4    14.7
54933 20190721  2.622  -99.13   45.71    23.1    14.3    18.7    17.8     0.4    15.86 C    34.3    10.6    18.3    93.1    50.9    70.8   0.247   0.201   0.148   0.156   0.235    19.6    19.5    18.8    17.4    14.8
54933 20190722  2.622  -99.13   45.71    24.5    10.9    17.7    18.2     0.0    24.67 C    34.1     8.9    19.2    95.8    43.7    73.0   0.231   0.193   0.147   0.155   0.235    18.7    18.6    18.2    17.2    14.9
54933 20190723  2.622  -99.13   45.71    25.3    14.0    19.6    19.6     0.0    26.45 C    33.6    12.1    20.6    87.9    47.2    67.2   0.208   0.182   0.146   0.155   0.235    19.0    18.7    18.0    17.0    14.8
54933 20190724  2.622  -99.13   45.71    26.9    14.0    20.5    20.3     0.0    19.30 C    32.3    13.4    20.7    89.0    50.1    71.3   0.183   0.168   0.147   0.154   0.233    18.9    18.7    18.0    16.9    14.8
54933 20190725  2.622  -99.13   45.71    29.1    18.6    23.9    23.3     0.3    22.53 C    39.2    12.2    23.4    92.8    37.5    70.3   0.163   0.156   0.147   0.153   0.233    19.5    19.0    18.1    16.9    14.8
54933 20190726  2.622  -99.13   45.71    29.3    15.8    22.5    22.9     0.0    27.90 C    39.0    10.7    22.5    83.5    28.2    53.9   0.142   0.142   0.147   0.153   0.231    19.3    18.9    18.2    17.0    14.8
54933 20190727  2.622  -99.13   45.71    29.3    13.5    21.4    22.1     0.0    26.75 C    38.8     9.4    22.8    86.0    33.5    58.2   0.125   0.131   0.146   0.152   0.229    19.0    18.7    18.0    16.9    14.9
54933 20190728  2.622  -99.13   45.71    27.5    15.3    21.4    20.5     9.8    18.71 C    35.7    12.6    20.9    94.2    51.3    76.6   0.120   0.128   0.146   0.151   0.228    19.6    19.1    18.1    16.9    14.8
54933 20190729  2.622  -99.13   45.71    22.8    12.9    17.9    17.3     0.0    26.42 C    32.8    12.0    19.5    87.9    43.7    68.1   0.119   0.127   0.145   0.151   0.227    19.0    18.7    18.0    17.0    14.9
54933 20190730  2.622  -99.13   45.71    23.6    11.7    17.6    17.6     0.2    20.81 C    30.5    10.3    18.4    92.2    56.8    72.6   0.117   0.126   0.145   0.151   0.227    18.2    18.1    17.7    16.8    14.9
54933 20190731  2.622  -99.13   45.71    24.8    14.6    19.7    19.6     0.0    19.69 C    31.5    14.2    20.7    93.6    65.9    81.0   0.115   0.125   0.145   0.150   0.226    18.5    18.2    17.6    16.7    14.9
54933 20190801  2.622  -99.13   45.71    24.4    17.2    20.8    20.4     9.0     8.43 C    27.6    16.7    20.8    95.4    74.5    90.4   0.114   0.125   0.144   0.149   0.225    18.8    18.4    17.6    16.7    14.9
54933 20190802  2.622  -99.13   45.71    25.5    17.6    21.6    20.8     3.7    15.75 C    33.0    16.6    21.7    94.3    64.0    85.1   0.126   0.125   0.145   0.150   0.225    19.4    18.8    17.9    16.7    14.9
54933 20190803  2.622  -99.13   45.71    25.5    17.6    21.6    20.5     0.0    17.88 C    38.0    16.1    23.0    94.9    62.0    82.7   0.130   0.126   0.145   0.150   0.225    19.9    19.3    18.2    16.9    14.9
54933 20190804  2.622  -99.13   45.71    28.3    16.6    22.5    22.5     0.0    19.45 C    38.8    14.4    24.1    95.7    57.2    81.0   0.130   0.126   0.145   0.151   0.225    20.1    19.5    18.4    17.1    14.9
54933 20190805  2.622  -99.13   45.71    27.0    16.5    21.8    21.4     0.7    21.28 C    41.3    11.9    22.6    93.7    38.0    68.3   0.128   0.127   0.146   0.151   0.227    20.2    19.7    18.6    17.2    15.0
54933 20190806  2.622  -99.13   45.71    30.6    15.3    22.9    21.5    20.8    20.80 C    42.6     9.8    22.0    89.4    33.9    67.0   0.149   0.133   0.146   0.151   0.226    19.5    19.2    18.4    17.2    15.1
54933 20190807  2.622  -99.13   45.71    24.2    11.6    17.9    18.7     0.0    22.71 C    37.7     7.7    20.6    94.2    52.3    73.1   0.257   0.198   0.145   0.151   0.226    19.3    19.1    18.3    17.1    15.1
54933 20190808  2.622  -99.13   45.71    24.7    10.2    17.5    17.9     0.0    25.89 C    39.3     5.9    20.5    93.8    37.2    64.2   0.243   0.199   0.145   0.151   0.225    18.8    18.7    18.1    17.1    15.2
54933 20190809  2.622  -99.13   45.71    21.1    13.9    17.5    17.5    11.7     7.99 C    30.6    12.8    17.7    92.1    62.6    81.6   0.248   0.199   0.145   0.152   0.225    18.2    18.3    17.9    17.0    15.2
54933 20190810  2.622  -99.13   45.71    23.1    16.4    19.7    18.9     0.0    10.60 C    33.8    14.6    20.7    95.5    69.7    87.1   0.272   0.217   0.144   0.150   0.226    18.6    18.3    17.7    16.9    15.1
54933 20190811  2.622  -99.13   45.71    22.2    14.4    18.3    18.8     3.3     9.50 C    30.4    12.4    20.1    95.6    73.3    86.7   0.263   0.215   0.145   0.150   0.226    18.7    18.4    17.9    16.9    15.1
54933 20190812  2.622  -99.13   45.71    25.2    17.1    21.1    19.9     3.3    16.11 C    34.6    13.2    21.1    95.3    53.8    83.1   0.273   0.218   0.145   0.152   0.226    19.2    18.8    18.0    16.9    15.1
54933 20190813  2.622  -99.13   45.71    18.1    13.8    16.0    15.7     0.0    11.56 C    23.7    10.1    16.1    94.3    68.7    82.2   0.270   0.218   0.146   0.151   0.226    18.5    18.5    18.1    17.1    15.2
54933 20190814  2.622  -99.13   45.71    22.8    12.9    17.9    17.3     0.0    19.87 C    40.6     9.8    19.9    91.6    45.3    70.1   0.259   0.213   0.146   0.151   0.226    18.2    18.0    17.6    16.8    15.1
54933 20190815  2.622  -99.13   45.71    23.5    12.5    18.0    16.6     9.3    15.92 C    34.1     8.5    16.8    94.0    59.0    79.2   0.257   0.209   0.146   0.151   0.226    17.8    17.8    17.5    16.7    15.1
54933 20190816  2.622  -99.13   45.71    26.0    12.4    19.2    19.4     0.0    22.58 C    36.6     8.0    20.4    91.5    40.5    70.0   0.266   0.212   0.146   0.150   0.226    17.8    17.6    17.2    16.6    15.1
54933 20190817  2.622  -99.13   45.71    27.0    13.2    20.1    18.6     3.4    16.84 C    37.6    13.0    19.8    92.3    50.4    79.3   0.254   0.209   0.148   0.151   0.226    18.5    18.2    17.6    16.6    15.1
54933 20190818  2.622  -99.13   45.71    21.1     8.6    14.9    15.2     0.0    24.41 C    31.9     8.3    17.6    93.5    38.4    70.2   0.247   0.205   0.149   0.151   0.226    18.0    17.9    17.5    16.7    15.0
54933 20190819  2.622  -99.13   45.71    27.9    13.0    20.5    20.8     0.0    22.86 C    38.7    12.1    23.0    91.4    57.7    78.1   0.234   0.199   0.150   0.151   0.226    18.5    18.2    17.5    16.6    15.0
54933 20190820  2.622  -99.13   45.71    24.9    13.4    19.2    20.6     0.0    23.50 C    37.0     9.5    22.4    95.0    48.5    75.9   0.220   0.192   0.152   0.150   0.225    19.6    19.1    18.2    16.9    15.1
54933 20190821  2.622  -99.13   45.71    24.1    12.3    18.2    18.0     0.0    23.43 C    36.1     8.7    19.9    92.9    37.9    64.3   0.201   0.181   0.153   0.151   0.225    18.8    18.6    18.1    17.0    15.2
54933 20190822  2.622  -99.13   45.71    24.4    11.7    18.0    18.2     0.0    22.49 C    35.1    10.2    19.8    86.6    53.0    69.1   0.185   0.171   0.153   0.151   0.225    18.3    18.2    17.8    17.0    15.2
54933 20190823  2.622  -99.13   45.71    24.6    12.8    18.7    18.1     0.0    15.19 C    33.0    12.1    19.2    90.9    63.0    77.3   0.172   0.164   0.153   0.150   0.225    18.1    17.9    17.6    16.9    15.2
54933 20190824  2.622  -99.13   45.71    24.4    15.6    20.0    19.0     0.0    11.08 C    28.8    15.1    19.5    94.7    59.2    82.3   0.164   0.160   0.153   0.150   0.225    18.1    17.9    17.5    16.7    15.2
54933 20190825  2.622  -99.13   45.71    22.1    16.6    19.4    18.7     0.3     5.17 C    24.1    15.9    18.9    95.4    78.7    89.4   0.159   0.158   0.153   0.151   0.224    18.0    17.7    17.4    16.7    15.1
54933 20190826  2.622  -99.13   45.71    23.4    12.8    18.1    17.7     0.0    19.00 C    33.3    11.1    18.2    94.2    44.0    70.4   0.154   0.154   0.153   0.151   0.224    17.8    17.7    17.3    16.6    15.1
54933 20190827  2.622  -99.13   45.71    19.6     9.7    14.6    14.3     0.0    18.36 C    25.1     7.7    14.6    86.7    44.6    65.7   0.144   0.147   0.152   0.150   0.224    16.8    17.0    16.9    16.5    15.1
54933 20190828  2.622  -99.13   45.71    23.9     8.1    16.0    15.9     0.0    23.08 C    34.0     6.4    17.5    90.0    32.7    63.8   0.135   0.141   0.150   0.150   0.223    16.4    16.4    16.4    16.1    15.0
54933 20190829  2.622  -99.13   45.71    21.3    10.5    15.9    16.0     0.0    21.21 C    31.5     4.3    16.1    85.4    39.7    60.9   0.127   0.135   0.148   0.149   0.223    16.4    16.5    16.3    15.9    14.9
54933 20190830  2.622  -99.13   45.71    22.4     8.2    15.3    15.6     0.0    16.27 C    36.1     3.4    16.2    95.5    43.6    71.7   0.120   0.130   0.146   0.148   0.222    15.7    15.9    15.9    15.7    14.8
54933 20190831  2.622  -99.13   45.71    16.7    12.3    14.5    14.3     4.0     6.01 C    19.1    11.9    14.6    95.3    73.5    89.1   0.118   0.128   0.146   0.147   0.221    15.9    16.0    15.9    15.6    14.7
54933 20190901  2.622  -99.13   45.71    24.6    14.5    19.6    18.3     0.0    19.61 C    35.1    12.4    20.8    95.7    54.7    80.9   0.119   0.129   0.145   0.148   0.221    16.9    16.4    15.9    15.5    14.5
54933 20190902  2.622  -99.13   45.71    20.6    13.5    17.1    17.1     0.0     8.16 C    22.7    13.1    17.5    95.4    74.9    89.4   0.118   0.129   0.145   0.148   0.221    17.0    16.8    16.3    15.6    14.5
54933 20190903  2.622  -99.13   45.71    21.7     9.3    15.5    16.5     0.0    20.23 C    30.1     5.8    16.9    95.6    45.5    73.1   0.117   0.128   0.145   0.148   0.220    17.0    16.8    16.3    15.7    14.5
54933 20190904  2.622  -99.13   45.71    24.4     7.9    16.1    16.5     0.0    21.12 C    31.9     3.9    17.3    95.3    47.5    74.2   0.113   0.125   0.144   0.148   0.220    16.0    16.0    16.0    15.6    14.5
54933 20190905  2.622  -99.13   45.71    28.8    13.2    21.0    20.2     0.0    21.32 C    37.1     8.7    20.8    95.5    31.8    69.4   0.110   0.123   0.143   0.147   0.219    17.0    16.6    16.0    15.5    14.5
54933 20190906  2.622  -99.13   45.71    26.7    10.4    18.6    17.9     0.0    19.19 C    41.5     7.3    19.5    96.1    39.8    72.9   0.106   0.120   0.142   0.147   0.218    16.8    16.6    16.1    15.6    14.5
54933 20190907  2.622  -99.13   45.71    15.5     8.2    11.9    11.5    49.6     1.35 C    14.2     8.5    11.5    95.2    67.1    90.5   0.229   0.172   0.141   0.146   0.219    15.4    15.9    16.0    15.6    14.5
54933 20190908  2.622  -99.13   45.71    12.4     8.9    10.7    10.8     8.3     5.35 C    14.5     9.0    11.4    95.2    92.3    94.1   0.342   0.306   0.211   0.145   0.219    13.8    14.1    14.6    15.0    14.4
54933 20190909  2.622  -99.13   45.71    20.1    12.0    16.0    15.0    19.7     6.01 C    21.2    12.1    15.2    95.9    85.7    94.1   0.347   0.318   0.287   0.189   0.217    14.4    14.3    14.4    14.6    14.2
54933 20190910  2.622  -99.13   45.71    22.7    11.8    17.3    16.9     0.0    16.20 C    29.4    11.2    17.8    95.6    46.7    79.3   0.320   0.301   0.292   0.271   0.217    15.5    15.1    14.7    14.5    14.0
54933 20190911  2.622  -99.13   45.71    19.9    10.9    15.4    14.3    14.2     9.98 C    29.2    10.4    15.3    95.3    67.2    86.4   0.303   0.288   0.283   0.271   0.218    15.7    15.5    15.2    14.8    14.0
54933 20190912  2.622  -99.13   45.71    13.4     9.0    11.2    11.2    11.4     6.73 C    20.7     8.8    12.1    95.5    85.1    92.6   0.352   0.322   0.301   0.283   0.217    15.0    15.1    15.0    14.8    14.0
54933 20190913  2.622  -99.13   45.71    16.8     8.4    12.6    11.7     0.0    11.31 C    21.2     7.5    11.7    93.2    60.8    80.8   0.327   0.308   0.298   0.290   0.218    14.4    14.5    14.6    14.7    14.0
54933 20190914  2.622  -99.13   45.71    24.0     7.5    15.7    16.7     0.0    14.41 C    30.4     5.6    16.2    96.0    42.2    72.3   0.310   0.293   0.288   0.284   0.219    14.7    14.6    14.5    14.5    14.0
54933 20190915  2.622  -99.13   45.71    28.9    14.6    21.7    21.3     0.0    19.20 C    32.6    12.1    20.7    92.8    41.4    70.9   0.296   0.283   0.281   0.279   0.221    15.9    15.5    14.9    14.5    13.9
54933 20190916  2.622  -99.13   45.71    29.6    16.7    23.2    21.8     0.0    15.50 C    32.5    16.0    21.6    94.6    51.7    80.5   0.286   0.275   0.275   0.275   0.228    17.0    16.5    15.6    14.9    14.0
54933 20190917  2.622  -99.13   45.71    29.2    18.1    23.7    23.4     0.0    17.73 C    32.0    17.2    23.0    93.6    50.1    72.5   0.277   0.268   0.271   0.271   0.236    17.8    17.2    16.3    15.3    14.1
54933 20190918  2.622  -99.13   45.71    26.0    12.2    19.1    18.7     0.0    18.36 C    29.5     8.9    17.7    88.2    42.5    67.6   0.266   0.260   0.267   0.268   0.242    17.5    17.2    16.6    15.6    14.3
54933 20190919  2.622  -99.13   45.71    25.7    13.1    19.4    19.5     0.0    18.09 C    29.7     7.8    18.6    93.6    49.4    71.5   0.255   0.252   0.262   0.264   0.246    16.7    16.6    16.3    15.7    14.4
54933 20190920  2.622  -99.13   45.71    28.8    17.9    23.3    22.8     0.0    14.99 C    31.2    17.1    22.6    94.5    52.4    77.4   0.245   0.245   0.258   0.261   0.249    17.6    17.1    16.4    15.7    14.5
54933 20190921  2.622  -99.13   45.71    23.0    10.7    16.8    17.2     3.7    15.16 C    26.1     9.4    17.2    95.5    60.1    79.8   0.237   0.239   0.256   0.259   0.251    17.7    17.4    16.8    15.9    14.6
54933 20190922  2.622  -99.13   45.71    20.3     8.2    14.3    13.3     0.0    16.45 C    27.5     6.4    13.2    94.6    38.6    70.5   0.230   0.234   0.252   0.257   0.253    16.3    16.4    16.3    15.9    14.7
54933 20190923  2.622  -99.13   45.71    23.8     8.4    16.1    16.0     0.0    17.89 C    28.0     2.9    15.1    90.8    30.5    62.9   0.221   0.226   0.248   0.254   0.254    15.6    15.7    15.8    15.7    14.7
54933 20190924  2.622  -99.13   45.71    23.3     9.6    16.4    16.1     0.2     9.88 C    27.0     8.3    15.1    88.6    34.8    65.8   0.212   0.219   0.245   0.251   0.254    15.6    15.7    15.6    15.5    14.6
54933 20190925  2.622  -99.13   45.71    17.5     6.5    12.0    11.4     0.0    16.50 C    21.1     4.9    11.3    90.1    34.4    66.7   0.202   0.213   0.242   0.249   0.255    14.8    15.1    15.3    15.3    14.5
54933 20190926  2.622  -99.13   45.71    20.4     5.9    13.1    12.8     1.6     8.99 C    22.4     4.2    11.8    85.9    38.8    66.5   0.193   0.205   0.239   0.247   0.256    13.9    14.3    14.7    14.9    14.4
54933 20190927  2.622  -99.13   45.71    11.9     4.0     7.9     8.8     0.2     7.06 C    18.1    -0.6     8.7    93.1    67.6    81.2   0.188   0.201   0.236   0.244   0.257    13.8    14.1    14.4    14.6    14.3
54933 20190928  2.622  -99.13   45.71    10.9     1.8     6.4     7.0     0.4     6.81 C    14.1    -1.8     6.0    95.8    55.7    78.5   0.185   0.199   0.235   0.243   0.257    12.2    12.9    13.7    14.2    14.1
54933 20190929  2.622  -99.13   45.71    16.1     6.9    11.5    10.6    13.2     2.76 C    15.9     6.9    10.7    95.8    79.4    94.3   0.188   0.198   0.233   0.241   0.257    12.2    12.5    13.1    13.7    13.9
54933 20190930  2.622  -99.13   45.71    17.1     6.4    11.7    11.7     3.0     7.51 C    21.5     6.7    12.3    96.7    70.0    87.8   0.297   0.260   0.233   0.241   0.257    13.3    13.3    13.3    13.6    13.6
54933 20191001  2.622  -99.13   45.71     8.1     4.0     6.0     5.9     0.0     7.20 C    13.2     4.5     7.4    86.9    69.9    78.2   0.288   0.273   0.243   0.243   0.258    12.4    12.8    13.2    13.5    13.5
54933 20191002  2.622  -99.13   45.71     4.0     1.6     2.8     2.8     3.7     1.60 C     6.1     1.7     3.8    95.1    82.7    90.6   0.282   0.269   0.251   0.245   0.257    11.1    11.7    12.5    13.1    13.3
54933 20191003  2.622  -99.13   45.71     6.5     0.1     3.3     3.4     0.0     7.77 C    13.6     0.7     5.2    96.3    69.4    84.5   0.285   0.272   0.255   0.245   0.257    10.4    10.9    11.7    12.6    13.1
54933 20191004  2.622  -99.13   45.71     9.4     3.0     6.2     5.9     2.0     6.22 C    12.0     2.9     6.4    95.2    72.3    83.2   0.281   0.270   0.257   0.248   0.257    10.2    10.7    11.4    12.2    12.8
54933 20191005  2.622  -99.13   45.71    12.9     6.2     9.6     8.6    13.5     6.51 C    13.0     4.2     8.0    96.0    56.0    82.6   0.321   0.297   0.268   0.250   0.258    10.4    10.7    11.2    11.9    12.6
54933 20191006  2.622  -99.13   45.71    16.7     4.6    10.7     9.5     0.0    13.35 C    18.6     1.4     8.5    82.3    31.5    61.0   0.313   0.296   0.281   0.265   0.257    10.2    10.6    11.1    11.7    12.4
54933 20191007  2.622  -99.13   45.71    18.5     3.2    10.8    10.3     0.0    15.03 C    22.1    -1.6     9.1    80.7    31.0    59.1   0.298   0.286   0.277   0.268   0.258    10.2    10.6    11.0    11.6    12.1
54933 20191008  2.622  -99.13   45.71    19.7     4.0    11.8    10.9     0.0    13.33 C    23.4     2.9    10.6    90.7    43.1    73.0   0.289   0.278   0.273   0.267   0.259    10.6    10.8    11.0    11.5    12.0
54933 20191009  2.622  -99.13   45.71    10.3     1.9     6.1     6.8     0.0     3.55 C    12.9     2.3     7.3    95.6    85.2    91.4   0.283   0.273   0.270   0.267   0.261    10.7    11.0    11.1    11.5    11.9
54933 20191010  2.622  -99.13   45.71     1.9    -2.7    -0.4    -0.3    10.2     4.87 C     2.3    -3.0    -0.4    95.1    79.3    89.8   0.277   0.269   0.267   0.265   0.262     9.1     9.9    10.7    11.4    11.8
54933 20191011  2.622  -99.13   45.71     0.1    -3.1    -1.5    -1.9     0.3     7.95 C    -1.3    -3.6    -2.8    91.8    68.8    82.4   0.285   0.269   0.265   0.264   0.264     7.6     8.6     9.7    10.9    11.6
54933 20191012  2.622  -99.13   45.71    -0.8    -1.8    -1.3    -1.3     0.7     4.35 C    -1.3    -2.5    -1.9    92.2    73.8    87.7   0.292   0.272   0.266   0.263   0.264     7.0     8.0     9.1    10.3    11.4
54933 20191013  2.622  -99.13   45.71     2.1    -2.8    -0.4     0.0     0.0     9.71 C     2.3    -5.4    -1.1    89.8    70.5    80.5   0.300   0.275   0.266   0.262   0.266     6.7     7.6     8.6     9.9    11.1
54933 20191014  2.622  -99.13   45.71     9.2    -3.5     2.8     2.3     0.0    13.75 C    13.6    -5.5     1.5    90.9    53.7    77.8   0.322   0.289   0.273   0.267   0.267     6.3     7.1     8.1     9.5    10.8
54933 20191015  2.622  -99.13   45.71     5.1    -0.1     2.5     2.7     0.0     3.61 C     8.2    -3.5     2.5    90.9    72.6    83.3   0.327   0.298   0.282   0.276   0.269     6.2     6.8     7.7     9.0    10.4
54933 20191016  2.622  -99.13   45.71     8.9    -0.9     4.0     3.5     0.0    10.34 C    15.9    -4.0     4.0    90.9    57.5    76.5   0.330   0.299   0.286   0.280   0.278     6.2     6.7     7.6     8.7    10.1
54933 20191017  2.622  -99.13   45.71    15.6    -1.5     7.0     6.6     0.0    11.91 C    19.5    -1.9     6.8    96.7    48.5    78.5   0.325   0.294   0.285   0.281   0.303     6.4     6.9     7.5     8.6     9.9
54933 20191018  2.622  -99.13   45.71    15.8     4.9    10.3     9.6     0.0    11.90 C    20.9     2.3     9.5    93.2    41.2    72.0   0.311   0.287   0.279   0.277   0.310     7.8     7.9     8.0     8.6     9.7
54933 20191019  2.622  -99.13   45.71    14.3     2.5     8.4     7.3     0.0    12.95 C    16.8    -3.3     5.5    79.1    29.0    55.9   0.299   0.280   0.275   0.274   0.311     7.8     8.1     8.4     8.8     9.6
54933 20191020  2.622  -99.13   45.71     8.8     4.5     6.6     6.6    12.4     1.83 C     8.6    -3.5     4.6    94.1    39.2    70.6   0.297   0.276   0.271   0.274   0.310     7.2     7.7     8.2     8.8     9.5
54933 20191021  2.622  -99.13   45.71     6.5     0.8     3.7     4.7    13.9     1.50 C     6.3    -0.6     4.2    94.3    74.6    86.8   0.356   0.322   0.296   0.286   0.311     7.2     7.6     8.1     8.7     9.5
54933 20191022  2.622  -99.13   45.71     8.1    -1.8     3.2     2.2     0.0    12.28 C    11.0    -6.4     1.5    85.9    46.0    69.4   0.328   0.305   0.294   0.292   0.318     6.5     7.1     7.7     8.5     9.4
54933 20191023  2.622  -99.13   45.71     3.1    -3.2     0.0    -0.2     0.0     7.79 C     8.9    -6.9     0.2    87.1    51.1    73.0   0.314   0.294   0.286   0.288   0.322     6.0     6.6     7.4     8.3     9.3
54933 20191024  2.622  -99.13   45.71     6.1    -5.0     0.6     0.1     0.0     8.11 C    12.9    -7.9    -0.1    93.4    59.6    80.9   0.305   0.286   0.281   0.284   0.323     5.4     6.1     7.0     8.0     9.2
54933 20191025  2.622  -99.13   45.71    15.4    -1.3     7.0     5.9     0.0    11.72 C    18.4    -3.6     5.1    86.4    36.4    63.3   0.299   0.281   0.277   0.281   0.323     5.6     6.1     6.7     7.8     9.0
54933 20191026  2.622  -99.13   45.71    12.2     0.1     6.1     4.4     0.0    10.77 C    16.5    -1.3     4.8    89.9    48.6    71.7   0.294   0.277   0.274   0.277   0.322     6.2     6.6     7.0     7.7     8.8
54933 20191027  2.622  -99.13   45.71     0.6    -7.9    -3.7    -2.5     0.0     6.34 C     3.9    -9.9    -2.3    76.8    51.0    65.1   0.289   0.273   0.271   0.276   0.322     5.6     6.3     6.9     7.7     8.7
54933 20191028  2.622  -99.13   45.71     3.9   -11.5    -3.8    -3.7     0.0    10.79 C     8.9   -12.6    -3.2    86.9    42.4    65.0   0.285   0.269   0.268   0.273   0.320     4.1     5.1     6.2     7.4     8.6
54933 20191029  2.622  -99.13   45.71    -2.3    -9.6    -6.0    -5.5     0.0    10.99 C     2.5   -10.1    -4.6    81.5    39.5    59.3   0.282   0.266   0.265   0.270   0.318     3.6     4.6     5.7     7.0     8.4
54933 20191030  2.622  -99.13   45.71     0.0   -10.4    -5.2    -5.9     0.0    10.75 C     5.7   -14.1    -6.3    84.2    30.8    61.2   0.279   0.264   0.262   0.268   0.317     3.0     4.0     5.2     6.6     8.2
54933 20191031  2.622  -99.13   45.71     4.3   -10.1    -2.9    -2.0     0.0     8.15 C     9.2   -15.3    -2.9    89.1    27.9    60.4   0.276   0.261   0.260   0.266   0.315     2.4     3.4     4.7     6.2     7.9
54933 20191101  2.622  -99.13   45.71     3.6     0.2     1.9     1.6     0.0     4.61 C     6.0    -1.5     1.2    88.1    52.2    74.9   0.275   0.260   0.259   0.264   0.314     3.0     3.7     4.5     5.9     7.7
54933 20191102  2.622  -99.13   45.71     7.2    -5.3     1.0     1.4     0.0     8.62 C    12.9    -8.0     1.0    92.3    35.0    66.4   0.274   0.259   0.257   0.262   0.313     3.5     4.1     4.7     5.8     7.5
54933 20191103  2.622  -99.13   45.71     6.1    -4.1     1.0     0.9     0.0     5.76 C    10.8    -8.5     0.4    93.9    56.4    77.1   0.273   0.258   0.256   0.261   0.312     3.5     4.1     4.8     5.8     7.3
54933 20191104  2.622  -99.13   45.71     0.4   -11.7    -5.6    -3.4     0.7     6.06 C     2.3   -16.0    -4.4    93.7    60.3    81.2   0.271   0.257   0.255   0.261   0.311     3.6     4.2     4.8     5.8     7.2
54933 20191105  2.622  -99.13   45.71    -3.1   -11.9    -7.5    -6.5     0.0     4.21 C     4.1   -16.3    -6.7    92.9    72.5    81.9   0.269   0.255   0.254   0.260   0.310     2.4     3.3     4.4     5.6     7.1
54933 20191106  2.622  -99.13   45.71    -3.4   -13.8    -8.6    -7.9     0.2     6.58 C    -1.1   -18.2    -8.2    91.7    47.0    72.9   0.268   0.253   0.252   0.259   0.309     2.0     2.8     3.9     5.3     6.9
54933 20191107  2.622  -99.13   45.71    -2.7   -15.0    -8.9    -9.0     0.0     5.95 C     4.0   -19.2    -9.4    91.1    63.5    79.2   0.266   0.251   0.251   0.258   0.308     1.4     2.3     3.5     4.9     6.7
54933 20191108  2.622  -99.13   45.71     8.5    -9.9    -0.7    -1.3     0.0     6.46 C    12.6   -10.3    -1.5    92.0    37.9    74.4   0.265   0.250   0.249   0.256   0.308     1.1     1.9     3.1     4.6     6.5
54933 20191109  2.622  -99.13   45.71     6.4    -1.0     2.7     2.5     0.2     4.85 C    12.1    -4.1     2.5    93.2    66.1    81.1   0.264   0.249   0.248   0.255   0.306     1.2     1.9     2.9     4.4     6.2
54933 20191110  2.622  -99.13   45.71    -0.3   -14.1    -7.2    -9.0     2.1     4.22 C    -0.1   -15.7    -8.4    94.4    69.6    81.5   0.264   0.249   0.248   0.253   0.305     1.5     2.2     3.0     4.3     6.0
54933 20191111  2.622  -99.13   45.71   -13.2   -20.3   -16.8   -16.3     0.0     8.42 C   -10.1   -25.9   -18.2    84.4    63.2    73.5   0.263   0.248   0.247   0.254   0.305     1.3     2.0     2.9     4.2     5.9
54933 20191112  2.622  -99.13   45.71    -3.5   -20.0   -11.8   -10.9     0.0     6.89 C    -4.2   -23.4   -11.6    83.9    70.8    79.0   0.255   0.247   0.246   0.253   0.304     0.7     1.5     2.6     4.0     5.8
54933 20191113  2.622  -99.13   45.71    -0.4   -12.2    -6.3    -4.0     0.0     7.51 C     0.4   -15.9    -5.5    85.5    56.9    76.0   0.251   0.245   0.245   0.251   0.303     0.5     1.3     2.3     3.8     5.6
54933 20191114  2.622  -99.13   45.71     7.4   -14.0    -3.3    -1.4     0.0     7.66 C     8.8   -17.7    -3.0    89.3    61.2    81.1   0.250   0.244   0.244   0.251   0.302     0.5     1.2     2.2     3.6     5.4
54933 20191115  2.622  -99.13   45.71     5.6    -3.4     1.1     0.0     0.0     6.53 C     7.7    -5.8    -0.6    96.9    72.2    91.8   0.252   0.243   0.243   0.250   0.302     0.6     1.2     2.1     3.5     5.3
54933 20191116  2.622  -99.13   45.71     7.5    -3.3     2.1     2.4     0.0     2.38 C     6.9    -4.7     1.5    95.9    65.5    84.4   0.254   0.244   0.243   0.249   0.300     0.8     1.4     2.1     3.4     5.1
54933 20191117  2.622  -99.13   45.71     6.3     0.8     3.6     2.6     0.0     5.19 C    12.6    -0.7     2.8    89.7    58.2    79.5   0.260   0.244   0.243   0.249   0.300     1.1     1.7     2.3     3.4     5.0
54933 20191118  2.622  -99.13   45.71     9.3    -0.5     4.4     4.2     1.9     3.73 C    10.5    -2.2     2.9    93.0    72.7    84.7   0.264   0.246   0.243   0.248   0.299     2.2     2.5     2.7     3.6     5.0
54933 20191119  2.622  -99.13   45.71     5.0    -2.5     1.3     0.8     0.0     5.52 C    13.1    -4.1     0.7    93.1    65.9    81.9   0.268   0.249   0.243   0.249   0.298     2.5     2.8     3.1     3.8     5.0
54933 20191120  2.622  -99.13   45.71     2.4    -1.9     0.3     0.4     0.0     2.06 C     4.8    -1.6     0.6    96.2    87.9    93.2   0.268   0.251   0.244   0.249   0.298     2.5     2.8     3.2     3.9     5.1
54933 20191121  2.622  -99.13   45.71    -1.9    -8.7    -5.3    -5.5     0.0     7.69 C     0.6   -14.0    -5.9    93.4    53.7    75.4   0.267   0.251   0.245   0.249   0.298     2.1     2.6     3.2     3.9     5.1
54933 20191122  2.622  -99.13   45.71     5.5    -8.3    -1.4    -1.9     0.0     7.96 C     6.5   -13.9    -3.5    80.2    41.2    65.3   0.265   0.250   0.244   0.249   0.298     1.3     2.0     2.8     3.9     5.1
54933 20191123  2.622  -99.13   45.71     8.5    -3.2     2.6     2.2     0.0     5.48 C    11.0    -4.7     0.7    89.8    46.4    67.6   0.264   0.249   0.244   0.247   0.298     1.1     1.7     2.5     3.6     5.0
54933 20191124  2.622  -99.13   45.71    13.8     1.4     7.6     6.2     0.0     5.84 C    16.2    -1.9     4.8    76.0    33.5    58.2   0.263   0.248   0.244   0.247   0.297     1.5     1.9     2.5     3.5     4.9
54933 20191125  2.622  -99.13   45.71     4.8    -1.3     1.8     1.3     0.0     1.79 C     4.4    -2.4     0.6    88.6    63.6    73.1   0.263   0.249   0.244   0.247   0.298     2.2     2.6     2.9     3.6     4.8
54933 20191126  2.622  -99.13   45.71    -0.7    -3.4    -2.1    -2.0     0.0     1.40 C     1.7    -4.1    -1.8    77.9    62.0    68.0   0.263   0.248   0.243   0.246   0.297     1.9     2.4     2.9     3.7     4.8
54933 20191127  2.622  -99.13   45.71    -1.9    -8.3    -5.1    -4.2     0.0     4.30 C     3.9   -11.9    -3.5    86.1    58.3    75.6   0.262   0.247   0.243   0.246   0.297     1.6     2.1     2.7     3.7     4.8
54933 20191128  2.622  -99.13   45.71    -4.5    -7.4    -6.0    -6.0     0.4     1.00 C    -4.0    -6.7    -5.3    93.3    80.5    86.7   0.261   0.246   0.243   0.246   0.296     1.2     1.7     2.5     3.5     4.7
54933 20191129  2.622  -99.13   45.71    -2.2    -4.5    -3.4    -3.3     6.7     1.05 C    -1.5    -4.3    -3.0    95.1    92.7    94.3   0.259   0.246   0.242   0.246   0.296     0.9     1.5     2.2     3.3     4.6
54933 20191130  2.622  -99.13   45.71    -2.9    -5.3    -4.1    -3.4     4.7     3.52 C    -2.9    -5.5    -3.5    94.6    88.7    92.4   0.259   0.245   0.241   0.246   0.295     0.9     1.4     2.1     3.2     4.5
54933 20191201  2.622  -99.13   45.71    -5.2   -12.9    -9.0    -7.9     0.2     5.90 C    -5.4   -17.6    -9.4    91.1    78.0    85.6   0.258   0.244   0.242   0.245   0.295     0.9     1.4     2.1     3.1     4.4
54933 20191202  2.622  -99.13   45.71    -0.8   -14.3    -7.5    -7.3     0.0     4.79 C    -4.2   -18.9    -9.8    91.9    76.9    85.9   0.258   0.244   0.241   0.245   0.295     1.0     1.5     2.0     3.0     4.4
54933 20191203  2.622  -99.13   45.71     1.0    -4.3    -1.7    -0.9     0.0     6.87 C    -1.1    -7.3    -3.6    84.8    75.1    79.3   0.257   0.243   0.240   0.245   0.294     1.1     1.5     2.1     3.0     4.3
54933 20191204  2.622  -99.13   45.71     0.2    -5.2    -2.5    -2.7     0.0     6.89 C    -1.4    -9.4    -5.9    94.5    80.8    86.5   0.257   0.243   0.240   0.245   0.293     1.2     1.6     2.1     3.0     4.2
54933 20191205  2.622  -99.13   45.71    -0.2    -4.9    -2.5    -2.9     0.0     5.04 C    -0.9    -7.9    -4.5    89.4    74.5    83.1   0.257   0.242   0.239   0.244   0.293     1.4     1.7     2.2     3.0     4.2
54933 20191206  2.622  -99.13   45.71    -2.4    -8.4    -5.4    -5.2     0.0     3.99 C    -2.7   -12.0    -6.2    94.1    78.6    88.7   0.257   0.242   0.240   0.244   0.294     1.5     1.8     2.3     3.1     4.2
54933 20191207  2.622  -99.13   45.71    -0.3    -8.3    -4.3    -4.0     0.0     4.40 C    -3.4   -13.2    -6.6    93.6    78.8    88.7   0.256   0.242   0.239   0.244   0.293     1.6     1.9     2.3     3.1     4.2
54933 20191208  2.622  -99.13   45.71    -1.2   -16.5    -8.8    -8.7     2.2     3.26 C    -2.8   -15.9    -9.3    95.9    79.7    87.7   0.256   0.242   0.239   0.245   0.293     1.6     1.9     2.4     3.1     4.2
54933 20191209  2.622  -99.13   45.71    -9.7   -21.9   -15.8   -15.6     0.0     5.32 C   -10.4   -24.1   -16.3    84.1    73.4    80.3   0.256   0.242   0.239   0.244   0.293     1.5     1.9     2.3     3.1     4.2
54933 20191210  2.622  -99.13   45.71   -12.9   -24.5   -18.7   -18.5     0.0     6.60 C   -13.9   -28.1   -20.0    80.2    73.9    77.1   0.256   0.241   0.239   0.242   0.292     1.3     1.7     2.2     3.0     4.1
54933 20191211  2.622  -99.13   45.71   -14.1   -25.0   -19.5   -18.8     0.0     5.73 C   -14.0   -29.3   -20.3    83.8    74.2    78.9   0.255   0.240   0.238   0.243   0.292     1.2     1.5     2.1     3.0     4.1
54933 20191212  2.622  -99.13   45.71   -12.6   -16.0   -14.3   -14.4     0.0     3.52 C   -11.4   -15.5   -13.3    88.5    81.2    84.7   0.254   0.240   0.238   0.243   0.293     1.0     1.3     2.0     2.8     4.0
54933 20191213  2.622  -99.13   45.71    -3.5   -15.9    -9.7   -10.1     0.0     3.35 C    -3.5   -17.6   -10.4    93.4    79.5    86.3   0.254   0.239   0.238   0.242   0.291     0.9     1.2     1.8     2.7     4.0
54933 20191214  2.622  -99.13   45.71   -15.9   -21.4   -18.7   -18.7     0.0     5.66 C   -12.4   -23.9   -19.0    82.3    76.3    80.3   0.253   0.239   0.237   0.241   0.291     0.8     1.2     1.8     2.7     3.9
54933 20191215  2.622  -99.13   45.71    -5.4   -17.9   -11.7   -10.7     0.0     4.18 C    -6.0   -16.8   -10.7    88.8    81.9    85.7   0.246   0.238   0.237   0.241   0.292     0.8     1.1     1.7     2.6     3.8
54933 20191216  2.622  -99.13   45.71    -5.4   -10.6    -8.0    -8.0     0.0     6.07 C    -5.5   -12.7    -9.7    89.4    79.6    85.5   0.243   0.237   0.236   0.241   0.291     0.7     1.0     1.6     2.5     3.7
54933 20191217  2.622  -99.13   45.71    -7.7   -15.7   -11.7   -10.3     0.0     5.92 C    -7.1   -17.0   -11.2    88.0    75.8    81.7   0.242   0.237   0.236   0.240   0.291     0.7     0.9     1.5     2.4     3.7
54933 20191218  2.622  -99.13   45.71    -1.2   -16.5    -8.9    -8.2     0.0     5.38 C    -3.5   -18.1   -10.2    88.9    66.6    79.5   0.242   0.237   0.236   0.240   0.290     0.6     0.9     1.5     2.4     3.6
54933 20191219  2.622  -99.13   45.71    -4.7   -12.4    -8.6    -8.2     0.0     5.36 C    -6.7   -14.2   -10.0    89.4    75.0    85.7   0.242   0.236   0.235   0.240   0.291     0.6     0.8     1.4     2.3     3.5
54933 20191220  2.622  -99.13   45.71    -3.1   -12.3    -7.7    -9.8     0.0     5.94 C    -6.8   -14.1   -10.5    90.9    74.5    86.7   0.241   0.236   0.235   0.239   0.290     0.6     0.8     1.4     2.3     3.5
54933 20191221  2.622  -99.13   45.71     5.1    -3.5     0.8     0.6     0.0     5.44 C     0.1    -7.6    -4.0    77.2    45.9    66.3   0.240   0.235   0.234   0.240   0.289     0.5     0.8     1.4     2.2     3.4
54933 20191222  2.622  -99.13   45.71     2.6    -3.6    -0.5    -0.4     0.0     5.72 C    -0.3    -8.5    -4.5    83.6    54.9    68.6   0.240   0.235   0.234   0.240   0.290     0.6     0.8     1.3     2.2     3.4
54933 20191223  2.622  -99.13   45.71     0.1    -7.3    -3.6    -5.2     0.0     4.30 C    -2.6    -9.4    -6.0    94.9    78.0    90.3   0.239   0.234   0.234   0.238   0.290     0.6     0.8     1.3     2.1     3.3
54933 20191224  2.622  -99.13   45.71    -5.4    -8.2    -6.8    -6.8     0.0     3.16 C    -4.3    -8.5    -6.7    92.9    88.7    90.2   0.239   0.234   0.234   0.238   0.289     0.6     0.8     1.3     2.1     3.3
54933 20191225  2.622  -99.13   45.71    -5.6    -8.3    -7.0    -6.9     0.0     1.76 C    -5.1    -8.2    -6.8    90.4    88.6    89.5   0.239   0.234   0.234   0.238   0.288     0.6     0.8     1.3     2.1     3.3
54933 20191226  2.622  -99.13   45.71    -3.8    -7.9    -5.9    -6.1     0.0     2.41 C    -3.7    -7.9    -6.2    91.6    88.5    89.9   0.240   0.232   0.233   0.238   0.288     0.6     0.8     1.3     2.1     3.2
54933 20191227  2.622  -99.13   45.71    -6.6   -13.0    -9.8    -9.6     0.0     6.47 C    -7.1   -17.7   -12.4    90.3    84.3    87.7   0.239   0.233   0.233   0.238   0.288     0.7     0.8     1.3     2.1     3.2
54933 20191228  2.622  -99.13   45.71    -1.9    -7.8    -4.9    -3.3    17.5     3.01 C    -2.0    -7.9    -3.4    93.8    86.4    92.9   0.238   0.232   0.233   0.238   0.288     0.6     0.8     1.3     2.1     3.2
54933 20191229  2.622  -99.13   45.71    -4.4    -8.6    -6.5    -6.8     1.2     3.65 C    -4.5    -8.7    -6.8    92.0    87.6    89.6   0.238   0.232   0.233   0.239   0.288     0.6     0.8     1.3     2.0     3.2
54933 20191230  2.622  -99.13   45.71    -4.5    -8.5    -6.5    -6.6     0.0     3.99 C    -5.0    -9.9    -7.0    88.7    77.5    84.3   0.237   0.232   0.232   0.238   0.288     0.6     0.8     1.3     2.0     3.2
54933 20191231  2.622  -99.13   45.71    -5.3   -15.4   -10.4    -9.9     0.0     6.88 C    -7.2   -18.7   -11.9    87.9    66.1    81.0   0.237   0.231   0.232   0.237   0.287     0.6     0.8     1.3     2.0     3.2
