53878 20190101  2.422  -82.56   35.42    16.6     6.0    11.3    12.4     0.2     3.46 C    15.2     1.5    10.4    95.8    69.2    81.2   0.380   0.340   0.335   0.388   0.394    10.2     9.9     9.3     7.9     8.6
53878 20190102  2.422  -82.56   35.42    10.3     4.0     7.1     7.2     2.4     2.17 C    12.3     1.2     6.5    97.5    75.1    91.3   0.375   0.335   0.329   0.384   0.393     8.5     8.6     8.7     8.4     8.8
53878 20190103  2.422  -82.56   35.42    11.1     7.1     9.1     8.8    18.5     3.31 C    13.2     5.6     8.4    96.9    82.2    92.1   0.413   0.371   0.368   0.421   0.395     8.7     8.6     8.6     8.4     8.9
53878 20190104  2.422  -82.56   35.42    11.1     6.1     8.6     9.1    21.2     0.96 C    11.5     1.3     8.4    96.9    59.5    91.5   0.424   0.382   0.377   0.427   0.398     8.8     8.7     8.7     8.5     9.0
53878 20190105  2.422  -82.56   35.42    11.2     3.0     7.1     7.0     0.0    10.88 C    13.5    -2.0     4.2    80.5    49.2    63.9   0.392   0.352   0.350   0.428   0.399     7.8     8.0     8.3     8.5     9.1
53878 20190106  2.422  -82.56   35.42    16.7     1.7     9.2     8.2     0.0    10.97 C    20.7    -2.8     5.5    89.1    35.1    65.2   0.377   0.336   0.331   0.397   0.397     7.0     7.3     7.6     8.3     9.2
53878 20190107  2.422  -82.56   35.42    14.7     1.2     8.0     8.0     0.0    10.15 C    17.5    -1.7     6.6    97.5    44.6    74.4   0.370   0.331   0.325   0.378   0.396     7.4     7.5     7.7     8.2     9.3
53878 20190108  2.422  -82.56   35.42    19.7     3.2    11.4    11.1     0.0     9.20 C    26.4    -0.1     9.2    95.7    38.3    63.4   0.362   0.327   0.322   0.369   0.395     8.2     8.1     8.1     8.2     9.3
53878 20190109  2.422  -82.56   35.42     9.2    -1.4     3.9     4.2     0.0    11.57 C    15.0    -4.2     2.6    57.5    26.1    38.2   0.354   0.325   0.320   0.366   0.393     6.8     7.2     7.8     8.3     9.3
53878 20190110  2.422  -82.56   35.42     3.2    -4.4    -0.6    -1.7     0.0    11.25 C     9.1    -7.5    -2.3    65.5    37.7    54.8   0.348   0.322   0.317   0.364   0.392     4.0     4.8     6.0     8.0     9.3
53878 20190111  2.422  -82.56   35.42     9.8    -7.0     1.4     0.9     0.0    11.13 C    15.6   -10.0     0.7    83.9    18.3    50.8   0.345   0.320   0.316   0.361   0.391     3.3     3.9     4.9     7.2     9.3
53878 20190112  2.422  -82.56   35.42     2.8    -0.7     1.0     1.0    16.2     2.12 C     6.3    -0.2     1.5    92.3    44.7    62.2   0.348   0.320   0.315   0.360   0.390     4.0     4.3     5.0     6.7     9.1
53878 20190113  2.422  -82.56   35.42     3.5    -0.2     1.6     1.6     7.9     3.33 C     7.1     0.0     2.6    96.5    90.7    94.3   0.393   0.350   0.346   0.394   0.391     4.1     4.2     4.7     6.4     8.9
53878 20190114  2.422  -82.56   35.42     6.2     0.6     3.4     3.5     0.0     5.84 C    15.6    -1.2     4.1    96.2    72.7    83.5   0.382   0.340   0.336   0.395   0.393     5.0     5.1     5.3     6.3     8.7
53878 20190115  2.422  -82.56   35.42     5.8    -3.6     1.1     0.6     0.0     8.10 C    12.2    -8.0     0.4    92.7    56.1    76.5   0.375   0.334   0.330   0.387   0.392     4.4     4.7     5.2     6.4     8.6
53878 20190116  2.422  -82.56   35.42     8.7    -4.4     2.1     0.6     0.0    11.69 C    14.7    -8.8    -0.3    95.4    51.4    80.7   0.370   0.331   0.326   0.382   0.391     3.4     3.9     4.6     6.2     8.5
53878 20190117  2.422  -82.56   35.42     3.8    -3.1     0.4     0.8     2.3     4.00 C    10.2    -6.9     0.6    96.1    68.1    88.6   0.369   0.329   0.324   0.373   0.391     3.5     3.8     4.4     5.9     8.4
53878 20190118  2.422  -82.56   35.42    11.0     1.6     6.3     5.4     0.0     8.20 C    17.9    -0.4     5.6    97.9    67.5    88.0   0.368   0.330   0.323   0.368   0.390     4.8     4.8     4.9     5.8     8.3
53878 20190119  2.422  -82.56   35.42    12.0     5.5     8.8     7.1    34.0     1.21 C    10.6     5.0     6.9    97.5    87.5    94.7   0.396   0.356   0.350   0.379   0.389     6.1     5.9     5.9     6.1     8.2
53878 20190120  2.422  -82.56   35.42    10.2    -8.4     0.9    -0.8     0.0     8.66 C     7.9   -10.2    -1.1    97.4    56.7    73.5   0.407   0.367   0.375   0.430   0.395     5.4     5.8     6.2     6.4     8.1
53878 20190121  2.422  -82.56   35.42    -0.6   -12.4    -6.5    -6.8     0.0    12.18 C     5.8   -14.1    -7.1    78.1    16.7    47.2   0.383   0.342   0.336   0.408   0.396     1.9     2.8     4.1     6.2     8.0
53878 20190122  2.422  -82.56   35.42     4.0    -7.4    -1.7    -2.1     0.0    10.39 C     9.4   -10.6    -2.1    79.9    21.2    42.5   0.374   0.335   0.329   0.391   0.395     1.2     1.8     2.9     5.5     8.0
53878 20190123  2.422  -82.56   35.42    12.5    -1.4     5.5     3.4    23.2     1.30 C    11.1    -2.2     3.5    97.6    34.9    87.8   0.384   0.346   0.334   0.381   0.393     1.6     2.0     2.7     4.9     7.9
53878 20190124  2.422  -82.56   35.42    11.9    -3.6     4.1     4.2    11.5    13.38 C    15.8    -7.0     4.5    96.2    66.1    81.8   0.431   0.386   0.397   0.432   0.396     5.0     4.9     4.7     4.9     7.7
53878 20190125  2.422  -82.56   35.42     3.3    -5.4    -1.0    -1.1     0.0    12.93 C    10.5   -10.4    -2.5    79.9    36.1    60.1   0.387   0.346   0.340   0.420   0.396     2.9     3.5     4.2     5.3     7.5
53878 20190126  2.422  -82.56   35.42     8.0    -7.5     0.2    -1.4     0.0    13.16 C    15.4   -11.2    -3.0    90.0    30.4    65.4   0.380   0.338   0.330   0.395   0.396     2.0     2.6     3.4     5.0     7.4
53878 20190127  2.422  -82.56   35.42     7.2    -7.0     0.1    -0.9     0.0     6.91 C    12.6   -10.5    -2.2    93.3    43.7    77.0   0.375   0.335   0.327   0.385   0.394     1.7     2.2     3.0     4.7     7.3
53878 20190128  2.422  -82.56   35.42     9.8    -5.7     2.0     2.3     0.0    12.26 C    17.8    -9.6     1.3    96.1    40.3    71.3   0.373   0.334   0.325   0.376   0.393     2.2     2.5     3.0     4.5     7.2
53878 20190129  2.422  -82.56   35.42     6.2    -6.7    -0.3     0.4     1.8     5.00 C     8.9   -10.1    -0.6    92.7    55.1    73.4   0.371   0.332   0.324   0.370   0.392     3.2     3.4     3.7     4.5     7.1
53878 20190130  2.422  -82.56   35.42     3.2   -10.1    -3.4    -3.9     0.0    13.29 C    11.5   -13.6    -5.2    80.7    24.5    47.8   0.371   0.331   0.323   0.368   0.392     1.5     2.1     2.9     4.5     7.0
53878 20190131  2.422  -82.56   35.42     4.3    -9.0    -2.3    -3.3     0.0    13.17 C    14.1   -13.1    -3.8    86.7    33.7    49.4   0.357   0.330   0.320   0.366   0.391     1.0     1.5     2.3     4.2     6.9
53878 20190201  2.422  -82.56   35.42    12.1    -6.5     2.8     2.3     0.0    10.54 C    23.8   -10.0     1.9    90.9    29.9    62.4   0.353   0.329   0.320   0.365   0.389     1.1     1.6     2.2     4.0     6.8
53878 20190202  2.422  -82.56   35.42    16.5    -3.5     6.5     5.1     0.0    13.37 C    25.8    -7.4     4.0    92.6    32.1    66.2   0.361   0.327   0.319   0.361   0.389     2.7     2.8     3.0     3.9     6.7
53878 20190203  2.422  -82.56   35.42    15.7    -2.1     6.8     5.0     0.0    10.41 C    22.3    -5.9     4.1    95.0    43.6    76.9   0.360   0.327   0.318   0.360   0.388     3.8     3.8     3.9     4.2     6.6
53878 20190204  2.422  -82.56   35.42    18.3    -3.0     7.6     7.3     0.0    11.17 C    28.2    -6.5     6.5    97.2    38.5    75.1   0.359   0.325   0.317   0.359   0.387     4.5     4.5     4.5     4.5     6.5
53878 20190205  2.422  -82.56   35.42    20.8     2.2    11.5    11.2     0.0    11.51 C    31.1    -1.5     9.6    96.5    44.6    75.6   0.356   0.323   0.317   0.358   0.387     6.3     6.0     5.6     5.0     6.5
53878 20190206  2.422  -82.56   35.42    19.5     3.8    11.7    12.4     0.0     8.02 C    31.2     0.6    12.0    96.9    69.6    86.3   0.353   0.321   0.315   0.356   0.386     7.6     7.2     6.7     5.6     6.6
53878 20190207  2.422  -82.56   35.42    22.3    13.5    17.9    17.9     0.0    12.99 C    28.2     8.7    16.9    89.3    51.1    75.5   0.349   0.319   0.313   0.355   0.385    10.7    10.0     8.8     6.4     6.7
53878 20190208  2.422  -82.56   35.42    17.9     1.0     9.4     8.6     0.0    11.41 C    19.1     0.5     8.9    81.0    33.3    54.6   0.343   0.317   0.312   0.354   0.384     9.9     9.9     9.5     7.5     6.9
53878 20190209  2.422  -82.56   35.42    10.7    -1.0     4.8     3.2     0.0    10.82 C    17.5    -5.2     2.7    62.8    12.3    36.8   0.338   0.316   0.310   0.352   0.384     6.5     7.1     7.7     7.7     7.2
53878 20190210  2.422  -82.56   35.42     6.9    -2.0     2.5     1.2     3.4     3.07 C     6.7    -6.8     1.3    95.8    40.3    69.7   0.334   0.314   0.310   0.351   0.384     5.3     5.7     6.4     7.3     7.4
53878 20190211  2.422  -82.56   35.42    18.5     4.5    11.5    10.3     3.9    10.37 C    24.6     2.8    10.8    97.9    53.0    85.5   0.336   0.314   0.309   0.350   0.383     7.1     6.8     6.6     6.9     7.6
53878 20190212  2.422  -82.56   35.42     9.8     5.4     7.6     7.6    23.6     1.29 C     9.6     1.8     7.5    96.0    50.1    92.5   0.393   0.346   0.336   0.367   0.383     8.1     8.0     7.8     7.1     7.7
53878 20190213  2.422  -82.56   35.42    12.0    -2.1     5.0     4.6     0.0    15.53 C    19.1    -6.9     2.6    72.4    14.7    35.8   0.384   0.346   0.338   0.395   0.388     6.4     6.7     7.1     7.3     7.7
53878 20190214  2.422  -82.56   35.42    13.3    -4.7     4.3     5.0     0.0     9.02 C    20.1    -8.2     3.6    91.0    18.4    52.4   0.376   0.338   0.332   0.386   0.388     5.2     5.6     6.2     7.1     7.8
53878 20190215  2.422  -82.56   35.42    15.6     2.6     9.1    10.1     1.1     6.61 C    20.4    -2.2     8.7    96.8    39.5    63.6   0.370   0.335   0.328   0.382   0.387     6.5     6.4     6.5     6.8     7.8
53878 20190216  2.422  -82.56   35.42    13.9     6.3    10.1     9.5     5.4    12.29 C    22.9     5.8    10.7    97.1    58.4    83.0   0.381   0.341   0.333   0.374   0.387     8.2     8.0     7.6     7.0     7.8
53878 20190217  2.422  -82.56   35.42     6.3     2.1     4.2     3.6    28.4     3.61 C     6.8     2.8     4.3    96.6    82.0    89.7   0.392   0.352   0.341   0.378   0.387     7.4     7.5     7.8     7.4     7.8
53878 20190218  2.422  -82.56   35.42    11.1     1.8     6.4     6.3     3.9     8.31 C    14.9     0.0     6.1    97.3    27.4    71.3   0.421   0.384   0.386   0.434   0.392     6.8     6.8     7.1     7.4     7.9
53878 20190219  2.422  -82.56   35.42     2.1    -1.6     0.2     0.8    24.2     2.60 C     7.3    -4.4     0.9    94.8    64.7    79.1   0.408   0.364   0.361   0.419   0.394     5.3     5.7     6.3     7.2     7.9
53878 20190220  2.422  -82.56   35.42     4.4     0.2     2.3     2.1    26.2     2.33 C     5.9     0.1     2.7    96.3    90.9    94.3   0.464   0.407   0.431   0.438   0.395     4.4     4.6     5.2     6.6     7.9
53878 20190221  2.422  -82.56   35.42    17.5     4.4    11.0    10.7    11.2     7.00 C    23.6     4.4    11.1    96.6    71.7    89.3   0.446   0.392   0.397   0.438   0.397     6.6     6.2     5.9     6.2     7.8
53878 20190222  2.422  -82.56   35.42    10.1     8.0     9.0     9.0    26.5     2.69 C    13.4     7.3     9.3    96.9    89.6    93.1   0.456   0.410   0.417   0.440   0.398     8.4     8.1     7.7     6.7     7.7
53878 20190223  2.422  -82.56   35.42     8.0     4.9     6.5     5.9    13.2     1.66 C     8.7     5.1     6.3    95.9    89.5    93.9   0.439   0.395   0.388   0.439   0.398     7.8     7.7     7.8     7.3     7.7
53878 20190224  2.422  -82.56   35.42    18.3     4.9    11.6    10.3    10.1    17.01 C    24.4    -1.5     9.7    96.1    18.8    56.7   0.429   0.386   0.378   0.437   0.399     8.2     8.0     7.9     7.4     7.8
53878 20190225  2.422  -82.56   35.42    12.1    -1.6     5.2     5.2     0.0    17.39 C    23.4    -6.4     3.7    80.3    17.8    33.3   0.391   0.349   0.341   0.405   0.398     6.5     6.9     7.4     7.5     7.9
53878 20190226  2.422  -82.56   35.42    16.4    -1.8     7.3     6.8     0.0    10.70 C    29.4    -5.0     7.1    85.1    15.4    61.0   0.382   0.339   0.332   0.388   0.396     6.6     6.7     6.9     7.3     7.9
53878 20190227  2.422  -82.56   35.42    18.2     6.0    12.1    10.8     1.4     9.46 C    22.2     1.1    10.0    96.2    53.2    81.8   0.376   0.337   0.329   0.377   0.394     8.2     8.0     7.8     7.4     8.0
53878 20190228  2.422  -82.56   35.42    13.5     4.7     9.1     9.6     2.8     3.94 C    15.2     1.8     9.2    96.9    65.0    89.6   0.375   0.333   0.328   0.372   0.394     8.7     8.6     8.4     7.7     8.0
53878 20190301  2.422  -82.56   35.42    13.4     6.7    10.1    10.9    11.6     2.33 C    14.6     4.8    10.2    97.5    89.5    94.5   0.397   0.349   0.340   0.375   0.391     9.3     9.1     8.8     8.1     8.1
53878 20190302  2.422  -82.56   35.42    16.8     5.5    11.2     9.6     0.0    16.82 C    26.0     4.7    11.6    97.3    48.9    75.8   0.394   0.349   0.341   0.389   0.391     9.8     9.6     9.3     8.3     8.2
53878 20190303  2.422  -82.56   35.42    11.4     3.8     7.6     8.6    11.3     3.71 C    15.4     3.7     9.0    96.0    76.2    86.6   0.395   0.349   0.342   0.388   0.391     9.7     9.6     9.6     8.6     8.3
53878 20190304  2.422  -82.56   35.42     3.8    -3.0     0.4    -0.3     0.0     8.38 C    12.4    -4.3     1.2    87.7    66.7    76.3   0.398   0.351   0.345   0.394   0.392     7.2     7.8     8.4     8.8     8.4
53878 20190305  2.422  -82.56   35.42     4.1    -4.8    -0.4    -1.4     0.0    18.14 C    17.8    -8.1     1.1    72.5    29.6    53.3   0.391   0.343   0.336   0.389   0.392     5.0     5.7     6.6     8.2     8.6
53878 20190306  2.622  -82.56   35.42 -9999.0 -9999.0 -9999.0 -9999.0 -9999.0 -9999.00 U -9999.0 -9999.0 -9999.0 -9999.0 -9999.0 -9999.0 -99.000 -99.000 -99.000 -99.000 -99.000 -9999.0 -9999.0 -9999.0 -9999.0 -9999.0
53878 20190307  2.622  -82.56   35.42    10.9    -3.1     3.9     3.8     0.0    15.82 C    24.9    -8.6     5.9    45.5    21.6    33.7   0.381   0.336   0.329   0.372   0.391     4.2     4.6     5.2     6.9     8.5
53878 20190308  2.622  -82.56   35.42     7.2     3.1     5.2     5.3     5.0     3.12 C    10.7     2.1     5.0    96.7    33.1    69.7   0.384   0.336   0.329   0.369   0.390     5.6     5.7     6.0     6.7     8.3
53878 20190309  2.622  -82.56   35.42     8.6     3.6     6.1     6.0     3.5     2.78 C    10.3     1.6     6.2    98.2    93.0    96.0   0.396   0.349   0.338   0.368   0.390     6.4     6.3     6.4     6.8     8.2
53878 20190310  2.622  -82.56   35.42    22.5     5.3    13.9    12.7     5.3    15.19 C    27.8     2.4    12.0    97.9    22.1    68.3   0.401   0.356   0.346   0.385   0.389     8.0     7.7     7.4     7.0     8.1
53878 20190311  2.622  -82.56   35.42    14.3     6.2    10.3    10.1     0.3     5.38 C    17.5     1.5     8.3    90.2    38.2    62.6   0.388   0.346   0.338   0.388   0.390     8.5     8.5     8.4     7.5     8.1
53878 20190312  2.622  -82.56   35.42    16.6     2.4     9.5     8.6     0.0    18.22 C    25.4    -1.3     7.5    93.3    12.7    50.3   0.381   0.342   0.333   0.382   0.390     7.8     7.9     8.0     7.8     8.2
53878 20190313  2.622  -82.56   35.42    16.1     0.9     8.5     9.4     0.0    13.89 C    25.1    -2.0     8.6    93.1    33.0    57.1   0.372   0.338   0.330   0.374   0.389     8.0     8.0     8.1     7.9     8.2
53878 20190314  2.622  -82.56   35.42    14.8     8.5    11.6    12.4     3.8     2.86 C    15.4     4.8    11.8    96.3    53.3    82.4   0.365   0.335   0.328   0.370   0.389     9.2     8.9     8.7     8.1     8.3
53878 20190315  2.622  -82.56   35.42    20.6     5.8    13.2    14.9    12.4     8.81 C    23.1     3.7    13.6    95.2    33.4    72.4   0.395   0.350   0.344   0.378   0.389    11.2    10.7    10.0     8.5     8.4
53878 20190316  2.622  -82.56   35.42     9.6    -1.0     4.3     4.8     0.0    16.26 C    17.9    -4.2     4.8    81.4    28.5    47.8   0.386   0.347   0.338   0.388   0.389     8.8     9.2     9.6     9.0     8.5
53878 20190317  2.622  -82.56   35.42    13.3    -1.5     5.9     6.1     0.0    21.49 C    24.5    -4.5     6.0    85.6    20.9    41.7   0.377   0.340   0.333   0.381   0.389     7.5     7.9     8.4     8.8     8.7
53878 20190318  2.622  -82.56   35.42    10.1    -2.6     3.8     3.9     0.0    21.38 C    21.7    -5.8     4.3    91.4    22.8    49.8   0.367   0.337   0.330   0.373   0.389     7.0     7.5     8.0     8.5     8.8
53878 20190319  2.622  -82.56   35.42    10.7    -4.1     3.3     3.5     0.0    21.25 C    23.2    -7.8     4.5    80.1    24.4    46.9   0.361   0.333   0.327   0.369   0.388     6.7     7.1     7.6     8.3     8.8
53878 20190320  2.622  -82.56   35.42    14.5    -5.0     4.7     4.5     0.0    22.16 C    25.8    -8.0     5.5    91.8    18.6    55.1   0.356   0.330   0.325   0.367   0.387     6.8     7.2     7.6     8.1     8.8
53878 20190321  2.622  -82.56   35.42    12.0     0.6     6.3     5.0     3.2     7.35 C    16.5    -0.9     5.3    91.5    40.5    71.2   0.348   0.328   0.324   0.366   0.387     7.2     7.5     7.8     8.1     8.8
53878 20190322  2.622  -82.56   35.42    16.1     2.2     9.2     8.4     0.0    22.58 C    25.7    -0.2     9.0    81.8    20.0    46.8   0.345   0.323   0.322   0.364   0.386     7.5     7.7     7.8     8.1     8.8
53878 20190323  2.622  -82.56   35.42    16.0     1.4     8.7     7.8     0.0    23.09 C    25.9    -4.4     7.8    70.2    11.2    36.3   0.337   0.317   0.319   0.361   0.386     7.9     8.1     8.3     8.2     8.7
53878 20190324  2.622  -82.56   35.42    19.8    -2.3     8.8     9.7     0.0    18.23 C    28.0    -4.7     9.3    86.0    22.5    50.9   0.325   0.312   0.316   0.360   0.385     8.2     8.3     8.4     8.3     8.8
53878 20190325  2.622  -82.56   35.42    17.3     4.2    10.8     9.8     3.1     5.75 C    18.9     2.0     8.9    95.8    42.5    77.5   0.313   0.308   0.315   0.357   0.384     9.1     9.1     9.0     8.5     8.8
53878 20190326  2.622  -82.56   35.42    12.3     3.0     7.7     8.8     0.0    11.03 C    21.5    -0.8     9.2    94.2    62.7    80.6   0.310   0.307   0.314   0.355   0.384     9.5     9.4     9.3     8.8     8.8
53878 20190327  2.622  -82.56   35.42    13.6    -1.6     6.0     5.6     0.0    23.22 C    23.8    -4.4     6.8    98.8    30.0    61.8   0.307   0.304   0.312   0.353   0.383     8.7     8.9     9.1     8.9     8.9
53878 20190328  2.622  -82.56   35.42    18.1    -2.5     7.8     8.0     0.0    22.79 C    28.1    -4.9     8.7    92.1    25.9    56.3   0.296   0.299   0.309   0.351   0.383     8.7     8.9     9.1     8.9     9.0
53878 20190329  2.622  -82.56   35.42    21.5     0.2    10.9    11.8     0.0    20.78 C    29.2    -1.8    11.6    89.9    22.9    51.7   0.283   0.292   0.307   0.350   0.382     9.8     9.8     9.6     9.0     9.0
53878 20190330  2.622  -82.56   35.42    21.5     6.8    14.2    14.5     0.0    17.45 C    30.9     4.7    13.8    85.2    34.2    57.6   0.267   0.284   0.304   0.348   0.382    11.2    11.0    10.6     9.4     9.1
53878 20190331  2.622  -82.56   35.42    17.0     2.0     9.5     7.5     4.3    18.70 C    18.7    -0.6     8.7    93.4    41.4    62.2   0.262   0.279   0.301   0.347   0.382    10.8    11.1    11.0     9.8     9.2
53878 20190401  2.622  -82.56   35.42    12.0    -2.0     5.0     4.4     0.0    24.15 C    24.1    -4.8     6.0    70.0    21.0    40.5   0.258   0.275   0.298   0.345   0.381     8.6     9.2     9.7     9.9     9.4
53878 20190402  2.622  -82.56   35.42    12.3    -0.9     5.7     5.5     0.0    17.83 C    25.3    -3.2     6.9    75.3    31.2    53.5   0.251   0.271   0.296   0.343   0.381     8.8     9.1     9.4     9.6     9.5
53878 20190403  2.622  -82.56   35.42    19.1    -2.3     8.4     8.9     0.0    23.62 C    28.4    -5.4     9.4    93.8    23.6    56.0   0.244   0.265   0.293   0.341   0.381     9.1     9.3     9.4     9.5     9.5
53878 20190404  2.622  -82.56   35.42    20.5     2.6    11.6    12.8     0.0    19.35 C    28.9     0.4    13.1    88.7    22.6    50.2   0.234   0.256   0.289   0.338   0.380    10.5    10.5    10.3     9.6     9.6
53878 20190405  2.622  -82.56   35.42    14.8     9.4    12.1    12.0    10.6     5.91 C    19.0     9.1    12.3    95.6    42.8    83.0   0.247   0.253   0.288   0.337   0.380    11.5    11.3    11.0    10.0     9.6
53878 20190406  2.622  -82.56   35.42    22.3    11.1    16.7    15.6     0.0    18.25 C    30.9    10.4    16.6    91.0    43.7    72.0   0.253   0.254   0.289   0.335   0.379    12.9    12.5    11.9    10.3     9.7
53878 20190407  2.622  -82.56   35.42    21.0    11.8    16.4    16.6     0.4    10.88 C    26.7     8.7    16.0    94.5    61.4    81.1   0.247   0.253   0.288   0.334   0.379    13.9    13.5    12.9    10.9     9.8
53878 20190408  2.622  -82.56   35.42    21.5    10.9    16.2    16.5    19.6     9.37 C    26.5     8.7    16.0    97.4    65.3    89.5   0.260   0.261   0.291   0.334   0.379    14.5    14.1    13.5    11.5    10.0
53878 20190409  2.622  -82.56   35.42    21.3     9.9    15.6    15.8     1.8    11.41 C    29.0     7.6    15.7    97.3    58.8    85.6   0.320   0.296   0.309   0.334   0.379    15.1    14.8    14.2    12.0    10.2
53878 20190410  2.622  -82.56   35.42    24.8     7.7    16.2    16.3     0.0    24.55 C    30.3     5.2    15.7    97.6    25.1    63.3   0.313   0.294   0.309   0.334   0.379    14.4    14.4    14.0    12.3    10.5
53878 20190411  2.622  -82.56   35.42    22.4     7.6    15.0    16.5     0.0    15.22 C    27.9     5.4    15.9    96.0    40.3    68.7   0.295   0.287   0.306   0.334   0.378    14.6    14.5    14.2    12.6    10.7
53878 20190412  2.622  -82.56   35.42    22.6    15.4    19.0    18.7     2.0    14.05 C    26.1    13.7    18.2    92.8    52.3    75.6   0.280   0.281   0.303   0.333   0.378    15.8    15.4    14.8    12.9    10.9
53878 20190413  2.622  -82.56   35.42    24.3    12.6    18.4    18.0     0.4    15.66 C    29.4    10.9    18.2    95.9    45.8    79.5   0.269   0.275   0.301   0.333   0.379    16.2    15.9    15.2    13.2    11.1
53878 20190414  2.622  -82.56   35.42    20.4    13.1    16.7    17.8    56.5     8.01 C    24.6    11.1    17.2    96.3    66.1    85.1   0.372   0.339   0.350   0.376   0.382    16.8    16.5    15.9    13.7    11.4
53878 20190415  2.622  -82.56   35.42    13.8     5.2     9.5     9.6     0.0    26.37 C    22.9     2.8    11.3    78.2    36.2    54.5   0.377   0.349   0.351   0.421   0.390    14.7    15.1    15.2    14.1    11.8
53878 20190416  2.622  -82.56   35.42    22.9     1.3    12.1    12.9     0.0    25.19 C    28.9     0.3    13.2    93.0    25.9    54.9   0.347   0.329   0.330   0.391   0.391    13.7    13.9    14.1    13.8    12.0
53878 20190417  2.622  -82.56   35.42    26.6     4.1    15.3    16.2     0.0    24.48 C    30.6     2.3    15.7    96.2    24.2    57.4   0.314   0.317   0.323   0.380   0.390    14.7    14.7    14.5    13.6    12.2
53878 20190418  2.622  -82.56   35.42    22.9    14.2    18.6    18.9     0.0    19.82 C    30.4    10.4    18.5    77.2    45.0    61.5   0.282   0.301   0.317   0.369   0.390    16.0    15.8    15.4    13.8    12.3
53878 20190419  2.622  -82.56   35.42    18.6     9.4    14.0    15.1   136.4     3.52 C    22.4     8.1    14.5    96.1    65.0    84.8   0.406   0.391   0.408   0.416   0.392    15.3    15.3    15.2    14.2    12.4
53878 20190420  2.622  -82.56   35.42    10.4     4.0     7.2     6.6     0.9    14.14 C    17.5     1.9     8.0    87.1    58.8    77.6   0.387   0.357   0.358   0.426   0.394    12.9    13.3    13.9    14.1    12.6
53878 20190421  2.622  -82.56   35.42    14.6     4.1     9.4     8.7     0.0    20.58 C    21.9     2.6     9.9    91.5    54.1    74.0   0.365   0.338   0.334   0.393   0.394    12.2    12.4    12.8    13.5    12.7
53878 20190422  2.622  -82.56   35.42    23.8     2.5    13.1    13.7     0.0    26.46 C    28.4     1.5    13.6    97.0    26.7    61.5   0.339   0.326   0.327   0.379   0.393    13.0    13.1    13.1    13.2    12.7
53878 20190423  2.622  -82.56   35.42    27.4     5.7    16.6    16.6     0.0    24.43 C    31.2     4.2    16.1    96.2    28.0    63.5   0.304   0.312   0.321   0.368   0.392    14.7    14.6    14.2    13.3    12.7
53878 20190424  2.622  -82.56   35.42    27.5    11.3    19.4    18.8     0.0    25.55 C    31.2     8.7    18.2    88.5    25.2    58.7   0.272   0.296   0.315   0.364   0.391    16.3    16.1    15.5    13.7    12.7
53878 20190425  2.622  -82.56   35.42    22.9     9.8    16.3    16.3     0.6    10.27 C    25.8     7.6    15.5    94.9    37.8    72.4   0.256   0.283   0.309   0.361   0.390    16.1    16.1    15.9    14.3    12.8
53878 20190426  2.622  -82.56   35.42    20.0    12.0    16.0    15.4     1.0    20.99 C    26.1     7.2    15.3    89.9    33.7    58.9   0.248   0.270   0.304   0.358   0.389    16.1    16.1    15.9    14.5    12.9
53878 20190427  2.622  -82.56   35.42    23.2     8.2    15.7    15.9     0.0    26.93 C    27.7     3.1    15.3    56.1    23.8    39.0   0.236   0.258   0.297   0.353   0.388    15.3    15.4    15.4    14.5    13.1
53878 20190428  2.622  -82.56   35.42    25.8     8.0    16.9    17.9     0.0    25.63 C    30.8     6.4    17.1    88.0    33.2    54.0   0.222   0.242   0.287   0.346   0.387    16.3    16.2    15.9    14.6    13.2
53878 20190429  2.622  -82.56   35.42    24.2     7.5    15.8    15.4     0.0    21.20 C    26.9     5.7    15.5    95.9    49.9    76.4   0.211   0.232   0.279   0.340   0.386    16.4    16.5    16.3    14.8    13.3
53878 20190430  2.622  -82.56   35.42    28.3    10.6    19.4    19.3     0.0    24.21 C    31.2     8.9    19.1    97.6    31.9    69.8   0.202   0.222   0.272   0.334   0.386    17.5    17.3    16.8    15.1    13.4
53878 20190501  2.622  -82.56   35.42    25.6    13.6    19.6    19.7     0.0    24.40 C    30.6    11.9    19.4    95.0    42.7    72.5   0.192   0.212   0.263   0.327   0.385    18.5    18.3    17.7    15.5    13.5
53878 20190502  2.622  -82.56   35.42    27.1    12.3    19.7    19.8     0.0    25.15 C    31.9     9.8    19.6    96.4    39.5    72.0   0.185   0.205   0.253   0.318   0.384    19.0    18.8    18.2    15.9    13.7
53878 20190503  2.622  -82.56   35.42    25.6    10.4    18.0    17.9     1.0    19.98 C    31.3     8.8    18.0    96.6    49.2    80.2   0.178   0.198   0.243   0.311   0.383    18.6    18.5    18.2    16.3    13.9
53878 20190504  2.622  -82.56   35.42    24.3    13.5    18.9    17.7     8.7    13.10 C    27.8    11.8    18.3    97.3    54.2    87.9   0.182   0.196   0.237   0.308   0.383    18.7    18.6    18.3    16.4    14.1
53878 20190505  2.622  -82.56   35.42    22.3    14.1    18.2    17.6    19.2    19.23 C    28.7    11.8    18.4    96.1    55.8    81.8   0.289   0.246   0.256   0.307   0.382    18.8    18.7    18.3    16.6    14.3
53878 20190506  2.622  -82.56   35.42    23.6    11.9    17.7    17.4     0.0    21.68 C    29.0     9.8    17.5    94.5    47.7    72.2   0.276   0.253   0.267   0.307   0.382    18.4    18.4    18.1    16.7    14.5
53878 20190507  2.622  -82.56   35.42    23.0    10.2    16.6    16.8    12.1    18.32 C    27.9     9.0    17.0    96.0    59.9    83.7   0.282   0.257   0.272   0.307   0.381    18.4    18.3    18.1    16.7    14.6
53878 20190508  2.622  -82.56   35.42    25.6    13.1    19.4    19.3     0.0    24.30 C    30.3    11.8    19.3    97.0    51.3    77.1   0.292   0.260   0.278   0.306   0.381    19.1    18.9    18.5    16.8    14.8
53878 20190509  2.622  -82.56   35.42    23.4    15.8    19.6    19.6     0.0    19.93 C    27.8    14.0    19.4    93.8    50.6    70.6   0.253   0.252   0.274   0.305   0.381    19.4    19.3    18.9    17.0    14.9
53878 20190510  2.622  -82.56   35.42    25.0    15.9    20.4    19.4    27.4    16.92 C    30.4    14.8    19.9    96.0    60.8    83.4   0.266   0.254   0.280   0.309   0.381    19.8    19.6    19.2    17.3    15.0
53878 20190511  2.622  -82.56   35.42    20.3    15.4    17.9    17.6    30.1     4.68 C    21.7    15.2    17.7    96.2    88.9    93.7   0.369   0.302   0.317   0.369   0.383    19.2    19.1    19.0    17.6    15.2
53878 20190512  2.622  -82.56   35.42    21.7    15.4    18.5    18.5     1.0    14.55 C    25.2    14.0    18.8    95.6    66.5    85.0   0.361   0.299   0.314   0.399   0.389    19.4    19.1    18.9    17.6    15.4
53878 20190513  2.622  -82.56   35.42    18.8     9.9    14.3    15.0     0.3    28.75 C    23.5     8.3    15.8    95.3    45.5    68.1   0.331   0.285   0.299   0.382   0.390    19.0    19.0    18.8    17.6    15.6
53878 20190514  2.622  -82.56   35.42    17.5     8.0    12.8    12.2     0.0    28.23 C    22.7     5.8    12.6    89.1    40.6    59.7   0.295   0.274   0.292   0.370   0.390    17.5    17.7    18.0    17.5    15.7
53878 20190515  2.622  -82.56   35.42    19.0     5.2    12.1    12.5     0.0    19.43 C    25.1     4.5    12.8    96.0    45.0    74.1   0.265   0.264   0.288   0.361   0.389    16.7    16.9    17.2    17.1    15.8
53878 20190516  2.622  -82.56   35.42    24.6     6.6    15.6    16.1     0.0    27.06 C    27.8     5.5    16.2    96.4    46.0    74.4   0.242   0.253   0.283   0.355   0.388    17.3    17.2    17.2    16.8    15.8
53878 20190517  2.622  -82.56   35.42    28.3    11.0    19.6    18.5     2.7    20.97 C    32.3    10.0    18.1    96.1    41.5    77.7   0.223   0.243   0.278   0.349   0.387    18.4    18.3    18.0    16.9    15.8
53878 20190518  2.622  -82.56   35.42    29.1    11.7    20.4    20.6     0.0    26.55 C    34.1     9.9    20.2    96.7    41.3    72.6   0.210   0.232   0.270   0.340   0.386    19.4    19.1    18.7    17.1    15.8
53878 20190519  2.622  -82.56   35.42    27.9    14.0    20.9    21.0     0.0    23.22 C    32.1    12.5    20.3    96.1    38.0    73.0   0.197   0.221   0.262   0.332   0.385    20.0    19.7    19.3    17.5    15.9
53878 20190520  2.622  -82.56   35.42    26.9    13.5    20.2    20.4     0.0    23.12 C    33.0    11.4    19.7    96.2    40.5    70.8   0.186   0.211   0.252   0.323   0.384    20.0    19.8    19.5    17.8    16.0
53878 20190521  2.622  -82.56   35.42    28.0    10.9    19.4    19.7     0.0    27.19 C    33.2     8.6    19.3    95.3    38.5    69.9   0.177   0.202   0.242   0.314   0.383    19.8    19.7    19.4    18.0    16.1
53878 20190522  2.622  -82.56   35.42    24.5    13.2    18.9    19.4     0.0    24.15 C    30.6    11.4    20.1    95.4    66.5    81.6   0.170   0.194   0.232   0.306   0.382    20.1    19.9    19.6    18.1    16.2
53878 20190523  2.622  -82.56   35.42    30.1    18.3    24.2    22.9     0.0    25.00 C    34.4    15.7    23.5    95.1    39.3    76.9   0.164   0.188   0.222   0.299   0.382    21.5    21.0    20.4    18.3    16.3
53878 20190524  2.622  -82.56   35.42    30.5    14.4    22.4    22.6     0.0    27.43 C    34.9    12.5    22.1    96.5    39.8    69.9   0.159   0.181   0.214   0.292   0.382    21.5    21.3    20.8    18.7    16.5
53878 20190525  2.622  -82.56   35.42    30.7    14.7    22.7    22.6     0.0    23.25 C    36.2    13.1    22.2    95.8    43.4    71.9   0.152   0.175   0.206   0.286   0.381    21.6    21.3    21.0    19.0    16.6
53878 20190526  2.622  -82.56   35.42    31.6    14.2    22.9    22.9     0.0    27.10 C    36.6    12.3    22.2    95.7    20.8    62.9   0.148   0.169   0.200   0.296   0.380    21.7    21.5    21.1    19.1    16.8
53878 20190527  2.622  -82.56   35.42    30.5    14.9    22.7    22.8     0.0    26.55 C    36.5    13.7    22.5    90.4    36.1    62.7   0.143   0.164   0.194   0.336   0.380    21.8    21.6    21.2    19.3    16.9
53878 20190528  2.622  -82.56   35.42    31.4    13.0    22.2    22.4     0.0    27.13 C    37.6    11.1    22.3    95.8    28.8    65.5   0.139   0.159   0.190   0.331   0.378    21.7    21.5    21.3    19.4    17.0
53878 20190529  2.622  -82.56   35.42    31.7    14.4    23.1    23.0     0.0    26.69 C    37.9    12.6    22.9    94.9    26.2    61.9   0.135   0.155   0.186   0.327   0.377    21.9    21.8    21.5    19.6    17.1
53878 20190530  2.622  -82.56   35.42    30.8    14.1    22.4    22.7     0.0    26.66 C    37.7    12.6    23.1    94.0    31.3    62.7   0.131   0.151   0.183   0.322   0.376    22.0    21.8    21.5    19.8    17.3
53878 20190531  2.622  -82.56   35.42    28.2    12.9    20.5    20.7     0.0    21.01 C    36.4    10.7    20.8    90.8    30.9    67.2   0.129   0.148   0.181   0.319   0.376    21.8    21.7    21.6    19.9    17.4
53878 20190601  2.622  -82.56   35.42    26.9    11.2    19.0    19.1     0.0    26.71 C    35.8     9.0    20.1    94.3    34.1    65.9   0.126   0.145   0.179   0.318   0.375    20.9    20.9    20.9    19.8    17.5
53878 20190602  2.622  -82.56   35.42    28.3    11.4    19.9    19.7     0.0    24.58 C    36.6     9.6    20.5    95.3    31.5    69.4   0.124   0.144   0.177   0.317   0.374    21.0    20.9    20.9    19.7    17.7
53878 20190603  2.622  -82.56   35.42    26.2    12.2    19.2    19.7     0.0    27.07 C    36.2    10.2    20.6    95.6    31.5    64.0   0.122   0.142   0.176   0.316   0.373    21.0    21.0    20.9    19.7    17.7
53878 20190604  2.622  -82.56   35.42    25.4    12.1    18.8    18.8     0.0    24.81 C    34.2    10.4    20.2    91.4    42.0    66.7   0.120   0.140   0.175   0.314   0.372    20.8    20.8    20.7    19.7    17.8
53878 20190605  2.622  -82.56   35.42    25.5    15.7    20.6    19.8    10.3     9.23 C    32.6    13.7    20.0    96.2    62.5    85.9   0.145   0.161   0.175   0.314   0.372    20.9    20.8    20.8    19.7    17.8
53878 20190606  2.622  -82.56   35.42    25.1    17.2    21.2    20.9     1.2    14.01 C    29.9    16.7    21.4    96.4    66.7    84.6   0.164   0.173   0.178   0.317   0.371    21.2    20.9    20.7    19.7    17.9
53878 20190607  2.622  -82.56   35.42    24.0    18.8    21.4    20.2    28.6     8.32 C    27.3    18.2    20.8    96.1    75.8    91.8   0.219   0.189   0.186   0.323   0.371    21.1    20.9    20.8    19.8    17.9
53878 20190608  2.622  -82.56   35.42    23.5    18.1    20.8    20.0    17.6     9.10 C    27.9    18.2    20.7    95.6    76.7    90.5   0.285   0.211   0.225   0.328   0.370    21.2    21.0    20.9    19.8    17.9
53878 20190609  2.622  -82.56   35.42    24.4    18.8    21.6    20.5    57.2    11.06 C    29.7    18.7    21.3    95.8    71.7    89.7   0.332   0.254   0.256   0.356   0.371    21.1    20.9    20.8    19.9    18.0
53878 20190610  2.622  -82.56   35.42    25.3    18.8    22.0    20.6    18.2    11.88 C    31.6    17.5    21.2    96.1    70.2    86.8   0.340   0.311   0.331   0.446   0.383    21.3    21.1    20.9    20.1    18.1
53878 20190611  2.622  -82.56   35.42    25.3    12.9    19.1    19.3     0.0    28.63 C    31.5    12.1    20.0    89.5    31.2    61.9   0.313   0.290   0.305   0.434   0.387    21.2    21.0    20.9    20.1    18.2
53878 20190612  2.622  -82.56   35.42    21.8    12.0    16.9    16.6     0.0    24.40 C    31.2    11.3    18.1    92.6    47.6    71.7   0.284   0.270   0.291   0.413   0.387    20.4    20.4    20.5    20.1    18.4
53878 20190613  2.622  -82.56   35.42    23.9    12.5    18.2    17.9     0.0    27.18 C    31.3     9.8    18.4    92.8    28.5    60.3   0.257   0.252   0.281   0.405   0.386    20.1    20.0    20.1    20.0    18.4
53878 20190614  2.622  -82.56   35.42    24.8     9.6    17.2    17.1     0.0    30.68 C    30.0     6.9    17.2    87.3    12.4    50.3   0.229   0.233   0.270   0.398   0.386    19.4    19.4    19.6    19.7    18.4
53878 20190615  2.622  -82.56   35.42    25.1     8.4    16.7    18.1     0.0    22.08 C    31.3     7.2    18.0    95.9    45.7    70.2   0.207   0.219   0.260   0.392   0.385    19.3    19.2    19.4    19.6    18.4
53878 20190616  2.622  -82.56   35.42    29.6    14.0    21.8    22.4     0.0    25.63 C    34.8    12.6    22.6    95.1    45.3    70.8   0.190   0.207   0.250   0.385   0.384    20.6    20.2    20.0    19.5    18.4
53878 20190617  2.622  -82.56   35.42    29.4    16.3    22.8    22.3    11.6    21.13 C    36.4    15.2    22.8    95.9    50.1    77.7   0.182   0.200   0.240   0.379   0.383    21.6    21.3    21.0    19.7    18.3
53878 20190618  2.622  -82.56   35.42    26.3    18.2    22.3    21.1     8.9    13.88 C    31.3    17.5    21.7    96.2    66.5    88.1   0.283   0.241   0.241   0.377   0.382    21.7    21.5    21.3    20.0    18.4
53878 20190619  2.622  -82.56   35.42    27.8    19.1    23.5    22.1     0.9    19.45 C    33.1    18.3    22.9    96.4    63.3    84.8   0.279   0.240   0.247   0.376   0.382    22.1    21.7    21.4    20.2    18.5
53878 20190620  2.622  -82.56   35.42    27.3    16.5    21.9    22.0     0.4    18.48 C    30.6    15.5    21.5    95.9    46.7    71.4   0.264   0.233   0.245   0.375   0.381    21.9    21.7    21.6    20.4    18.5
53878 20190621  2.622  -82.56   35.42    26.9    14.7    20.8    21.5     0.0    29.27 C    31.7    13.5    21.9    93.9    46.3    68.0   0.239   0.220   0.238   0.371   0.380    21.8    21.5    21.4    20.4    18.6
53878 20190622  2.622  -82.56   35.42    27.5    17.1    22.3    20.4    11.5    14.25 C    32.7    16.4    20.9    95.1    58.1    84.5   0.274   0.227   0.236   0.369   0.380    21.7    21.5    21.5    20.5    18.7
53878 20190623  2.622  -82.56   35.42    27.9    17.3    22.6    22.0     0.0    24.37 C    33.9    16.0    23.0    95.6    59.6    81.1   0.286   0.234   0.242   0.368   0.379    22.1    21.8    21.5    20.5    18.8
53878 20190624  2.622  -82.56   35.42    29.3    17.9    23.6    22.5    11.7    24.81 C    32.3    17.0    23.2    97.1    51.0    81.3   0.268   0.227   0.238   0.366   0.379    22.7    22.4    22.1    20.7    18.8
53878 20190625  2.622  -82.56   35.42    26.9    15.3    21.1    20.8     0.0    25.11 C    31.9    14.0    21.4    96.7    49.7    77.2   0.298   0.233   0.243   0.365   0.378    22.3    22.1    22.0    20.9    18.9
53878 20190626  2.622  -82.56   35.42    28.1    13.6    20.9    21.4     0.0    23.96 C    32.3    12.5    21.4    96.7    40.6    73.6   0.266   0.222   0.238   0.364   0.378    22.0    21.9    21.8    21.0    19.0
53878 20190627  2.622  -82.56   35.42    29.5    14.4    22.0    22.3     0.0    27.76 C    34.6    13.1    22.7    96.3    38.3    72.4   0.238   0.212   0.233   0.361   0.377    22.2    22.0    21.8    20.9    19.1
53878 20190628  2.622  -82.56   35.42    28.9    17.5    23.2    23.1     0.0    26.63 C    34.5    15.8    23.5    95.6    43.2    72.3   0.214   0.202   0.228   0.358   0.377    22.9    22.6    22.3    21.0    19.2
53878 20190629  2.622  -82.56   35.42    30.0    15.1    22.6    22.4     0.0    27.57 C    34.3    13.9    22.7    96.5    29.5    70.2   0.195   0.194   0.223   0.355   0.376    22.7    22.5    22.3    21.2    19.2
53878 20190630  2.622  -82.56   35.42    30.4    15.2    22.8    23.0     0.0    27.53 C    34.4    14.2    23.2    95.6    44.0    71.4   0.181   0.187   0.218   0.351   0.376    22.8    22.6    22.5    21.2    19.3
53878 20190701  2.622  -82.56   35.42    30.1    16.8    23.4    23.8     0.0    28.23 C    34.7    15.9    24.0    95.5    38.8    70.4   0.171   0.180   0.213   0.346   0.375    23.2    23.0    22.8    21.3    19.4
53878 20190702  2.622  -82.56   35.42    31.1    16.3    23.7    23.3     0.0    26.90 C    36.0    15.3    23.7    95.8    42.8    72.9   0.162   0.173   0.209   0.343   0.375    23.4    23.2    23.0    21.5    19.5
53878 20190703  2.622  -82.56   35.42    30.4    17.2    23.8    23.0     3.0    22.62 C    35.7    16.1    23.8    95.2    45.8    77.8   0.157   0.168   0.205   0.340   0.374    23.4    23.3    23.1    21.6    19.6
53878 20190704  2.622  -82.56   35.42    30.5    17.6    24.0    23.4     1.3    24.93 C    35.6    16.4    24.2    96.8    45.0    77.5   0.156   0.165   0.201   0.337   0.374    23.6    23.4    23.3    21.7    19.7
53878 20190705  2.622  -82.56   35.42    28.7    18.6    23.6    22.9     0.2    21.09 C    35.2    17.7    23.8    97.2    57.4    83.2   0.153   0.164   0.200   0.336   0.373    23.7    23.6    23.4    21.8    19.8
53878 20190706  2.622  -82.56   35.42    27.7    19.7    23.7    23.1    19.4    17.85 C    34.1    18.4    23.7    96.6    64.6    85.7   0.183   0.179   0.199   0.337   0.373    23.7    23.6    23.5    22.0    19.9
53878 20190707  2.622  -82.56   35.42    30.7    19.5    25.1    23.6     0.0    19.73 C    35.5    18.4    24.4    96.9    51.7    82.2   0.215   0.198   0.205   0.340   0.373    23.9    23.7    23.5    22.1    20.0
53878 20190708  2.622  -82.56   35.42    31.2    18.6    24.9    24.4     0.0    27.43 C    36.4    17.4    24.9    96.4    43.3    75.0   0.203   0.193   0.206   0.340   0.373    24.2    24.0    23.7    22.2    20.1
53878 20190709  2.622  -82.56   35.42    27.1    19.0    23.1    23.1     0.0    19.31 C    33.6    17.8    23.8    96.0    67.3    83.2   0.190   0.187   0.206   0.339   0.373    24.1    23.9    23.8    22.3    20.1
53878 20190710  2.622  -82.56   35.42    29.6    19.9    24.7    24.5     0.0    23.88 C    36.0    18.5    25.4    95.8    54.8    77.6   0.180   0.181   0.204   0.338   0.373    24.5    24.2    23.9    22.4    20.2
53878 20190711  2.622  -82.56   35.42    29.9    20.9    25.4    23.4     0.3    16.52 C    35.5    20.0    24.0    95.7    55.3    83.2   0.171   0.176   0.203   0.337   0.373    24.4    24.3    24.2    22.6    20.4
53878 20190712  2.622  -82.56   35.42    28.7    19.8    24.2    23.3    12.7    16.28 C    35.4    18.6    24.0    96.4    59.6    86.1   0.188   0.187   0.203   0.337   0.372    24.0    23.9    23.9    22.6    20.5
53878 20190713  2.622  -82.56   35.42    27.8    18.8    23.3    22.7     0.0    12.76 C    33.9    17.8    23.1    96.9    66.7    87.0   0.215   0.201   0.208   0.339   0.372    23.8    23.7    23.7    22.6    20.5
53878 20190714  2.622  -82.56   35.42    29.7    20.1    24.9    24.0     0.0    24.82 C    35.6    18.0    24.4    89.6    49.2    72.3   0.205   0.194   0.210   0.339   0.372    23.9    23.7    23.6    22.5    20.6
53878 20190715  2.622  -82.56   35.42    29.9    18.7    24.3    22.6     3.5    20.38 C    36.0    17.4    23.2    96.2    51.2    80.3   0.192   0.187   0.209   0.337   0.372    23.8    23.7    23.7    22.5    20.7
53878 20190716  2.622  -82.56   35.42    30.0    18.3    24.1    22.7     0.0    21.40 C    35.0    18.1    24.0    98.8    54.2    83.0   0.190   0.183   0.207   0.337   0.372    23.7    23.6    23.6    22.5    20.7
53878 20190717  2.622  -82.56   35.42    30.1    16.4    23.3    21.5     2.9    15.51 C    36.6    15.4    21.8    97.3    52.1    87.6   0.185   0.179   0.207   0.337   0.371    23.3    23.3    23.4    22.5    20.7
53878 20190718  2.622  -82.56   35.42    31.0    17.9    24.5    23.9     0.0    21.66 C    36.9    17.0    24.6    97.3    50.0    79.0   0.181   0.176   0.206   0.337   0.371    23.6    23.4    23.3    22.3    20.7
53878 20190719  2.622  -82.56   35.42    31.6    19.7    25.6    24.7     0.0    23.03 C    38.0    18.1    25.4    94.4    50.6    76.4   0.173   0.171   0.204   0.335   0.371    24.4    24.1    23.9    22.4    20.8
53878 20190720  2.622  -82.56   35.42    30.6    19.4    25.0    24.4     0.0    19.90 C    38.3    18.3    24.9    95.7    48.6    77.8   0.165   0.167   0.202   0.334   0.371    24.4    24.2    24.1    22.6    20.9
53878 20190721  2.622  -82.56   35.42    30.9    18.6    24.8    23.3     6.9    18.52 C    39.5    17.3    24.1    96.7    52.9    81.9   0.158   0.164   0.201   0.333   0.371    24.1    24.1    24.0    22.7    20.9
53878 20190722  2.622  -82.56   35.42    29.0    18.5    23.7    22.3     4.7    17.20 C    34.9    17.1    22.9    96.9    56.9    84.9   0.161   0.165   0.201   0.334   0.370    23.8    23.8    23.8    22.7    20.9
53878 20190723  2.622  -82.56   35.42    22.2    15.5    18.8    19.5    18.5     9.91 C    25.0    12.5    19.5    96.5    63.9    86.6   0.206   0.188   0.217   0.337   0.370    22.7    22.9    23.2    22.6    21.0
53878 20190724  2.622  -82.56   35.42    25.1    12.5    18.8    18.7     0.0    28.61 C    31.7    10.3    19.1    93.8    45.3    69.0   0.224   0.197   0.227   0.340   0.370    21.4    21.7    22.1    22.3    21.0
53878 20190725  2.622  -82.56   35.42    25.9    11.2    18.6    18.2     0.0    25.28 C    34.1     9.8    18.9    96.5    34.8    70.7   0.211   0.189   0.224   0.340   0.370    21.0    21.3    21.7    21.9    21.0
53878 20190726  2.622  -82.56   35.42    26.8    11.2    19.0    18.9     0.0    22.19 C    33.1     9.9    19.4    96.6    36.7    74.7   0.196   0.182   0.221   0.339   0.370    20.9    21.1    21.4    21.6    20.9
53878 20190727  2.622  -82.56   35.42    28.2    12.5    20.3    20.0     0.0    23.20 C    36.9    11.4    20.9    97.1    43.7    76.2   0.184   0.176   0.218   0.338   0.370    21.4    21.4    21.5    21.4    20.9
53878 20190728  2.622  -82.56   35.42    29.3    13.3    21.3    20.9     0.0    24.22 C    37.8    12.0    22.0    96.5    29.0    74.8   0.172   0.171   0.216   0.337   0.369    21.9    21.9    21.9    21.4    20.7
53878 20190729  2.622  -82.56   35.42    29.3    14.7    22.0    21.7     0.0    24.01 C    37.7    13.2    22.3    96.6    40.3    73.9   0.162   0.166   0.213   0.336   0.369    22.3    22.3    22.3    21.5    20.7
53878 20190730  2.622  -82.56   35.42    29.1    14.1    21.6    21.3     0.0    22.54 C    38.0    12.8    22.4    96.5    41.0    75.9   0.154   0.162   0.209   0.334   0.369    22.4    22.4    22.4    21.6    20.7
53878 20190731  2.622  -82.56   35.42    28.6    16.8    22.7    21.6     3.1    18.47 C    36.7    15.0    22.4    96.5    47.4    78.2   0.148   0.159   0.206   0.333   0.369    22.7    22.7    22.7    21.7    20.7
53878 20190801  2.622  -82.56   35.42    27.5    16.1    21.8    20.5     0.7    14.35 C    35.3    14.6    21.4    97.5    60.3    85.3   0.147   0.158   0.203   0.333   0.369    22.3    22.3    22.4    21.7    20.7
53878 20190802  2.622  -82.56   35.42    26.6    17.7    22.1    20.3     3.7    12.84 C    35.2    16.7    21.2    96.1    63.8    88.3   0.151   0.163   0.202   0.334   0.369    22.1    22.1    22.2    21.7    20.7
53878 20190803  2.622  -82.56   35.42    29.1    17.7    23.4    21.9     0.0    23.73 C    36.9    16.6    23.5    97.3    49.0    81.1   0.153   0.161   0.200   0.333   0.369    22.6    22.5    22.4    21.7    20.7
53878 20190804  2.622  -82.56   35.42    29.0    17.1    23.1    21.3    14.8    14.59 C    37.4    16.0    22.3    97.1    50.8    84.5   0.155   0.164   0.201   0.333   0.369    22.6    22.6    22.7    21.7    20.7
53878 20190805  2.622  -82.56   35.42    28.4    17.0    22.7    21.4     0.5    22.11 C    35.5    15.3    22.6    96.4    47.0    80.5   0.203   0.192   0.223   0.335   0.369    22.6    22.6    22.6    21.8    20.7
53878 20190806  2.622  -82.56   35.42    28.3    16.5    22.4    21.8     0.0    21.93 C    35.3    15.1    23.2    97.2    49.7    78.9   0.185   0.176   0.217   0.335   0.369    22.8    22.7    22.7    21.8    20.7
53878 20190807  2.622  -82.56   35.42    30.3    16.8    23.5    22.2     0.0    22.20 C    38.1    15.2    23.3    97.2    48.0    78.1   0.169   0.168   0.213   0.334   0.368    23.1    23.0    22.9    21.9    20.7
53878 20190808  2.622  -82.56   35.42    29.6    15.3    22.5    22.0     0.0    23.64 C    38.0    13.8    22.7    96.6    42.3    75.2   0.156   0.162   0.208   0.333   0.368    22.9    23.0    23.0    21.9    20.8
53878 20190809  2.622  -82.56   35.42    30.7    15.8    23.2    22.9     0.0    24.93 C    38.9    14.0    25.1    95.2    49.4    74.0   0.147   0.159   0.204   0.332   0.368    23.1    23.2    23.1    22.0    20.9
53878 20190810  2.622  -82.56   35.42    28.3    17.8    23.0    22.2     0.4    13.62 C    38.3    17.4    22.8    96.2    61.1    86.1   0.143   0.157   0.201   0.332   0.368    23.2    23.2    23.2    22.1    20.9
53878 20190811  2.622  -82.56   35.42    29.4    17.5    23.4    23.0     0.0    21.10 C    39.8    15.9    24.5    97.5    52.2    79.4   0.141   0.155   0.198   0.331   0.368    23.4    23.4    23.3    22.1    20.9
53878 20190812  2.622  -82.56   35.42    29.1    19.1    24.1    23.6     0.0    17.02 C    38.1    17.4    24.7    96.1    59.0    81.8   0.137   0.153   0.196   0.330   0.367    23.8    23.7    23.6    22.3    20.9
53878 20190813  2.622  -82.56   35.42    32.6    19.3    26.0    24.6     4.7    21.56 C    43.2    18.1    25.9    97.2    49.3    81.0   0.138   0.160   0.194   0.329   0.367    24.3    24.2    23.9    22.5    21.0
53878 20190814  2.622  -82.56   35.42    28.9    18.9    23.9    22.7     7.3    14.61 C    38.6    17.3    23.1    96.4    60.5    86.8   0.147   0.167   0.194   0.276   0.367    24.0    24.1    24.0    22.7    21.1
53878 20190815  2.622  -82.56   35.42    30.0    16.9    23.4    22.8     0.0    22.77 C    38.0    15.6    23.5    97.1    43.8    77.6   0.148   0.163   0.194   0.275   0.366    23.6    23.6    23.6    22.7    21.1
53878 20190816  2.622  -82.56   35.42    31.0    16.3    23.7    23.0     0.0    25.10 C    39.7    14.7    24.2    96.0    42.4    72.9   0.141   0.153   0.193   0.274   0.366    23.5    23.6    23.6    22.6    21.2
53878 20190817  2.622  -82.56   35.42    31.4    15.3    23.4    22.7     0.0    21.53 C    40.8    14.4    23.7    96.3    37.9    73.8   0.137   0.151   0.192   0.273   0.366    23.4    23.6    23.6    22.6    21.2
53878 20190818  2.622  -82.56   35.42    31.5    16.6    24.0    23.5     0.0    22.38 C    41.3    15.0    24.8    97.2    37.1    74.2   0.134   0.150   0.191   0.272   0.366    23.6    23.7    23.7    22.6    21.3
53878 20190819  2.622  -82.56   35.42    31.9    16.8    24.3    21.5     3.2    15.64 C    42.8    15.3    22.1    96.7    43.7    83.8   0.135   0.149   0.189   0.272   0.365    23.4    23.6    23.7    22.7    21.3
53878 20190820  2.622  -82.56   35.42    28.2    16.5    22.4    21.5     0.0    17.01 C    37.6    15.7    22.3    97.3    52.5    81.9   0.134   0.149   0.188   0.272   0.365    22.9    23.1    23.2    22.6    21.3
53878 20190821  2.622  -82.56   35.42    30.3    17.5    23.9    22.5     0.0    21.55 C    41.9    15.8    24.4    97.1    51.2    80.7   0.132   0.148   0.188   0.271   0.364    23.3    23.3    23.3    22.4    21.3
53878 20190822  2.622  -82.56   35.42    30.5    17.6    24.1    21.4    24.6    14.21 C    41.4    15.8    22.3    97.3    56.8    87.7   0.135   0.150   0.188   0.271   0.364    23.2    23.3    23.4    22.5    21.3
53878 20190823  2.622  -82.56   35.42    29.0    18.6    23.8    21.6    10.2    15.19 C    37.8    17.5    22.7    96.9    61.2    89.7   0.195   0.197   0.228   0.278   0.364    22.8    22.9    23.0    22.5    21.3
53878 20190824  2.622  -82.56   35.42    22.6    16.5    19.6    19.6     0.3     7.76 C    28.3    16.3    20.2    97.1    77.6    87.6   0.196   0.190   0.225   0.282   0.364    22.5    22.7    22.9    22.4    21.4
53878 20190825  2.622  -82.56   35.42    20.0    15.6    17.8    17.5     0.0     7.67 C    24.6    15.7    18.5    91.6    68.4    81.5   0.190   0.181   0.222   0.283   0.364    21.0    21.3    21.8    22.2    21.3
53878 20190826  2.622  -82.56   35.42    21.6    16.6    19.1    18.8     0.7    10.70 C    27.7    16.5    19.8    94.9    64.9    81.8   0.182   0.171   0.220   0.283   0.364    20.9    21.1    21.4    21.8    21.3
53878 20190827  2.622  -82.56   35.42    20.5    17.1    18.8    18.6     3.3     5.11 C    24.8    17.3    19.3    95.1    84.4    91.5   0.178   0.168   0.218   0.283   0.364    20.8    20.9    21.2    21.5    21.2
53878 20190828  2.622  -82.56   35.42    27.7    14.4    21.0    21.3     0.0    22.64 C    35.1    12.2    22.2    95.6    36.0    75.6   0.177   0.165   0.217   0.283   0.364    21.6    21.5    21.5    21.4    21.1
53878 20190829  2.622  -82.56   35.42    26.4    11.7    19.1    18.6     0.0    25.15 C    34.4     9.6    19.1    96.8    32.4    70.1   0.166   0.160   0.214   0.282   0.365    20.7    21.1    21.3    21.3    21.1
53878 20190830  2.622  -82.56   35.42    28.3    10.0    19.1    18.6     0.0    24.56 C    36.7     8.1    19.4    97.0    24.6    72.8   0.158   0.157   0.211   0.281   0.365    20.4    20.7    21.0    21.2    21.0
53878 20190831  2.622  -82.56   35.42    28.1    11.4    19.7    19.6     0.0    24.60 C    38.5     9.7    20.4    97.2    35.8    74.8   0.152   0.156   0.209   0.280   0.365    20.9    21.2    21.3    21.1    20.9
53878 20190901  2.622  -82.56   35.42    27.4    12.3    19.9    19.6     0.0    19.14 C    37.0    10.6    20.1    96.6    49.5    79.1   0.146   0.154   0.207   0.278   0.365    21.0    21.3    21.4    21.1    20.8
53878 20190902  2.622  -82.56   35.42    30.0    13.2    21.6    20.9     0.0    23.87 C    38.0    11.8    21.8    97.2    40.8    76.9   0.142   0.153   0.204   0.277   0.364    21.5    21.6    21.6    21.2    20.8
53878 20190903  2.622  -82.56   35.42    30.7    14.0    22.4    21.8     0.0    23.41 C    39.8    12.8    23.6    96.9    36.5    75.9   0.138   0.151   0.202   0.276   0.364    22.1    22.1    22.1    21.2    20.8
53878 20190904  2.622  -82.56   35.42    31.7    15.2    23.5    23.1     0.0    22.99 C    39.5    13.5    23.9    97.0    40.9    70.4   0.135   0.150   0.199   0.275   0.364    22.5    22.6    22.5    21.4    20.8
53878 20190905  2.622  -82.56   35.42    30.9    19.0    25.0    24.1     0.0    20.16 C    39.8    16.6    24.9    87.0    44.2    67.8   0.134   0.149   0.196   0.273   0.364    22.9    23.0    22.9    21.7    20.8
53878 20190906  2.622  -82.56   35.42    28.4    17.0    22.7    22.5     0.0    23.20 C    35.8    14.2    23.0    89.7    32.9    60.4   0.131   0.148   0.193   0.272   0.363    22.6    22.9    22.9    21.9    20.8
53878 20190907  2.622  -82.56   35.42    29.3    14.6    22.0    21.8     0.0    22.71 C    38.8    12.8    22.9    94.4    38.2    66.1   0.129   0.146   0.190   0.271   0.363    22.4    22.6    22.7    21.9    20.8
53878 20190908  2.622  -82.56   35.42    29.5    12.7    21.1    20.8     0.0    21.91 C    39.1    10.8    22.5    96.0    44.7    74.2   0.127   0.146   0.188   0.270   0.363    22.2    22.5    22.6    21.9    20.8
53878 20190909  2.622  -82.56   35.42    31.7    13.8    22.8    21.8     0.0    21.70 C    41.3    11.9    23.3    96.3    30.0    70.9   0.126   0.145   0.186   0.269   0.363    22.5    22.7    22.7    21.9    20.9
53878 20190910  2.622  -82.56   35.42    30.6    14.2    22.4    22.3     0.0    19.44 C    38.5    12.6    23.7    96.1    47.7    76.9   0.125   0.144   0.185   0.269   0.363    22.8    22.9    22.8    21.9    20.9
53878 20190911  2.622  -82.56   35.42    32.4    15.6    24.0    22.7     0.0    20.15 C    43.2    13.7    23.7    97.1    34.6    76.0   0.124   0.143   0.184   0.268   0.363    23.1    23.3    23.1    22.0    20.9
53878 20190912  2.622  -82.56   35.42    32.6    15.3    23.9    22.9     0.0    19.80 C    42.9    13.8    23.9    96.3    38.2    76.9   0.123   0.143   0.183   0.268   0.362    23.3    23.4    23.3    22.2    21.0
53878 20190913  2.622  -82.56   35.42    31.4    16.1    23.8    22.8     0.8    18.02 C    43.3    14.9    24.2    96.4    47.6    78.6   0.122   0.142   0.182   0.268   0.362    23.5    23.6    23.5    22.3    21.0
53878 20190914  2.622  -82.56   35.42    29.0    18.0    23.5    21.3     6.0    11.60 C    40.0    16.7    22.5    97.0    56.4    87.1   0.122   0.146   0.182   0.268   0.362    23.3    23.5    23.5    22.4    21.1
53878 20190915  2.622  -82.56   35.42    30.5    15.9    23.2    21.9     0.0    19.22 C    36.7    13.9    23.0    99.0    33.6    78.9   0.127   0.149   0.183   0.269   0.361    22.8    22.9    23.0    22.4    21.1
53878 20190916  2.622  -82.56   35.42    31.6    13.1    22.3    21.4     0.0    21.36 C    39.9    10.9    21.5    97.1    28.7    69.9   0.125   0.143   0.182   0.269   0.361    22.1    22.4    22.6    22.3    21.1
53878 20190917  2.622  -82.56   35.42    31.4    15.3    23.3    22.8     0.0    18.75 C    40.9    13.8    23.8    95.1    39.2    71.9   0.123   0.142   0.182   0.267   0.361    22.4    22.6    22.6    22.0    21.2
53878 20190918  2.622  -82.56   35.42    22.4    17.8    20.1    19.5     0.0     4.79 C    24.6    17.4    19.9    91.7    65.2    80.3   0.123   0.141   0.181   0.267   0.361    22.1    22.4    22.7    22.1    21.1
53878 20190919  2.622  -82.56   35.42    19.0    14.6    16.8    16.7     0.0     7.82 C    25.7    12.6    17.7    91.0    58.9    76.8   0.121   0.140   0.180   0.267   0.360    20.7    21.1    21.6    21.9    21.1
53878 20190920  2.622  -82.56   35.42    25.1    11.4    18.2    17.4     0.0    19.33 C    37.1     9.1    19.1    97.7    50.2    78.1   0.120   0.139   0.179   0.267   0.360    20.3    20.7    21.0    21.5    21.1
53878 20190921  2.622  -82.56   35.42    28.0    11.8    19.9    18.9     0.0    17.91 C    39.9     9.8    19.7    98.3    40.8    77.4   0.119   0.139   0.179   0.266   0.359    20.6    20.9    21.1    21.2    21.1
53878 20190922  2.622  -82.56   35.42    28.1    11.9    20.0    19.2     0.0    19.91 C    39.8     9.8    19.9    97.8    35.3    74.1   0.118   0.138   0.178   0.266   0.359    20.8    21.1    21.2    21.2    21.0
53878 20190923  2.622  -82.56   35.42    29.7     8.9    19.3    20.0     0.0    19.72 C    39.8     6.9    20.7    96.8    36.1    68.1   0.117   0.138   0.178   0.265   0.359    20.7    21.0    21.1    21.1    20.9
53878 20190924  2.622  -82.56   35.42    28.1    14.7    21.4    20.9     0.0    17.67 C    39.8    11.7    21.3    95.6    38.0    69.9   0.117   0.138   0.178   0.265   0.359    21.5    21.7    21.6    21.1    20.8
53878 20190925  2.622  -82.56   35.42    28.4    10.5    19.5    19.2     0.0    20.11 C    39.8     8.4    20.1    96.2    36.2    71.3   0.115   0.137   0.177   0.264   0.358    21.0    21.3    21.5    21.2    20.7
53878 20190926  2.622  -82.56   35.42    29.4    13.0    21.2    21.3     0.0    17.14 C    40.4    11.2    22.0    95.9    45.1    72.2   0.115   0.137   0.176   0.264   0.358    21.3    21.5    21.6    21.2    20.7
53878 20190927  2.622  -82.56   35.42    30.0    15.7    22.9    22.1     0.0    16.06 C    41.8    13.7    23.2    95.9    47.1    76.9   0.115   0.137   0.176   0.264   0.358    22.1    22.1    22.0    21.3    20.7
53878 20190928  2.622  -82.56   35.42    27.8    18.0    22.9    21.1     1.4     9.82 C    40.7    15.9    21.5    96.8    64.5    87.8   0.115   0.137   0.176   0.264   0.357    22.3    22.4    22.4    21.4    20.7
53878 20190929  2.622  -82.56   35.42    31.0    17.0    24.0    22.4     0.0    16.40 C    41.9    15.6    23.4    97.4    43.4    80.5   0.115   0.136   0.176   0.264   0.357    22.3    22.3    22.2    21.5    20.7
53878 20190930  2.622  -82.56   35.42    31.2    16.0    23.6    21.0     6.7    13.30 C    43.3    14.5    21.7    97.3    45.5    86.1   0.117   0.140   0.179   0.265   0.356    22.2    22.4    22.3    21.5    20.7
53878 20191001  2.622  -82.56   35.42    30.8    18.6    24.7    22.9     0.0    13.06 C    38.0    16.6    23.4    97.0    46.0    82.7   0.122   0.143   0.180   0.266   0.356    22.5    22.4    22.3    21.6    20.7
53878 20191002  2.622  -82.56   35.42    31.7    16.7    24.2    23.0     0.0    16.96 C    41.2    14.7    23.8    97.3    38.1    77.1   0.122   0.140   0.179   0.266   0.357    22.7    22.7    22.6    21.7    20.7
53878 20191003  2.622  -82.56   35.42    32.7    14.2    23.5    22.0     0.0    18.16 C    41.2    12.4    22.1    96.6    33.4    73.1   0.120   0.139   0.178   0.265   0.357    22.2    22.4    22.4    21.7    20.8
53878 20191004  2.622  -82.56   35.42    31.3    13.1    22.2    21.7     0.0    17.69 C    40.8    10.9    21.5    96.3    35.5    67.8   0.119   0.138   0.178   0.265   0.356    21.8    22.1    22.2    21.7    20.9
53878 20191005  2.622  -82.56   35.42    19.9    12.9    16.4    15.7     0.0     2.03 C    18.5    13.0    15.9    94.3    73.9    86.3   0.117   0.137   0.177   0.265   0.356    20.5    21.1    21.6    21.6    20.9
53878 20191006  2.622  -82.56   35.42    19.6    12.7    16.2    16.0     0.2     4.16 C    21.5    13.2    16.8    95.9    86.3    91.7   0.116   0.136   0.176   0.265   0.356    19.4    19.7    20.3    21.2    20.9
53878 20191007  2.622  -82.56   35.42    22.5    16.0    19.2    18.6     0.0     7.67 C    36.0    14.5    19.6    95.2    60.3    82.1   0.117   0.131   0.176   0.265   0.356    19.9    20.0    20.3    20.8    20.8
53878 20191008  2.622  -82.56   35.42    19.7    14.8    17.2    16.6    13.9     4.62 C    25.5    14.9    17.1    94.6    78.9    90.6   0.127   0.129   0.183   0.266   0.356    19.5    19.8    20.1    20.6    20.7
53878 20191009  2.622  -82.56   35.42    20.4    11.4    15.9    15.0     0.0     8.31 C    28.1     9.2    15.5    96.9    65.3    86.4   0.141   0.129   0.183   0.267   0.356    18.8    19.3    19.6    20.3    20.6
53878 20191010  2.622  -82.56   35.42    24.4    12.1    18.2    16.2     0.0    14.42 C    32.5     9.5    17.2    97.3    38.0    81.4   0.140   0.129   0.183   0.267   0.356    18.4    18.9    19.1    20.0    20.5
53878 20191011  2.622  -82.56   35.42    23.6     9.9    16.7    15.3     0.0    15.73 C    33.2     7.6    16.2    97.8    43.8    80.3   0.139   0.129   0.182   0.267   0.356    18.1    18.6    18.9    19.7    20.3
53878 20191012  2.622  -82.56   35.42    25.2    12.0    18.6    16.6     0.0    12.86 C    36.2    10.2    17.8    96.5    46.8    78.3   0.137   0.129   0.182   0.267   0.356    18.5    18.8    19.0    19.6    20.2
53878 20191013  2.622  -82.56   35.42    19.9    10.7    15.3    14.6     1.5     4.67 C    23.0     6.9    14.2    95.7    72.8    89.4   0.135   0.129   0.182   0.267   0.356    17.8    18.3    18.7    19.4    20.1
53878 20191014  2.622  -82.56   35.42    22.7     7.3    15.0    13.7     0.0    18.28 C    29.6     3.6    12.6    97.2    26.2    65.6   0.134   0.128   0.181   0.267   0.356    16.6    17.3    17.9    19.1    19.9
53878 20191015  2.622  -82.56   35.42    21.3     4.6    13.0    13.0     0.0    11.96 C    29.9     2.1    13.3    96.9    40.4    74.1   0.131   0.127   0.180   0.266   0.356    15.9    16.5    17.1    18.7    19.8
53878 20191016  2.622  -82.56   35.42    20.6     7.5    14.1    13.8     1.9    12.76 C    27.3     4.3    13.8    95.5    36.8    70.3   0.130   0.128   0.180   0.266   0.356    16.5    17.0    17.4    18.4    19.6
53878 20191017  2.622  -82.56   35.42    15.2     4.2     9.7     9.0     0.0    17.24 C    24.8     1.0     9.0    67.8    37.6    55.3   0.128   0.126   0.179   0.265   0.355    14.0    15.2    16.1    18.1    19.4
53878 20191018  2.622  -82.56   35.42    19.5     2.5    11.0    10.1     0.0    13.86 C    28.8    -0.9     9.2    93.4    27.1    64.7   0.126   0.126   0.178   0.264   0.355    13.7    14.5    15.3    17.4    19.2
53878 20191019  2.622  -82.56   35.42    12.4     4.1     8.2     8.3    36.0     3.82 C    15.2     1.8     8.1    97.0    62.0    89.6   0.140   0.131   0.192   0.266   0.355    13.1    14.0    14.9    17.0    19.1
53878 20191020  2.622  -82.56   35.42    20.9    10.4    15.7    14.5     0.3    15.03 C    27.0     7.3    14.4    96.9    62.1    84.6   0.180   0.138   0.223   0.286   0.355    14.3    14.4    14.7    16.4    18.7
53878 20191021  2.622  -82.56   35.42    18.3    11.7    15.0    15.2     0.0     3.78 C    25.2    10.1    15.3    96.8    77.5    91.2   0.174   0.137   0.218   0.287   0.356    15.4    15.4    15.6    16.4    18.4
53878 20191022  2.622  -82.56   35.42    20.1     5.0    12.5    14.8    34.7    13.30 C    24.5     2.1    14.3    95.1    34.3    78.9   0.195   0.144   0.234   0.339   0.362    16.0    16.2    16.3    16.6    18.2
53878 20191023  2.622  -82.56   35.42    17.3     2.2     9.7     8.9     0.0    16.78 C    23.9    -0.5     7.9    96.9    23.6    65.9   0.196   0.142   0.233   0.356   0.365    13.6    14.5    15.2    16.6    18.1
53878 20191024  2.622  -82.56   35.42    18.2    -0.6     8.8     8.0     0.0    16.41 C    26.4    -3.0     8.1    97.4    37.9    75.2   0.192   0.140   0.231   0.349   0.366    12.5    13.3    14.1    16.2    18.0
53878 20191025  2.622  -82.56   35.42    15.6     5.5    10.6    11.5    11.6     2.92 C    19.2     3.5    11.9    96.5    68.8    87.6   0.198   0.142   0.233   0.344   0.365    13.3    13.6    14.1    15.8    17.7
53878 20191026  2.622  -82.56   35.42    20.3    13.7    17.0    15.8    15.0     1.21 C    19.2    13.4    15.5    96.0    88.7    93.1   0.240   0.147   0.248   0.346   0.365    14.7    14.6    14.8    15.7    17.6
53878 20191027  2.622  -82.56   35.42    21.4     9.8    15.6    17.4    20.4    15.28 C    25.2     6.9    16.7    97.0    47.9    78.8   0.274   0.172   0.275   0.395   0.378    16.6    16.3    16.1    15.8    17.4
53878 20191028  2.622  -82.56   35.42    21.9     6.9    14.4    13.3     0.0    13.79 C    28.1     4.8    13.2    99.5    50.4    82.6   0.257   0.175   0.260   0.372   0.381    15.3    15.5    15.8    16.2    17.2
53878 20191029  2.622  -82.56   35.42    20.7     8.5    14.6    14.5     0.0     9.45 C    27.3     6.3    15.1    98.2    64.0    87.4   0.251   0.176   0.257   0.358   0.382    15.4    15.5    15.7    16.2    17.1
53878 20191030  2.622  -82.56   35.42    16.6    15.3    15.9    15.7    46.6     1.34 C    16.9    14.8    15.7    95.7    92.5    94.5   0.293   0.230   0.296   0.382   0.383    16.2    16.2    16.2    16.2    17.1
53878 20191031  2.622  -82.56   35.42    21.7     0.5    11.1    14.8    19.7     2.93 C    21.8    -0.2    14.1    96.7    66.0    86.5   0.319   0.280   0.352   0.451   0.392    16.5    16.5    16.5    16.4    17.1
53878 20191101  2.622  -82.56   35.42    11.7    -0.8     5.5     3.9     0.0    15.52 C    16.3    -2.0     3.6    95.1    29.8    65.4   0.292   0.245   0.291   0.396   0.393    11.9    13.2    14.4    16.3    17.1
53878 20191102  2.622  -82.56   35.42    13.4    -1.7     5.9     4.6     0.0    14.28 C    20.6    -3.0     4.4    99.6    39.2    71.7   0.280   0.228   0.282   0.365   0.392    10.7    11.8    12.7    15.4    17.0
53878 20191103  2.622  -82.56   35.42    12.7    -0.4     6.1     5.3     0.0    14.87 C    20.2    -3.5     4.3    94.2    32.6    65.5   0.272   0.225   0.277   0.359   0.391    10.0    11.0    11.9    14.6    16.9
53878 20191104  2.622  -82.56   35.42    12.2    -2.1     5.1     5.1     0.0     8.59 C    15.5    -4.4     4.6    97.0    42.2    74.4   0.266   0.224   0.275   0.355   0.389     9.6    10.5    11.3    14.0    16.7
53878 20191105  2.622  -82.56   35.42    18.7     2.5    10.6    10.3     0.0    13.15 C    25.7     0.6     9.8    96.0    47.9    73.1   0.261   0.224   0.272   0.352   0.388    10.8    11.1    11.5    13.6    16.4
53878 20191106  2.622  -82.56   35.42    18.1     1.3     9.7     9.4     0.0    14.20 C    24.8    -0.6     7.8    96.8    29.9    70.3   0.254   0.218   0.269 -99.000   0.387    11.1    11.5    12.0    13.5    16.1
53878 20191107  2.622  -82.56   35.42    17.9     2.1    10.0     9.3     3.1     7.67 C    23.2    -0.5     9.3    96.4    59.3    85.4   0.250   0.216   0.267 -99.000   0.386    11.1    11.3    11.9    13.4    15.9
53878 20191108  2.622  -82.56   35.42     9.6    -2.6     3.5     4.1     0.0    13.67 C    14.1    -6.1     3.7    87.4    39.2    65.3   0.255   0.216   0.265   0.343   0.386    10.2    11.1    11.8    13.4    15.7
53878 20191109  2.622  -82.56   35.42     9.8    -5.6     2.1     1.1     0.0    14.15 C    16.8    -8.2     0.9    94.1    33.9    68.6   0.250   0.218   0.263   0.340   0.384     7.9     9.1    10.2    13.0    15.5
53878 20191110  2.622  -82.56   35.42    18.7    -3.4     7.6     6.2     0.0    13.68 C    24.7    -5.3     5.4    94.3    31.2    71.2   0.247   0.215   0.262   0.338   0.384     8.2     8.8     9.7    12.3    15.3
53878 20191111  2.622  -82.56   35.42    19.1    -0.4     9.4     9.4     0.0    12.84 C    24.8    -2.4     9.2    97.1    34.3    69.7   0.243   0.217   0.260   0.336   0.384     9.3     9.5    10.2    12.0    15.1
53878 20191112  2.622  -82.56   35.42    12.4    -6.6     2.9     1.1     8.4     7.49 C    11.0    -8.5     1.4    90.5    59.8    73.1   0.285   0.224   0.265   0.335   0.383     8.8     9.6    10.5    12.1    14.8
53878 20191113  2.622  -82.56   35.42     4.5    -8.3    -1.9    -3.0     0.0    13.80 C    10.9    -9.9    -3.0    82.2    19.4    54.5   0.288   0.230   0.269   0.334   0.383     5.4     6.8     8.2    11.6    14.6
53878 20191114  2.622  -82.56   35.42     5.6    -5.5     0.0     0.6     0.0     4.53 C     9.7    -8.4     0.8    81.9    52.6    66.5   0.281   0.229   0.266   0.332   0.382     5.3     6.2     7.3    10.8    14.4
53878 20191115  2.622  -82.56   35.42    13.2     2.0     7.6     6.8     0.9     7.08 C    18.3     1.1     6.0    93.9    26.6    58.0   0.280   0.229   0.265   0.331   0.382     7.0     7.3     7.8    10.3    14.1
53878 20191116  2.622  -82.56   35.42    15.4     0.7     8.0     7.2     0.0    11.16 C    22.5    -2.4     6.2    80.5    25.1    50.0   0.275   0.229   0.265   0.330   0.381     7.6     7.9     8.4    10.3    13.8
53878 20191117  2.622  -82.56   35.42    15.2    -0.2     7.5     7.7     0.0    12.71 C    22.5    -3.0     7.7    85.9    49.9    69.5   0.269   0.229   0.263   0.329   0.381     8.2     8.3     8.8    10.3    13.6
53878 20191118  2.622  -82.56   35.42    12.8     2.3     7.6     7.6     0.0     7.30 C    22.0    -0.8     7.0    97.0    63.8    81.7   0.265   0.228   0.262   0.329   0.380     8.9     9.0     9.4    10.5    13.4
53878 20191119  2.622  -82.56   35.42    11.8     2.5     7.1     7.3     0.0    10.69 C    19.5    -1.1     7.0    96.6    42.4    63.0   0.260   0.227   0.261   0.329   0.380     8.7     8.9     9.4    10.7    13.2
53878 20191120  2.622  -82.56   35.42    11.4     1.3     6.3     6.7     0.0    11.69 C    17.5    -1.7     5.6    92.5    53.6    70.8   0.256   0.225   0.260   0.328   0.379     8.6     8.9     9.5    10.7    13.1
53878 20191121  2.622  -82.56   35.42    17.1    -1.4     7.8     8.0     0.0    10.75 C    25.3    -3.9     7.7    96.6    39.0    69.6   0.251   0.229   0.258   0.327   0.379     8.4     8.6     9.2    10.7    13.0
53878 20191122  2.622  -82.56   35.42    18.8     3.5    11.2    10.7     0.0     6.22 C    28.6     0.8    10.4    93.1    38.4    74.8   0.249   0.244   0.258   0.326   0.378     9.6     9.6     9.8    10.7    13.0
53878 20191123  2.622  -82.56   35.42    11.3     6.6     9.0     9.5    36.1     1.05 C    11.0     4.7     9.2    96.4    79.8    93.2   0.315   0.279   0.284   0.344   0.379    10.4    10.5    10.5    10.9    12.9
53878 20191124  2.622  -82.56   35.42     7.0    -0.7     3.1     4.1     0.0    11.47 C    14.1    -3.4     3.6    93.3    68.3    78.1   0.309   0.286   0.294   0.375   0.382     8.8     9.3     9.9    11.0    12.9
53878 20191125  2.622  -82.56   35.42    14.8    -2.1     6.4     4.8     0.0    12.01 C    19.2    -4.3     3.8    96.9    32.0    76.0   0.298   0.279   0.286   0.365   0.383     7.7     8.2     8.9    10.8    12.8
53878 20191126  2.622  -82.56   35.42    15.6    -2.2     6.7     6.3     0.0     7.89 C    20.6    -4.7     5.4    97.1    35.5    70.8   0.292   0.275   0.282   0.356   0.384     7.5     7.9     8.6    10.4    12.7
53878 20191127  2.622  -82.56   35.42    24.0     8.4    16.2    13.0     6.1     9.28 C    23.8     0.5    10.1    95.0    15.3    57.8   0.314   0.282   0.284   0.352   0.383     9.5     9.5     9.5    10.3    12.6
53878 20191128  2.622  -82.56   35.42    13.9     3.2     8.6     7.5     0.0    11.83 C    17.6    -0.4     6.4    62.6    27.4    47.9   0.305   0.282   0.286   0.352   0.383     8.3     8.8     9.4    10.5    12.5
53878 20191129  2.622  -82.56   35.42    15.3     6.1    10.7     9.9     0.0     7.83 C    23.5     4.8    10.6    64.7    27.7    47.9   0.297   0.277   0.283   0.351   0.382     9.0     9.1     9.4    10.4    12.4
53878 20191130  2.622  -82.56   35.42    14.2     5.7    10.0    10.3    16.7     5.36 C    19.4     3.3    10.4    96.1    45.4    71.5   0.303   0.277   0.282   0.350   0.382     9.9     9.9    10.0    10.5    12.4
53878 20191201  2.622  -82.56   35.42    18.4     6.2    12.3    11.3    15.7    10.65 C    20.4     3.1    10.0    96.1    18.0    64.2   0.339   0.305   0.327   0.407   0.388    10.4    10.4    10.5    10.7    12.3
53878 20191202  2.622  -82.56   35.42     6.1     0.2     3.2     2.7     0.0    10.04 C    12.5    -1.2     3.7    85.4    49.9    63.6   0.310   0.288   0.295   0.385   0.391     8.4     9.0     9.7    10.8    12.3
53878 20191203  2.622  -82.56   35.42     5.3    -0.9     2.2     1.3     0.0     9.70 C    11.6    -2.0     2.5    75.6    58.0    69.5   0.300   0.282   0.288   0.369   0.391     6.6     7.4     8.4    10.4    12.3
53878 20191204  2.622  -82.56   35.42    13.2    -0.4     6.4     6.2     0.0    11.64 C    18.1    -5.6     4.6    71.4    20.3    44.2   0.294   0.278   0.285   0.359   0.390     6.3     6.8     7.7     9.9    12.2
53878 20191205  2.622  -82.56   35.42    13.5    -2.6     5.5     6.5     0.0    11.42 C    18.9    -6.0     3.8    82.6    17.1    42.4   0.289   0.276   0.281   0.355   0.390     6.6     7.0     7.7     9.6    12.1
53878 20191206  2.622  -82.56   35.42    12.4    -2.2     5.1     4.8     0.0     2.87 C    17.0    -5.4     4.1    85.7    47.5    69.0   0.285   0.274   0.280   0.352   0.389     6.4     6.8     7.5     9.3    11.9
53878 20191207  2.622  -82.56   35.42    13.3    -2.1     5.6     6.0     0.0    10.62 C    19.6    -4.7     5.3    95.1    47.2    72.2   0.283   0.262   0.278   0.350   0.388     6.8     7.0     7.5     9.2    11.7
53878 20191208  2.622  -82.56   35.42     8.7     3.4     6.0     5.7     0.0     9.07 C    14.8     1.1     6.3    75.6    41.3    57.8   0.279   0.255   0.277   0.348   0.387     7.3     7.5     8.0     9.1    11.6
53878 20191209  2.622  -82.56   35.42    12.8     2.8     7.8     7.9     6.5     2.41 C    14.7     2.9     7.7    96.0    44.2    83.4   0.308   0.261   0.276   0.345   0.386     7.5     7.6     8.0     9.2    11.5
53878 20191210  2.622  -82.56   35.42    13.7     0.6     7.1     8.7    12.4     1.09 C    12.9     1.0     8.2    95.4    83.1    89.4   0.339   0.292   0.292   0.345   0.385     9.1     9.0     9.0     9.4    11.4
53878 20191211  2.622  -82.56   35.42     4.8    -4.3     0.2     0.0     0.9     9.04 C     7.4    -6.9    -1.0    89.4    30.7    63.5   0.323   0.294   0.297   0.360   0.386     6.1     6.9     7.9     9.5    11.4
53878 20191212  2.622  -82.56   35.42     5.8    -6.6    -0.4    -0.1     1.3    11.01 C    11.2    -9.3    -0.6    93.6    41.7    69.0   0.312   0.286   0.291   0.359   0.386     4.6     5.3     6.4     8.9    11.3
53878 20191213  2.622  -82.56   35.42     5.3    -0.4     2.5     2.6    14.8     1.21 C     6.0     0.1     3.3    97.9    84.0    95.4   0.345   0.300   0.304   0.366   0.386     5.1     5.4     6.2     8.4    11.2
53878 20191214  2.622  -82.56   35.42    11.2     0.0     5.6     6.2     8.5     8.16 C    17.7    -2.9     5.7    97.9    52.5    84.1   0.340   0.303   0.321   0.396   0.391     6.6     6.6     6.9     8.1    11.0
53878 20191215  2.622  -82.56   35.42    13.2    -2.3     5.5     5.2     0.0    10.92 C    17.1    -5.3     3.5    96.8    40.4    75.0   0.320   0.291   0.296   0.380   0.392     6.0     6.3     6.8     8.2    10.7
53878 20191216  2.622  -82.56   35.42    16.7    -0.4     8.2     9.3     0.2     6.09 C    20.1    -2.4     8.2    97.3    44.4    79.7   0.313   0.286   0.290   0.368   0.392     6.9     6.9     7.1     8.2    10.7
53878 20191217  2.622  -82.56   35.42    15.3    -0.4     7.5     8.8    16.4     3.59 C    16.5    -2.4     8.3    96.7    63.9    85.6   0.341   0.302   0.309   0.380   0.393     9.1     8.9     8.7     8.5    10.6
53878 20191218  2.622  -82.56   35.42     5.2    -3.7     0.7    -0.2     0.0     9.87 C     9.5    -6.1    -1.5    76.1    30.9    56.8   0.321   0.292   0.296   0.378   0.394     5.5     6.3     7.3     8.8    10.5
53878 20191219  2.622  -82.56   35.42     9.5    -4.5     2.5     0.2     0.0    11.14 C    14.0    -7.8    -0.7    86.8    13.3    58.8   0.314   0.286   0.290   0.364   0.393     4.2     4.9     5.9     8.3    10.5
53878 20191220  2.622  -82.56   35.42    11.7    -6.6     2.6     1.4     0.0    10.03 C    16.8    -9.2     0.4    93.3    28.3    68.7   0.310   0.284   0.287   0.358   0.393     4.0     4.6     5.4     7.7    10.4
53878 20191221  2.622  -82.56   35.42    10.8    -1.5     4.6     3.8     0.0     6.62 C    17.8    -4.7     3.9    91.4    36.2    68.1   0.307   0.281   0.285   0.356   0.391     4.9     5.1     5.6     7.4    10.2
53878 20191222  2.622  -82.56   35.42     6.6    -0.5     3.0     3.4    14.0     1.51 C     6.7    -3.4     3.1    97.4    70.0    89.1   0.323   0.285   0.288   0.353   0.390     5.3     5.5     6.0     7.4    10.1
53878 20191223  2.622  -82.56   35.42    11.3     6.5     8.9     9.3    14.3     1.45 C    11.0     6.2     8.8    97.1    83.5    92.1   0.357   0.313   0.328   0.391   0.391     6.8     6.6     6.6     7.4     9.9
53878 20191224  2.622  -82.56   35.42    18.4     2.2    10.3    10.4     0.0    10.03 C    19.9    -1.7     8.7    97.0    27.1    82.2   0.333   0.298   0.307   0.391   0.394     8.3     8.1     7.8     7.8     9.8
53878 20191225  2.622  -82.56   35.42    15.7    -2.1     6.8     5.4     0.0    10.42 C    19.2    -5.1     4.0    98.4    42.4    80.7   0.322   0.291   0.296   0.379   0.394     7.0     7.3     7.7     8.2     9.7
53878 20191226  2.622  -82.56   35.42    18.3    -2.0     8.1     6.0     0.0    10.16 C    21.3    -5.5     4.2    97.4    27.3    76.9   0.315   0.287   0.291   0.367   0.393     6.5     6.8     7.2     8.1     9.8
53878 20191227  2.622  -82.56   35.42    16.3    -1.9     7.2     6.2     0.0     7.35 C    21.0    -4.7     4.9    97.3    36.5    78.3   0.311   0.284   0.288   0.359   0.393     6.5     6.7     7.1     8.1     9.8
53878 20191228  2.622  -82.56   35.42    18.7     0.0     9.4     9.2     0.0     8.94 C    22.8    -2.7     8.4    97.2    47.3    80.8   0.308   0.282   0.286   0.356   0.392     7.3     7.3     7.4     8.0     9.8
53878 20191229  2.622  -82.56   35.42    18.2    11.9    15.0    15.0     9.6     2.74 C    18.5    11.2    14.3    96.3    80.5    91.1   0.335   0.292   0.294   0.355   0.390    10.0     9.5     8.9     8.3     9.7
53878 20191230  2.622  -82.56   35.42    18.1     3.7    10.9    13.6     2.0    11.22 C    20.2    -2.6    10.7    91.1    18.2    54.9   0.340   0.297   0.302   0.360   0.389    11.2    11.0    10.4     9.1     9.8
53878 20191231  2.622  -82.56   35.42     9.5     2.0     5.8     5.1     0.0    11.42 C    15.3    -3.6     2.6    64.8    37.5    53.2   0.327   0.291   0.296   0.362   0.389     7.8     8.4     9.1     9.5     9.9
