04137 20190101  2.623 -113.01   45.16    -9.2   -33.1   -21.1   -18.9     0.0     4.18 C    -9.4   -33.4   -20.6    82.1    59.6    71.2 -99.000 -99.000 -99.000 -99.000 -99.000    -5.5    -4.6 -9999.0 -9999.0 -9999.0
04137 20190102  2.623 -113.01   45.16    -1.7   -14.3    -8.0    -7.0     0.0     6.82 C    -3.3   -15.9    -9.1    81.0    62.3    71.3 -99.000 -99.000 -99.000 -99.000 -99.000    -5.2    -4.7 -9999.0 -9999.0 -9999.0
04137 20190103  2.623 -113.01   45.16    -4.6   -17.7   -11.1    -9.9     0.0     3.86 C    -5.7   -18.7   -12.2    85.0    57.7    73.2 -99.000 -99.000 -99.000 -99.000 -99.000    -5.0    -4.5 -9999.0 -9999.0 -9999.0
04137 20190104  2.623 -113.01   45.16    -5.0   -14.3    -9.7    -9.3     0.0     3.65 C    -6.9   -16.8   -11.8    86.1    66.0    76.6 -99.000 -99.000 -99.000 -99.000 -99.000    -5.1    -4.5 -9999.0 -9999.0 -9999.0
04137 20190105  2.623 -113.01   45.16     1.3   -13.6    -6.2    -7.3     0.0     4.16 C    -3.0   -14.9    -9.3    87.6    41.4    73.4 -99.000 -99.000 -99.000 -99.000 -99.000    -5.0    -4.5 -9999.0 -9999.0 -9999.0
04137 20190106  2.623 -113.01   45.16     1.7   -14.9    -6.6    -5.5     0.0     5.65 C    -0.8   -15.7    -9.2    87.7    38.0    64.6 -99.000 -99.000 -99.000 -99.000 -99.000    -4.6    -4.3 -9999.0 -9999.0 -9999.0
04137 20190107  2.623 -113.01   45.16    -2.5   -17.7   -10.1    -6.9     0.5     5.54 C    -4.3   -22.3   -10.3    88.6    38.5    58.1 -99.000 -99.000 -99.000 -99.000 -99.000    -4.5    -4.1 -9999.0 -9999.0 -9999.0
04137 20190108  2.623 -113.01   45.16    -8.0   -25.5   -16.7   -16.0     0.0     6.17 C   -10.2   -26.8   -18.4    79.4    44.8    65.2 -99.000 -99.000 -99.000 -99.000 -99.000    -5.4    -4.7 -9999.0 -9999.0 -9999.0
04137 20190109  2.623 -113.01   45.16     0.1   -12.9    -6.4    -6.5     0.0     5.64 C    -1.5   -15.3    -8.4    81.9    54.8    68.9 -99.000 -99.000 -99.000 -99.000 -99.000    -5.3    -4.8 -9999.0 -9999.0 -9999.0
04137 20190110  2.623 -113.01   45.16     1.1    -9.4    -4.1    -4.4     0.0     4.26 C    -0.7   -13.4    -7.0    90.3    62.0    78.5 -99.000 -99.000 -99.000 -99.000 -99.000    -4.6    -4.4 -9999.0 -9999.0 -9999.0
04137 20190111  2.623 -113.01   45.16    -6.9   -19.0   -13.0   -12.2     0.0     4.81 C    -5.2   -21.0   -14.0    89.9    78.9    85.2 -99.000 -99.000 -99.000 -99.000 -99.000    -4.8    -4.3 -9999.0 -9999.0 -9999.0
04137 20190112  2.623 -113.01   45.16    -6.6   -23.8   -15.2   -17.2     0.0     7.24 C    -9.7   -25.2   -18.6    87.4    53.9    76.0 -99.000 -99.000 -99.000 -99.000 -99.000    -5.7    -4.9 -9999.0 -9999.0 -9999.0
04137 20190113  2.623 -113.01   45.16    -2.8   -22.2   -12.5   -14.0     0.0     7.03 C    -6.7   -23.5   -17.3    81.9    35.5    65.9 -99.000 -99.000 -99.000 -99.000 -99.000    -6.3    -5.4 -9999.0 -9999.0 -9999.0
04137 20190114  2.623 -113.01   45.16    -4.7   -23.4   -14.0   -15.2     0.0     7.27 C    -8.6   -26.2   -18.9    82.5    36.7    66.2 -99.000 -99.000 -99.000 -99.000 -99.000    -6.7    -5.8 -9999.0 -9999.0 -9999.0
04137 20190115  2.623 -113.01   45.16    -7.3   -22.9   -15.1   -15.3     0.0     4.01 C    -7.3   -25.0   -17.7    84.2    49.6    71.0 -99.000 -99.000 -99.000 -99.000 -99.000    -7.0    -6.1 -9999.0 -9999.0 -9999.0
04137 20190116  2.623 -113.01   45.16    -4.5   -21.1   -12.8   -13.1     0.0     4.96 C    -4.0   -22.7   -14.7    87.0    67.8    80.1 -99.000 -99.000 -99.000 -99.000 -99.000    -7.0    -6.2 -9999.0 -9999.0 -9999.0
04137 20190117  2.623 -113.01   45.16     2.4   -13.2    -5.4    -5.4     0.4     5.14 C     0.2   -14.5    -7.3    88.1    58.6    75.7 -99.000 -99.000 -99.000 -99.000 -99.000    -6.2    -5.8 -9999.0 -9999.0 -9999.0
04137 20190118  2.623 -113.01   45.16     1.4   -12.0    -5.3    -2.7     0.0     5.31 C     1.0   -14.0    -5.5    82.6    46.4    63.0 -99.000 -99.000 -99.000 -99.000 -99.000    -5.1    -5.0 -9999.0 -9999.0 -9999.0
04137 20190119  2.623 -113.01   45.16     5.0   -11.7    -3.4    -1.4     0.5     5.57 C     1.5   -12.7    -3.2    87.5    54.1    72.1 -99.000 -99.000 -99.000 -99.000 -99.000    -4.6    -4.6 -9999.0 -9999.0 -9999.0
04137 20190120  2.623 -113.01   45.16     2.5    -2.8    -0.2    -1.0     1.1     2.43 C    -0.1    -3.9    -1.6    93.9    64.4    85.9 -99.000 -99.000 -99.000 -99.000 -99.000    -3.2    -3.6 -9999.0 -9999.0 -9999.0
04137 20190121  2.623 -113.01   45.16    -0.4    -8.7    -4.5    -4.6     1.1     6.55 C    -0.6   -14.4    -7.0    93.3    48.6    62.5 -99.000 -99.000 -99.000 -99.000 -99.000    -3.2    -3.2 -9999.0 -9999.0 -9999.0
04137 20190122  2.623 -113.01   45.16    -2.5   -17.5   -10.0    -8.0     0.0     6.66 C    -4.0   -19.7   -10.7    78.5    37.2    58.1 -99.000 -99.000 -99.000 -99.000 -99.000    -4.0    -3.6 -9999.0 -9999.0 -9999.0
04137 20190123  2.623 -113.01   45.16     2.3    -6.4    -2.0    -1.7     0.0     5.35 C     0.3    -9.7    -4.2    79.3    53.4    65.0 -99.000 -99.000 -99.000 -99.000 -99.000    -3.7    -3.6 -9999.0 -9999.0 -9999.0
04137 20190124  2.623 -113.01   45.16    -0.5    -7.1    -3.8    -3.3     0.0     8.45 C    -2.6   -10.8    -7.0    64.8    46.2    55.4 -99.000 -99.000 -99.000 -99.000 -99.000    -3.5    -3.4 -9999.0 -9999.0 -9999.0
04137 20190125  2.623 -113.01   45.16     1.5   -11.5    -5.0    -3.4     0.0     6.84 C    -0.1   -14.5    -6.1    75.1    42.2    58.6 -99.000 -99.000 -99.000 -99.000 -99.000    -3.6    -3.4 -9999.0 -9999.0 -9999.0
04137 20190126  2.623 -113.01   45.16     3.7    -5.2    -0.7     0.7     0.0     3.24 C     0.9    -7.8    -2.2    72.2    55.6    61.3 -99.000 -99.000 -99.000 -99.000 -99.000    -3.0    -3.1 -9999.0 -9999.0 -9999.0
04137 20190127  2.623 -113.01   45.16     6.4   -10.0    -1.8    -0.1     0.0     7.05 C     1.8   -12.7    -4.2    88.8    39.6    56.8 -99.000 -99.000 -99.000 -99.000 -99.000    -2.6    -2.8 -9999.0 -9999.0 -9999.0
04137 20190128  2.623 -113.01   45.16    -3.6   -15.0    -9.3    -7.9     0.0     8.48 C    -4.5   -16.6    -9.2    83.3    52.0    68.2 -99.000 -99.000 -99.000 -99.000 -99.000    -2.8    -2.7 -9999.0 -9999.0 -9999.0
04137 20190129  2.623 -113.01   45.16    -2.8   -19.8   -11.3   -11.9     0.0     8.82 C    -4.6   -21.2   -14.3    85.2    45.1    69.8 -99.000 -99.000 -99.000 -99.000 -99.000    -4.7    -3.8 -9999.0 -9999.0 -9999.0
04137 20190130  2.623 -113.01   45.16    -1.0   -22.1   -11.6   -12.3     0.0     5.62 C    -3.9   -22.3   -14.0    80.2    35.0    64.7 -99.000 -99.000 -99.000 -99.000 -99.000    -5.9    -4.8 -9999.0 -9999.0 -9999.0
04137 20190131  2.623 -113.01   45.16     5.3   -13.0    -3.9    -4.4     0.0     7.12 C     2.8   -14.6    -7.0    81.6    43.1    61.9 -99.000 -99.000 -99.000 -99.000 -99.000    -5.2    -4.8 -9999.0 -9999.0 -9999.0
04137 20190201  2.623 -113.01   45.16     5.0   -14.2    -4.6    -4.4     0.0     9.12 C     1.6   -16.0    -7.0    89.6    41.3    70.4 -99.000 -99.000 -99.000 -99.000 -99.000    -4.7    -4.4 -9999.0 -9999.0 -9999.0
04137 20190202  2.623 -113.01   45.16     4.6    -4.9    -0.2     0.4     0.0     3.78 C     2.1    -7.5    -1.7    90.0    49.6    66.1 -99.000 -99.000 -99.000 -99.000 -99.000    -3.6    -3.7 -9999.0 -9999.0 -9999.0
04137 20190203  2.623 -113.01   45.16     0.8   -19.7    -9.4    -7.9     3.5     4.25 C    -0.1   -22.0    -8.1    93.4    75.4    83.4 -99.000 -99.000 -99.000 -99.000 -99.000    -2.9    -3.0 -9999.0 -9999.0 -9999.0
04137 20190204  2.623 -113.01   45.16   -13.8   -21.4   -17.6   -18.3     1.5     6.73 C   -10.7   -20.5   -17.0    83.8    67.9    76.5 -99.000 -99.000 -99.000 -99.000 -99.000    -4.0    -3.5 -9999.0 -9999.0 -9999.0
04137 20190205  2.623 -113.01   45.16   -15.4   -19.1   -17.3   -17.3     4.5     5.77 C   -13.9   -20.3   -16.4    80.7    68.5    75.1 -99.000 -99.000 -99.000 -99.000 -99.000    -4.5    -4.0 -9999.0 -9999.0 -9999.0
04137 20190206  2.623 -113.01   45.16   -16.8   -22.3   -19.5   -19.3     0.4     6.31 C   -14.2   -26.7   -19.3    77.2    64.8    71.9 -99.000 -99.000 -99.000 -99.000 -99.000    -4.5    -4.1 -9999.0 -9999.0 -9999.0
04137 20190207  2.623 -113.01   45.16   -14.2   -33.4   -23.8   -23.3     0.0    10.57 C   -17.3   -36.5   -26.8    80.8    57.0    73.2 -99.000 -99.000 -99.000 -99.000 -99.000    -4.8    -4.3 -9999.0 -9999.0 -9999.0
04137 20190208  2.623 -113.01   45.16   -11.9   -24.4   -18.1   -17.9     0.0     8.36 C   -10.5   -25.9   -18.5    78.5    57.2    71.3 -99.000 -99.000 -99.000 -99.000 -99.000    -5.2    -4.7 -9999.0 -9999.0 -9999.0
04137 20190209  2.623 -113.01   45.16   -13.1   -29.0   -21.1   -21.1     0.3     9.26 C   -14.1   -31.8   -21.4    82.2    63.2    70.7 -99.000 -99.000 -99.000 -99.000 -99.000    -5.3    -4.8 -9999.0 -9999.0 -9999.0
04137 20190210  2.623 -113.01   45.16   -11.5   -31.1   -21.3   -21.3     0.6     7.47 C   -15.6   -31.2   -22.2    75.8    54.7    69.1 -99.000 -99.000 -99.000 -99.000 -99.000    -5.6    -5.0 -9999.0 -9999.0 -9999.0
04137 20190211  2.623 -113.01   45.16    -4.6   -23.3   -14.0   -12.3     0.0    10.25 C    -6.9   -27.0   -15.3    74.7    52.3    64.4 -99.000 -99.000 -99.000 -99.000 -99.000    -5.8    -5.2 -9999.0 -9999.0 -9999.0
04137 20190212  2.623 -113.01   45.16    -2.1   -12.3    -7.2    -5.7     0.0     9.10 C    -4.9   -14.1    -9.1    75.0    39.2    56.4 -99.000 -99.000 -99.000 -99.000 -99.000    -5.3    -5.0 -9999.0 -9999.0 -9999.0
04137 20190213  2.623 -113.01   45.16     0.6    -5.5    -2.5    -2.3     0.0     7.65 C    -2.0    -7.5    -4.7    74.4    55.2    63.1 -99.000 -99.000 -99.000 -99.000 -99.000    -4.8    -4.6 -9999.0 -9999.0 -9999.0
04137 20190214  2.623 -113.01   45.16    -2.3   -12.6    -7.4    -5.6     1.2     6.24 C    -2.2   -14.7    -6.9    90.1    64.8    81.6 -99.000 -99.000 -99.000 -99.000 -99.000    -4.3    -4.2 -9999.0 -9999.0 -9999.0
04137 20190215  2.623 -113.01   45.16     1.5    -7.8    -3.1    -3.5     0.6     9.25 C    -1.3   -12.1    -6.4    92.0    42.0    65.7 -99.000 -99.000 -99.000 -99.000 -99.000    -4.0    -3.9 -9999.0 -9999.0 -9999.0
04137 20190216  2.623 -113.01   45.16    -2.8   -14.7    -8.7    -7.9     0.0     8.09 C    -4.9   -17.4   -11.2    87.4    42.7    67.1 -99.000 -99.000 -99.000 -99.000 -99.000    -4.0    -3.8 -9999.0 -9999.0 -9999.0
04137 20190217  2.623 -113.01   45.16   -13.2   -18.4   -15.8   -15.5     0.0     8.84 C   -11.5   -20.1   -16.0    85.5    66.0    75.2 -99.000 -99.000 -99.000 -99.000 -99.000    -4.3    -4.0 -9999.0 -9999.0 -9999.0
04137 20190218  2.623 -113.01   45.16   -12.8   -22.5   -17.6   -16.3     0.0     9.40 C   -10.7   -26.0   -16.7    81.2    64.6    73.4 -99.000 -99.000 -99.000 -99.000 -99.000    -4.7    -4.3 -9999.0 -9999.0 -9999.0
04137 20190219  2.623 -113.01   45.16    -6.3   -26.9   -16.6   -15.0     0.0    11.38 C    -7.9   -29.9   -17.6    83.4    47.6    67.7 -99.000 -99.000 -99.000 -99.000 -99.000    -5.1    -4.6 -9999.0 -9999.0 -9999.0
04137 20190220  2.623 -113.01   45.16    -5.1   -12.7    -8.9    -9.2     0.0     8.90 C    -5.7   -14.5   -10.6    80.6    46.9    68.2 -99.000 -99.000 -99.000 -99.000 -99.000    -5.1    -4.7 -9999.0 -9999.0 -9999.0
04137 20190221  2.623 -113.01   45.16   -10.3   -25.2   -17.7   -14.6     0.3    13.02 C    -8.3   -28.4   -17.0    82.1    54.6    71.1 -99.000 -99.000 -99.000 -99.000 -99.000    -4.9    -4.5 -9999.0 -9999.0 -9999.0
04137 20190222  2.623 -113.01   45.16   -10.5   -30.7   -20.6   -20.6     0.0    12.53 C   -12.1   -33.3   -23.8    81.2    51.7    68.9 -99.000 -99.000 -99.000 -99.000 -99.000    -5.5    -4.9 -9999.0 -9999.0 -9999.0
04137 20190223  2.623 -113.01   45.16    -5.6   -20.6   -13.1   -11.5     1.3     9.96 C    -4.9   -22.9   -13.0    87.7    61.6    74.4 -99.000 -99.000 -99.000 -99.000 -99.000    -6.0    -5.3 -9999.0 -9999.0 -9999.0
04137 20190224  2.623 -113.01   45.16   -10.7   -17.5   -14.1   -14.1     4.1     7.21 C   -10.8   -16.9   -13.3    85.4    69.4    76.4 -99.000 -99.000 -99.000 -99.000 -99.000    -5.5    -5.1 -9999.0 -9999.0 -9999.0
04137 20190225  2.623 -113.01   45.16   -15.9   -20.7   -18.3   -18.8     2.6    10.29 C   -13.0   -19.8   -17.2    77.2    68.0    72.1 -99.000 -99.000 -99.000 -99.000 -99.000    -5.3    -5.0 -9999.0 -9999.0 -9999.0
04137 20190226  2.623 -113.01   45.16   -17.3   -20.9   -19.1   -19.1     8.0     9.61 C   -14.7   -20.6   -17.9    77.1    66.4    72.2 -99.000 -99.000 -99.000 -99.000 -99.000    -5.2    -4.9 -9999.0 -9999.0 -9999.0
04137 20190227  2.623 -113.01   45.16   -12.2   -20.1   -16.1   -16.6     3.6     9.61 C    -9.2   -21.7   -16.0    81.4    69.2    75.6 -99.000 -99.000 -99.000 -99.000 -99.000    -5.1    -4.8 -9999.0 -9999.0 -9999.0
04137 20190228  2.623 -113.01   45.16    -0.2   -16.7    -8.5    -8.4     0.3    13.35 C    -0.1   -19.3    -9.7    87.5    54.6    75.1 -99.000 -99.000 -99.000 -99.000 -99.000    -4.9    -4.7 -9999.0 -9999.0 -9999.0
04137 20190301  2.623 -113.01   45.16    -8.8   -25.0   -16.9   -14.5     0.8    13.02 C    -7.8   -30.1   -17.7    80.7    53.6    66.0 -99.000 -99.000 -99.000 -99.000 -99.000    -4.7    -4.5 -9999.0 -9999.0 -9999.0
04137 20190302  2.623 -113.01   45.16   -14.8   -22.1   -18.5   -19.9     0.3    15.10 C   -12.4   -21.9   -18.8    77.2    66.1    71.8 -99.000 -99.000 -99.000 -99.000 -99.000    -4.6    -4.4 -9999.0 -9999.0 -9999.0
04137 20190303  2.623 -113.01   45.16   -19.4   -23.7   -21.6   -22.1     0.0    15.08 C   -19.0   -26.3   -22.1    74.5    58.8    66.9 -99.000 -99.000 -99.000 -99.000 -99.000    -4.5    -4.3 -9999.0 -9999.0 -9999.0
04137 20190304  2.623 -113.01   45.16   -14.9   -28.0   -21.5   -20.9     0.0    14.28 C   -12.0   -32.3   -22.0    80.7    56.3    67.6 -99.000 -99.000 -99.000 -99.000 -99.000    -4.5    -4.3 -9999.0 -9999.0 -9999.0
04137 20190305  2.623 -113.01   45.16   -12.3   -31.5   -21.9   -21.1     0.0    14.80 C   -11.8   -34.0   -22.5    79.9    61.7    72.6 -99.000 -99.000 -99.000 -99.000 -99.000    -4.6    -4.3 -9999.0 -9999.0 -9999.0
04137 20190306  2.623 -113.01   45.16    -6.9   -12.7    -9.8    -9.9     1.8    10.12 C    -5.6   -11.9    -9.4    84.7    71.5    78.4 -99.000 -99.000 -99.000 -99.000 -99.000    -4.7    -4.4 -9999.0 -9999.0 -9999.0
04137 20190307  2.623 -113.01   45.16     1.9   -10.0    -4.0    -5.7     0.7    11.57 C    -0.1   -12.7    -7.4    97.7    48.5    76.8 -99.000 -99.000 -99.000 -99.000 -99.000    -4.6    -4.3 -9999.0 -9999.0 -9999.0
04137 20190308  2.623 -113.01   45.16    -3.7   -12.2    -8.0    -7.6     0.0    13.55 C    -4.1   -17.9   -10.3    78.9    57.5    67.3 -99.000 -99.000 -99.000 -99.000 -99.000    -4.3    -4.2 -9999.0 -9999.0 -9999.0
04137 20190309  2.623 -113.01   45.16    -5.2   -18.6   -11.9   -11.5     0.0    17.30 C    -6.4   -23.9   -15.3    82.4    43.9    66.0 -99.000 -99.000 -99.000 -99.000 -99.000    -4.1    -4.0 -9999.0 -9999.0 -9999.0
04137 20190310  2.623 -113.01   45.16    -7.4   -25.6   -16.5   -15.9     0.0    17.27 C    -9.3   -28.5   -20.1    83.8    55.9    73.5 -99.000 -99.000 -99.000 -99.000 -99.000    -4.0    -3.9 -9999.0 -9999.0 -9999.0
04137 20190311  2.623 -113.01   45.16    -4.7   -26.6   -15.6   -15.9     0.0    17.54 C    -7.5   -29.3   -20.1    83.4    50.0    69.5 -99.000 -99.000 -99.000 -99.000 -99.000    -4.1    -3.9 -9999.0 -9999.0 -9999.0
04137 20190312  2.623 -113.01   45.16    -4.3   -25.6   -14.9   -14.1     0.0    16.36 C    -6.6   -28.7   -17.5    82.6    49.8    69.2 -99.000 -99.000 -99.000 -99.000 -99.000    -4.3    -4.0 -9999.0 -9999.0 -9999.0
04137 20190313  2.623 -113.01   45.16    -3.0   -12.6    -7.8    -5.4     2.0    10.54 C    -2.6   -13.8    -6.9    89.1    58.2    73.9 -99.000 -99.000 -99.000 -99.000 -99.000    -4.4    -4.1 -9999.0 -9999.0 -9999.0
04137 20190314  2.623 -113.01   45.16    -2.5   -15.4    -9.0    -6.9     0.0    18.50 C    -6.2   -22.2   -11.6    85.2    46.8    60.3 -99.000 -99.000 -99.000 -99.000 -99.000    -4.1    -4.0 -9999.0 -9999.0 -9999.0
04137 20190315  2.623 -113.01   45.16     0.3   -18.0    -8.9    -8.6     0.0    17.30 C    -2.5   -22.1   -12.8    78.4    44.9    63.8 -99.000 -99.000 -99.000 -99.000 -99.000    -3.9    -3.8 -9999.0 -9999.0 -9999.0
04137 20190316  2.623 -113.01   45.16    -0.1   -17.8    -9.0    -8.4     0.0    18.32 C    -3.1   -21.0   -12.8    87.3    53.8    74.1 -99.000 -99.000 -99.000 -99.000 -99.000    -3.8    -3.6 -9999.0 -9999.0 -9999.0
04137 20190317  2.623 -113.01   45.16     0.3   -16.8    -8.2    -8.3     0.0    16.71 C    -2.0   -20.5   -12.5    87.0    49.4    72.9 -99.000 -99.000 -99.000 -99.000 -99.000    -3.6    -3.6 -9999.0 -9999.0 -9999.0
04137 20190318  2.623 -113.01   45.16     1.8   -18.7    -8.4    -8.0     0.0    18.90 C    -2.2   -22.0   -12.9    87.2    46.8    71.8 -99.000 -99.000 -99.000 -99.000 -99.000    -3.6    -3.5 -9999.0 -9999.0 -9999.0
04137 20190319  2.623 -113.01   45.16     2.2   -16.8    -7.3    -7.0     0.0    19.18 C    -1.4   -19.9   -11.7    87.5    47.1    70.4 -99.000 -99.000 -99.000 -99.000 -99.000    -3.5    -3.4 -9999.0 -9999.0 -9999.0
04137 20190320  2.623 -113.01   45.16     2.9   -16.0    -6.6    -6.3     0.0    19.39 C    -0.9   -20.3   -11.3    87.6    49.9    70.6 -99.000 -99.000 -99.000 -99.000 -99.000    -3.4    -3.3 -9999.0 -9999.0 -9999.0
04137 20190321  2.623 -113.01   45.16     3.3   -15.4    -6.1    -5.2     0.0    17.55 C    -0.9   -17.7    -9.9    84.0    39.4    65.0 -99.000 -99.000 -99.000 -99.000 -99.000    -3.3    -3.2 -9999.0 -9999.0 -9999.0
04137 20190322  2.623 -113.01   45.16     4.9   -13.1    -4.1    -3.6     0.0    12.33 C     0.3   -15.6    -6.7    88.0    48.7    72.5 -99.000 -99.000 -99.000 -99.000 -99.000    -3.1    -3.1 -9999.0 -9999.0 -9999.0
04137 20190323  2.623 -113.01   45.16     7.4    -8.1    -0.3    -0.1     0.0    18.96 C    -0.2   -10.5    -4.7    91.2    41.2    73.4 -99.000 -99.000 -99.000 -99.000 -99.000    -3.0    -3.0 -9999.0 -9999.0 -9999.0
04137 20190324  2.623 -113.01   45.16     5.6    -9.4    -1.9    -1.2     0.6    15.27 C     0.1   -12.1    -4.2    92.4    54.6    78.5 -99.000 -99.000 -99.000 -99.000 -99.000    -2.6    -2.7 -9999.0 -9999.0 -9999.0
04137 20190325  2.623 -113.01   45.16     6.8    -1.4     2.7     2.1     0.0    16.65 C     0.1    -6.0    -1.5    90.7    44.0    66.2 -99.000 -99.000 -99.000 -99.000 -99.000    -2.1    -2.3 -9999.0 -9999.0 -9999.0
04137 20190326  2.623 -113.01   45.16     7.5    -5.0     1.3     1.0     0.0    13.57 C     0.2    -7.5    -3.1    86.2    40.7    67.5 -99.000 -99.000 -99.000 -99.000 -99.000    -1.5    -1.8 -9999.0 -9999.0 -9999.0
04137 20190327  2.623 -113.01   45.16     5.1    -1.0     2.0     1.5     7.4    11.48 C     0.3    -2.3    -0.4    94.3    69.7    85.5 -99.000 -99.000 -99.000 -99.000 -99.000    -0.8    -1.1 -9999.0 -9999.0 -9999.0
04137 20190328  2.623 -113.01   45.16     0.9    -2.1    -0.6    -0.9     7.6     9.48 C    -0.1    -4.0    -1.0    94.9    81.4    89.2 -99.000 -99.000 -99.000 -99.000 -99.000    -0.6    -0.8 -9999.0 -9999.0 -9999.0
04137 20190329  2.623 -113.01   45.16     0.5    -2.5    -1.0    -1.0     1.5    10.64 C    -0.4    -4.3    -2.1    93.3    65.3    77.9 -99.000 -99.000 -99.000 -99.000 -99.000    -0.5    -0.7 -9999.0 -9999.0 -9999.0
04137 20190330  2.623 -113.01   45.16     3.3    -6.2    -1.5    -1.3     0.0    21.58 C    -1.1    -9.8    -4.7    88.4    43.6    67.8 -99.000 -99.000 -99.000 -99.000 -99.000    -0.4    -0.6 -9999.0 -9999.0 -9999.0
04137 20190331  2.623 -113.01   45.16     5.8   -10.5    -2.4    -1.9     0.0    18.35 C     0.5   -13.6    -5.9    89.0    36.4    66.9 -99.000 -99.000 -99.000 -99.000 -99.000    -0.4    -0.6 -9999.0 -9999.0 -9999.0
04137 20190401  2.623 -113.01   45.16     6.4    -9.7    -1.7    -0.1     0.0    17.62 C     0.3   -12.4    -4.2    87.4    35.4    60.7 -99.000 -99.000 -99.000 -99.000 -99.000    -0.4    -0.5 -9999.0 -9999.0 -9999.0
04137 20190402  2.623 -113.01   45.16     6.8    -1.9     2.4     2.4     0.0    14.25 C     0.2    -4.2    -1.0    84.0    49.5    67.4 -99.000 -99.000 -99.000 -99.000 -99.000    -0.3    -0.5 -9999.0 -9999.0 -9999.0
04137 20190403  2.623 -113.01   45.16     8.5    -0.2     4.2     3.4     0.0    12.58 C     0.6    -1.9    -0.3    91.9    50.0    75.3 -99.000 -99.000 -99.000 -99.000 -99.000    -0.3    -0.4 -9999.0 -9999.0 -9999.0
04137 20190404  2.623 -113.01   45.16    11.1    -0.7     5.2     5.3     0.0    12.90 C     0.8    -2.0    -0.2    88.0    32.8    59.3 -99.000 -99.000 -99.000 -99.000 -99.000    -0.3    -0.4 -9999.0 -9999.0 -9999.0
04137 20190405  2.623 -113.01   45.16     9.2    -0.2     4.5     3.1     5.7    11.11 C     1.9    -1.0     0.0    91.9    55.4    80.8 -99.000 -99.000 -99.000 -99.000 -99.000    -0.3    -0.4 -9999.0 -9999.0 -9999.0
04137 20190406  2.623 -113.01   45.16     8.6    -0.5     4.0     3.7     0.2    15.24 C     2.3    -2.3    -0.1    93.6    30.4    58.6 -99.000 -99.000 -99.000 -99.000 -99.000    -0.3    -0.4 -9999.0 -9999.0 -9999.0
04137 20190407  2.623 -113.01   45.16    12.9     0.0     6.4     6.2     0.5    13.75 C     6.6    -2.0     2.2    83.7    39.0    59.3 -99.000 -99.000 -99.000 -99.000 -99.000     0.2    -0.3 -9999.0 -9999.0 -9999.0
04137 20190408  2.623 -113.01   45.16    12.9     2.3     7.6     6.5     2.2     9.51 C    13.2     0.3     5.1    92.0    45.2    75.6   0.358   0.335 -99.000 -99.000 -99.000     3.0     1.6 -9999.0 -9999.0 -9999.0
04137 20190409  2.623 -113.01   45.16     6.3     0.0     3.2     3.5     1.9     9.03 C     8.8    -1.6     3.0    93.1    44.9    71.5   0.359   0.339 -99.000 -99.000 -99.000     3.1     2.3 -9999.0 -9999.0 -9999.0
04137 20190410  2.623 -113.01   45.16     4.2    -2.1     1.0     1.4     0.0    11.66 C     7.7    -3.5     1.6    65.5    49.7    58.4   0.327   0.327 -99.000 -99.000 -99.000     2.0     1.6 -9999.0 -9999.0 -9999.0
04137 20190411  2.623 -113.01   45.16     5.2    -4.1     0.5     0.1     0.0    17.71 C    12.9    -4.6     0.8    79.9    34.3    56.5   0.326   0.311 -99.000 -99.000 -99.000     1.8     1.4 -9999.0 -9999.0 -9999.0
04137 20190412  2.623 -113.01   45.16     6.3    -5.8     0.2     0.3     0.0    22.07 C    17.3    -6.2     2.2    83.1    21.0    53.1   0.325   0.308 -99.000 -99.000 -99.000     2.8     2.1 -9999.0 -9999.0 -9999.0
04137 20190413  2.623 -113.01   45.16     9.3    -5.1     2.1     2.3     0.0    17.48 C    15.9    -5.7     3.2    88.9    27.0    59.6   0.303   0.312 -99.000 -99.000 -99.000     2.9     2.4 -9999.0 -9999.0 -9999.0
04137 20190414  2.623 -113.01   45.16     8.4    -0.1     4.1     3.3     0.0    14.71 C    16.5    -0.6     4.5    83.0    28.5    60.8   0.310   0.311 -99.000 -99.000 -99.000     3.8     3.1 -9999.0 -9999.0 -9999.0
04137 20190415  2.623 -113.01   45.16    10.1    -2.9     3.6     3.7     0.0    19.92 C    18.5    -3.6     5.7    78.6    24.1    48.8   0.307   0.308 -99.000 -99.000 -99.000     4.8     3.7 -9999.0 -9999.0 -9999.0
04137 20190416  2.623 -113.01   45.16     8.3    -0.1     4.1     3.5     3.6    16.14 C    15.9    -1.3     4.4    94.7    40.7    69.2   0.317   0.313 -99.000 -99.000 -99.000     5.4     4.6 -9999.0 -9999.0 -9999.0
04137 20190417  2.623 -113.01   45.16    10.1     0.8     5.4     4.9     0.0    17.84 C    16.1    -0.5     5.6    72.9    29.2    48.6   0.310   0.310 -99.000 -99.000 -99.000     5.1     4.5 -9999.0 -9999.0 -9999.0
04137 20190418  2.623 -113.01   45.16    16.2    -2.6     6.8     7.6     0.0    24.06 C    25.4    -4.3     8.1    75.3    25.4    45.6   0.305   0.306 -99.000 -99.000 -99.000     6.1     5.0 -9999.0 -9999.0 -9999.0
04137 20190419  2.623 -113.01   45.16    21.4    -2.7     9.3    10.6     0.0    22.31 C    27.8    -3.5    10.8    88.2    16.2    46.0   0.303   0.306 -99.000 -99.000 -99.000     7.6     6.4 -9999.0 -9999.0 -9999.0
04137 20190420  2.623 -113.01   45.16    19.2     4.9    12.0     9.7     3.7    15.48 C    27.7     4.0    10.3    89.9    28.1    60.4   0.307   0.307 -99.000 -99.000 -99.000     9.1     7.8 -9999.0 -9999.0 -9999.0
04137 20190421  2.623 -113.01   45.16     9.1     1.7     5.4     4.8    10.7    11.51 C    14.5     2.6     6.3    91.2    48.9    74.7   0.350   0.334 -99.000 -99.000 -99.000     7.8     7.2 -9999.0 -9999.0 -9999.0
04137 20190422  2.623 -113.01   45.16    15.9     0.9     8.4     7.6     0.0    23.47 C    22.9     0.2     9.6    89.3    23.2    54.9   0.332   0.326 -99.000 -99.000 -99.000     8.7     7.5 -9999.0 -9999.0 -9999.0
04137 20190423  2.623 -113.01   45.16    15.7     3.8     9.7     9.6     0.0    10.81 C    19.5     2.3     9.5    72.4    33.0    52.1   0.321   0.320 -99.000 -99.000 -99.000     8.5     7.9 -9999.0 -9999.0 -9999.0
04137 20190424  2.623 -113.01   45.16    13.8     1.6     7.7     7.5     0.3    15.65 C    20.0    -2.5     7.3    86.6    13.6    50.6   0.314   0.314 -99.000 -99.000 -99.000     7.7     7.4 -9999.0 -9999.0 -9999.0
04137 20190425  2.623 -113.01   45.16    17.1    -5.6     5.8     6.9     0.0    25.81 C    25.7    -6.6     8.4    75.0     9.5    34.1   0.307   0.309 -99.000 -99.000 -99.000     7.4     6.9 -9999.0 -9999.0 -9999.0
04137 20190426  2.623 -113.01   45.16    11.2    -0.8     5.2     4.8     0.5    16.33 C    17.3    -1.9     5.6    84.7    33.3    55.5   0.304   0.307 -99.000 -99.000 -99.000     7.5     7.3 -9999.0 -9999.0 -9999.0
04137 20190427  2.623 -113.01   45.16    14.5    -5.9     4.3     4.2     0.0    24.39 C    21.9    -6.0     5.7    84.1    13.4    47.0   0.299   0.303 -99.000 -99.000 -99.000     6.6     6.4 -9999.0 -9999.0 -9999.0
04137 20190428  2.623 -113.01   45.16     0.9    -7.6    -3.3    -3.3     1.3    17.19 C    12.5    -8.3    -0.8    87.1    44.5    58.9   0.292   0.299 -99.000 -99.000 -99.000     5.0     5.5 -9999.0 -9999.0 -9999.0
04137 20190429  2.623 -113.01   45.16     3.0    -9.2    -3.1    -3.2     0.0    20.65 C    15.6    -9.4     0.4    76.2    30.0    50.4   0.287   0.294 -99.000 -99.000 -99.000     3.6     4.1 -9999.0 -9999.0 -9999.0
04137 20190430  2.623 -113.01   45.16     2.5    -6.3    -1.9    -2.6     1.1    13.14 C    19.2    -8.2     0.0    89.6    41.6    71.0   0.288   0.294 -99.000 -99.000 -99.000     4.1     4.2 -9999.0 -9999.0 -9999.0
04137 20190501  2.623 -113.01   45.16     7.7   -13.5    -2.9    -1.2     0.0    24.03 C    20.1   -14.7     0.6    89.9    14.1    48.8   0.290   0.294 -99.000 -99.000 -99.000     5.1     4.8 -9999.0 -9999.0 -9999.0
04137 20190502  2.623 -113.01   45.16     9.0    -6.9     1.0     1.9     0.0    17.88 C    16.1    -8.0     2.9    76.4    16.1    42.1   0.288   0.293 -99.000 -99.000 -99.000     4.8     4.8 -9999.0 -9999.0 -9999.0
04137 20190503  2.623 -113.01   45.16    15.9    -7.1     4.4     5.6     0.0    27.02 C    25.4    -8.2     7.7    79.5    15.4    39.5   0.289   0.293 -99.000 -99.000 -99.000     6.5     5.7 -9999.0 -9999.0 -9999.0
04137 20190504  2.623 -113.01   45.16    17.5    -1.4     8.1     8.6     0.0    21.86 C    30.1    -2.1    10.2    73.7    17.3    39.2   0.290   0.295 -99.000 -99.000 -99.000     8.5     7.4 -9999.0 -9999.0 -9999.0
04137 20190505  2.623 -113.01   45.16    16.5     1.9     9.2     9.5     0.0    16.80 C    31.2     0.3    11.1    68.9    21.5    43.8   0.288   0.295 -99.000 -99.000 -99.000     9.7     8.6 -9999.0 -9999.0 -9999.0
04137 20190506  2.623 -113.01   45.16    17.9    -0.8     8.5     8.4     0.0    25.18 C    31.2    -2.5    11.9    87.8    19.8    53.7   0.287   0.295 -99.000 -99.000 -99.000    10.8     9.4 -9999.0 -9999.0 -9999.0
04137 20190507  2.623 -113.01   45.16    10.9     0.2     5.5     5.9     1.4    11.33 C    20.2     0.0     7.3    81.1    41.0    63.3   0.281   0.293 -99.000 -99.000 -99.000     9.5     9.2 -9999.0 -9999.0 -9999.0
04137 20190508  2.623 -113.01   45.16    12.9     3.1     8.0     6.3     0.0    19.65 C    25.4     2.8     8.5    86.3    23.9    55.5   0.279   0.291 -99.000 -99.000 -99.000     9.5     8.8 -9999.0 -9999.0 -9999.0
04137 20190509  2.623 -113.01   45.16    10.6    -1.1     4.7     4.8     0.0    19.89 C    25.5    -3.1     7.8    82.8    26.2    51.8   0.276   0.289 -99.000 -99.000 -99.000     9.5     8.8 -9999.0 -9999.0 -9999.0
04137 20190510  2.623 -113.01   45.16    17.2    -5.9     5.6     6.9     0.0    27.11 C    33.8    -6.0    10.5    82.5    20.8    44.6   0.274   0.288 -99.000 -99.000 -99.000    10.3     9.2 -9999.0 -9999.0 -9999.0
04137 20190511  2.623 -113.01   45.16    20.2    -3.8     8.2    10.1     0.0    27.98 C    32.8    -3.8    12.8    83.5    14.8    41.8   0.270   0.288 -99.000 -99.000 -99.000    12.0    10.6 -9999.0 -9999.0 -9999.0
04137 20190512  2.623 -113.01   45.16    21.9    -1.1    10.4    12.1     0.0    27.01 C    31.7    -1.6    13.9    73.6    10.1    36.0   0.263   0.287 -99.000 -99.000 -99.000    12.9    11.5 -9999.0 -9999.0 -9999.0
04137 20190513  2.623 -113.01   45.16    23.2     1.0    12.1    13.3     0.0    23.64 C    34.3     0.1    14.7    72.4    13.3    35.3   0.254   0.285 -99.000 -99.000 -99.000    13.5    12.2 -9999.0 -9999.0 -9999.0
04137 20190514  2.623 -113.01   45.16    23.2     1.6    12.4    13.7     0.0    22.85 C    35.0     1.0    15.7    71.5    15.5    36.7   0.246   0.281 -99.000 -99.000 -99.000    14.1    12.7 -9999.0 -9999.0 -9999.0
04137 20190515  2.623 -113.01   45.16    17.5     7.6    12.6    12.5     0.5    13.80 C    30.1     6.9    13.7    88.6    29.8    54.6   0.238   0.278 -99.000 -99.000 -99.000    14.1    13.1 -9999.0 -9999.0 -9999.0
04137 20190516  2.623 -113.01   45.16    19.2     5.7    12.4    11.8     0.0    11.23 C    23.0     5.8    12.4    91.7    20.0    61.4   0.231   0.273 -99.000 -99.000 -99.000    12.7    12.1 -9999.0 -9999.0 -9999.0
04137 20190517  2.623 -113.01   45.16    10.9     3.3     7.1     6.4     6.7     7.87 C    14.2     3.5     7.2    87.4    53.6    76.4   0.225   0.269 -99.000 -99.000 -99.000    10.6    10.7 -9999.0 -9999.0 -9999.0
04137 20190518  2.623 -113.01   45.16     9.4     2.3     5.9     5.1     0.5    13.52 C    18.5     2.5     7.1    92.0    57.1    74.1   0.237   0.265 -99.000 -99.000 -99.000     9.8     9.6 -9999.0 -9999.0 -9999.0
04137 20190519  2.623 -113.01   45.16     6.6     0.0     3.3     2.6     0.0    11.60 C    13.3     0.5     4.6    89.9    60.8    76.4   0.244   0.264 -99.000 -99.000 -99.000     8.4     8.7 -9999.0 -9999.0 -9999.0
04137 20190520  2.623 -113.01   45.16     5.9    -0.1     2.9     2.2     0.8    10.08 C    11.6    -0.2     4.0    86.9    59.5    77.7   0.243   0.261 -99.000 -99.000 -99.000     7.4     7.7 -9999.0 -9999.0 -9999.0
04137 20190521  2.623 -113.01   45.16    11.9     1.7     6.8     4.8     0.0    14.23 C    25.3     1.5     7.1    82.7    42.6    68.5   0.245   0.262 -99.000 -99.000 -99.000     8.6     8.1 -9999.0 -9999.0 -9999.0
04137 20190522  2.623 -113.01   45.16     7.7     0.6     4.2     4.3     1.0    11.33 C    10.4     0.4     5.2    85.7    48.0    65.6   0.241   0.261 -99.000 -99.000 -99.000     7.7     7.9 -9999.0 -9999.0 -9999.0
04137 20190523  2.623 -113.01   45.16    10.7     3.2     7.0     6.5     0.0    10.26 C    17.1     2.6     6.9    81.1    40.2    58.0   0.239   0.260 -99.000 -99.000 -99.000     7.6     7.6 -9999.0 -9999.0 -9999.0
04137 20190524  2.623 -113.01   45.16    15.5     2.5     9.0     7.6     5.0    19.01 C    29.7     2.1    10.1    90.1    31.2    63.4   0.242   0.262 -99.000 -99.000 -99.000     9.7     8.7 -9999.0 -9999.0 -9999.0
04137 20190525  2.623 -113.01   45.16    15.4     3.9     9.6     8.4     1.7    16.65 C    25.1     3.3    10.2    92.9    39.2    70.1   0.301   0.271 -99.000 -99.000 -99.000    10.9     9.9 -9999.0 -9999.0 -9999.0
04137 20190526  2.623 -113.01   45.16    16.0     5.1    10.5     9.0     0.9    14.48 C    24.5     4.7    10.2    86.8    40.8    67.2   0.291   0.276 -99.000 -99.000 -99.000    11.2    10.4 -9999.0 -9999.0 -9999.0
04137 20190527  2.623 -113.01   45.16    13.7     3.5     8.6     8.2     0.0     9.88 C    18.7     3.5     9.4    90.3    48.6    69.7   0.282   0.273 -99.000 -99.000 -99.000    10.2     9.8 -9999.0 -9999.0 -9999.0
04137 20190528  2.623 -113.01   45.16    16.2     3.5     9.8     9.7     0.0    14.86 C    24.5     2.2    11.0    83.3    37.6    62.7   0.279   0.273 -99.000 -99.000 -99.000    11.5    10.5 -9999.0 -9999.0 -9999.0
04137 20190529  2.623 -113.01   45.16    19.6    -1.3     9.2    10.4     0.0    30.10 C    32.0    -1.4    13.9    91.8    16.0    51.1   0.273   0.273 -99.000 -99.000 -99.000    13.5    11.8 -9999.0 -9999.0 -9999.0
04137 20190530  2.623 -113.01   45.16    20.8     0.4    10.6    10.6     0.0    23.48 C    36.9    -0.3    12.7    84.5    21.6    52.7   0.260   0.272 -99.000 -99.000 -99.000    13.9    12.9 -9999.0 -9999.0 -9999.0
04137 20190531  2.623 -113.01   45.16    19.9     1.6    10.7    11.0     2.6    20.24 C    33.0     0.9    12.3    88.4    35.6    59.7   0.250   0.267 -99.000 -99.000 -99.000    13.0    12.3 -9999.0 -9999.0 -9999.0
04137 20190601  2.623 -113.01   45.16    21.2     3.7    12.4    11.7     0.0    22.77 C    33.8     2.7    13.7    89.5    33.2    61.4   0.249   0.264 -99.000 -99.000 -99.000    14.0    12.7 -9999.0 -9999.0 -9999.0
04137 20190602  2.623 -113.01   45.16    23.6     1.0    12.3    12.9     0.0    27.04 C    37.9     1.2    15.8    91.7    23.2    56.0   0.244   0.263 -99.000 -99.000 -99.000    15.4    13.7 -9999.0 -9999.0 -9999.0
04137 20190603  2.623 -113.01   45.16    23.2     3.7    13.5    14.2     0.0    23.13 C    33.3     3.4    16.0    89.0    20.2    53.5   0.234   0.260 -99.000 -99.000 -99.000    16.2    14.7 -9999.0 -9999.0 -9999.0
04137 20190604  2.623 -113.01   45.16    24.3     4.2    14.2    15.6     0.0    29.06 C    34.8     3.3    18.0    81.5    15.0    42.0   0.225   0.255 -99.000 -99.000 -99.000    17.4    15.5 -9999.0 -9999.0 -9999.0
04137 20190605  2.623 -113.01   45.16    24.3     3.2    13.7    15.7     0.0    29.72 C    36.0     1.6    18.1    61.8    14.2    29.8   0.213   0.248 -99.000 -99.000 -99.000    18.2    16.3 -9999.0 -9999.0 -9999.0
04137 20190606  2.623 -113.01   45.16    26.2     3.7    14.9    15.8     0.0    23.33 C    33.3     2.8    17.3    68.1    11.7    36.3   0.200   0.239 -99.000 -99.000 -99.000    17.4    16.1 -9999.0 -9999.0 -9999.0
04137 20190607  2.623 -113.01   45.16    11.0     0.2     5.6     6.1     1.9    10.33 C    18.0     0.5     7.4    91.3    31.7    66.1   0.187   0.228 -99.000 -99.000 -99.000    13.3    14.0 -9999.0 -9999.0 -9999.0
04137 20190608  2.623 -113.01   45.16     9.3    -0.9     4.2     3.8     0.0    18.24 C    21.1    -2.2     5.7    76.2    32.6    57.8   0.180   0.219 -99.000 -99.000 -99.000    10.5    11.1 -9999.0 -9999.0 -9999.0
04137 20190609  2.623 -113.01   45.16    16.3    -0.8     7.8     8.4     0.0    29.43 C    30.9    -2.0    12.1    78.8    16.2    41.4   0.184   0.218 -99.000 -99.000 -99.000    13.4    12.1 -9999.0 -9999.0 -9999.0
04137 20190610  2.623 -113.01   45.16    20.6    -0.6    10.0    11.6     0.0    25.99 C    31.8    -1.1    14.6    71.1    19.6    40.1   0.183   0.215 -99.000 -99.000 -99.000    15.4    13.8 -9999.0 -9999.0 -9999.0
04137 20190611  2.623 -113.01   45.16    22.9     7.4    15.1    15.6     0.0    28.90 C    34.5     5.3    18.2    62.7    24.3    40.7   0.183   0.212 -99.000 -99.000 -99.000    18.0    15.8 -9999.0 -9999.0 -9999.0
04137 20190612  2.623 -113.01   45.16    27.1     3.7    15.4    15.3     5.5    25.88 C    40.0     3.1    18.3    84.6    20.2    54.6   0.179   0.207 -99.000 -99.000 -99.000    18.6    16.7 -9999.0 -9999.0 -9999.0
04137 20190613  2.623 -113.01   45.16    22.9     8.3    15.6    14.6     2.5    19.91 C    30.1     7.7    15.4    92.1    29.2    67.0   0.174   0.203 -99.000 -99.000 -99.000    17.2    16.2 -9999.0 -9999.0 -9999.0
04137 20190614  2.623 -113.01   45.16    24.4     5.6    15.0    16.2     0.0    27.24 C    32.9     5.4    17.7    88.1    21.2    46.5   0.176   0.201 -99.000 -99.000 -99.000    17.6    16.1 -9999.0 -9999.0 -9999.0
04137 20190615  2.623 -113.01   45.16    24.3     4.4    14.3    15.5     0.0    28.80 C    36.6     3.6    18.3    69.8    19.8    41.8   0.178   0.199 -99.000 -99.000 -99.000    18.9    17.1 -9999.0 -9999.0 -9999.0
04137 20190616  2.623 -113.01   45.16    22.1     6.5    14.3    14.6     0.5    24.37 C    35.7     5.9    17.5    86.9    27.3    58.1   0.178   0.197 -99.000 -99.000 -99.000    19.2    17.6 -9999.0 -9999.0 -9999.0
04137 20190617  2.623 -113.01   45.16    21.9     6.5    14.2    14.1     0.0    22.28 C    35.9     5.9    16.6    91.9    30.9    61.5   0.176   0.194 -99.000 -99.000 -99.000    18.4    17.2 -9999.0 -9999.0 -9999.0
04137 20190618  2.623 -113.01   45.16    23.1     2.2    12.6    14.3     0.0    25.01 C    34.7     2.7    16.8    90.9    22.9    50.7   0.174   0.191 -99.000 -99.000 -99.000    18.2    16.9 -9999.0 -9999.0 -9999.0
04137 20190619  2.623 -113.01   45.16    19.9     4.0    12.0    13.3     0.0    24.03 C    30.9     3.7    14.8    76.5     8.1    36.2   0.171   0.188 -99.000 -99.000 -99.000    17.5    16.7 -9999.0 -9999.0 -9999.0
04137 20190620  2.623 -113.01   45.16    12.9    -1.1     5.9     5.0     0.0    14.94 C    25.3    -1.6     7.1    72.6    24.6    54.6   0.163   0.183 -99.000 -99.000 -99.000    13.9    14.5 -9999.0 -9999.0 -9999.0
04137 20190621  2.623 -113.01   45.16    12.3     0.8     6.6     5.8     0.7    21.40 C    25.7     0.1     8.7    88.7    31.4    57.2   0.161   0.180 -99.000 -99.000 -99.000    13.5    13.2 -9999.0 -9999.0 -9999.0
04137 20190622  2.623 -113.01   45.16    16.7     2.1     9.4     9.1     0.3    21.38 C    31.5     0.7    11.7    78.9    29.3    52.1   0.162   0.180 -99.000 -99.000 -99.000    14.5    13.8 -9999.0 -9999.0 -9999.0
04137 20190623  2.623 -113.01   45.16    16.3     3.6     9.9    10.3     0.0     9.44 C    29.5     2.9    11.5    76.0    36.3    55.9   0.159   0.180 -99.000 -99.000 -99.000    14.0    13.8 -9999.0 -9999.0 -9999.0
04137 20190624  2.623 -113.01   45.16    18.9     5.1    12.0    11.8     0.0    22.59 C    30.7     3.8    14.6    64.9    21.4    42.9   0.161   0.180 -99.000 -99.000 -99.000    15.8    14.5 -9999.0 -9999.0 -9999.0
04137 20190625  2.623 -113.01   45.16    15.0     0.2     7.6     9.1     2.4    15.51 C    26.4    -0.5    10.2    85.9    45.5    65.1   0.156   0.178 -99.000 -99.000 -99.000    14.0    13.9 -9999.0 -9999.0 -9999.0
04137 20190626  2.623 -113.01   45.16    23.5     3.7    13.6    12.5     0.0    16.88 C    29.6     2.9    13.5    91.4    16.6    57.8   0.156   0.178 -99.000 -99.000 -99.000    14.5    13.8 -9999.0 -9999.0 -9999.0
04137 20190627  2.623 -113.01   45.16    22.2     4.6    13.4    13.9     3.9    17.25 C    28.1     4.4    14.5    81.8    22.8    49.9   0.156   0.178 -99.000 -99.000 -99.000    15.1    14.3 -9999.0 -9999.0 -9999.0
04137 20190628  2.623 -113.01   45.16    21.0     9.7    15.4    14.5     0.0    17.57 C    30.7     9.0    16.0    71.2    20.1    46.4   0.158   0.179 -99.000 -99.000 -99.000    16.4    15.1 -9999.0 -9999.0 -9999.0
04137 20190629  2.623 -113.01   45.16    24.5     7.8    16.2    16.1     0.0    28.19 C    36.0     7.3    19.2    77.6    13.3    39.4   0.162   0.181 -99.000 -99.000 -99.000    19.0    16.8 -9999.0 -9999.0 -9999.0
04137 20190630  2.623 -113.01   45.16    25.3     7.2    16.3    16.1     0.0    18.95 C    38.5     6.3    17.9    63.9    18.3    39.9   0.162   0.181 -99.000 -99.000 -99.000    18.9    17.5 -9999.0 -9999.0 -9999.0
04137 20190701  2.623 -113.01   45.16    27.9     4.9    16.4    17.5     0.0    30.48 C    39.2     4.4    20.6    84.5    10.5    40.6   0.164   0.181 -99.000 -99.000 -99.000    20.3    18.1 -9999.0 -9999.0 -9999.0
04137 20190702  2.623 -113.01   45.16    27.4     5.0    16.2    16.8     0.0    26.20 C    39.5     4.0    20.0    73.6    10.8    40.7   0.162   0.180 -99.000 -99.000 -99.000    20.9    19.0 -9999.0 -9999.0 -9999.0
04137 20190703  2.623 -113.01   45.16    21.1     6.3    13.7    13.7     0.7    22.31 C    35.8     6.5    16.6    90.7    22.9    57.3   0.158   0.179 -99.000 -99.000 -99.000    19.8    18.7 -9999.0 -9999.0 -9999.0
04137 20190704  2.623 -113.01   45.16    20.4     5.8    13.1    12.4     0.5    18.35 C    35.3     5.9    14.5    92.4    23.9    61.8   0.151   0.176 -99.000 -99.000 -99.000    17.7    17.3 -9999.0 -9999.0 -9999.0
04137 20190705  2.623 -113.01   45.16    24.8     6.0    15.4    15.3     5.6    24.51 C    42.3     4.5    18.6    83.4    18.5    51.4   0.151   0.175 -99.000 -99.000 -99.000    18.8    17.3 -9999.0 -9999.0 -9999.0
04137 20190706  2.623 -113.01   45.16    25.9     6.2    16.1    16.3     0.0    25.58 C    35.8     6.2    18.2    86.6    19.3    49.8   0.152   0.176 -99.000 -99.000 -99.000    19.1    17.8 -9999.0 -9999.0 -9999.0
04137 20190707  2.623 -113.01   45.16    25.6     7.6    16.6    16.5     0.0    16.28 C    35.2     6.9    17.1    81.3    13.9    43.9   0.154   0.175 -99.000 -99.000 -99.000    18.2    17.3 -9999.0 -9999.0 -9999.0
04137 20190708  2.623 -113.01   45.16    20.7     7.6    14.1    13.9     1.1    19.12 C    32.1     6.0    16.1    81.0    19.9    50.8   0.157   0.175 -99.000 -99.000 -99.000    18.3    17.4 -9999.0 -9999.0 -9999.0
04137 20190709  2.623 -113.01   45.16    22.9     3.7    13.3    13.7     0.0    29.09 C    36.4     3.7    17.6    88.9    13.3    49.3   0.159   0.174 -99.000 -99.000 -99.000    18.9    17.4 -9999.0 -9999.0 -9999.0
04137 20190710  2.623 -113.01   45.16    27.5     4.5    16.0    17.3     0.0    17.84 C    36.0     3.9    18.7    78.9    17.7    42.8   0.160   0.175 -99.000 -99.000 -99.000    19.3    18.1 -9999.0 -9999.0 -9999.0
04137 20190711  2.623 -113.01   45.16    31.2     6.8    19.0    20.5     0.0    27.62 C    42.7     5.8    22.4    77.9    11.6    38.1   0.162   0.175 -99.000 -99.000 -99.000    21.2    19.1 -9999.0 -9999.0 -9999.0
04137 20190712  2.623 -113.01   45.16    31.2     7.9    19.5    20.4     0.0    24.26 C    42.8     7.1    22.7    79.5    11.4    41.7   0.162   0.176 -99.000 -99.000 -99.000    22.1    20.2 -9999.0 -9999.0 -9999.0
04137 20190713  2.623 -113.01   45.16    29.9     8.3    19.1    18.9     0.0    17.82 C    44.8     7.2    20.6    78.9    15.0    45.2   0.157   0.175 -99.000 -99.000 -99.000    21.0    19.8 -9999.0 -9999.0 -9999.0
04137 20190714  2.623 -113.01   45.16    31.4     8.7    20.1    20.5     0.0    27.73 C    44.7     7.9    23.6    81.4     8.7    41.9   0.156   0.175 -99.000 -99.000 -99.000    22.6    20.4 -9999.0 -9999.0 -9999.0
04137 20190715  2.623 -113.01   45.16    26.5     8.7    17.6    17.4     1.7    22.83 C    41.7     7.8    20.5    89.7    24.1    50.2   0.151   0.175 -99.000 -99.000 -99.000    22.4    20.9 -9999.0 -9999.0 -9999.0
04137 20190716  2.623 -113.01   45.16    22.4     7.6    15.0    14.1     5.5    17.35 C    32.4     7.4    15.9    91.2    27.8    67.8   0.142   0.171 -99.000 -99.000 -99.000    18.7    18.9 -9999.0 -9999.0 -9999.0
04137 20190717  2.623 -113.01   45.16    25.1     6.3    15.7    15.8     0.0    22.39 C    35.1     5.8    17.1    93.6    17.8    53.9   0.141   0.169 -99.000 -99.000 -99.000    18.1    17.5 -9999.0 -9999.0 -9999.0
04137 20190718  2.623 -113.01   45.16    26.2     7.2    16.7    17.4     0.0    26.06 C    36.3     6.3    19.4    84.3    11.7    42.0   0.148   0.171 -99.000 -99.000 -99.000    20.0    18.5 -9999.0 -9999.0 -9999.0
04137 20190719  2.623 -113.01   45.16    24.0     4.6    14.3    15.4     0.0    28.87 C    36.0     4.2    18.2    81.6    12.5    37.0   0.152   0.171 -99.000 -99.000 -99.000    20.2    19.0 -9999.0 -9999.0 -9999.0
04137 20190720  2.623 -113.01   45.16    25.4     1.1    13.3    14.7     0.0    29.10 C    38.8     0.3    18.4    64.0    11.0    30.2   0.153   0.171 -99.000 -99.000 -99.000    20.2    18.9 -9999.0 -9999.0 -9999.0
04137 20190721  2.623 -113.01   45.16    26.9     2.0    14.5    16.3     0.0    28.99 C    40.5     1.4    20.3    69.5    18.0    35.8   0.155   0.171 -99.000 -99.000 -99.000    21.4    19.7 -9999.0 -9999.0 -9999.0
04137 20190722  2.623 -113.01   45.16    28.6     6.2    17.4    18.5     0.0    15.97 C    41.4     6.8    20.0    72.5    20.2    42.7   0.153   0.171 -99.000 -99.000 -99.000    20.9    19.9 -9999.0 -9999.0 -9999.0
04137 20190723  2.623 -113.01   45.16    30.4    10.2    20.3    19.4     0.0    13.93 C    40.5    10.1    20.3    80.4    13.5    45.9   0.149   0.170 -99.000 -99.000 -99.000    20.6    19.5 -9999.0 -9999.0 -9999.0
04137 20190724  2.623 -113.01   45.16    29.5     9.4    19.4    19.7     0.0    27.23 C    40.2     8.2    22.2    75.6    11.1    35.4   0.148   0.171 -99.000 -99.000 -99.000    22.2    20.3 -9999.0 -9999.0 -9999.0
04137 20190725  2.623 -113.01   45.16    28.9     4.0    16.5    17.8     0.0    28.93 C    42.2     2.1    20.7    44.5     6.5    20.6   0.144   0.170 -99.000 -99.000 -99.000    22.0    20.4 -9999.0 -9999.0 -9999.0
04137 20190726  2.623 -113.01   45.16    29.7     4.1    16.9    19.3     0.0    22.30 C    45.6     4.4    21.7    50.6    10.7    23.9   0.139   0.170 -99.000 -99.000 -99.000    21.9    20.5 -9999.0 -9999.0 -9999.0
04137 20190727  2.623 -113.01   45.16    27.7    14.9    21.3    21.7     0.0    20.95 C    43.6    12.3    24.0    55.5    14.8    31.1   0.136   0.171 -99.000 -99.000 -99.000    23.6    21.7 -9999.0 -9999.0 -9999.0
04137 20190728  2.623 -113.01   45.16    29.6     8.5    19.1    19.4     0.0    27.20 C    40.4     6.6    22.0    60.7     6.5    31.0   0.130   0.169 -99.000 -99.000 -99.000    23.1    21.4 -9999.0 -9999.0 -9999.0
04137 20190729  2.623 -113.01   45.16    28.3     4.8    16.5    16.7     1.2    19.16 C    40.8     4.6    19.0    83.4    12.6    44.8   0.124   0.168 -99.000 -99.000 -99.000    21.5    20.7 -9999.0 -9999.0 -9999.0
04137 20190730  2.623 -113.01   45.16    28.7     9.9    19.3    18.8     0.0    23.81 C    37.8     9.1    21.2    88.4    13.4    50.4   0.121   0.167 -99.000 -99.000 -99.000    21.9    20.5 -9999.0 -9999.0 -9999.0
04137 20190731  2.623 -113.01   45.16    31.1     5.6    18.3    18.9     0.0    24.84 C    44.5     5.1    21.8    88.7    10.1    45.1   0.121   0.167 -99.000 -99.000 -99.000    22.3    20.8 -9999.0 -9999.0 -9999.0
04137 20190801  2.623 -113.01   45.16    27.7     6.6    17.1    16.7     0.0    16.03 C    40.4     6.2    18.3    74.3    16.7    47.3   0.118   0.165 -99.000 -99.000 -99.000    20.8    20.2 -9999.0 -9999.0 -9999.0
04137 20190802  2.623 -113.01   45.16    30.9     4.9    17.9    16.3     0.0    18.43 C    44.3     4.6    18.5    86.4    14.3    54.0   0.115   0.164 -99.000 -99.000 -99.000    20.1    19.4 -9999.0 -9999.0 -9999.0
04137 20190803  2.623 -113.01   45.16    30.7     5.3    18.0    19.1     0.0    26.62 C    41.4     5.2    22.0    91.1     8.9    44.9   0.116   0.164 -99.000 -99.000 -99.000    21.6    19.8 -9999.0 -9999.0 -9999.0
04137 20190804  2.623 -113.01   45.16    31.6     9.1    20.3    20.8     0.0    24.25 C    43.9     7.9    23.3    65.4    11.8    34.7   0.117   0.166 -99.000 -99.000 -99.000    23.2    21.3 -9999.0 -9999.0 -9999.0
04137 20190805  2.623 -113.01   45.16    30.4     6.5    18.4    19.9     0.0    19.06 C    41.6     7.1    21.4    78.4    12.1    38.6   0.114   0.165 -99.000 -99.000 -99.000    22.2    21.1 -9999.0 -9999.0 -9999.0
04137 20190806  2.623 -113.01   45.16    29.3     6.0    17.6    18.6     0.0    15.41 C    41.6     5.6    19.8    70.5    12.4    35.9   0.111   0.163 -99.000 -99.000 -99.000    21.0    20.2 -9999.0 -9999.0 -9999.0
04137 20190807  2.623 -113.01   45.16    30.1     7.7    18.9    19.8     0.0    19.48 C    44.9     6.3    21.7    64.2    12.6    33.3   0.110   0.162 -99.000 -99.000 -99.000    21.5    20.3 -9999.0 -9999.0 -9999.0
04137 20190808  2.623 -113.01   45.16    28.0     8.9    18.5    18.8     0.0    15.24 C    37.0     8.1    20.6    63.8    16.9    40.2   0.108   0.162 -99.000 -99.000 -99.000    21.2    20.3 -9999.0 -9999.0 -9999.0
04137 20190809  2.623 -113.01   45.16    23.8    10.3    17.0    15.7     1.4    15.12 C    34.2     9.9    17.7    86.6    30.3    63.0   0.107   0.161 -99.000 -99.000 -99.000    20.4    19.9 -9999.0 -9999.0 -9999.0
04137 20190810  2.623 -113.01   45.16    28.9     9.8    19.3    17.0     0.0    21.69 C    35.2     8.9    19.1    88.1    10.6    55.8   0.107   0.159 -99.000 -99.000 -99.000    19.9    19.1 -9999.0 -9999.0 -9999.0
04137 20190811  2.623 -113.01   45.16    19.2     7.3    13.3    12.9     3.8    13.43 C    29.8     6.8    13.6    84.2    37.4    61.5   0.105   0.157 -99.000 -99.000 -99.000    17.5    18.1 -9999.0 -9999.0 -9999.0
04137 20190812  2.623 -113.01   45.16    22.4     5.4    13.9    14.1     0.0    24.44 C    34.0     4.7    16.2    84.2    22.8    48.1   0.107   0.156 -99.000 -99.000 -99.000    17.3    17.0 -9999.0 -9999.0 -9999.0
04137 20190813  2.623 -113.01   45.16    25.3     2.9    14.1    14.9     0.0    24.19 C    36.0     2.5    16.8    85.3    11.7    41.9   0.111   0.156 -99.000 -99.000 -99.000    17.9    17.5 -9999.0 -9999.0 -9999.0
04137 20190814  2.623 -113.01   45.16    26.6     2.9    14.7    16.3     0.0    20.45 C    38.1     2.3    17.8    70.8    14.5    37.5   0.115   0.157 -99.000 -99.000 -99.000    18.2    17.7 -9999.0 -9999.0 -9999.0
04137 20190815  2.623 -113.01   45.16    25.0     8.2    16.6    17.2     0.0    22.47 C    37.3     5.7    19.0    64.3    15.1    37.5   0.118   0.157 -99.000 -99.000 -99.000    19.6    18.6 -9999.0 -9999.0 -9999.0
04137 20190816  2.623 -113.01   45.16    24.4     2.0    13.2    15.2     0.0    23.03 C    37.5     2.0    17.8    79.8    16.1    42.6   0.118   0.157 -99.000 -99.000 -99.000    19.1    18.5 -9999.0 -9999.0 -9999.0
04137 20190817  2.623 -113.01   45.16    22.7     7.2    14.9    15.9     0.0    17.42 C    32.8     5.5    17.0    64.1    19.7    37.8   0.117   0.157 -99.000 -99.000 -99.000    19.2    18.7 -9999.0 -9999.0 -9999.0
04137 20190818  2.623 -113.01   45.16    28.0     1.4    14.7    16.8     0.0    24.21 C    36.9     1.9    18.4    79.2    10.0    36.0   0.115   0.157 -99.000 -99.000 -99.000    19.2    18.3 -9999.0 -9999.0 -9999.0
04137 20190819  2.623 -113.01   45.16    30.8     3.6    17.2    19.3     0.0    23.16 C    39.7     3.0    20.2    63.0     7.4    28.2   0.114   0.157 -99.000 -99.000 -99.000    20.1    19.0 -9999.0 -9999.0 -9999.0
04137 20190820  2.623 -113.01   45.16    31.1     6.1    18.6    19.4     0.0    19.54 C    41.3     5.3    20.6    64.0     9.8    31.6   0.112   0.158 -99.000 -99.000 -99.000    20.6    19.5 -9999.0 -9999.0 -9999.0
04137 20190821  2.623 -113.01   45.16    31.9     6.3    19.1    20.3     0.0    23.78 C    41.3     5.6    21.9    63.4     4.8    28.8   0.111   0.158 -99.000 -99.000 -99.000    21.6    20.0 -9999.0 -9999.0 -9999.0
04137 20190822  2.623 -113.01   45.16 -9999.0 -9999.0 -9999.0 -9999.0 -9999.0 -9999.00 U -9999.0 -9999.0 -9999.0 -9999.0 -9999.0 -9999.0 -99.000 -99.000 -99.000 -99.000 -99.000 -9999.0 -9999.0 -9999.0 -9999.0 -9999.0
04137 20190823  2.623 -113.01   45.16    22.3     4.6    13.4    13.5     0.0    19.51 C    30.5     4.8    15.1    93.9    33.4    64.3   0.104   0.153 -99.000 -99.000 -99.000    17.2    17.0 -9999.0 -9999.0 -9999.0
04137 20190824  2.623 -113.01   45.16    28.5     5.9    17.2    16.9     0.0    17.56 C    36.0     5.1    17.6    89.4    13.2    48.5   0.108   0.154 -99.000 -99.000 -99.000    18.2    17.6 -9999.0 -9999.0 -9999.0
04137 20190825  2.623 -113.01   45.16    23.7     7.5    15.6    15.5     0.0    21.40 C    32.5     5.0    15.9    56.3    12.7    35.1   0.110   0.154 -99.000 -99.000 -99.000    18.1    17.7 -9999.0 -9999.0 -9999.0
04137 20190826  2.623 -113.01   45.16    21.9     0.9    11.4    12.2     0.0    22.65 C    30.6    -0.3    13.6    78.5    17.7    42.7   0.110   0.153 -99.000 -99.000 -99.000    17.0    16.8 -9999.0 -9999.0 -9999.0
04137 20190827  2.623 -113.01   45.16    26.4     1.1    13.7    14.6     0.0    22.66 C    33.8     0.3    15.6    78.1    11.6    37.0   0.111   0.153 -99.000 -99.000 -99.000    17.7    17.1 -9999.0 -9999.0 -9999.0
04137 20190828  2.623 -113.01   45.16    29.6     3.2    16.4    17.0     0.0    22.57 C    37.5     1.8    17.3    63.5     5.6    29.6   0.110   0.153 -99.000 -99.000 -99.000    18.6    17.6 -9999.0 -9999.0 -9999.0
04137 20190829  2.623 -113.01   45.16    26.3     2.8    14.6    15.6     0.0    14.81 C    35.5     2.0    16.2    60.0    15.4    36.2   0.108   0.154 -99.000 -99.000 -99.000    18.2    17.7 -9999.0 -9999.0 -9999.0
04137 20190830  2.623 -113.01   45.16    26.4     6.2    16.3    16.3     0.0    15.38 C    35.0     5.4    17.0    69.1    16.6    41.5   0.106   0.153 -99.000 -99.000 -99.000    18.5    17.7 -9999.0 -9999.0 -9999.0
04137 20190831  2.623 -113.01   45.16    29.6     4.4    17.0    18.2     0.0    20.47 C    37.9     3.3    19.0    73.1     9.8    36.4   0.106   0.154 -99.000 -99.000 -99.000    19.4    18.1 -9999.0 -9999.0 -9999.0
04137 20190901  2.623 -113.01   45.16    31.5     4.2    17.9    19.6     0.0    21.50 C    37.9     3.8    19.4    66.0     3.8    27.7   0.106   0.154 -99.000 -99.000 -99.000    19.9    18.7 -9999.0 -9999.0 -9999.0
04137 20190902  2.623 -113.01   45.16    30.4     5.4    17.9    19.1     0.0    21.08 C    36.0     3.7    18.7    60.8     7.5    27.5   0.104   0.154 -99.000 -99.000 -99.000    19.7    18.7 -9999.0 -9999.0 -9999.0
04137 20190903  2.623 -113.01   45.16    30.3     5.1    17.7    18.3     0.0    17.10 C    37.8     4.0    18.5    65.1    11.2    33.2   0.103   0.154 -99.000 -99.000 -99.000    19.5    18.7 -9999.0 -9999.0 -9999.0
04137 20190904  2.623 -113.01   45.16    31.2     6.2    18.7    20.2     0.0    20.76 C    36.1     4.6    19.6    60.5     5.3    25.6   0.102   0.154 -99.000 -99.000 -99.000    20.1    19.0 -9999.0 -9999.0 -9999.0
04137 20190905  2.623 -113.01   45.16    30.6     5.6    18.1    19.8     0.0    18.78 C    40.0     4.8    20.1    49.8     9.2    23.8   0.102   0.154 -99.000 -99.000 -99.000    20.4    19.3 -9999.0 -9999.0 -9999.0
04137 20190906  2.623 -113.01   45.16    23.0     8.1    15.6    15.2    12.4     8.53 C    29.7     8.3    15.3    90.8    21.7    62.2   0.150   0.156 -99.000 -99.000 -99.000    18.3    18.6 -9999.0 -9999.0 -9999.0
04137 20190907  2.623 -113.01   45.16    21.4     8.8    15.1    14.1     0.0    14.91 C    27.1     9.4    15.5    88.1    34.6    63.4   0.258   0.179 -99.000 -99.000 -99.000    16.6    16.7 -9999.0 -9999.0 -9999.0
04137 20190908  2.623 -113.01   45.16    17.0     5.8    11.4    10.9     2.6     6.04 C    21.6     6.5    11.9    90.7    48.8    77.3   0.233   0.176 -99.000 -99.000 -99.000    14.3    15.3 -9999.0 -9999.0 -9999.0
04137 20190909  2.623 -113.01   45.16    16.7     5.5    11.1    11.2     0.0    12.32 C    20.8     4.3    11.5    77.9    28.2    55.6   0.231   0.172 -99.000 -99.000 -99.000    13.3    14.1 -9999.0 -9999.0 -9999.0
04137 20190910  2.623 -113.01   45.16    13.2    -0.5     6.3     7.0     0.0     9.73 C    21.1     0.0     8.5    92.0    55.0    75.1   0.218   0.168 -99.000 -99.000 -99.000    11.3    12.3 -9999.0 -9999.0 -9999.0
04137 20190911  2.623 -113.01   45.16    13.4     5.4     9.4     8.4     8.4     9.56 C    18.2     4.6     9.7    91.1    56.3    80.4   0.250   0.171 -99.000 -99.000 -99.000    12.5    12.9 -9999.0 -9999.0 -9999.0
04137 20190912  2.623 -113.01   45.16    18.7     0.6     9.6     9.6     0.0    18.19 C    23.5     1.0     9.6    92.7    22.6    60.8   0.284   0.219 -99.000 -99.000 -99.000    11.3    11.9 -9999.0 -9999.0 -9999.0
04137 20190913  2.623 -113.01   45.16    21.8    -0.1    10.8    11.9     0.0    15.35 C    23.4     0.6    11.0    91.1    18.0    48.9   0.267   0.222 -99.000 -99.000 -99.000    11.2    11.7 -9999.0 -9999.0 -9999.0
04137 20190914  2.623 -113.01   45.16    25.6     2.2    13.9    13.8     0.0    17.29 C    27.3     1.7    12.7    83.8    13.6    43.6   0.259   0.219 -99.000 -99.000 -99.000    12.6    12.5 -9999.0 -9999.0 -9999.0
04137 20190915  2.623 -113.01   45.16    28.3     2.2    15.2    16.0     0.0    16.22 C    31.4     1.3    14.4    78.0     7.1    33.5   0.251   0.217 -99.000 -99.000 -99.000    13.7    13.4 -9999.0 -9999.0 -9999.0
04137 20190916  2.623 -113.01   45.16    25.5     2.5    14.0    14.4     0.0    12.23 C    29.2     1.8    13.4    67.1    10.8    31.9   0.242   0.213 -99.000 -99.000 -99.000    13.7    13.7 -9999.0 -9999.0 -9999.0
04137 20190917  2.623 -113.01   45.16    13.1     2.3     7.7     9.0     0.4     6.88 C    19.4     1.4     9.1    84.3    37.8    60.2   0.231   0.207 -99.000 -99.000 -99.000    12.1    12.9 -9999.0 -9999.0 -9999.0
04137 20190918  2.623 -113.01   45.16    19.2    -1.5     8.8     8.9     0.0    10.95 C    28.0    -1.2     9.2    92.6    19.6    57.4   0.220   0.202 -99.000 -99.000 -99.000    10.4    11.0 -9999.0 -9999.0 -9999.0
04137 20190919  2.623 -113.01   45.16    12.4     4.6     8.5     6.9     4.7     6.81 C    16.5     4.6     8.2    92.2    52.5    76.6   0.219   0.200 -99.000 -99.000 -99.000    10.8    11.3 -9999.0 -9999.0 -9999.0
04137 20190920  2.623 -113.01   45.16     8.7     4.5     6.6     6.3     0.8     2.61 C     9.0     4.3     6.5    87.1    57.9    74.3   0.242   0.195 -99.000 -99.000 -99.000     8.7     9.8 -9999.0 -9999.0 -9999.0
04137 20190921  2.623 -113.01   45.16    12.5     4.8     8.7     8.0     0.0     8.99 C    17.8     3.6     8.4    82.6    39.2    63.9   0.246   0.193 -99.000 -99.000 -99.000     9.2     9.6 -9999.0 -9999.0 -9999.0
04137 20190922  2.623 -113.01   45.16    20.3     3.7    12.0    12.2     0.0    16.71 C    23.2     2.1    11.4    80.1    27.8    49.2   0.244   0.194 -99.000 -99.000 -99.000    10.8    10.5 -9999.0 -9999.0 -9999.0
04137 20190923  2.623 -113.01   45.16    19.9     3.7    11.8    12.2     0.0    16.87 C    23.1     2.5    11.7    79.5    25.7    48.5   0.240   0.196 -99.000 -99.000 -99.000    11.6    11.4 -9999.0 -9999.0 -9999.0
04137 20190924  2.623 -113.01   45.16    19.4     9.8    14.6    14.0     0.0    15.21 C    23.4     7.0    13.3    54.9    19.3    38.0   0.236   0.197 -99.000 -99.000 -99.000    13.1    12.7 -9999.0 -9999.0 -9999.0
04137 20190925  2.623 -113.01   45.16    16.5     2.7     9.6    10.4     0.0    16.47 C    20.2     1.1     9.3    59.8    19.0    34.8   0.225   0.195 -99.000 -99.000 -99.000    11.4    11.7 -9999.0 -9999.0 -9999.0
04137 20190926  2.623 -113.01   45.16    20.2     1.2    10.7    10.9     0.0     8.58 C    23.8     0.2     9.7    67.5    22.9    42.3   0.215   0.192 -99.000 -99.000 -99.000    10.3    10.8 -9999.0 -9999.0 -9999.0
04137 20190927  2.623 -113.01   45.16    15.6     2.8     9.2     9.1     0.0    13.70 C    24.5     1.6     9.5    82.6    13.0    49.4   0.209   0.190 -99.000 -99.000 -99.000    10.9    11.0 -9999.0 -9999.0 -9999.0
04137 20190928  2.623 -113.01   45.16     4.5    -3.5     0.5     1.3     0.6     2.67 C     6.9    -3.2     2.2    85.4    72.5    79.6   0.196   0.185 -99.000 -99.000 -99.000     7.6     9.2 -9999.0 -9999.0 -9999.0
04137 20190929  2.623 -113.01   45.16    -2.8    -6.7    -4.7    -4.5     9.5     7.65 C    -1.2    -9.2    -4.4    90.2    77.4    82.5   0.186   0.178 -99.000 -99.000 -99.000     3.8     5.8 -9999.0 -9999.0 -9999.0
04137 20190930  2.623 -113.01   45.16    -0.3    -5.2    -2.8    -2.9     1.5     7.80 C     1.2    -5.1    -2.3    92.2    71.8    82.8   0.217   0.178 -99.000 -99.000 -99.000     3.4     4.9 -9999.0 -9999.0 -9999.0
04137 20191001  2.623 -113.01   45.16     1.0    -2.0    -0.5    -0.9     0.0     4.77 C     2.9    -2.1    -0.3    83.5    61.9    72.5   0.273   0.213 -99.000 -99.000 -99.000     3.6     4.6 -9999.0 -9999.0 -9999.0
04137 20191002  2.623 -113.01   45.16     6.8    -3.5     1.7     0.7     0.0    15.03 C     9.1    -3.7     1.1    90.7    40.6    67.2   0.273   0.223 -99.000 -99.000 -99.000     4.4     4.9 -9999.0 -9999.0 -9999.0
04137 20191003  2.623 -113.01   45.16    12.3    -6.8     2.8     2.7     0.0    14.32 C    14.6    -6.5     2.2    87.9    31.2    61.9   0.262   0.221 -99.000 -99.000 -99.000     4.1     4.7 -9999.0 -9999.0 -9999.0
04137 20191004  2.623 -113.01   45.16     7.3    -3.3     2.0     2.0     0.0     7.44 C    10.1    -3.2     1.6    88.7    47.7    68.6   0.257   0.220 -99.000 -99.000 -99.000     3.7     4.7 -9999.0 -9999.0 -9999.0
04137 20191005  2.623 -113.01   45.16     6.4    -0.2     3.1     2.3     0.0     6.38 C    10.0    -2.6     2.0    83.6    36.4    55.9   0.253   0.218 -99.000 -99.000 -99.000     3.4     4.2 -9999.0 -9999.0 -9999.0
04137 20191006  2.623 -113.01   45.16    13.5    -5.0     4.2     3.9     0.0    14.77 C    13.3    -5.6     2.4    81.2    13.9    44.7   0.249   0.216 -99.000 -99.000 -99.000     3.6     4.1 -9999.0 -9999.0 -9999.0
04137 20191007  2.623 -113.01   45.16    17.9    -7.1     5.4     5.5     0.0    14.41 C    17.2    -7.2     3.7    84.0     9.2    42.8   0.243   0.215 -99.000 -99.000 -99.000     4.0     4.3 -9999.0 -9999.0 -9999.0
04137 20191008  2.623 -113.01   45.16    17.2    -4.1     6.6     7.1     4.7    13.23 C    17.6    -4.7     5.7    93.2    15.1    43.1   0.247   0.216 -99.000 -99.000 -99.000     5.4     5.4 -9999.0 -9999.0 -9999.0
04137 20191009  2.623 -113.01   45.16    -1.3   -16.7    -9.0    -7.9     7.4     8.84 C    -1.5   -20.5    -9.1    91.3    58.6    73.3   0.249   0.214 -99.000 -99.000 -99.000     3.4     4.6 -9999.0 -9999.0 -9999.0
04137 20191010  2.623 -113.01   45.16    -3.3   -15.9    -9.6    -9.4     0.0    14.14 C    -5.8   -17.8   -11.5    81.8    52.6    68.1   0.274   0.224 -99.000 -99.000 -99.000     2.1     3.2 -9999.0 -9999.0 -9999.0
04137 20191011  2.623 -113.01   45.16     2.6   -15.1    -6.2    -6.7     0.0    13.88 C    -0.8   -18.7   -10.0    86.0    46.7    70.3   0.276   0.231 -99.000 -99.000 -99.000     1.5     2.4 -9999.0 -9999.0 -9999.0
04137 20191012  2.623 -113.01   45.16     9.9   -11.9    -1.0    -1.7     0.0    13.79 C     3.3   -14.8    -5.5    87.5    30.9    65.6   0.278   0.239 -99.000 -99.000 -99.000     1.0     2.0 -9999.0 -9999.0 -9999.0
04137 20191013  2.623 -113.01   45.16    13.7    -6.6     3.5     2.2     0.0    11.78 C     6.3    -8.8    -1.7    84.7    22.2    57.4   0.284   0.260 -99.000 -99.000 -99.000     0.8     1.7 -9999.0 -9999.0 -9999.0
04137 20191014  2.623 -113.01   45.16    10.8    -3.8     3.5     3.6     0.0    12.79 C     7.7    -5.0     0.5    85.6    27.8    53.1   0.306   0.281 -99.000 -99.000 -99.000     1.6     2.0 -9999.0 -9999.0 -9999.0
04137 20191015  2.623 -113.01   45.16    16.6    -5.8     5.4     4.0     0.0    12.24 C    13.0    -6.1     1.7    87.0    23.3    57.8   0.295   0.280 -99.000 -99.000 -99.000     2.3     2.5 -9999.0 -9999.0 -9999.0
04137 20191016  2.623 -113.01   45.16    19.6    -4.3     7.7     7.0     0.0    12.64 C    17.5    -4.2     4.2    89.0    10.9    47.6   0.294   0.280 -99.000 -99.000 -99.000     3.4     3.4 -9999.0 -9999.0 -9999.0
04137 20191017  2.623 -113.01   45.16    14.4    -2.7     5.8     3.2     0.2     6.87 C    14.1    -4.4     2.2    80.8    28.4    58.1   0.285   0.275 -99.000 -99.000 -99.000     3.2     3.6 -9999.0 -9999.0 -9999.0
04137 20191018  2.623 -113.01   45.16     5.5    -6.2    -0.4     0.0     0.2     4.37 C     5.8    -6.9    -1.1    87.5    41.3    63.8   0.274   0.268 -99.000 -99.000 -99.000     1.7     2.6 -9999.0 -9999.0 -9999.0
04137 20191019  2.623 -113.01   45.16     3.7    -9.6    -2.9    -3.2     1.9     5.08 C     7.7    -9.3    -3.1    91.6    46.6    78.5 -99.000   0.262 -99.000 -99.000 -99.000     0.4     1.4 -9999.0 -9999.0 -9999.0
04137 20191020  2.623 -113.01   45.16     4.0    -3.6     0.2    -0.1     0.0     7.96 C     4.6    -6.2    -1.2    91.2    37.3    62.9   0.275   0.262 -99.000 -99.000 -99.000     1.2     1.7 -9999.0 -9999.0 -9999.0
04137 20191021  2.623 -113.01   45.16     4.5    -3.1     0.7     1.2     0.8     4.94 C     5.2    -6.2    -0.2    91.8    42.1    63.4   0.278   0.266 -99.000 -99.000 -99.000     1.2     1.7 -9999.0 -9999.0 -9999.0
04137 20191022  2.623 -113.01   45.16    10.6     0.9     5.8     5.7     0.0     7.54 C    10.7    -1.4     3.9    74.3    27.0    52.9   0.281   0.269 -99.000 -99.000 -99.000     2.7     2.6 -9999.0 -9999.0 -9999.0
04137 20191023  2.623 -113.01   45.16     4.9    -5.5    -0.3     0.6     0.0     7.86 C     9.3    -6.3    -0.2    88.8    28.6    58.2   0.271   0.265 -99.000 -99.000 -99.000     1.7     2.3 -9999.0 -9999.0 -9999.0
04137 20191024  2.623 -113.01   45.16     8.7   -10.2    -0.8     0.0     0.0     7.38 C    10.4    -9.9    -0.3    90.2    17.7    54.8 -99.000   0.261 -99.000 -99.000 -99.000     0.7     1.5 -9999.0 -9999.0 -9999.0
04137 20191025  2.623 -113.01   45.16    17.4    -4.0     6.7     6.8     0.0    11.11 C    16.1    -5.3     4.4    79.4    25.1    47.5   0.255   0.260 -99.000 -99.000 -99.000     2.4     2.2 -9999.0 -9999.0 -9999.0
04137 20191026  2.623 -113.01   45.16     9.3    -8.2     0.5    -1.0     0.2     5.49 C     6.3    -9.4    -1.2    85.1    39.0    57.8   0.263   0.259 -99.000 -99.000 -99.000     2.0     2.6 -9999.0 -9999.0 -9999.0
04137 20191027  2.623 -113.01   45.16    -4.3   -13.3    -8.8    -8.9     0.0     8.31 C     0.0   -13.1    -7.8    76.8    36.4    52.5 -99.000   0.256 -99.000 -99.000 -99.000    -0.4     0.8 -9999.0 -9999.0 -9999.0
04137 20191028  2.623 -113.01   45.16    -2.9   -16.4    -9.6   -10.5     1.7     5.08 C     2.4   -17.7    -8.9    80.0    47.2    67.8 -99.000 -99.000 -99.000 -99.000 -99.000    -1.0     0.0 -9999.0 -9999.0 -9999.0
04137 20191029  2.623 -113.01   45.16   -12.1   -22.7   -17.4   -16.7     0.0    10.57 C   -10.6   -23.7   -17.4    75.5    44.9    57.1 -99.000 -99.000 -99.000 -99.000 -99.000    -1.6    -0.4 -9999.0 -9999.0 -9999.0
04137 20191030  2.623 -113.01   45.16    -0.5   -24.9   -12.7   -12.4     0.0    10.52 C    -2.3   -25.4   -14.2    76.0    19.8    52.4 -99.000 -99.000 -99.000 -99.000 -99.000    -2.6    -1.1 -9999.0 -9999.0 -9999.0
04137 20191031  2.623 -113.01   45.16    -0.7   -15.0    -7.8    -6.6     0.0     4.29 C    -0.4   -15.4    -7.9    76.2    40.3    54.7 -99.000 -99.000 -99.000 -99.000 -99.000    -2.3    -1.4 -9999.0 -9999.0 -9999.0
04137 20191101  2.623 -113.01   45.16     3.7   -14.9    -5.6    -5.0     0.0    10.16 C     1.2   -17.7    -8.1    76.5    26.9    50.1 -99.000 -99.000 -99.000 -99.000 -99.000    -2.4    -1.6 -9999.0 -9999.0 -9999.0
04137 20191102  2.623 -113.01   45.16     9.5   -10.3    -0.4    -0.5     0.0     6.54 C     6.9   -11.7    -2.8    69.6    19.6    42.8 -99.000 -99.000 -99.000 -99.000 -99.000    -2.1    -1.7 -9999.0 -9999.0 -9999.0
04137 20191103  2.623 -113.01   45.16     7.7    -2.0     2.9     3.2     0.0     3.36 C     6.4    -3.5     1.3    59.5    34.4    47.0 -99.000 -99.000 -99.000 -99.000 -99.000    -0.9    -1.0 -9999.0 -9999.0 -9999.0
04137 20191104  2.623 -113.01   45.16     7.7     2.3     5.0     4.7     0.0     2.97 C     8.1     0.0     2.9    64.8    44.4    53.3 -99.000 -99.000 -99.000 -99.000 -99.000    -0.4    -0.6 -9999.0 -9999.0 -9999.0
04137 20191105  2.623 -113.01   45.16    13.1    -4.8     4.1     3.8     0.0     9.46 C    12.4    -6.6     1.1    86.8    16.6    51.7 -99.000 -99.000 -99.000 -99.000 -99.000    -0.3    -0.5 -9999.0 -9999.0 -9999.0
04137 20191106  2.623 -113.01   45.16    -0.9   -10.5    -5.7    -4.7     0.0     4.36 C     4.7   -10.8    -4.6    91.4    64.0    81.2 -99.000 -99.000 -99.000 -99.000 -99.000    -0.6    -0.5 -9999.0 -9999.0 -9999.0
04137 20191107  2.623 -113.01   45.16     9.7   -12.9    -1.6    -3.7     0.0     8.32 C     7.7   -12.2    -4.0    91.1    24.0    63.9 -99.000 -99.000 -99.000 -99.000 -99.000    -1.4    -0.7 -9999.0 -9999.0 -9999.0
04137 20191108  2.623 -113.01   45.16    16.1    -9.1     3.5     2.1     0.0     8.81 C    13.4    -9.1    -0.8    78.3     8.9    42.2 -99.000 -99.000 -99.000 -99.000 -99.000    -1.3    -0.8 -9999.0 -9999.0 -9999.0
04137 20191109  2.623 -113.01   45.16    14.7    -8.0     3.3     4.0     0.0     7.32 C    15.8    -8.8     1.4    74.2    17.6    41.2 -99.000 -99.000 -99.000 -99.000 -99.000    -1.1    -0.8 -9999.0 -9999.0 -9999.0
04137 20191110  2.623 -113.01   45.16    10.1   -11.5    -0.7     2.1     1.5     4.66 C    11.2   -13.5     0.9    84.6    36.4    62.5 -99.000 -99.000 -99.000 -99.000 -99.000    -0.3    -0.5 -9999.0 -9999.0 -9999.0
04137 20191111  2.623 -113.01   45.16    -2.4   -13.7    -8.1    -8.2     0.0     5.59 C    -2.4   -17.1    -8.4    89.1    71.2    84.5 -99.000 -99.000 -99.000 -99.000 -99.000    -0.5    -0.4 -9999.0 -9999.0 -9999.0
04137 20191112  2.623 -113.01   45.16    11.2    -6.9     2.2     1.5     0.0     4.81 C     6.5    -9.1    -1.0    85.8    23.5    53.4 -99.000 -99.000 -99.000 -99.000 -99.000    -0.8    -0.5 -9999.0 -9999.0 -9999.0
04137 20191113  2.623 -113.01   45.16     8.2    -5.9     1.1     2.8     0.0     6.93 C     9.6    -7.3     0.7    81.1    30.4    53.4 -99.000 -99.000 -99.000 -99.000 -99.000    -0.4    -0.4 -9999.0 -9999.0 -9999.0
04137 20191114  2.623 -113.01   45.16    10.0    -8.8     0.6    -1.0     0.0     7.76 C     7.4    -8.4    -2.6    86.7    28.4    62.3 -99.000 -99.000 -99.000 -99.000 -99.000    -0.8    -0.4 -9999.0 -9999.0 -9999.0
04137 20191115  2.623 -113.01   45.16    13.4    -4.0     4.7     3.7     0.0     5.60 C    11.8    -5.4     1.8    73.4    22.6    49.2 -99.000 -99.000 -99.000 -99.000 -99.000    -0.8    -0.5 -9999.0 -9999.0 -9999.0
04137 20191116  2.623 -113.01   45.16     6.0    -4.9     0.5     2.1     0.0     7.27 C     7.4    -6.7     0.3    76.3    31.8    56.4 -99.000 -99.000 -99.000 -99.000 -99.000    -0.4    -0.3 -9999.0 -9999.0 -9999.0
04137 20191117  2.623 -113.01   45.16    11.2    -5.9     2.7     5.9     0.0     3.08 C    10.4    -6.5     4.1    77.2    40.2    54.1 -99.000 -99.000 -99.000 -99.000 -99.000    -0.1    -0.2 -9999.0 -9999.0 -9999.0
04137 20191118  2.623 -113.01   45.16    10.5    -3.1     3.7     4.3     0.0     5.42 C    10.3    -5.1     1.6    87.2    28.6    58.2 -99.000 -99.000 -99.000 -99.000 -99.000     0.2     0.3 -9999.0 -9999.0 -9999.0
04137 20191119  2.623 -113.01   45.16     4.0    -5.6    -0.8    -1.1     1.7     2.36 C     7.4    -7.1    -2.3    91.4    60.2    78.0 -99.000 -99.000 -99.000 -99.000 -99.000    -0.1     0.2 -9999.0 -9999.0 -9999.0
04137 20191120  2.623 -113.01   45.16    -1.2    -8.3    -4.8    -3.7     0.0     6.19 C    -1.0    -8.9    -4.2    89.0    59.7    70.8 -99.000 -99.000 -99.000 -99.000 -99.000    -0.3     0.1 -9999.0 -9999.0 -9999.0
04137 20191121  2.623 -113.01   45.16     0.9    -9.8    -4.5    -5.0     0.0     6.84 C     0.6   -10.8    -5.3    82.9    44.0    68.0 -99.000 -99.000 -99.000 -99.000 -99.000    -0.8    -0.2 -9999.0 -9999.0 -9999.0
04137 20191122  2.623 -113.01   45.16     8.0   -13.0    -2.5    -3.9     0.0     7.09 C     4.3   -13.0    -5.9    85.2    24.2    58.5 -99.000 -99.000 -99.000 -99.000 -99.000    -2.0    -0.7 -9999.0 -9999.0 -9999.0
04137 20191123  2.623 -113.01   45.16     6.3   -12.2    -2.9    -2.9     0.0     5.31 C     4.3   -11.7    -4.6    80.1    18.4    54.9 -99.000 -99.000 -99.000 -99.000 -99.000    -2.5    -1.3 -9999.0 -9999.0 -9999.0
04137 20191124  2.623 -113.01   45.16     7.7    -3.4     2.2     1.6     0.0     5.81 C     6.8    -7.0    -0.6    73.5    31.6    47.4 -99.000 -99.000 -99.000 -99.000 -99.000    -1.6    -1.2 -9999.0 -9999.0 -9999.0
04137 20191125  2.623 -113.01   45.16    -1.5   -12.5    -7.0    -6.5     0.0     5.44 C     1.2   -13.0    -7.7    80.8    38.4    61.2 -99.000 -99.000 -99.000 -99.000 -99.000    -3.0    -1.7 -9999.0 -9999.0 -9999.0
04137 20191126  2.623 -113.01   45.16    -3.9   -13.1    -8.5    -8.4     0.0     4.91 C    -0.6   -13.9    -8.2    81.1    36.0    61.5 -99.000 -99.000 -99.000 -99.000 -99.000    -4.2    -2.9 -9999.0 -9999.0 -9999.0
04137 20191127  2.623 -113.01   45.16    -6.1   -10.5    -8.3    -7.6     1.8     2.80 C    -4.8   -10.7    -7.6    80.8    55.9    71.8 -99.000 -99.000 -99.000 -99.000 -99.000    -4.0    -3.2 -9999.0 -9999.0 -9999.0
04137 20191128  2.623 -113.01   45.16   -10.5   -23.5   -17.0   -14.2     2.8     3.94 C   -10.7   -26.0   -15.5    83.6    66.3    77.2 -99.000 -99.000 -99.000 -99.000 -99.000    -2.9    -2.6 -9999.0 -9999.0 -9999.0
04137 20191129  2.623 -113.01   45.16   -12.1   -21.8   -17.0   -14.2     1.5     1.83 C   -10.5   -23.3   -13.7    83.4    70.0    79.8 -99.000 -99.000 -99.000 -99.000 -99.000    -2.8    -2.5 -9999.0 -9999.0 -9999.0
04137 20191130  2.623 -113.01   45.16    -8.7   -23.1   -15.9   -13.4     1.8     5.51 C   -10.7   -27.1   -15.4    85.6    70.2    78.8 -99.000 -99.000 -99.000 -99.000 -99.000    -2.7    -2.4 -9999.0 -9999.0 -9999.0
04137 20191201  2.623 -113.01   45.16    -8.8   -27.2   -18.0   -16.9     0.4     2.26 C    -9.1   -29.0   -17.4    86.1    72.1    79.2 -99.000 -99.000 -99.000 -99.000 -99.000    -3.2    -2.7 -9999.0 -9999.0 -9999.0
04137 20191202  2.623 -113.01   45.16     1.0   -10.6    -4.8    -5.3     0.0     5.47 C    -1.6   -12.2    -7.2    86.2    63.1    76.5 -99.000 -99.000 -99.000 -99.000 -99.000    -2.8    -2.6 -9999.0 -9999.0 -9999.0
04137 20191203  2.623 -113.01   45.16     2.6   -10.4    -3.9    -3.8     0.0     6.29 C    -0.8   -13.4    -7.6    86.4    53.4    70.3 -99.000 -99.000 -99.000 -99.000 -99.000    -2.6    -2.4 -9999.0 -9999.0 -9999.0
04137 20191204  2.623 -113.01   45.16    -0.9   -16.3    -8.6    -9.1     0.0     6.39 C    -3.9   -18.2   -12.1    88.7    59.9    80.1 -99.000 -99.000 -99.000 -99.000 -99.000    -2.9    -2.5 -9999.0 -9999.0 -9999.0
04137 20191205  2.623 -113.01   45.16    -1.9   -18.4   -10.2   -10.4     0.0     5.50 C    -4.4   -19.2   -13.0    88.8    62.9    80.1 -99.000 -99.000 -99.000 -99.000 -99.000    -3.4    -2.9 -9999.0 -9999.0 -9999.0
04137 20191206  2.623 -113.01   45.16    -2.0   -18.0   -10.0    -9.5     0.0     5.27 C    -2.7   -19.5   -12.0    88.6    63.8    79.7 -99.000 -99.000 -99.000 -99.000 -99.000    -3.7    -3.2 -9999.0 -9999.0 -9999.0
04137 20191207  2.623 -113.01   45.16     4.2   -15.1    -5.5    -5.5     0.0     5.15 C     1.8   -16.4    -7.5    91.3    56.2    78.0 -99.000 -99.000 -99.000 -99.000 -99.000    -3.5    -3.2 -9999.0 -9999.0 -9999.0
04137 20191208  2.623 -113.01   45.16     3.0    -5.7    -1.4    -1.7     1.9     3.65 C     0.7   -11.4    -4.2    92.6    45.8    71.6 -99.000 -99.000 -99.000 -99.000 -99.000    -2.8    -2.6 -9999.0 -9999.0 -9999.0
04137 20191209  2.623 -113.01   45.16    -1.6   -14.3    -7.9    -6.3     0.0     5.80 C    -4.3   -16.8   -10.0    71.1    44.8    57.6 -99.000 -99.000 -99.000 -99.000 -99.000    -3.0    -2.7 -9999.0 -9999.0 -9999.0
04137 20191210  2.623 -113.01   45.16     1.4   -12.2    -5.4    -4.9     0.0     5.13 C    -0.6   -14.9    -7.5    83.2    47.3    65.3 -99.000 -99.000 -99.000 -99.000 -99.000    -3.0    -2.8 -9999.0 -9999.0 -9999.0
04137 20191211  2.623 -113.01   45.16     1.6   -12.3    -5.4    -4.6     0.0     3.75 C     0.0   -14.5    -6.0    84.1    57.1    70.9 -99.000 -99.000 -99.000 -99.000 -99.000    -3.0    -2.8 -9999.0 -9999.0 -9999.0
04137 20191212  2.623 -113.01   45.16     2.4    -7.2    -2.4    -2.0     0.5     4.41 C     0.6   -11.1    -4.1    89.5    37.5    70.2 -99.000 -99.000 -99.000 -99.000 -99.000    -2.5    -2.4 -9999.0 -9999.0 -9999.0
04137 20191213  2.623 -113.01   45.16    -0.2    -8.7    -4.4    -3.0     0.0     4.31 C    -2.0   -11.1    -5.4    84.9    43.8    61.3 -99.000 -99.000 -99.000 -99.000 -99.000    -2.4    -2.3 -9999.0 -9999.0 -9999.0
04137 20191214  2.623 -113.01   45.16    -3.4   -17.0   -10.2    -9.6     0.0     4.05 C    -4.2   -18.1   -12.4    85.0    51.2    71.9 -99.000 -99.000 -99.000 -99.000 -99.000    -3.0    -2.6 -9999.0 -9999.0 -9999.0
04137 20191215  2.623 -113.01   45.16    -6.0   -18.1   -12.1   -11.7     0.0     4.83 C    -5.5   -19.8   -14.3    84.0    55.1    70.7 -99.000 -99.000 -99.000 -99.000 -99.000    -3.8    -3.3 -9999.0 -9999.0 -9999.0
04137 20191216  2.623 -113.01   45.16    -5.3   -15.7   -10.5   -10.1     0.0     6.06 C    -7.2   -18.4   -12.9    71.7    44.0    57.0 -99.000 -99.000 -99.000 -99.000 -99.000    -4.4    -3.8 -9999.0 -9999.0 -9999.0
04137 20191217  2.623 -113.01   45.16    -5.4   -19.1   -12.3   -13.1     0.0     5.03 C    -7.0   -20.7   -15.2    77.6    46.9    65.7 -99.000 -99.000 -99.000 -99.000 -99.000    -4.9    -4.3 -9999.0 -9999.0 -9999.0
04137 20191218  2.623 -113.01   45.16    -4.9   -20.2   -12.6   -13.4     0.0     4.23 C    -6.7   -21.4   -15.4    81.9    43.4    67.4 -99.000 -99.000 -99.000 -99.000 -99.000    -5.2    -4.6 -9999.0 -9999.0 -9999.0
04137 20191219  2.623 -113.01   45.16     2.0   -19.3    -8.6    -9.1     0.0     5.14 C    -1.5   -20.1   -11.4    79.5    43.4    64.8 -99.000 -99.000 -99.000 -99.000 -99.000    -5.3    -4.8 -9999.0 -9999.0 -9999.0
04137 20191220  2.623 -113.01   45.16     3.7   -11.5    -3.9    -3.0     0.0     4.26 C     1.0   -12.8    -6.2    82.4    42.7    61.7 -99.000 -99.000 -99.000 -99.000 -99.000    -4.7    -4.4 -9999.0 -9999.0 -9999.0
04137 20191221  2.623 -113.01   45.16     2.6   -10.1    -3.7    -4.1     0.0     4.78 C     1.4   -12.2    -7.2    80.8    43.6    65.9 -99.000 -99.000 -99.000 -99.000 -99.000    -4.2    -4.0 -9999.0 -9999.0 -9999.0
04137 20191222  2.623 -113.01   45.16    -3.5   -15.1    -9.3    -8.7     0.0     3.09 C    -4.3   -16.3   -10.8    86.3    59.4    75.9 -99.000 -99.000 -99.000 -99.000 -99.000    -4.4    -4.1 -9999.0 -9999.0 -9999.0
04137 20191223  2.623 -113.01   45.16    -0.9   -17.0    -8.9    -7.9     0.0     3.44 C    -1.5   -18.3    -9.1    85.3    48.0    69.5 -99.000 -99.000 -99.000 -99.000 -99.000    -4.8    -4.4 -9999.0 -9999.0 -9999.0
04137 20191224  2.623 -113.01   45.16    -0.6    -5.1    -2.9    -3.1     8.4     1.87 C    -0.2    -5.9    -3.4    93.8    85.3    90.3 -99.000 -99.000 -99.000 -99.000 -99.000    -3.9    -3.9 -9999.0 -9999.0 -9999.0
04137 20191225  2.623 -113.01   45.16    -3.5    -9.9    -6.7    -7.2     0.6     1.57 C    -4.1   -11.9    -7.7    91.7    86.1    89.0 -99.000 -99.000 -99.000 -99.000 -99.000    -3.4    -3.4 -9999.0 -9999.0 -9999.0
04137 20191226  2.623 -113.01   45.16    -7.3   -24.9   -16.1   -12.3     0.5     2.80 C    -8.0   -28.0   -15.1    88.6    73.2    83.6 -99.000 -99.000 -99.000 -99.000 -99.000    -3.3    -3.2 -9999.0 -9999.0 -9999.0
04137 20191227  2.623 -113.01   45.16   -10.5   -31.1   -20.8   -19.7     0.0     2.78 C   -12.3   -32.1   -21.6    85.5    67.2    77.6 -99.000 -99.000 -99.000 -99.000 -99.000    -3.7    -3.5 -9999.0 -9999.0 -9999.0
04137 20191228  2.623 -113.01   45.16    -6.3   -16.1   -11.2   -10.0     0.0     2.50 C    -6.9   -20.1   -12.9    81.2    56.3    69.1 -99.000 -99.000 -99.000 -99.000 -99.000    -3.9    -3.6 -9999.0 -9999.0 -9999.0
04137 20191229  2.623 -113.01   45.16    -5.0   -13.6    -9.3    -8.3     0.0     3.27 C    -4.1   -13.9    -8.8    80.7    69.6    75.7 -99.000 -99.000 -99.000 -99.000 -99.000    -3.6    -3.5 -9999.0 -9999.0 -9999.0
04137 20191230  2.623 -113.01   45.16    -7.3   -19.5   -13.4   -12.7     0.0     6.07 C    -9.5   -21.8   -15.5    87.3    67.6    79.9 -99.000 -99.000 -99.000 -99.000 -99.000    -3.6    -3.4 -9999.0 -9999.0 -9999.0
04137 20191231  2.623 -113.01   45.16     0.2   -18.3    -9.1    -5.9     0.0     2.97 C    -1.0   -17.8    -6.8    86.5    61.9    74.3 -99.000 -99.000 -99.000 -99.000 -99.000    -3.7    -3.6 -9999.0 -9999.0 -9999.0
