94084 20190101  2.622 -102.17   48.97    -4.0   -27.2   -15.6   -16.2     0.0     5.89 C    -4.7   -29.2   -17.0    79.4    63.6    71.7 -99.000 -99.000 -99.000 -99.000   0.218    -4.7    -4.1    -3.3    -0.4     0.7
94084 20190102  2.622 -102.17   48.97     3.7    -9.7    -3.0    -2.9     0.0     5.69 C     1.0   -11.7    -4.3    87.1    68.2    78.8 -99.000 -99.000 -99.000 -99.000   0.217    -3.6    -3.3    -2.8    -0.5     0.6
94084 20190103  2.622 -102.17   48.97     4.2    -5.4    -0.6     1.4     0.0     5.24 C     2.2    -7.2    -0.8    93.6    68.2    76.8 -99.000 -99.000 -99.000 -99.000   0.216    -2.2    -2.1    -1.9    -0.4     0.6
94084 20190104  2.622 -102.17   48.97     6.0    -5.2     0.4     2.0     0.0     5.50 C     3.9    -7.6    -0.6    94.2    61.3    75.1 -99.000 -99.000 -99.000 -99.000   0.217    -1.6    -1.6    -1.4    -0.3     0.6
94084 20190105  2.622 -102.17   48.97     2.6    -6.5    -2.0    -4.2     0.0     2.57 C     0.1    -5.8    -3.6    95.4    73.8    89.8 -99.000 -99.000 -99.000 -99.000   0.215    -1.4    -1.2    -1.0    -0.3     0.6
94084 20190106  2.622 -102.17   48.97    -1.1    -7.2    -4.2    -4.4     0.4     1.35 C    -1.3    -6.8    -4.4    95.2    89.8    92.4 -99.000 -99.000 -99.000 -99.000   0.215    -2.6    -2.2    -1.7    -0.2     0.6
94084 20190107  2.622 -102.17   48.97     0.0   -10.2    -5.1    -3.4     0.0     6.22 C    -0.7   -10.8    -5.1    94.0    63.9    73.4 -99.000 -99.000 -99.000 -99.000   0.215    -2.6    -2.2    -1.8    -0.3     0.6
94084 20190108  2.622 -102.17   48.97   -10.2   -18.7   -14.4   -15.2     0.0     5.24 C   -10.4   -19.4   -15.5    79.7    64.3    70.1 -99.000 -99.000 -99.000 -99.000   0.215    -6.7    -5.3    -3.8    -0.4     0.6
94084 20190109  2.622 -102.17   48.97   -14.0   -22.0   -18.0   -17.3     0.0     2.85 C   -13.2   -22.3   -16.5    79.5    69.8    74.5 -99.000 -99.000 -99.000 -99.000   0.215    -8.8    -7.7    -6.3    -0.8     0.5
94084 20190110  2.622 -102.17   48.97    -5.1   -15.6   -10.3   -11.7     0.0     6.35 C    -4.3   -16.3   -11.9    86.2    67.4    79.4 -99.000 -99.000 -99.000 -99.000   0.214    -7.7    -7.0    -6.0    -1.2     0.4
94084 20190111  2.622 -102.17   48.97   -11.5   -18.9   -15.2   -14.3     1.3     3.54 C    -9.5   -19.0   -13.8    86.6    79.4    83.7 -99.000 -99.000 -99.000 -99.000   0.214    -7.5    -6.8    -5.9    -1.4     0.2
94084 20190112  2.622 -102.17   48.97    -9.2   -13.3   -11.2   -11.4     0.0     6.29 C    -8.5   -14.8   -11.4    89.1    74.2    82.9 -99.000 -99.000 -99.000 -99.000   0.213    -6.2    -5.6    -5.0    -1.5     0.1
94084 20190113  2.622 -102.17   48.97    -4.4   -15.8   -10.1   -10.6     0.0     6.98 C    -3.8   -16.5   -11.3    90.3    75.5    85.1 -99.000 -99.000 -99.000 -99.000   0.214    -6.2    -5.6    -5.0    -1.6     0.0
94084 20190114  2.622 -102.17   48.97    -2.4   -14.3    -8.4    -7.1     0.0     7.15 C    -1.6   -15.3    -7.8    92.4    69.8    82.4 -99.000 -99.000 -99.000 -99.000   0.213    -5.4    -4.9    -4.4    -1.6    -0.1
94084 20190115  2.622 -102.17   48.97    -3.1   -20.8   -11.9    -9.6     0.0     5.06 C    -3.7   -20.3    -9.8    91.5    64.7    78.0 -99.000 -99.000 -99.000 -99.000   0.212    -5.1    -4.6    -4.0    -1.6    -0.2
94084 20190116  2.622 -102.17   48.97   -14.1   -18.7   -16.4   -16.6     0.0     2.92 C   -13.0   -18.1   -15.3    84.6    76.1    82.0 -99.000 -99.000 -99.000 -99.000   0.211    -7.6    -6.8    -5.8    -1.7    -0.2
94084 20190117  2.622 -102.17   48.97   -13.9   -20.4   -17.2   -15.7     0.0     4.23 C   -11.1   -22.0   -14.7    89.4    69.3    78.7 -99.000 -99.000 -99.000 -99.000 -99.000    -7.2    -6.5    -5.8    -2.1    -0.4
94084 20190118  2.622 -102.17   48.97   -16.6   -23.2   -19.9   -20.8     0.0     5.37 C   -15.7   -23.5   -19.1    78.7    51.2    71.2 -99.000 -99.000 -99.000 -99.000 -99.000    -8.5    -7.6    -6.6    -2.3    -0.5
94084 20190119  2.622 -102.17   48.97   -17.5   -21.7   -19.6   -19.5     0.0     5.22 C   -15.8   -21.6   -18.1    80.7    68.1    76.5 -99.000 -99.000 -99.000 -99.000 -99.000    -9.1    -8.3    -7.3    -2.7    -0.7
94084 20190120  2.622 -102.17   48.97   -15.3   -22.3   -18.8   -19.6     0.0     3.90 C   -15.1   -21.6   -18.9    82.5    74.0    77.0 -99.000 -99.000 -99.000 -99.000 -99.000    -8.6    -8.0    -7.2    -3.0    -0.8
94084 20190121  2.622 -102.17   48.97   -12.3   -21.2   -16.8   -15.6     0.0     5.69 C   -10.2   -22.0   -15.5    88.0    77.2    81.0 -99.000 -99.000 -99.000 -99.000 -99.000    -7.2    -6.7    -6.1    -3.0    -0.9
94084 20190122  2.622 -102.17   48.97    -3.7   -19.8   -11.8   -10.4     0.0     6.63 C    -3.4   -21.7   -11.1    89.9    77.3    84.4 -99.000 -99.000 -99.000 -99.000 -99.000    -6.5    -6.1    -5.5    -2.8    -0.9
94084 20190123  2.622 -102.17   48.97    -4.8   -21.0   -12.9   -11.1     0.0     4.35 C    -5.9   -22.3   -12.0    87.9    70.2    80.5 -99.000 -99.000 -99.000 -99.000 -99.000    -5.8    -5.4    -4.9    -2.6    -0.9
94084 20190124  2.622 -102.17   48.97   -15.7   -28.5   -22.1   -21.9     0.0     8.89 C   -15.7   -29.3   -22.1    78.5    63.2    71.8 -99.000 -99.000 -99.000 -99.000 -99.000    -7.3    -6.5    -5.6    -2.6    -0.9
94084 20190125  2.622 -102.17   48.97    -9.1   -27.6   -18.4   -20.2     0.5     7.29 C    -9.6   -28.2   -19.6    83.5    66.8    77.0 -99.000 -99.000 -99.000 -99.000 -99.000    -7.9    -7.2    -6.4    -2.9    -1.0
94084 20190126  2.622 -102.17   48.97    -7.2   -18.2   -12.7   -14.6     0.0     7.65 C    -7.9   -16.6   -13.5    88.0    68.6    77.5 -99.000 -99.000 -99.000 -99.000 -99.000    -7.0    -6.5    -6.0    -3.1    -1.2
94084 20190127  2.622 -102.17   48.97     3.0   -16.5    -6.8    -8.1     1.9     4.01 C     1.5   -15.5    -8.2    88.2    70.8    81.0 -99.000 -99.000 -99.000 -99.000 -99.000    -6.1    -5.7    -5.3    -3.0    -1.2
94084 20190128  2.622 -102.17   48.97    -9.9   -24.9   -17.4   -15.9     0.0     9.34 C   -10.4   -26.4   -16.4    85.6    57.0    69.6 -99.000 -99.000 -99.000 -99.000 -99.000    -6.1    -5.4    -4.8    -2.7    -1.2
94084 20190129  2.622 -102.17   48.97   -24.9   -34.5   -29.7   -29.1     0.0     9.86 C   -25.6   -36.1   -29.6    74.1    61.2    66.8 -99.000 -99.000 -99.000 -99.000 -99.000    -8.7    -7.4    -6.1    -2.8    -1.2
94084 20190130  2.622 -102.17   48.97   -23.3   -39.2   -31.2   -30.5     0.0     9.50 C   -20.0   -38.7   -29.9    73.8    56.8    70.2 -99.000 -99.000 -99.000 -99.000 -99.000   -10.4    -9.2    -7.7    -3.4    -1.4
94084 20190131  2.622 -102.17   48.97    -9.3   -27.3   -18.3   -17.2     0.0     5.19 C    -8.0   -26.0   -16.3    83.8    73.7    77.8 -99.000 -99.000 -99.000 -99.000 -99.000    -9.4    -8.6    -7.7    -3.9    -1.7
94084 20190201  2.622 -102.17   48.97    -4.5   -16.5   -10.5    -9.8     0.0     7.59 C     0.5   -16.1    -9.4    87.8    69.0    81.9 -99.000 -99.000 -99.000 -99.000 -99.000    -7.1    -6.8    -6.3    -3.8    -1.8
94084 20190202  2.622 -102.17   48.97   -15.4   -18.1   -16.7   -17.0     0.0     6.15 C   -13.8   -17.9   -16.4    82.9    77.6    80.2 -99.000 -99.000 -99.000 -99.000 -99.000    -7.0    -6.4    -5.7    -3.4    -1.8
94084 20190203  2.622 -102.17   48.97   -17.8   -23.8   -20.8   -21.8     3.3     4.21 C   -17.6   -22.9   -21.0    79.0    64.9    71.7 -99.000 -99.000 -99.000 -99.000 -99.000    -7.6    -6.9    -6.1    -3.3    -1.8
94084 20190204  2.622 -102.17   48.97   -22.3   -28.2   -25.2   -23.7     2.6     9.36 C   -18.6   -31.1   -23.6    78.0    65.9    72.8 -99.000 -99.000 -99.000 -99.000 -99.000    -7.4    -6.9    -6.2    -3.5    -1.8
94084 20190205  2.622 -102.17   48.97   -22.0   -24.0   -23.0   -23.0     1.6     7.48 C   -19.1   -25.2   -22.1    77.1    72.5    74.9 -99.000 -99.000 -99.000 -99.000 -99.000    -6.8    -6.4    -5.9    -3.4    -1.9
94084 20190206  2.622 -102.17   48.97   -22.0   -29.5   -25.8   -23.6     0.8     9.28 C   -17.4   -32.3   -23.1    77.3    70.0    74.7 -99.000 -99.000 -99.000 -99.000 -99.000    -6.2    -5.8    -5.4    -3.3    -1.8
94084 20190207  2.622 -102.17   48.97   -27.2   -36.6   -31.9   -30.7     0.0    11.43 C   -25.8   -37.7   -31.5    77.7    68.8    73.1 -99.000 -99.000 -99.000 -99.000 -99.000    -5.9    -5.5    -5.1    -3.1    -1.7
94084 20190208  2.622 -102.17   48.97   -29.0   -38.1   -33.5   -33.6     0.0    11.69 C   -24.7   -40.4   -33.7    76.5    68.5    71.8 -99.000 -99.000 -99.000 -99.000 -99.000    -6.2    -5.8    -5.2    -3.0    -1.7
94084 20190209  2.622 -102.17   48.97   -23.0   -33.5   -28.3   -27.1     0.0    10.22 C   -19.1   -35.3   -27.2    80.2    72.5    75.5 -99.000 -99.000 -99.000 -99.000 -99.000    -6.3    -5.8    -5.3    -3.1    -1.7
94084 20190210  2.622 -102.17   48.97   -22.2   -35.6   -28.9   -28.1     0.0     9.84 C   -20.1   -36.5   -28.3    77.6    69.7    74.6 -99.000 -99.000 -99.000 -99.000 -99.000    -6.2    -5.8    -5.3    -3.1    -1.7
94084 20190211  2.622 -102.17   48.97   -16.7   -27.9   -22.3   -20.6     1.6     7.96 C   -15.9   -30.6   -20.7    84.2    75.6    79.4 -99.000 -99.000 -99.000 -99.000 -99.000    -6.0    -5.6    -5.2    -3.2    -1.7
94084 20190212  2.622 -102.17   48.97   -21.0   -30.1   -25.6   -25.3     0.0    11.42 C   -19.9   -32.0   -25.6    81.7    72.2    75.8 -99.000 -99.000 -99.000 -99.000 -99.000    -5.7    -5.3    -4.9    -3.1    -1.7
94084 20190213  2.622 -102.17   48.97   -17.0   -24.4   -20.7   -19.6     0.0    12.00 C   -12.2   -26.0   -18.2    80.6    70.9    76.1 -99.000 -99.000 -99.000 -99.000 -99.000    -5.5    -5.2    -4.8    -3.0    -1.7
94084 20190214  2.622 -102.17   48.97   -18.9   -32.6   -25.8   -24.4     0.0    13.06 C   -18.6   -33.6   -24.6    77.7    72.8    74.9 -99.000 -99.000 -99.000 -99.000 -99.000    -5.4    -5.0    -4.6    -2.9    -1.7
94084 20190215  2.622 -102.17   48.97   -20.6   -37.4   -29.0   -28.5     0.0    12.60 C   -16.3   -37.1   -27.4    78.9    67.5    74.2 -99.000 -99.000 -99.000 -99.000 -99.000    -6.3    -5.8    -5.1    -3.0    -1.7
94084 20190216  2.622 -102.17   48.97   -13.7   -22.3   -18.0   -16.9     0.0     7.70 C   -13.7   -21.6   -16.4    81.3    76.4    79.2 -99.000 -99.000 -99.000 -99.000 -99.000    -6.4    -6.0    -5.4    -3.1    -1.8
94084 20190217  2.622 -102.17   48.97   -14.5   -18.2   -16.3   -16.5     0.0     9.42 C   -11.4   -18.6   -15.9    81.0    73.9    77.7 -99.000 -99.000 -99.000 -99.000 -99.000    -5.9    -5.6    -5.1    -3.2    -1.9
94084 20190218  2.622 -102.17   48.97   -15.5   -27.1   -21.3   -20.5     0.0    10.91 C   -10.9   -28.4   -20.4    84.2    77.2    81.3 -99.000 -99.000 -99.000 -99.000 -99.000    -5.9    -5.5    -5.0    -3.1    -1.9
94084 20190219  2.622 -102.17   48.97   -13.0   -26.8   -19.9   -20.2     0.0    14.14 C   -10.1   -27.9   -20.7    80.2    62.4    74.6 -99.000 -99.000 -99.000 -99.000 -99.000    -6.2    -5.7    -5.2    -3.1    -1.9
94084 20190220  2.622 -102.17   48.97   -13.1   -24.7   -18.9   -17.1     0.2    11.92 C    -3.9   -25.9   -16.2    84.2    75.8    80.2 -99.000 -99.000 -99.000 -99.000 -99.000    -6.1    -5.7    -5.3    -3.2    -2.0
94084 20190221  2.622 -102.17   48.97   -14.8   -22.6   -18.7   -18.2     1.0    13.34 C   -11.2   -25.0   -17.7    84.1    73.8    78.9 -99.000 -99.000 -99.000 -99.000 -99.000    -5.8    -5.4    -5.0    -3.2    -2.1
94084 20190222  2.622 -102.17   48.97   -12.9   -30.2   -21.5   -20.7     0.0    15.15 C   -11.0   -31.4   -21.2    82.3    70.5    77.9 -99.000 -99.000 -99.000 -99.000 -99.000    -5.9    -5.5    -5.0    -3.1    -2.1
94084 20190223  2.622 -102.17   48.97   -13.0   -27.1   -20.0   -19.2     0.0    14.62 C   -11.5   -28.4   -19.1    85.5    74.8    79.2 -99.000 -99.000 -99.000 -99.000 -99.000    -6.0    -5.6    -5.1    -3.2    -2.1
94084 20190224  2.622 -102.17   48.97   -16.8   -31.1   -23.9   -22.9     0.0    15.77 C   -16.9   -31.9   -23.0    79.3    67.9    73.1 -99.000 -99.000 -99.000 -99.000 -99.000    -6.7    -6.0    -5.4    -3.3    -2.1
94084 20190225  2.622 -102.17   48.97   -22.4   -35.5   -28.9   -28.4     0.0    15.09 C   -19.4   -35.8   -28.0    75.9    68.7    72.8 -99.000 -99.000 -99.000 -99.000 -99.000    -8.3    -7.5    -6.6    -3.6    -2.2
94084 20190226  2.622 -102.17   48.97   -18.1   -26.5   -22.3   -22.7     0.0    11.04 C    -9.0   -27.3   -21.0    81.9    71.1    75.0 -99.000 -99.000 -99.000 -99.000 -99.000    -8.5    -7.8    -7.1    -4.0    -2.6
94084 20190227  2.622 -102.17   48.97   -12.3   -24.6   -18.5   -18.3     0.0    15.51 C   -11.9   -26.0   -19.0    76.7    61.0    68.9 -99.000 -99.000 -99.000 -99.000 -99.000    -8.4    -7.8    -7.2    -4.2    -2.7
94084 20190228  2.622 -102.17   48.97    -9.9   -17.3   -13.6   -12.9     0.0    14.54 C    -5.5   -18.6   -12.5    85.8    62.0    74.8 -99.000 -99.000 -99.000 -99.000 -99.000    -7.8    -7.4    -7.0    -4.3    -2.9
94084 20190301  2.622 -102.17   48.97   -11.9   -23.2   -17.5   -16.5     0.2    15.22 C    -5.7   -26.1   -15.5    85.6    74.7    79.8 -99.000 -99.000 -99.000 -99.000 -99.000    -6.8    -6.5    -6.2    -4.2    -2.9
94084 20190302  2.622 -102.17   48.97   -20.3   -30.7   -25.5   -25.8     0.0    17.22 C   -20.3   -31.3   -25.9    77.2    67.1    71.2 -99.000 -99.000 -99.000 -99.000 -99.000    -8.0    -7.3    -6.6    -4.0    -2.8
94084 20190303  2.622 -102.17   48.97   -17.5   -26.9   -22.2   -21.8     0.0    16.39 C   -17.2   -27.9   -21.9    79.1    70.6    74.0 -99.000 -99.000 -99.000 -99.000 -99.000    -9.4    -8.6    -7.8    -4.4    -3.0
94084 20190304  2.622 -102.17   48.97   -13.3   -20.9   -17.1   -16.8     0.0    15.19 C   -12.1   -21.6   -17.0    81.2    74.4    77.4 -99.000 -99.000 -99.000 -99.000 -99.000    -9.1    -8.5    -7.9    -4.8    -3.2
94084 20190305  2.622 -102.17   48.97    -6.6   -19.8   -13.2   -13.9     0.0    15.69 C    -6.1   -21.0   -14.6    78.2    64.0    73.7 -99.000 -99.000 -99.000 -99.000 -99.000    -8.5    -8.1    -7.6    -4.8    -3.3
94084 20190306  2.622 -102.17   48.97   -13.9   -25.6   -19.7   -19.0     0.0    18.28 C    -8.6   -25.7   -18.3    83.3    70.4    77.3 -99.000 -99.000 -99.000 -99.000 -99.000    -8.4    -7.8    -7.3    -4.7    -3.3
94084 20190307  2.622 -102.17   48.97    -9.3   -26.2   -17.7   -16.8     0.0    14.16 C    -8.5   -26.0   -16.2    83.6    71.3    78.4 -99.000 -99.000 -99.000 -99.000 -99.000    -8.6    -8.1    -7.5    -4.8    -3.4
94084 20190308  2.622 -102.17   48.97    -0.9   -12.8    -6.9    -7.3     0.0    16.93 C     4.8   -14.7    -6.2    91.2    70.1    81.4 -99.000 -99.000 -99.000 -99.000 -99.000    -7.0    -6.9    -6.7    -4.7    -3.4
94084 20190309  2.622 -102.17   48.97    -3.0   -12.7    -7.9    -7.8     0.0    17.02 C    -3.9   -14.3    -7.9    88.8    71.9    79.8 -99.000 -99.000 -99.000 -99.000 -99.000    -5.6    -5.5    -5.4    -4.2    -3.3
94084 20190310  2.622 -102.17   48.97    -6.9   -16.6   -11.7   -12.1     0.0    19.29 C    -3.8   -17.8   -11.6    87.2    71.4    81.7 -99.000 -99.000 -99.000 -99.000 -99.000    -5.9    -5.6    -5.2    -3.8    -3.0
94084 20190311  2.622 -102.17   48.97     0.1   -19.4    -9.7    -9.0     0.3    18.65 C     3.1   -20.1    -8.3    90.3    61.7    76.3 -99.000 -99.000 -99.000 -99.000 -99.000    -5.8    -5.6    -5.3    -3.7    -2.8
94084 20190312  2.622 -102.17   48.97     2.3    -6.0    -1.8    -1.7     0.0    19.77 C     4.5    -7.9    -2.1    86.2    58.9    72.4 -99.000 -99.000 -99.000 -99.000 -99.000    -3.9    -4.0    -4.2    -3.5    -2.7
94084 20190313  2.622 -102.17   48.97     1.8    -7.9    -3.1    -2.5     0.0    11.90 C     3.9    -8.0    -2.2    91.4    73.6    83.1 -99.000 -99.000 -99.000 -99.000 -99.000    -2.6    -2.6    -2.8    -2.9    -2.4
94084 20190314  2.622 -102.17   48.97     0.0    -7.1    -3.5    -2.9     0.0    19.32 C     2.8    -6.6    -2.4    87.9    71.1    78.2 -99.000 -99.000 -99.000 -99.000 -99.000    -2.0    -2.1    -2.2    -2.4    -2.1
94084 20190315  2.622 -102.17   48.97    -0.1   -11.8    -6.0    -5.3     0.0    18.34 C     6.5   -10.3    -3.4    94.7    77.9    87.6 -99.000 -99.000 -99.000 -99.000 -99.000    -2.0    -2.0    -2.1    -2.1    -1.8
94084 20190316  2.622 -102.17   48.97     1.5   -11.8    -5.2    -4.4     0.4    19.20 C     4.2   -10.4    -2.9    93.1    76.4    85.6 -99.000 -99.000 -99.000 -99.000 -99.000    -1.7    -1.7    -1.8    -1.9    -1.7
94084 20190317  2.622 -102.17   48.97     2.0   -10.5    -4.2    -3.3     0.0    20.84 C     5.4    -9.2    -2.0    92.5    73.5    83.9 -99.000 -99.000 -99.000 -99.000 -99.000    -1.1    -1.2    -1.3    -1.5    -1.2
94084 20190318  2.622 -102.17   48.97     3.9    -6.1    -1.1    -1.2     0.0    14.91 C     6.3    -5.8    -0.8    93.2    74.7    81.2 -99.000 -99.000 -99.000 -99.000 -99.000    -1.0    -1.0    -1.0    -1.2    -0.8
94084 20190319  2.622 -102.17   48.97     4.9    -5.8    -0.4     0.2     0.0    19.80 C     7.0    -5.2     0.5    91.9    65.1    82.5 -99.000 -99.000 -99.000 -99.000 -99.000    -0.9    -0.8    -0.9    -1.0    -0.8
94084 20190320  2.622 -102.17   48.97     8.7    -3.0     2.9     2.5     0.0    21.30 C    13.7    -3.1     3.4    92.9    64.6    83.1 -99.000 -99.000 -99.000 -99.000 -99.000    -0.3    -0.6    -0.6    -0.9    -0.7
94084 20190321  2.622 -102.17   48.97     8.6    -2.7     3.0     2.6     0.0    21.68 C    13.6    -5.3     3.1    90.8    51.4    78.2 -99.000 -99.000 -99.000 -99.000 -99.000     0.1    -0.3    -0.4    -0.7    -0.7
94084 20190322  2.622 -102.17   48.97     8.4    -7.2     0.6     0.7     0.0    22.07 C    13.0    -7.5     1.1    94.1    50.8    77.2 -99.000 -99.000 -99.000 -99.000 -99.000     0.1    -0.2    -0.4    -0.7    -0.7
94084 20190323  2.622 -102.17   48.97    14.1    -4.0     5.1     4.6     0.0    19.77 C    21.0    -4.3     5.8    92.8    58.3    79.2 -99.000 -99.000 -99.000 -99.000 -99.000     0.9     0.3    -0.3    -0.6    -0.6
94084 20190324  2.622 -102.17   48.97    -0.5    -6.7    -3.6    -3.9     0.0    17.14 C     8.4    -5.7    -1.2    84.9    53.8    69.8 -99.000 -99.000 -99.000 -99.000 -99.000     0.2     0.2    -0.2    -0.6    -0.6
94084 20190325  2.622 -102.17   48.97     1.0    -8.5    -3.7    -3.2     0.0     8.19 C     4.8    -8.4    -2.0    90.1    63.8    78.1 -99.000 -99.000 -99.000 -99.000 -99.000    -0.3    -0.2    -0.3    -0.5    -0.6
94084 20190326  2.622 -102.17   48.97    12.6    -1.0     5.8     5.3     0.0    17.89 C    18.0    -1.9     6.2    95.9    56.9    80.7 -99.000 -99.000 -99.000 -99.000 -99.000     0.9     0.4    -0.1    -0.5    -0.6
94084 20190327  2.622 -102.17   48.97     8.2    -1.3     3.4     4.3     0.0     8.51 C    13.4    -3.5     3.6    86.3    51.1    72.3   0.373   0.361   0.382 -99.000 -99.000     1.1     0.8     0.2    -0.5    -0.5
94084 20190328  2.622 -102.17   48.97     5.9    -4.6     0.6     0.5     0.0    23.43 C    14.7    -6.1     2.0    87.7    36.6    66.0 -99.000 -99.000 -99.000 -99.000 -99.000     0.8     0.6     0.1    -0.5    -0.5
94084 20190329  2.622 -102.17   48.97     5.6    -5.5     0.0    -0.1     0.0    15.26 C    12.7    -7.6     0.2    83.3    38.4    66.3 -99.000 -99.000 -99.000 -99.000 -99.000     0.2     0.2     0.0    -0.5    -0.5
94084 20190330  2.622 -102.17   48.97     6.1    -8.9    -1.4    -0.5     0.0    21.11 C    16.5    -9.5     1.4    87.8    30.7    62.6 -99.000 -99.000 -99.000 -99.000 -99.000     0.2     0.1     0.0    -0.5    -0.5
94084 20190331  2.622 -102.17   48.97     4.1    -4.5    -0.2     0.3     0.0    10.03 C     9.9    -5.8     1.0    95.2    46.3    71.8 -99.000 -99.000 -99.000 -99.000 -99.000     0.4     0.3     0.1    -0.5    -0.5
94084 20190401  2.622 -102.17   48.97     8.2    -5.5     1.4     1.3     0.0    15.63 C    15.6    -6.6     1.5    88.5    42.0    69.4 -99.000 -99.000 -99.000 -99.000 -99.000     0.4     0.3     0.1    -0.4    -0.5
94084 20190402  2.622 -102.17   48.97     4.8    -6.4    -0.8    -0.1     0.0    17.88 C    12.1    -8.6     0.6    89.9    33.6    67.9 -99.000 -99.000 -99.000 -99.000 -99.000     0.4     0.4     0.1    -0.4    -0.5
94084 20190403  2.622 -102.17   48.97     7.2   -11.1    -1.9    -1.2     0.0    23.33 C    14.3   -12.3     0.4    92.1    37.1    64.8 -99.000 -99.000 -99.000 -99.000 -99.000     0.3     0.3     0.1    -0.4    -0.5
94084 20190404  2.622 -102.17   48.97    18.4     1.0     9.7     7.7     5.3    21.33 C    24.8    -0.3     8.1    93.7    27.3    66.1 -99.000 -99.000 -99.000 -99.000 -99.000     2.7     1.8     0.8    -0.4    -0.5
94084 20190405  2.622 -102.17   48.97     4.3     0.8     2.6     2.6     0.0     7.46 C     8.6    -0.1     3.5    96.6    76.9    89.2   0.313   0.301   0.285 -99.000 -99.000     2.2     1.9     1.2    -0.4    -0.4
94084 20190406  2.622 -102.17   48.97     4.0    -0.2     1.9     1.8     1.9     2.96 C     4.3    -0.1     2.0    97.3    91.6    95.8   0.312   0.299   0.296 -99.000 -99.000     1.2     1.1     0.7    -0.4    -0.4
94084 20190407  2.622 -102.17   48.97    16.6     0.5     8.6     8.9     1.3    24.58 C    23.6    -0.7     9.7    97.3    23.2    61.5   0.311   0.298   0.285 -99.000 -99.000     3.5     2.6     1.5    -0.3    -0.4
94084 20190408  2.622 -102.17   48.97    15.4     0.5     7.9     7.6     0.0    23.28 C    22.1    -2.7     8.2    94.4    28.1    63.7   0.307   0.296   0.279 -99.000 -99.000     4.6     3.9     2.8    -0.2    -0.4
94084 20190409  2.622 -102.17   48.97     4.5    -5.1    -0.3    -0.4     0.0    16.45 C    16.2    -6.0     1.6    97.1    52.4    78.9   0.298   0.286   0.273 -99.000 -99.000     2.7     2.6     2.1    -0.1    -0.4
94084 20190410  2.622 -102.17   48.97    -1.3    -7.4    -4.3    -3.8     0.0    10.87 C     5.1    -7.9    -2.5    85.8    54.0    71.1 -99.000 -99.000   0.282 -99.000 -99.000     0.4     0.7     0.8    -0.2    -0.4
94084 20190411  2.622 -102.17   48.97     5.3    -6.6    -0.6    -0.7     0.0    22.29 C    13.2    -7.4     0.6    84.2    31.5    60.2 -99.000 -99.000 -99.000 -99.000 -99.000     0.4     0.4     0.2    -0.2    -0.4
94084 20190412  2.622 -102.17   48.97     8.7    -5.6     1.6     1.4     0.0    26.51 C    16.6    -7.1     2.8    79.5    26.6    50.8 -99.000 -99.000 -99.000 -99.000 -99.000     1.2     1.0     0.6    -0.2    -0.4
94084 20190413  2.622 -102.17   48.97    12.4    -7.3     2.5     3.2     0.0    27.19 C    25.6    -8.7     5.9    86.0    17.2    48.9 -99.000 -99.000   0.257 -99.000 -99.000     2.3     1.8     1.2    -0.2    -0.4
94084 20190414  2.622 -102.17   48.97    11.2     0.4     5.8     5.0     0.4    10.15 C    12.2    -1.3     4.5    80.3    41.3    55.6   0.272   0.261   0.252 -99.000 -99.000     2.1     1.9     1.5    -0.1    -0.4
94084 20190415  2.622 -102.17   48.97    15.8    -0.3     7.7     7.2     0.0    24.77 C    22.4    -1.7     7.8    89.6    19.2    54.9   0.270   0.259   0.250 -99.000 -99.000     3.3     2.7     1.9    -0.1    -0.4
94084 20190416  2.622 -102.17   48.97    15.6    -3.0     6.3     8.2     0.0    22.10 C    29.8    -5.3    10.4    80.6    20.9    45.3   0.266   0.255   0.247   0.294 -99.000     4.5     3.7     2.7     0.1    -0.4
94084 20190417  2.622 -102.17   48.97     8.8     3.0     5.9     6.4     8.5     9.09 C    12.6     2.3     6.6    96.6    54.8    85.0   0.284   0.274   0.252   0.302 -99.000     5.2     4.6     3.6     0.4    -0.3
94084 20190418  2.622 -102.17   48.97    14.0     1.2     7.6     6.4     0.0    21.57 C    26.9     0.7     8.8    97.1    39.2    76.5   0.289   0.284   0.257   0.305 -99.000     5.8     5.0     3.8     0.6    -0.2
94084 20190419  2.622 -102.17   48.97    25.0     2.1    13.6    14.0     0.0    25.12 C    30.3     0.7    14.4    81.0    23.5    48.7   0.279   0.272   0.251   0.304 -99.000     6.9     5.9     4.6     0.8    -0.2
94084 20190420  2.622 -102.17   48.97    18.7     3.7    11.2    11.6     0.7    18.24 C    31.8     1.8    12.6    92.9    28.5    63.3   0.272   0.264   0.246   0.301 -99.000     7.8     6.9     5.6     1.2     0.0
94084 20190421  2.622 -102.17   48.97    18.6     0.6     9.6    10.0     0.0    24.24 C    32.3    -1.5    12.3    96.9    18.1    59.7   0.265   0.257   0.241   0.290   0.278     7.9     7.1     5.8     1.6     0.1
94084 20190422  2.622 -102.17   48.97    16.8    -2.9     6.9     7.4     0.0    29.31 C    30.8    -4.6    10.9    85.2    20.3    51.1   0.256   0.248   0.235   0.285   0.269     7.4     6.7     5.6     1.9     0.2
94084 20190423  2.622 -102.17   48.97    23.3     1.2    12.3    13.0     0.0    15.71 C    29.6    -0.2    13.1    75.1    23.3    44.7   0.247   0.240   0.230   0.280   0.258     7.2     6.7     5.6     2.1     0.3
94084 20190424  2.622 -102.17   48.97    19.2     1.8    10.5    11.3     0.2    27.59 C    26.6    -1.2    12.1    95.4    16.8    50.0   0.242   0.235   0.226   0.275   0.248     8.0     7.3     6.1     2.3     0.4
94084 20190425  2.622 -102.17   48.97    12.2    -4.9     3.7     6.0     0.0    26.92 C    18.2    -6.0     6.4    72.3    22.2    43.5   0.233   0.227   0.221   0.272   0.238     5.8     5.7     5.3     2.5     0.6
94084 20190426  2.622 -102.17   48.97    13.3    -6.1     3.6     5.3     0.0    24.74 C    27.6    -8.0     7.9    77.4    15.6    40.6   0.227   0.222   0.217   0.267   0.230     5.4     5.0     4.4     2.2     0.6
94084 20190427  2.622 -102.17   48.97    10.7     1.4     6.0     5.1     1.3    14.24 C    23.8     0.5     6.3    88.8    40.6    66.3   0.225   0.219   0.215   0.263   0.222     5.7     5.4     4.7     2.3     0.7
94084 20190428  2.622 -102.17   48.97     3.8    -1.5     1.2     0.5     2.7     6.44 C     3.5    -1.6     0.4    94.9    71.6    89.0   0.247   0.236   0.215   0.261   0.216     3.2     3.6     3.7     2.3     0.9
94084 20190429  2.622 -102.17   48.97     3.2    -3.7    -0.3    -0.6     0.2    21.11 C     8.6    -5.0     0.2    92.5    49.7    78.7   0.289   0.282   0.236   0.260   0.212     2.0     2.2     2.2     1.8     0.8
94084 20190430  2.622 -102.17   48.97     6.3    -8.6    -1.1     0.2     0.0    26.78 C    18.0    -9.0     3.2    93.6    41.5    68.9   0.288   0.284   0.248   0.262   0.212     3.1     2.8     2.3     1.4     0.7
94084 20190501  2.622 -102.17   48.97     9.4    -4.0     2.7     2.3     0.0    19.48 C    25.1    -5.4     4.6    93.5    37.2    68.4   0.277   0.272   0.243   0.263   0.213     3.9     3.6     3.1     1.6     0.7
94084 20190502  2.622 -102.17   48.97    15.6    -4.0     5.8     6.3     0.6    21.56 C    22.8    -5.2     7.1    91.8    25.7    62.2   0.267   0.261   0.237   0.263   0.211     4.3     4.0     3.4     1.8     0.8
94084 20190503  2.622 -102.17   48.97    17.9     1.1     9.5     8.4     0.2    27.49 C    27.0     0.6    10.5    92.1    24.6    62.4   0.260   0.253   0.232   0.263   0.209     6.5     5.6     4.6     2.1     1.0
94084 20190504  2.622 -102.17   48.97    10.5    -1.2     4.7     4.3     0.0    21.22 C    18.3    -2.7     5.4    79.4    25.0    49.2   0.252   0.245   0.228   0.262   0.207     5.7     5.6     5.1     2.7     1.3
94084 20190505  2.622 -102.17   48.97     9.7    -6.9     1.4     2.0     0.0    28.47 C    21.1    -7.9     5.0    85.0    28.3    55.3   0.245   0.238   0.223   0.260   0.205     5.1     4.9     4.4     2.8     1.5
94084 20190506  2.622 -102.17   48.97    10.3    -6.6     1.9     2.6     0.0    30.62 C    26.7    -7.8     7.1    91.3    28.1    57.2   0.238   0.231   0.220   0.259   0.202     5.9     5.5     4.8     2.8     1.6
94084 20190507  2.622 -102.17   48.97    14.2    -3.3     5.4     6.1     0.0    17.10 C    21.4    -4.2     7.1    86.9    29.4    59.6   0.231   0.225   0.216   0.258   0.199     5.7     5.5     5.0     3.1     1.7
94084 20190508  2.622 -102.17   48.97    12.8    -2.7     5.0     6.1     0.0    30.90 C    23.5    -3.1     8.8    93.8    22.3    55.2   0.226   0.220   0.213   0.257   0.211     6.8     6.2     5.4     3.2     1.9
94084 20190509  2.622 -102.17   48.97    11.9    -6.8     2.6     3.9     0.0    30.54 C    25.7    -8.1     7.4    87.7    21.1    47.9   0.219   0.214   0.210   0.256   0.215     6.9     6.5     5.7     3.5     2.2
94084 20190510  2.622 -102.17   48.97    19.1    -2.6     8.2    10.3     0.5    22.61 C    29.3    -3.9    11.5    88.2    21.8    51.7   0.212   0.209   0.208   0.255   0.214     7.8     7.2     6.3     3.8     2.5
94084 20190511  2.622 -102.17   48.97    13.9     2.9     8.4     9.5     8.5    10.94 C    16.3     1.8     9.7    95.4    47.9    74.1   0.252   0.237   0.209   0.254   0.213     8.1     7.8     7.0     4.3     2.9
94084 20190512  2.622 -102.17   48.97    19.5    -0.5     9.5    10.2     0.0    29.98 C    30.2    -1.3    13.5    93.9    26.4    59.7   0.250   0.241   0.214   0.253   0.212     9.3     8.4     7.3     4.5     3.2
94084 20190513  2.622 -102.17   48.97    24.8     7.9    16.4    16.6     0.0    26.36 C    36.7     6.7    19.3    79.7    23.1    47.3   0.237   0.231   0.214   0.254   0.211    12.0    10.9     9.3     5.2     3.6
94084 20190514  2.622 -102.17   48.97    22.0     7.4    14.7    16.1     0.0    27.71 C    32.7     6.1    19.1    73.7    16.4    40.3   0.222   0.220   0.211   0.254   0.211    13.3    12.2    10.7     6.2     4.3
94084 20190515  2.622 -102.17   48.97    23.9     9.0    16.4    15.2     1.4    18.73 C    30.5     8.1    15.8    81.2    24.9    58.5   0.211   0.210   0.208   0.253   0.210    12.3    11.7    10.7     6.9     4.9
94084 20190516  2.622 -102.17   48.97    14.8     4.6     9.7     9.1     0.0    27.44 C    25.6     3.1    12.1    78.9    24.1    53.4   0.205   0.205   0.204   0.253   0.210    12.1    11.6    10.6     7.3     5.4
94084 20190517  2.622 -102.17   48.97    12.9     0.5     6.7     8.4     0.0    15.76 C    18.0     0.0     9.2    85.1    29.1    48.6   0.194   0.199   0.201   0.252   0.209     9.9    10.0     9.6     7.5     5.7
94084 20190518  2.622 -102.17   48.97    11.5     2.3     6.9     6.2     0.0    14.75 C    13.9     2.0     6.7    67.9    32.3    49.2   0.187   0.193   0.197   0.251   0.208     8.1     8.4     8.3     7.1     5.8
94084 20190519  2.622 -102.17   48.97    14.0     1.0     7.5     7.3     0.0    31.46 C    22.7     0.3     9.7    78.3    31.2    52.6   0.182   0.189   0.195   0.250   0.207     9.1     8.7     8.0     6.6     5.6
94084 20190520  2.622 -102.17   48.97    18.3    -0.4     8.9    10.1     0.0    29.16 C    27.8    -1.4    11.9    87.6    26.3    50.6   0.173   0.184   0.192   0.249   0.207    10.1     9.7     8.9     6.7     5.6
94084 20190521  2.622 -102.17   48.97    20.3    -0.2    10.1    12.1     0.0    31.26 C    27.7    -0.9    13.8    88.8    20.4    45.5   0.161   0.177   0.189   0.248   0.207    10.9    10.3     9.4     7.0     5.8
94084 20190522  2.622 -102.17   48.97    16.6     1.7     9.1    11.8     0.0    17.11 C    19.8     0.6    12.2    87.0    29.9    48.4   0.152   0.169   0.185   0.248   0.206    10.9    10.6     9.9     7.5     6.1
94084 20190523  2.622 -102.17   48.97    21.5    -1.0    10.3    11.5     0.0    31.58 C    33.3    -2.0    14.2    93.3    22.0    55.6   0.148   0.160   0.181   0.247   0.205    11.6    10.8     9.8     7.5     6.2
94084 20190524  2.622 -102.17   48.97    10.2     3.8     7.0     7.5     8.9     9.52 C    12.8     1.6     7.7    93.8    72.8    85.4   0.142   0.154   0.178   0.247   0.205    10.4    10.4    10.0     7.8     6.5
94084 20190525  2.622 -102.17   48.97    22.4     0.9    11.6    11.9     0.2    28.01 C    31.0     0.1    14.3    96.2    31.5    69.2   0.154   0.154   0.178   0.247   0.206    11.8    10.9     9.9     7.8     6.6
94084 20190526  2.622 -102.17   48.97    10.5     2.9     6.7     6.9     0.0    10.41 C    14.8     2.0     7.8    95.2    60.0    80.5   0.158   0.154   0.178   0.247   0.205    10.5    10.6    10.3     8.1     6.7
94084 20190527  2.622 -102.17   48.97    17.5    -2.0     7.8     8.7     0.0    35.25 C    26.9    -2.6    11.7    92.7    21.7    54.5   0.155   0.153   0.176   0.246   0.205    11.0    10.4     9.6     7.9     6.8
94084 20190528  2.622 -102.17   48.97    24.5    -1.0    11.8    13.9     0.0    33.21 C    31.4    -2.1    15.9    83.1    18.1    43.6   0.148   0.150   0.174   0.246   0.204    12.4    11.6    10.6     8.1     6.9
94084 20190529  2.622 -102.17   48.97    30.2     8.2    19.2    20.3     0.0    31.58 C    38.3     7.2    21.7    74.6    18.4    40.6   0.141   0.144   0.170   0.245   0.204    15.2    13.8    12.3     8.7     7.2
94084 20190530  2.622 -102.17   48.97    29.9     9.2    19.6    20.8     0.0    31.84 C    34.8     8.3    21.9    68.5    17.6    38.9   0.132   0.136   0.163   0.245   0.203    16.0    14.8    13.3     9.4     7.6
94084 20190531  2.622 -102.17   48.97    18.7     4.7    11.7    12.1     0.0    27.05 C    28.2     3.4    14.6    82.0    37.1    54.7   0.125   0.128   0.155   0.244   0.203    15.1    14.4    13.4    10.0     8.1
94084 20190601  2.622 -102.17   48.97    22.9     2.6    12.7    14.4     0.0    30.98 C    32.9     1.9    17.3    91.4    27.4    52.2   0.121   0.122   0.148   0.243   0.203    15.2    14.2    13.1    10.1     8.4
94084 20190602  2.622 -102.17   48.97    25.8     7.8    16.8    16.7     0.0    29.00 C    32.4     7.1    18.6    66.5    27.0    45.9   0.117   0.118   0.141   0.243   0.203    15.9    14.9    13.7    10.3     8.7
94084 20190603  2.622 -102.17   48.97    34.0     9.4    21.7    22.8     0.0    25.72 C    43.0     8.9    24.6    93.9    19.4    51.4   0.115   0.114   0.134   0.241   0.202    17.7    16.2    14.6    10.7     8.9
94084 20190604  2.622 -102.17   48.97    27.1     9.2    18.1    20.8     0.0    33.67 C    35.9     7.3    22.9    79.6    19.4    45.6   0.112   0.110   0.129   0.240   0.202    18.8    17.4    15.6    11.3     9.3
94084 20190605  2.622 -102.17   48.97    31.0     4.3    17.7    18.8     0.0    31.64 C    37.6     3.9    20.1    80.2    13.5    43.1   0.108   0.106   0.121   0.239   0.201    17.4    16.5    15.3    11.7     9.7
94084 20190606  2.622 -102.17   48.97    29.9     4.9    17.4    20.2     0.0    34.37 C    38.1     4.4    22.5    86.0    17.5    41.8   0.105   0.100   0.116   0.238   0.200    18.2    17.0    15.5    11.9    10.0
94084 20190607  2.622 -102.17   48.97    29.6    15.0    22.3    22.2     0.0    23.47 C    38.0    13.9    23.7    76.5    36.8    49.3   0.103   0.098   0.112   0.235   0.201    19.2    18.0    16.4    12.2    10.2
94084 20190608  2.622 -102.17   48.97    16.6     6.1    11.3    10.9     4.6    12.85 C    16.7     6.1    11.4    92.3    46.0    67.5   0.094   0.090   0.108   0.234   0.200    15.2    15.5    15.1    12.5    10.5
94084 20190609  2.622 -102.17   48.97    20.6     3.6    12.1    13.1     0.4    29.63 C    27.9     3.0    14.7    81.7    23.4    48.4   0.092   0.088   0.106   0.233   0.200    14.0    13.8    13.3    11.9    10.5
94084 20190610  2.622 -102.17   48.97    23.3     2.0    12.7    14.0     0.0    32.63 C    33.2     1.6    17.5    93.0    23.0    54.0   0.095   0.090   0.105   0.231   0.200    15.8    14.8    13.7    11.5    10.3
94084 20190611  2.622 -102.17   48.97    20.0     7.9    13.9    14.0     2.2    17.67 C    30.5     7.2    15.3    84.3    38.0    59.1   0.096   0.091   0.105   0.230   0.200    15.6    15.1    14.3    11.7    10.4
94084 20190612  2.622 -102.17   48.97    22.4     3.6    13.0    13.6     0.4    21.57 C    34.5     3.3    15.7    91.8    29.0    62.6   0.096   0.090   0.104   0.229   0.198    15.0    14.6    13.8    11.7    10.4
94084 20190613  2.622 -102.17   48.97    29.5     9.1    19.3    19.7     0.0    30.87 C    40.8     8.3    23.5    85.8    24.2    54.3   0.100   0.093   0.104   0.227   0.197    17.6    16.2    14.6    11.7    10.4
94084 20190614  2.622 -102.17   48.97    25.9    11.2    18.6    19.2    10.7    17.13 C    39.7    10.6    21.0    93.0    35.4    68.0   0.110   0.104   0.103   0.225   0.197    17.9    17.1    15.8    12.2    10.6
94084 20190615  2.622 -102.17   48.97    16.2     9.0    12.6    12.5     3.0     9.16 C    19.7     9.2    13.8    95.3    81.0    87.1   0.196   0.168   0.103   0.225   0.197    15.9    15.8    15.1    12.5    10.8
94084 20190616  2.622 -102.17   48.97    14.8     8.7    11.8    10.9     0.2    12.66 C    20.3     7.9    12.3    95.4    63.3    85.0   0.186   0.157   0.102   0.226   0.198    14.4    14.3    13.9    12.3    10.9
94084 20190617  2.622 -102.17   48.97    18.6     6.4    12.5    13.1     0.0    23.94 C    28.5     6.1    15.4    95.6    49.0    70.6   0.182   0.154   0.103   0.225   0.198    15.0    14.6    13.7    12.0    10.8
94084 20190618  2.622 -102.17   48.97    23.3     5.5    14.4    15.4     0.0    29.94 C    32.8     5.2    18.2    94.9    31.3    61.5   0.172   0.150   0.105   0.224   0.197    16.2    15.6    14.5    12.0    10.8
94084 20190619  2.622 -102.17   48.97    23.8     8.4    16.1    16.8     0.0    29.28 C    30.9     8.4    18.6    91.8    33.4    61.5   0.159   0.145   0.106   0.223   0.197    17.1    16.5    15.4    12.3    10.9
94084 20190620  2.622 -102.17   48.97    19.5     9.8    14.7    14.4    13.9    18.50 C    29.0     9.7    16.1    95.0    49.6    78.4   0.211   0.161   0.106   0.222   0.197    16.5    16.2    15.3    12.6    11.1
94084 20190621  2.622 -102.17   48.97    16.4     9.0    12.7    13.6     7.3     6.75 C    17.5     7.9    13.8    96.4    75.2    89.9   0.243   0.182   0.106   0.223   0.196    15.3    15.4    14.9    12.7    11.2
94084 20190622  2.622 -102.17   48.97    20.6     7.0    13.8    13.8     0.0    18.21 C    25.9     6.8    14.2    89.8    47.9    73.5   0.257   0.234   0.105   0.222   0.197    14.1    14.0    13.7    12.4    11.2
94084 20190623  2.622 -102.17   48.97    22.3    11.5    16.9    16.9     0.0    31.61 C    30.3    11.3    19.5    87.3    44.9    67.3   0.233   0.219   0.108   0.222   0.196    16.4    15.8    14.7    12.3    11.1
94084 20190624  2.622 -102.17   48.97    23.6    11.3    17.4    16.7     0.0    23.78 C    33.2    10.8    18.7    89.4    41.8    69.4   0.212   0.204   0.113   0.221   0.195    17.3    16.8    15.8    12.7    11.3
94084 20190625  2.622 -102.17   48.97    24.8     9.2    17.0    17.4     0.0    34.39 C    31.3     8.7    19.7    92.2    32.1    62.5   0.193   0.192   0.114   0.221   0.197    18.0    17.3    16.2    13.0    11.5
94084 20190626  2.622 -102.17   48.97    27.1     6.5    16.8    18.6     0.0    33.97 C    37.5     6.4    22.2    91.0    32.6    59.8   0.172   0.178   0.114   0.220   0.195    18.8    18.0    16.8    13.4    11.7
94084 20190627  2.622 -102.17   48.97    28.1    13.2    20.7    20.9     0.0    25.13 C    34.4    13.0    22.5    84.9    37.7    61.6   0.153   0.164   0.115   0.218   0.194    19.3    18.7    17.6    13.8    12.0
94084 20190628  2.622 -102.17   48.97    27.8    15.4    21.6    21.7     1.8    28.55 C    35.8    15.2    23.7    94.3    49.8    71.2   0.141   0.151   0.114   0.215   0.195    20.6    19.6    18.2    14.2    12.3
94084 20190629  2.622 -102.17   48.97    26.0    15.9    21.0    21.0    16.1    18.22 C    34.2    15.3    22.4    95.0    65.7    80.7   0.220   0.203   0.129   0.215   0.194    20.6    19.9    18.8    14.7    12.6
94084 20190630  2.622 -102.17   48.97    26.0     9.9    17.9    19.2     0.0    29.19 C    33.2    10.3    21.0    93.3    31.5    63.7   0.212   0.198   0.131   0.215   0.194    19.9    19.5    18.5    15.0    13.0
94084 20190701  2.622 -102.17   48.97    27.0    11.2    19.1    19.9     7.7    34.55 C    34.5    10.8    22.9    94.0    38.1    66.3   0.190   0.184   0.127   0.213   0.194    20.4    19.7    18.6    15.1    13.1
94084 20190702  2.622 -102.17   48.97    19.8    10.9    15.3    15.3     0.0    26.20 C    28.1    10.5    17.4    95.7    50.2    75.8   0.223   0.184   0.125   0.213   0.194    19.6    19.3    18.5    15.3    13.4
94084 20190703  2.622 -102.17   48.97    19.8    11.9    15.8    15.3     0.0    13.98 C    30.0    11.8    16.9    93.2    41.8    76.1   0.201   0.177   0.123   0.213   0.193    18.1    18.1    17.7    15.3    13.5
94084 20190704  2.622 -102.17   48.97    22.6     7.7    15.1    16.6     0.0    25.05 C    30.3     7.6    19.0    96.3    46.8    73.9   0.185   0.171   0.121   0.211   0.193    18.0    17.7    17.0    15.0    13.5
94084 20190705  2.622 -102.17   48.97    23.9    10.2    17.1    17.6     0.0    29.84 C    31.6     9.6    19.9    96.0    46.5    70.8   0.168   0.162   0.120   0.210   0.192    18.7    18.2    17.4    14.9    13.4
94084 20190706  2.622 -102.17   48.97    24.9     8.5    16.7    18.1     0.0    31.37 C    34.2     8.9    20.4    93.3    51.8    71.9   0.151   0.151   0.118   0.208   0.192    19.2    18.6    17.7    15.0    13.5
94084 20190707  2.622 -102.17   48.97    28.9    10.9    19.9    21.3     0.0    29.97 C    34.0    10.9    23.1    95.2    54.1    73.5   0.138   0.140   0.116   0.206   0.191    20.4    19.6    18.4    15.2    13.5
94084 20190708  2.622 -102.17   48.97    28.1    15.0    21.5    21.9     1.0    30.01 C    39.0    14.8    25.3    92.8    49.4    73.3   0.129   0.131   0.114   0.203   0.190    22.0    20.9    19.5    15.5    13.7
94084 20190709  2.622 -102.17   48.97    18.8    15.5    17.1    17.2    46.6     4.10 C    19.7    15.0    17.2   100.0    86.9    93.0   0.229   0.210   0.142   0.203   0.189    19.2    19.3    19.0    16.0    14.0
94084 20190710  2.622 -102.17   48.97    24.3    13.5    18.9    19.1     0.2    32.28 C    33.7    13.4    21.8    93.7    44.7    70.5   0.292   0.292   0.246   0.204   0.190    19.8    19.2    18.3    15.7    14.1
94084 20190711  2.622 -102.17   48.97    28.9    13.5    21.2    21.6     0.0    29.66 C    34.4    13.4    23.2    91.9    40.6    71.0   0.258   0.257   0.228   0.205   0.189    20.6    20.0    19.2    16.0    14.2
94084 20190712  2.622 -102.17   48.97    25.8    12.9    19.4    18.9     1.5    30.37 C    35.4    12.9    22.5    96.4    50.7    77.4   0.235   0.235   0.215   0.206   0.190    21.1    20.6    19.7    16.4    14.4
94084 20190713  2.622 -102.17   48.97    29.3    12.3    20.8    20.3     0.4    30.24 C    34.2    12.2    22.4    97.0    56.4    82.6   0.221   0.222   0.206   0.206   0.189    21.5    20.9    20.0    16.7    14.7
94084 20190714  2.622 -102.17   48.97    30.5    17.2    23.9    24.2     0.0    33.41 C    38.0    17.3    27.2    92.9    50.4    72.1   0.205   0.211   0.198   0.206   0.190    23.1    22.2    21.0    17.1    14.9
94084 20190715  2.622 -102.17   48.97    26.2    13.9    20.1    21.7     0.0    33.49 C    32.1    13.8    23.7    91.5    46.2    67.4   0.184   0.196   0.188   0.205   0.190    22.9    22.3    21.4    17.6    15.3
94084 20190716  2.622 -102.17   48.97    25.2    11.6    18.4    19.3     0.0    21.98 C    33.1    11.7    21.7    96.2    50.0    75.8   0.167   0.181   0.178   0.205   0.189    21.3    21.1    20.6    17.7    15.6
94084 20190717  2.622 -102.17   48.97    26.1    14.1    20.1    20.5     7.2    30.12 C    31.9    13.9    22.4    93.8    46.2    74.4   0.165   0.174   0.170   0.204   0.189    21.7    21.2    20.5    17.6    15.7
94084 20190718  2.622 -102.17   48.97    26.9    14.0    20.4    20.4     0.6    33.11 C    30.6    13.8    21.6    94.1    35.1    65.3   0.174   0.173   0.163   0.203   0.189    21.1    20.8    20.2    17.6    15.7
94084 20190719  2.622 -102.17   48.97    24.0    10.2    17.1    17.2     0.0    34.49 C    28.5     9.9    18.9    92.5    29.4    62.1   0.157   0.160   0.155   0.201   0.189    20.0    20.0    19.6    17.5    15.7
94084 20190720  2.622 -102.17   48.97    23.4     6.9    15.1    16.0     0.0    31.42 C    30.4     7.3    18.5    92.1    41.2    67.4   0.144   0.149   0.147   0.200   0.187    19.4    19.3    18.8    17.2    15.6
94084 20190721  2.622 -102.17   48.97    23.8    10.8    17.3    17.5     0.0    30.05 C    35.9    10.5    21.0    94.2    47.5    74.7   0.136   0.141   0.140   0.199   0.188    20.0    19.7    19.0    17.0    15.5
94084 20190722  2.622 -102.17   48.97    26.6     7.9    17.3    18.6     0.0    31.48 C    38.0     7.7    22.4    96.8    37.9    69.9   0.130   0.134   0.133   0.197   0.187    20.3    19.9    19.2    16.9    15.5
94084 20190723  2.622 -102.17   48.97 -9999.0 -9999.0 -9999.0 -9999.0 -9999.0 -9999.00 U -9999.0 -9999.0 -9999.0 -9999.0 -9999.0 -9999.0 -99.000 -99.000 -99.000 -99.000 -99.000 -9999.0 -9999.0 -9999.0 -9999.0 -9999.0
94084 20190724  2.622 -102.17   48.97    27.9    15.2    21.6    21.6     0.0    15.56 C    40.5    14.1    23.6    94.4    54.6    77.8   0.121   0.122   0.122   0.194   0.185    21.2    20.7    19.9    17.1    15.5
94084 20190725  2.622 -102.17   48.97    25.8    13.3    19.6    19.8    17.0    26.93 C    36.5    12.5    22.5    92.4    30.9    62.3   0.232   0.159   0.128   0.193   0.184    21.0    20.6    19.9    17.2    15.5
94084 20190726  2.622 -102.17   48.97    24.4    12.4    18.4    17.7     0.0    19.69 C    37.2    11.1    19.8    89.6    45.2    69.5   0.199   0.152   0.127   0.192   0.183    19.7    19.7    19.2    17.2    15.7
94084 20190727  2.622 -102.17   48.97    30.4     7.3    18.8    20.8     0.0    24.60 C    45.1     6.2    23.9    93.7    28.8    63.2   0.178   0.146   0.125   0.191   0.184    20.3    19.9    19.1    17.0    15.6
94084 20190728  2.622 -102.17   48.97    25.0    11.9    18.5    19.5     0.0    20.44 C    36.0    11.1    21.1    87.3    31.4    61.4   0.157   0.139   0.123   0.190   0.183    20.7    20.4    19.8    17.1    15.6
94084 20190729  2.622 -102.17   48.97    21.4     7.3    14.4    15.0     0.0    26.97 C    41.0     4.8    20.8    93.9    27.6    61.0   0.140   0.132   0.120   0.189   0.182    19.9    19.7    19.1    17.1    15.7
94084 20190730  2.622 -102.17   48.97    27.1     4.9    16.0    17.7     0.0    25.39 C    41.0     3.1    21.1    86.6    35.0    61.4   0.127   0.125   0.116   0.186   0.181    19.5    19.3    18.7    16.9    15.6
94084 20190731  2.622 -102.17   48.97    32.2    13.3    22.8    22.2     0.0    23.79 C    48.1    12.8    26.1    94.4    34.3    70.6   0.121   0.120   0.113   0.183   0.180    21.7    20.9    19.7    16.9    15.6
94084 20190801  2.622 -102.17   48.97    29.0    12.7    20.8    20.5     1.3    14.42 C    42.3    11.7    21.9    97.2    57.7    79.5   0.115   0.115   0.111   0.182   0.178    21.3    20.9    20.2    17.2    15.6
94084 20190802  2.622 -102.17   48.97    30.2    15.0    22.6    22.6     0.0    24.53 C    45.1    13.3    26.1    94.1    47.2    74.4   0.113   0.113   0.109   0.180   0.177    22.0    21.2    20.1    17.3    15.7
94084 20190803  2.622 -102.17   48.97    31.8    17.0    24.4    23.3     1.5    18.51 C    47.0    16.2    25.1    93.1    42.0    72.1   0.111   0.110   0.109   0.179   0.176    22.4    21.7    20.7    17.6    15.9
94084 20190804  2.622 -102.17   48.97    27.1    12.7    19.9    20.2     0.0    16.86 C    42.5    11.4    21.7    96.3    37.1    70.5   0.108   0.108   0.107   0.177   0.174    21.1    20.9    20.3    17.7    16.0
94084 20190805  2.622 -102.17   48.97    27.5     9.9    18.7    19.3     0.2    24.71 C    40.9     8.6    21.7    94.1    33.8    64.6   0.104   0.106   0.105   0.175   0.173    20.7    20.4    19.6    17.5    16.0
94084 20190806  2.622 -102.17   48.97    30.3    12.4    21.4    21.0     0.0    23.03 C    46.6    11.1    24.1    88.2    31.1    60.9   0.099   0.104   0.104   0.173   0.172    21.2    20.6    19.8    17.4    16.0
94084 20190807  2.622 -102.17   48.97    21.9     6.7    14.3    15.2     0.0    22.31 C    37.8     4.4    18.9    93.2    28.5    62.6   0.093   0.100   0.102   0.171   0.170    20.6    20.4    19.7    17.4    16.0
94084 20190808  2.622 -102.17   48.97    24.5     3.6    14.0    15.0     0.0    23.80 C    44.0     1.8    19.6    91.8    30.0    60.8   0.084   0.093   0.100   0.169   0.168    19.4    19.3    18.8    17.2    16.0
94084 20190809  2.622 -102.17   48.97    28.0     7.3    17.7    18.6     0.0    19.35 C    44.6     6.1    21.5    94.8    44.7    69.7   0.081   0.089   0.098   0.168   0.166    20.0    19.6    18.9    17.0    15.8
94084 20190810  2.622 -102.17   48.97    20.3    13.1    16.7    16.3     8.4     5.12 C    26.1    11.1    16.8    96.7    75.7    90.4   0.100   0.087   0.097   0.167   0.165    18.9    19.1    18.8    17.0    15.7
94084 20190811  2.622 -102.17   48.97    23.2     9.1    16.1    17.0     0.0    19.12 C    37.4     8.3    20.5    95.9    49.7    73.0   0.124   0.090   0.098   0.167   0.166    19.3    18.9    18.3    16.7    15.7
94084 20190812  2.622 -102.17   48.97    17.2    11.7    14.4    13.5    17.6     3.58 C    17.0    12.0    14.3    94.9    79.1    91.0   0.171   0.093   0.098   0.167   0.165    17.3    17.9    18.0    16.7    15.5
94084 20190813  2.622 -102.17   48.97    20.6    10.6    15.6    14.9     0.0    11.09 C    33.2    10.0    16.3    93.9    47.0    75.7   0.249   0.203   0.096   0.167   0.165    16.7    16.8    16.6    16.2    15.4
94084 20190814  2.622 -102.17   48.97    24.7     7.6    16.1    15.9     0.3    15.11 C    38.5     6.7    17.9    94.7    42.1    74.6   0.224   0.209   0.098   0.166   0.165    17.5    17.3    16.9    15.8    15.1
94084 20190815  2.622 -102.17   48.97    25.9    11.7    18.8    18.1     0.3    20.95 C    38.2    10.9    20.5    95.1    34.9    70.4   0.208   0.200   0.100   0.166   0.165    18.9    18.5    17.8    15.9    15.0
94084 20190816  2.622 -102.17   48.97    29.8     9.1    19.5    19.6     0.0    21.63 C    40.0     8.2    21.4    93.5    22.4    62.3   0.189   0.188   0.101   0.166   0.165    19.1    18.8    18.2    16.2    15.1
94084 20190817  2.622 -102.17   48.97    18.1     8.0    13.0    13.4     0.0    12.50 C    32.3     6.7    15.0    85.9    42.9    67.7   0.173   0.176   0.101   0.167   0.165    17.9    18.2    18.0    16.3    15.2
94084 20190818  2.622 -102.17   48.97    24.3     6.2    15.3    15.6     0.0    20.95 C    36.0     5.2    17.9    89.6    26.7    60.3   0.159   0.166   0.101   0.167   0.165    17.0    17.0    16.7    16.0    15.1
94084 20190819  2.622 -102.17   48.97    30.1     5.6    17.8    17.9     1.1    21.97 C    38.4     4.0    20.1    95.1    27.5    65.6   0.146   0.155   0.101   0.166   0.163    18.4    18.0    17.4    15.8    15.0
94084 20190820  2.622 -102.17   48.97    22.3     5.6    13.9    14.7     0.0    23.08 C    36.8     4.9    17.5    94.4    34.8    64.3   0.133   0.144   0.102   0.165   0.163    18.3    18.3    17.8    16.0    15.0
94084 20190821  2.622 -102.17   48.97    24.4     3.8    14.1    14.7     0.0    22.80 C    39.9     2.0    18.0    93.5    27.8    62.6   0.123   0.132   0.101   0.165   0.162    17.5    17.5    17.1    15.9    15.0
94084 20190822  2.622 -102.17   48.97    27.2     7.6    17.4    17.2     0.0    21.00 C    35.9     7.1    19.2    94.1    38.3    66.7   0.116   0.122   0.101   0.164   0.162    18.0    17.8    17.3    15.8    15.0
94084 20190823  2.622 -102.17   48.97    24.6    13.6    19.1    18.2     0.0     8.48 C    29.5    12.4    18.8    93.0    66.6    81.8   0.112   0.116   0.101   0.164   0.162    18.1    17.9    17.5    15.8    14.9
94084 20190824  2.622 -102.17   48.97    29.1    17.9    23.5    22.5     1.4    15.24 C    39.4    16.6    23.4    94.6    46.4    72.7   0.111   0.113   0.101   0.164   0.160    19.8    19.0    18.1    15.9    14.9
94084 20190825  2.622 -102.17   48.97    27.2    13.5    20.3    19.1     7.6    13.62 C    36.2    12.5    19.7    95.0    41.0    77.9   0.177   0.114   0.101   0.163   0.160    19.8    19.4    18.6    16.2    15.0
94084 20190826  2.622 -102.17   48.97    22.7    10.9    16.8    16.0     0.0    17.84 C    32.1     9.4    17.0    90.0    37.0    67.9   0.164   0.115   0.101   0.164   0.160    18.1    18.2    17.9    16.3    15.1
94084 20190827  2.622 -102.17   48.97    18.4     8.1    13.2    12.9     3.9    12.29 C    24.4     7.3    13.1    91.5    49.4    76.9   0.154   0.114   0.100   0.163   0.160    15.9    16.4    16.5    16.0    15.1
94084 20190828  2.622 -102.17   48.97    26.4     6.7    16.5    15.4     0.0    18.12 C    34.2     6.1    16.7    93.4    26.6    65.0   0.151   0.114   0.099   0.163   0.159    16.0    16.0    15.8    15.5    14.9
94084 20190829  2.622 -102.17   48.97    19.9     6.0    13.0    13.1     0.0    20.14 C    33.1     3.5    14.6    89.1    39.4    65.3   0.142   0.114   0.099   0.163   0.160    16.1    16.2    16.0    15.3    14.7
94084 20190830  2.622 -102.17   48.97    19.8     1.1    10.4    12.1     0.0    11.25 C    32.6     0.4    13.3    95.1    37.3    67.2   0.132   0.112   0.098   0.162   0.160    14.7    15.1    15.2    15.1    14.5
94084 20190831  2.622 -102.17   48.97    24.7     7.6    16.2    16.6     0.0    19.47 C    36.7     6.2    19.3    94.2    41.1    69.4   0.125   0.112   0.099   0.162   0.159    16.6    16.2    15.6    14.8    14.3
94084 20190901  2.622 -102.17   48.97    20.5     9.6    15.0    15.6     1.0    11.54 C    31.7     6.5    16.1    95.9    45.1    76.7   0.119   0.112   0.100   0.162   0.159    17.3    17.1    16.6    15.0    14.3
94084 20190902  2.622 -102.17   48.97    17.0    10.4    13.7    12.8    11.6     5.05 C    21.3     9.3    12.7    94.0    77.3    88.9   0.124   0.108   0.098   0.162   0.160    14.8    15.3    15.5    15.0    14.3
94084 20190903  2.622 -102.17   48.97    19.3     7.5    13.4    13.6     0.0    16.24 C    27.4     6.2    14.3    92.1    53.2    76.7   0.209   0.109   0.098   0.163   0.159    15.2    15.3    15.0    14.7    14.2
94084 20190904  2.622 -102.17   48.97    27.1     7.3    17.2    16.8     0.0    13.48 C    33.2     5.6    16.4    94.8    34.8    69.5   0.192   0.110   0.098   0.162   0.157    15.2    15.2    15.0    14.5    14.0
94084 20190905  2.622 -102.17   48.97    24.3     9.9    17.1    16.4     0.0    16.04 C    35.3     8.9    18.3    96.5    48.5    79.6   0.180   0.112   0.099   0.162   0.157    17.0    16.6    15.9    14.5    13.9
94084 20190906  2.622 -102.17   48.97    22.3     4.9    13.6    14.7     0.0    18.30 C    36.9     4.4    17.0    96.1    34.6    67.5   0.165   0.113   0.100   0.163   0.158    16.8    16.6    16.2    14.7    14.0
94084 20190907  2.622 -102.17   48.97    14.2     4.5     9.3    10.5     6.8     4.01 C    14.5     2.5    10.7    96.8    64.3    81.8   0.164   0.112   0.099   0.163   0.157    14.8    15.4    15.5    14.8    14.1
94084 20190908  2.622 -102.17   48.97    17.8     0.8     9.3     9.5     0.0    18.94 C    27.3     0.8    11.8    97.9    46.5    78.0   0.177   0.110   0.097   0.163   0.157    13.5    13.8    13.9    14.3    13.9
94084 20190909  2.622 -102.17   48.97    12.2     9.9    11.0    11.4    11.3     1.33 C    13.3    10.0    11.7    95.4    84.7    92.0   0.210   0.119   0.097   0.162   0.157    13.2    13.6    13.8    14.0    13.6
94084 20190910  2.622 -102.17   48.97    15.2    10.7    12.9    12.4     2.7     6.33 C    18.9    10.6    13.2    95.4    81.2    90.6   0.266   0.232   0.098   0.163   0.158    13.8    13.8    13.7    13.7    13.4
94084 20190911  2.622 -102.17   48.97    13.4    10.0    11.7    11.2    12.0     3.65 C    15.1     9.8    11.5    95.6    70.0    87.6   0.258   0.243   0.110   0.163   0.158    13.3    13.6    13.7    13.6    13.3
94084 20190912  2.622 -102.17   48.97    10.4     8.3     9.4     9.0    25.9     1.21 C    10.9     8.6     9.5    95.0    89.9    93.0   0.316   0.313   0.243   0.163   0.157    11.9    12.4    12.7    13.4    13.2
94084 20190913  2.622 -102.17   48.97    18.9     7.1    13.0    10.9     0.0    14.34 C    25.4     6.7    12.5    95.3    46.9    81.2   0.283   0.288   0.255   0.171   0.157    12.7    12.7    12.5    12.9    12.9
94084 20190914  2.622 -102.17   48.97    23.7     5.7    14.7    15.4     0.0    16.36 C    30.8     5.3    15.1    96.9    35.3    68.5   0.262   0.265   0.241   0.186   0.158    13.9    13.7    13.3    12.9    12.7
94084 20190915  2.622 -102.17   48.97    30.8     8.1    19.4    19.2     0.0    17.33 C    35.0     7.1    18.0    89.9    24.2    59.7   0.247   0.249   0.231   0.196   0.157    15.1    14.8    14.2    13.2    12.8
94084 20190916  2.622 -102.17   48.97    29.8     9.0    19.4    19.3     0.0    17.51 C    34.4     8.1    19.2    96.9    43.0    78.1   0.236   0.238   0.224   0.197   0.158    16.4    15.9    15.2    13.6    12.9
94084 20190917  2.622 -102.17   48.97    30.8    13.9    22.4    20.9     0.0    11.74 C    34.8    12.5    20.1    95.9    42.2    77.2   0.227   0.230   0.219   0.197   0.159    17.5    17.0    16.3    14.2    13.2
94084 20190918  2.622 -102.17   48.97    24.1    10.2    17.2    16.8    19.0    11.35 C    26.1     8.5    16.1    96.1    41.2    78.6   0.282   0.281   0.244   0.201   0.159    16.9    16.8    16.5    14.7    13.6
94084 20190919  2.622 -102.17   48.97    23.3     9.6    16.4    16.0     0.0    12.91 C    27.7     8.4    16.3    96.9    57.7    84.2   0.272   0.273   0.245   0.211   0.160    16.0    16.0    15.8    14.7    13.8
94084 20190920  2.622 -102.17   48.97    19.0    13.8    16.4    16.5     3.4     3.63 C    22.0    12.7    16.4    95.7    73.6    88.0   0.276   0.275   0.243   0.210   0.160    16.4    16.3    16.0    14.7    13.8
94084 20190921  2.622 -102.17   48.97    15.6     8.3    11.9    12.8    25.2     2.45 C    16.3     7.7    12.9    94.1    79.3    88.2   0.316   0.313   0.274   0.234   0.161    15.0    15.4    15.4    14.8    13.9
94084 20190922  2.622 -102.17   48.97    21.2     3.1    12.2    12.4     0.0    16.45 C    25.9     2.5    12.6    93.6    34.3    69.1   0.285   0.287   0.259   0.273   0.165    14.1    14.3    14.3    14.4    13.8
94084 20190923  2.622 -102.17   48.97    25.9     8.0    17.0    16.9     0.0    16.00 C    29.2     7.4    16.1    84.8    34.9    59.8   0.266   0.266   0.245   0.267   0.178    14.7    14.6    14.4    14.1    13.7
94084 20190924  2.622 -102.17   48.97    19.4     8.2    13.8    13.8     0.0    14.08 C    24.2     6.6    14.0    89.9    43.4    66.4   0.253   0.253   0.236   0.262   0.196    14.8    14.9    14.7    14.1    13.6
94084 20190925  2.622 -102.17   48.97    16.2     5.1    10.6     9.5     0.0    15.03 C    22.4     4.2     9.8    88.4    32.7    67.9   0.242   0.242   0.229   0.258   0.199    12.7    13.3    13.6    14.0    13.6
94084 20190926  2.622 -102.17   48.97    11.4     5.1     8.3     8.0     2.0     2.60 C    13.3     5.0     8.3    91.8    74.1    84.8   0.238   0.237   0.224   0.256   0.199    11.4    12.0    12.5    13.4    13.3
94084 20190927  2.622 -102.17   48.97     8.3     1.8     5.0     5.3     0.3     6.34 C    17.1     1.0     7.2    95.2    55.6    80.1   0.242   0.240   0.223   0.254   0.199    11.0    11.5    11.8    12.9    13.0
94084 20190928  2.622 -102.17   48.97     8.1     0.0     4.1     4.7     4.2     6.03 C    12.1    -0.2     5.6    91.6    63.0    78.7   0.239   0.237   0.223   0.252   0.198     9.9    10.6    11.1    12.4    12.6
94084 20190929  2.622 -102.17   48.97     4.7     0.5     2.6     2.8    13.4     1.15 C     4.8     0.1     3.0    95.5    88.2    93.2   0.310   0.305   0.262   0.260   0.199     7.5     8.6     9.5    11.8    12.2
94084 20190930  2.622 -102.17   48.97     3.6     1.9     2.7     2.7    11.6     1.20 C     5.0     2.1     3.4    96.0    92.3    94.3   0.306   0.307   0.271   0.280   0.208     7.0     7.8     8.4    10.8    11.6
94084 20191001  2.622 -102.17   48.97     4.8     1.9     3.4     3.2     0.0     3.51 C    10.0     2.7     4.5    94.8    71.1    84.1   0.286   0.289   0.259   0.284   0.227     7.1     7.7     8.1    10.2    11.0
94084 20191002  2.622 -102.17   48.97     4.2     0.0     2.1     2.7     5.1     2.35 C     7.5     0.1     3.7    96.6    72.1    84.7   0.274   0.275   0.248   0.277   0.227     7.1     7.7     8.2     9.9    10.7
94084 20191003  2.622 -102.17   48.97     6.5    -1.2     2.7     2.5     0.2     6.37 C    12.6     0.0     4.1    97.9    73.3    87.1   0.288   0.289   0.254   0.274   0.225     7.0     7.5     7.8     9.6    10.3
94084 20191004  2.622 -102.17   48.97    10.6     3.6     7.1     6.2     0.0     2.26 C    10.7     3.7     6.3    94.5    66.7    82.3   0.274   0.276   0.247   0.273   0.224     7.3     7.8     8.0     9.4    10.1
94084 20191005  2.622 -102.17   48.97    14.6     5.9    10.2     8.4     1.5    10.16 C    16.1     4.3     8.1    96.6    37.1    76.2   0.275   0.276   0.246   0.270   0.223     8.4     8.6     8.5     9.4     9.9
94084 20191006  2.622 -102.17   48.97    14.2     3.9     9.1     9.3     0.0    11.81 C    17.1     0.3     8.4    79.1    39.1    61.5   0.265   0.266   0.241   0.267   0.221     8.5     8.8     8.8     9.5     9.9
94084 20191007  2.622 -102.17   48.97    19.0     2.3    10.7     9.9     0.0    13.43 C    21.3     1.0     8.7    82.0    28.2    57.7   0.255   0.255   0.235   0.266   0.219     8.4     8.7     8.7     9.5     9.9
94084 20191008  2.622 -102.17   48.97    20.4     4.1    12.2    11.6     0.0    11.51 C    26.0     4.2    11.0    84.3    35.6    58.2   0.246   0.247   0.230   0.263   0.218     9.5     9.5     9.3     9.6     9.8
94084 20191009  2.622 -102.17   48.97     4.1    -1.8     1.2     0.0     0.0     1.73 C     4.6    -1.4     0.8    91.1    74.0    81.6   0.239   0.239   0.226   0.261   0.215     6.9     7.9     8.6     9.7     9.9
94084 20191010  2.622 -102.17   48.97     2.4    -2.2     0.1    -0.7     0.0     5.74 C     6.1    -2.0     0.0    81.2    48.7    67.4   0.238   0.237   0.222   0.258   0.213     5.0     5.9     6.7     9.1     9.7
94084 20191011  2.622 -102.17   48.97     4.2    -4.7    -0.3    -0.2     0.0    10.24 C     6.8    -4.7     0.3    90.2    36.7    57.0   0.235   0.235   0.220   0.256   0.213     3.9     4.8     5.6     8.4     9.3
94084 20191012  2.622 -102.17   48.97    -0.2    -1.9    -1.0    -1.0     0.2     3.72 C    -0.9    -2.7    -1.9    92.3    68.0    80.5   0.236   0.234   0.218   0.254   0.211     3.6     4.4     5.1     7.8     8.8
94084 20191013  2.622 -102.17   48.97     7.3    -2.6     2.3     1.2     0.0    11.03 C    10.5    -5.4     0.3    89.2    52.0    75.8   0.261   0.262   0.227   0.252   0.210     3.9     4.5     5.0     7.4     8.5
94084 20191014  2.622 -102.17   48.97     9.1    -5.1     2.0     1.6     2.1     7.48 C    16.6    -5.7     2.2    95.4    52.9    78.9   0.272   0.276   0.240   0.252   0.209     4.0     4.5     4.9     7.1     8.1
94084 20191015  2.622 -102.17   48.97     5.1    -3.2     1.0     2.2     1.3     3.19 C     8.4    -4.0     2.3    96.2    63.3    84.5   0.280   0.284   0.245   0.254   0.210     4.6     5.1     5.4     7.0     7.9
94084 20191016  2.622 -102.17   48.97    13.4    -3.4     5.0     3.5     0.0    10.09 C    14.9    -3.2     3.3    94.9    43.9    78.4   0.269   0.272   0.242   0.256   0.210     4.8     5.2     5.4     7.0     7.8
94084 20191017  2.622 -102.17   48.97    17.9    -3.1     7.4     6.1     0.0     7.40 C    18.0    -3.2     5.5    95.8    43.0    77.4   0.262   0.264   0.237   0.256   0.210     5.4     5.6     5.7     7.0     7.7
94084 20191018  2.622 -102.17   48.97    13.3     0.7     7.0     6.6     0.0     5.12 C    14.0    -0.1     5.2    96.9    46.0    73.3   0.257   0.258   0.234   0.255   0.210     6.1     6.4     6.4     7.1     7.7
94084 20191019  2.622 -102.17   48.97    13.1    -1.4     5.9     6.0     0.0     9.97 C    16.2    -3.1     5.1    87.8    44.6    69.2   0.252   0.252   0.231   0.255   0.210     6.1     6.4     6.5     7.3     7.7
94084 20191020  2.622 -102.17   48.97    11.1    -3.5     3.8     2.8     0.0     5.21 C    11.9    -5.2     1.6    91.8    38.9    71.8   0.247   0.247   0.228   0.254   0.210     4.8     5.4     5.9     7.3     7.7
94084 20191021  2.622 -102.17   48.97     8.4    -6.2     1.1     0.2     0.0    10.93 C    13.1    -7.1    -0.1    91.3    39.5    72.8   0.243   0.242   0.225   0.253   0.208     4.0     4.7     5.2     7.0     7.6
94084 20191022  2.622 -102.17   48.97     6.0    -7.5    -0.8    -1.6     0.0    10.38 C    12.6    -8.0    -1.3    90.8    43.6    73.7   0.238   0.238   0.222   0.251   0.209     2.9     3.7     4.4     6.6     7.4
94084 20191023  2.622 -102.17   48.97     6.4    -7.2    -0.4    -1.2     0.0     8.28 C    10.6    -6.9    -1.3    89.1    39.6    71.4   0.236   0.236   0.220   0.250   0.207     2.4     3.2     3.8     6.2     7.1
94084 20191024  2.622 -102.17   48.97     5.6    -4.0     0.8     0.3     0.0     2.62 C     8.2    -4.7     0.0    90.5    55.5    77.3   0.235   0.234   0.219   0.250   0.207     2.5     3.2     3.7     5.8     6.8
94084 20191025  2.622 -102.17   48.97    17.6    -0.9     8.4     8.8     0.0     9.43 C    17.7    -3.2     6.8    83.8    35.7    56.9   0.234   0.233   0.218   0.249   0.207     3.9     4.0     4.0     5.6     6.6
94084 20191026  2.622 -102.17   48.97    11.7    -2.0     4.9     2.9     0.0     2.96 C     8.1    -1.8     2.6    80.1    52.1    67.6   0.232   0.231   0.218   0.248   0.205     4.4     4.9     5.1     5.9     6.6
94084 20191027  2.622 -102.17   48.97    -2.0    -7.4    -4.7    -5.1     0.0     3.90 C    -0.8    -7.0    -4.0    81.5    55.7    69.7   0.227   0.227   0.215   0.248   0.205     2.0     3.0     3.8     5.9     6.6
94084 20191028  2.622 -102.17   48.97    -3.2   -11.1    -7.2    -6.6     0.7     6.26 C     1.2   -10.3    -5.9    88.1    58.0    74.4   0.229   0.224   0.212   0.247   0.205     0.8     1.7     2.6     5.3     6.4
94084 20191029  2.622 -102.17   48.97    -7.4    -9.6    -8.5    -8.3     0.0     4.45 C    -5.4   -10.6    -7.9    87.3    68.5    80.2   0.233   0.221   0.210   0.246   0.205     0.2     1.1     2.0     4.8     6.0
94084 20191030  2.622 -102.17   48.97    -2.3   -12.6    -7.5    -7.8     0.4     7.58 C    -2.3   -16.3    -9.0    85.0    49.4    71.7 -99.000   0.218   0.209   0.245   0.204     0.1     0.9     1.6     4.4     5.6
94084 20191031  2.622 -102.17   48.97     2.5    -7.7    -2.6    -0.7     0.3     2.50 C     2.0    -8.6    -1.7    95.2    59.2    72.2 -99.000   0.217   0.207   0.244   0.203     0.0     0.8     1.5     4.1     5.4
94084 20191101  2.622 -102.17   48.97     0.9    -2.1    -0.6     0.2     1.1     2.40 C     1.1    -3.0    -0.3    97.9    74.9    87.0   0.259   0.220   0.206   0.244   0.202     0.2     0.8     1.4     3.9     5.1
94084 20191102  2.622 -102.17   48.97     4.2    -8.1    -1.9    -0.8     0.0     5.27 C     8.1    -8.0    -1.1    93.6    57.0    80.9   0.261   0.232   0.208   0.243   0.202     0.6     1.1     1.6     3.8     4.9
94084 20191103  2.622 -102.17   48.97     1.5    -4.4    -1.4    -0.5     1.2     1.56 C     3.3    -5.4    -0.6    96.3    82.9    91.9   0.251   0.238   0.211   0.243   0.202     1.0     1.4     1.8     3.7     4.8
94084 20191104  2.622 -102.17   48.97    -1.5   -13.9    -7.7    -7.2     0.0     6.79 C     0.4   -12.3    -6.1    91.7    45.9    71.2   0.254   0.238   0.214   0.242   0.201     0.6     1.3     1.8     3.8     4.7
94084 20191105  2.622 -102.17   48.97    -2.2   -15.1    -8.7    -8.2     0.5     4.74 C     2.2   -14.2    -6.7    90.6    60.1    77.5 -99.000   0.239   0.212   0.242   0.201    -0.1     0.6     1.3     3.6     4.6
94084 20191106  2.622 -102.17   48.97    -9.7   -20.0   -14.8   -15.5     0.0     8.40 C    -5.6   -23.0   -16.3    87.1    63.7    77.5 -99.000   0.246   0.210   0.242   0.201    -0.2     0.4     1.1     3.4     4.5
94084 20191107  2.622 -102.17   48.97    -5.9   -20.5   -13.2   -11.8     0.2     8.25 C    -1.8   -21.2   -11.0    86.2    63.9    77.7 -99.000 -99.000   0.207   0.241   0.201    -0.5     0.2     0.8     3.2     4.3
94084 20191108  2.622 -102.17   48.97     6.0   -13.1    -3.6    -2.4     0.0     5.20 C     7.3   -12.8    -2.8    87.4    52.9    76.3 -99.000 -99.000   0.205   0.241   0.200    -0.6     0.0     0.6     3.0     4.2
94084 20191109  2.622 -102.17   48.97     2.0    -9.9    -3.9    -2.2     2.9     1.54 C     1.6    -9.8    -2.3    96.2    74.8    85.8 -99.000 -99.000   0.203   0.240   0.200    -0.4     0.1     0.6     2.8     4.0
94084 20191110  2.622 -102.17   48.97    -9.9   -16.7   -13.3   -12.5     0.5     4.10 C    -8.3   -18.4   -11.9    82.6    61.8    71.7 -99.000 -99.000   0.203   0.239   0.199    -0.5     0.1     0.6     2.7     3.8
94084 20191111  2.622 -102.17   48.97   -12.5   -19.4   -16.0   -15.7     0.0     7.20 C    -9.2   -20.7   -15.5    82.2    64.9    74.4 -99.000 -99.000 -99.000   0.238   0.200    -1.6    -0.4     0.3     2.6     3.7
94084 20191112  2.622 -102.17   48.97    -1.9   -16.6    -9.3    -7.8     0.0     3.21 C    -2.4   -17.4    -8.0    88.9    67.1    77.2 -99.000 -99.000 -99.000   0.239   0.198    -1.9    -0.9    -0.1     2.4     3.6
94084 20191113  2.622 -102.17   48.97    -2.3   -11.7    -7.0    -7.0     0.0     7.24 C    -3.0   -13.2    -7.4    89.0    59.2    77.9 -99.000 -99.000 -99.000   0.239   0.199    -1.5    -0.8    -0.2     2.2     3.4
94084 20191114  2.622 -102.17   48.97     4.7    -4.0     0.3     0.1     0.0     6.39 C     5.2    -4.1    -0.4    96.5    67.7    83.6 -99.000 -99.000 -99.000   0.238   0.199    -1.1    -0.7    -0.2     2.1     3.3
94084 20191115  2.622 -102.17   48.97     2.2    -1.6     0.3    -0.3     0.0     1.23 C     1.0    -1.3    -0.2    97.5    90.6    96.2 -99.000 -99.000 -99.000   0.238   0.198    -0.5    -0.4    -0.1     2.0     3.2
94084 20191116  2.622 -102.17   48.97     3.4    -0.6     1.4     1.7     0.0     1.20 C     3.5    -2.8     0.6    93.6    78.9    85.0 -99.000 -99.000 -99.000   0.238   0.198    -0.5    -0.3    -0.1     2.0     3.1
94084 20191117  2.622 -102.17   48.97     5.4    -2.4     1.5     1.1     0.2     2.74 C     6.0    -3.9     0.7    93.5    70.2    85.5 -99.000 -99.000 -99.000   0.237   0.197    -0.4    -0.3     0.0     1.9     3.0
94084 20191118  2.622 -102.17   48.97     9.5     1.9     5.7     4.7     0.3     5.35 C     7.7    -0.3     2.6    91.9    54.3    77.9 -99.000 -99.000 -99.000   0.236   0.197    -0.4    -0.2     0.1     1.9     3.0
94084 20191119  2.622 -102.17   48.97     5.2    -1.2     2.0     1.5     0.0     3.94 C     9.5    -2.0     1.1    88.3    59.2    77.9 -99.000 -99.000 -99.000   0.236   0.197    -0.4    -0.2     0.2     1.9     2.9
94084 20191120  2.622 -102.17   48.97     0.3   -16.5    -8.1    -4.5    12.2     3.37 C    -0.2   -22.8    -5.3    96.0    77.3    88.4 -99.000 -99.000 -99.000   0.237   0.197    -0.3    -0.1     0.3     1.9     2.9
94084 20191121  2.622 -102.17   48.97    -4.6   -18.5   -11.6   -11.8     0.0     6.19 C    -4.9   -26.0   -14.2    92.0    81.2    86.0 -99.000 -99.000 -99.000   0.237   0.196    -0.3     0.0     0.4     1.9     2.8
94084 20191122  2.622 -102.17   48.97    -0.1    -8.2    -4.2    -3.5     0.0     6.35 C    -2.5   -11.9    -6.7    84.6    74.6    79.1 -99.000 -99.000   0.226   0.237   0.196    -0.3     0.1     0.4     2.0     2.8
94084 20191123  2.622 -102.17   48.97     2.9    -3.7    -0.4     0.3     0.0     4.35 C     0.1    -6.6    -2.5    85.7    68.2    77.8 -99.000 -99.000   0.213   0.237   0.196    -0.3     0.2     0.5     2.0     2.8
94084 20191124  2.622 -102.17   48.97     4.1    -2.2     1.0     1.3     0.9     3.46 C     0.7    -5.6    -1.0    93.9    68.8    83.2 -99.000 -99.000   0.210   0.237   0.196    -0.2     0.2     0.6     2.0     2.8
94084 20191125  2.622 -102.17   48.97     0.8    -2.6    -0.9    -0.9     0.0     2.44 C     0.1    -3.2    -1.3    94.6    78.4    86.0 -99.000 -99.000   0.225   0.237   0.196    -0.1     0.3     0.6     2.0     2.8
94084 20191126  2.622 -102.17   48.97    -2.3   -11.3    -6.8    -5.6     0.0     3.50 C    -1.5   -12.7    -5.8    91.5    69.2    82.0 -99.000   0.279   0.230   0.237   0.196    -0.1     0.3     0.6     2.0     2.8
94084 20191127  2.622 -102.17   48.97    -4.5   -14.8    -9.6    -8.8     0.0     4.19 C    -1.3   -15.7    -9.0    93.0    67.6    84.8 -99.000   0.272   0.226   0.238   0.196    -0.1     0.3     0.7     2.0     2.8
94084 20191128  2.622 -102.17   48.97    -6.1    -8.6    -7.4    -7.5     0.0     1.93 C    -5.7    -8.5    -6.8    91.6    82.5    87.0 -99.000   0.259   0.220   0.238   0.197    -0.2     0.3     0.6     2.0     2.8
94084 20191129  2.622 -102.17   48.97    -2.7    -6.1    -4.4    -4.1     0.0     1.54 C    -1.6    -5.8    -3.6    95.5    88.9    92.9 -99.000 -99.000   0.216   0.238   0.197    -0.3     0.1     0.5     2.0     2.7
94084 20191130  2.622 -102.17   48.97    -3.3    -6.9    -5.1    -4.4     0.0     1.51 C    -2.3    -7.4    -4.0    95.0    86.3    91.1 -99.000 -99.000   0.208   0.238   0.197    -0.3     0.1     0.5     1.9     2.7
94084 20191201  2.622 -102.17   48.97    -5.2   -11.7    -8.5    -7.5     0.0     2.00 C    -3.8   -12.6    -7.0    93.7    85.6    90.4 -99.000 -99.000   0.208   0.237   0.198    -0.3     0.1     0.4     1.9     2.6
94084 20191202  2.622 -102.17   48.97     1.8   -10.6    -4.4    -3.4     0.0     5.00 C    -0.1   -13.7    -5.2    90.2    73.1    82.8 -99.000 -99.000   0.210   0.237   0.197    -0.4     0.0     0.4     1.8     2.6
94084 20191203  2.622 -102.17   48.97     3.1    -5.6    -1.2    -1.4     0.0     4.96 C     0.3    -7.6    -3.5    86.5    65.1    75.5 -99.000 -99.000   0.208   0.237   0.195    -0.4     0.0     0.3     1.8     2.6
94084 20191204  2.622 -102.17   48.97     3.1    -8.1    -2.5    -3.1     0.0     5.17 C     1.2    -9.6    -4.9    93.1    63.3    79.9 -99.000 -99.000 -99.000   0.236   0.196    -0.4    -0.1     0.3     1.8     2.5
94084 20191205  2.622 -102.17   48.97    -2.1   -14.4    -8.3    -7.6     0.0     5.06 C    -2.7   -15.0    -8.0    91.8    70.1    84.6 -99.000 -99.000 -99.000   0.237   0.196    -0.6    -0.1     0.3     1.7     2.5
94084 20191206  2.622 -102.17   48.97    -1.0   -15.4    -8.2    -6.2     0.0     3.38 C     0.3   -15.5    -5.9    95.7    81.1    88.9 -99.000 -99.000 -99.000   0.237   0.196    -0.9    -0.4     0.1     1.7     2.5
94084 20191207  2.622 -102.17   48.97     3.7    -5.6    -0.9    -1.3     0.0     4.26 C     1.8    -6.5    -2.1    96.0    69.8    87.7 -99.000 -99.000 -99.000   0.236   0.196    -0.6    -0.3     0.1     1.6     2.4
94084 20191208  2.622 -102.17   48.97    -4.5   -23.7   -14.1   -14.8     1.0     1.29 C    -4.0   -27.5   -14.0    86.9    67.3    78.1 -99.000 -99.000 -99.000   0.236   0.196    -1.1    -0.4     0.0     1.5     2.3
94084 20191209  2.622 -102.17   48.97    -9.9   -24.0   -16.9   -17.8     0.0     2.68 C    -9.2   -27.1   -19.1    82.8    68.8    77.4 -99.000 -99.000 -99.000   0.236   0.196    -1.6    -0.9    -0.2     1.5     2.3
94084 20191210  2.622 -102.17   48.97   -16.3   -27.6   -22.0   -22.5     0.0     5.25 C   -17.3   -30.7   -25.3    79.6    68.9    75.0 -99.000 -99.000 -99.000   0.236   0.195    -2.1    -1.1    -0.4     1.4     2.2
94084 20191211  2.622 -102.17   48.97   -16.5   -27.3   -21.9   -21.3     0.7     2.62 C   -15.3   -31.0   -21.6    81.3    57.7    73.8 -99.000 -99.000 -99.000   0.235   0.194    -2.5    -1.6    -0.7     1.3     2.1
94084 20191212  2.622 -102.17   48.97   -11.6   -17.8   -14.7   -14.7     0.0     2.35 C   -11.0   -19.1   -14.1    85.2    78.6    82.3 -99.000 -99.000 -99.000   0.234   0.195    -2.2    -1.5    -0.8     1.1     2.0
94084 20191213  2.622 -102.17   48.97   -11.1   -28.4   -19.8   -16.1     1.1     2.89 C   -10.1   -32.7   -17.5    85.7    70.8    79.4 -99.000 -99.000 -99.000   0.234   0.195    -1.9    -1.3    -0.8     1.0     1.9
94084 20191214  2.622 -102.17   48.97   -15.5   -28.9   -22.2   -21.8     0.3     3.16 C   -14.6   -33.1   -22.1    83.1    76.6    79.7 -99.000 -99.000 -99.000   0.232   0.194    -2.3    -1.6    -0.9     0.9     1.8
94084 20191215  2.622 -102.17   48.97    -7.1   -16.9   -12.0   -11.6     0.0     3.24 C    -7.2   -20.9   -12.6    86.1    72.5    80.7 -99.000 -99.000 -99.000   0.232   0.194    -2.1    -1.5    -1.0     0.9     1.8
94084 20191216  2.622 -102.17   48.97    -3.3   -18.8   -11.1    -9.3     0.0     2.56 C    -4.6   -22.5   -11.5    86.9    71.2    79.5 -99.000 -99.000 -99.000   0.233   0.194    -2.0    -1.5    -0.9     0.8     1.7
94084 20191217  2.622 -102.17   48.97   -11.8   -14.5   -13.2   -13.2     0.0     2.75 C   -11.7   -16.0   -13.1    84.2    64.3    74.2 -99.000 -99.000 -99.000   0.232   0.194    -2.0    -1.5    -0.9     0.7     1.6
94084 20191218  2.622 -102.17   48.97     1.5   -15.0    -6.8    -6.0     0.0     4.96 C    -0.4   -16.6    -8.7    92.6    66.9    80.2 -99.000 -99.000 -99.000   0.232   0.193    -1.8    -1.4    -1.0     0.7     1.6
94084 20191219  2.622 -102.17   48.97    -7.1   -11.6    -9.3    -9.1     0.0     2.49 C    -8.0   -14.5   -10.1    93.1    82.8    87.7 -99.000 -99.000 -99.000   0.231   0.193    -1.7    -1.2    -0.9     0.7     1.5
94084 20191220  2.622 -102.17   48.97     2.7   -13.5    -5.4    -7.0     0.0     4.19 C    -1.8   -14.8    -8.9    91.1    67.1    82.9 -99.000 -99.000 -99.000   0.231   0.194    -1.8    -1.4    -0.9     0.7     1.5
94084 20191221  2.622 -102.17   48.97     3.6    -6.8    -1.6    -0.2     0.0     2.91 C    -0.3   -10.7    -4.6    87.6    64.8    74.2 -99.000 -99.000 -99.000   0.230   0.194    -1.3    -1.0    -0.8     0.6     1.5
94084 20191222  2.622 -102.17   48.97     3.9   -10.0    -3.1    -0.5     0.0     4.40 C     0.1   -13.6    -3.9    93.9    59.9    75.6 -99.000 -99.000 -99.000   0.230   0.192    -1.2    -0.9    -0.6     0.6     1.5
94084 20191223  2.622 -102.17   48.97    -5.1    -7.5    -6.3    -6.5     0.0     4.57 C    -5.0    -8.1    -6.4    94.3    80.0    88.8 -99.000 -99.000 -99.000   0.230   0.192    -1.4    -1.0    -0.7     0.6     1.4
94084 20191224  2.622 -102.17   48.97    -3.7    -6.1    -4.9    -4.5     0.0     1.50 C    -2.4    -5.9    -4.2    94.1    91.2    92.8 -99.000 -99.000 -99.000   0.237   0.192    -1.3    -1.0    -0.7     0.6     1.4
94084 20191225  2.622 -102.17   48.97    -5.9    -8.7    -7.3    -7.5     0.0     1.21 C    -5.8    -7.5    -6.9    91.5    88.8    90.0 -99.000 -99.000 -99.000   0.248   0.192    -1.4    -1.0    -0.7     0.6     1.3
94084 20191226  2.622 -102.17   48.97    -4.7   -10.9    -7.8    -6.8     0.0     3.55 C    -4.6   -13.9    -7.9    92.0    72.2    86.3 -99.000 -99.000 -99.000   0.257   0.191    -1.6    -1.2    -0.8     0.6     1.3
94084 20191227  2.622 -102.17   48.97    -1.8   -10.8    -6.3    -7.0     0.0     5.05 C    -4.1   -14.8   -10.5    82.0    63.1    74.2 -99.000 -99.000 -99.000   0.258   0.191    -2.1    -1.5    -1.0     0.5     1.3
94084 20191228  2.622 -102.17   48.97    -7.2   -15.7   -11.4   -11.8     0.0     3.14 C    -8.4   -17.8   -14.1    86.7    72.1    81.9 -99.000 -99.000 -99.000   0.261   0.191    -2.4    -1.8    -1.2     0.5     1.3
94084 20191229  2.622 -102.17   48.97    -9.8   -17.6   -13.7   -13.8     0.0     4.90 C    -9.8   -19.5   -14.8    87.5    83.5    85.2 -99.000 -99.000 -99.000   0.273   0.190    -3.0    -2.3    -1.5     0.4     1.2
94084 20191230  2.622 -102.17   48.97    -8.4   -14.6   -11.5   -11.8     0.0     4.21 C    -9.8   -17.0   -13.2    86.9    75.8    81.1 -99.000 -99.000 -99.000   0.292   0.190    -3.3    -2.6    -1.8     0.4     1.1
94084 20191231  2.622 -102.17   48.97    -0.5   -13.4    -7.0    -6.3     0.0     4.04 C    -2.0   -15.3    -8.1    93.1    68.2    83.7 -99.000 -99.000 -99.000   0.303   0.191    -2.8    -2.3    -1.7     0.3     1.1
