04237 20190101  2.623 -123.81   47.51     4.9    -0.9     2.0     1.0     0.0     2.82 C     6.6    -3.1    -0.3    98.2    88.0    97.2   0.190   0.142 -99.000 -99.000 -99.000     2.7     2.9 -9999.0 -9999.0 -9999.0
04237 20190102  2.623 -123.81   47.51     5.6    -0.8     2.4     2.9    18.4     1.23 C     6.7    -3.2     2.3    98.1    89.1    96.7   0.208   0.154 -99.000 -99.000 -99.000     2.9     3.0 -9999.0 -9999.0 -9999.0
04237 20190103  2.623 -123.81   47.51    10.2     5.1     7.6     8.1 -9999.0     0.04 C     9.5     4.9     7.7    97.5    91.7    96.5   0.263   0.203 -99.000 -99.000 -99.000     5.7     5.4 -9999.0 -9999.0 -9999.0
04237 20190104  2.623 -123.81   47.51     9.7     6.2     7.9     7.7 -9999.0     2.67 C    12.6     4.8     7.6    96.9    83.6    94.4   0.222   0.170 -99.000 -99.000 -99.000     6.5     6.3 -9999.0 -9999.0 -9999.0
04237 20190105  2.623 -123.81   47.51     7.6     4.8     6.2     6.5 -9999.0     0.78 C     7.8     2.7     5.6    96.6    81.5    91.6   0.207   0.156 -99.000 -99.000 -99.000     5.7     5.7 -9999.0 -9999.0 -9999.0
04237 20190106  2.623 -123.81   47.51     6.2     0.3     3.3     2.8 -9999.0     0.56 C     5.6     0.2     3.0    97.9    93.2    96.4   0.236   0.179 -99.000 -99.000 -99.000     4.9     5.0 -9999.0 -9999.0 -9999.0
04237 20190107  2.623 -123.81   47.51     6.1    -0.1     3.0     1.8 -9999.0     3.64 C     9.8    -0.9     1.0    98.0    73.7    92.3   0.215   0.163 -99.000 -99.000 -99.000     3.9     4.0 -9999.0 -9999.0 -9999.0
04237 20190108  2.623 -123.81   47.51     9.0     2.7     5.8     6.3 -9999.0     0.22 C     7.2     0.7     5.0    96.8    58.9    85.1   0.225   0.169 -99.000 -99.000 -99.000     4.1     4.1 -9999.0 -9999.0 -9999.0
04237 20190109  2.623 -123.81   47.51     9.6     7.3     8.5     8.4 -9999.0     0.52 C     9.0     6.6     7.7    97.1    88.7    94.8   0.244   0.184 -99.000 -99.000 -99.000     5.6     5.4 -9999.0 -9999.0 -9999.0
04237 20190110  2.623 -123.81   47.51     9.7     7.6     8.6     8.8 -9999.0     1.25 C    10.8     5.1     8.4    97.3    90.3    95.2   0.232   0.175 -99.000 -99.000 -99.000     6.6     6.4 -9999.0 -9999.0 -9999.0
04237 20190111  2.623 -123.81   47.51    13.2     4.8     9.0     8.2 -9999.0     3.47 C    13.8     1.5     6.6    97.5    74.6    90.6   0.205   0.154 -99.000 -99.000 -99.000     6.5     6.4 -9999.0 -9999.0 -9999.0
04237 20190112  2.623 -123.81   47.51    11.7     3.4     7.5     6.5 -9999.0     2.93 C    14.3     0.6     5.0    97.6    67.3    94.6   0.194   0.145 -99.000 -99.000 -99.000     5.6     5.6 -9999.0 -9999.0 -9999.0
04237 20190113  2.623 -123.81   47.51     9.8     1.2     5.5     4.4 -9999.0     3.75 C    11.6    -2.2     1.6    98.3    94.2    97.4   0.189   0.140 -99.000 -99.000 -99.000     4.5     4.7 -9999.0 -9999.0 -9999.0
04237 20190114  2.623 -123.81   47.51     6.4    -1.2     2.6     1.4 -9999.0     4.00 C     7.9    -4.7    -1.2    98.5    93.9    97.5   0.186   0.137 -99.000 -99.000 -99.000     3.1     3.4 -9999.0 -9999.0 -9999.0
04237 20190115  2.623 -123.81   47.51     7.7    -0.7     3.5     2.6 -9999.0     3.06 C     8.8    -3.8     0.3    98.3    96.1    97.5   0.184   0.135 -99.000 -99.000 -99.000     2.6     2.9 -9999.0 -9999.0 -9999.0
04237 20190116  2.623 -123.81   47.51    13.2     1.1     7.2     7.4 -9999.0     3.69 C    13.7    -1.3     5.2    98.0    42.0    79.6   0.186   0.135 -99.000 -99.000 -99.000     3.7     3.6 -9999.0 -9999.0 -9999.0
04237 20190117  2.623 -123.81   47.51     9.1     6.5     7.8     7.9 -9999.0     1.00 C     9.2     4.7     7.2    96.7    80.7    92.7   0.243   0.176 -99.000 -99.000 -99.000     5.3     5.1 -9999.0 -9999.0 -9999.0
04237 20190118  2.623 -123.81   47.51     8.1     5.7     6.9     6.7 -9999.0     0.71 C     8.1     3.0     6.3    97.4    85.1    94.5   0.240   0.178 -99.000 -99.000 -99.000     5.7     5.6 -9999.0 -9999.0 -9999.0
04237 20190119  2.623 -123.81   47.51     8.6     4.3     6.4     6.8 -9999.0     1.48 C    10.1     2.5     6.2    97.6    93.9    96.6   0.230   0.172 -99.000 -99.000 -99.000     5.8     5.8 -9999.0 -9999.0 -9999.0
04237 20190120  2.623 -123.81   47.51     7.0     2.9     5.0     4.3 -9999.0     3.43 C     9.6     0.5     3.4    97.6    79.0    95.0   0.200   0.150 -99.000 -99.000 -99.000     5.0     5.1 -9999.0 -9999.0 -9999.0
04237 20190121  2.623 -123.81   47.51     7.5     0.5     4.0     3.1 -9999.0     4.77 C    10.4    -2.2     2.0    98.0    76.0    94.7   0.192   0.142 -99.000 -99.000 -99.000     4.2     4.3 -9999.0 -9999.0 -9999.0
04237 20190122  2.623 -123.81   47.51     8.0     3.7     5.8     5.1 -9999.0     0.38 C     7.1     3.0     4.9    97.3    93.7    95.7   0.245   0.181 -99.000 -99.000 -99.000     4.6     4.6 -9999.0 -9999.0 -9999.0
04237 20190123  2.623 -123.81   47.51    10.9     6.6     8.7     8.5 -9999.0     3.45 C    15.3     5.9     8.7    97.3    91.7    96.1   0.224   0.169 -99.000 -99.000 -99.000     6.2     6.0 -9999.0 -9999.0 -9999.0
04237 20190124  2.623 -123.81   47.51     8.1     5.6     6.9     6.6 -9999.0     2.71 C    15.5     4.7     7.0    97.4    85.8    95.1   0.202   0.152 -99.000 -99.000 -99.000     6.3     6.2 -9999.0 -9999.0 -9999.0
04237 20190125  2.623 -123.81   47.51     9.1     2.1     5.6     5.5 -9999.0     4.81 C    14.3     0.4     5.6    97.8    70.2    92.6   0.195   0.143 -99.000 -99.000 -99.000     6.0     5.9 -9999.0 -9999.0 -9999.0
04237 20190126  2.623 -123.81   47.51    10.5     1.1     5.8     5.0 -9999.0     4.53 C    13.1    -1.1     3.8    98.1    78.8    95.6   0.190   0.139 -99.000 -99.000 -99.000     5.3     5.4 -9999.0 -9999.0 -9999.0
04237 20190127  2.623 -123.81   47.51 -9999.0 -9999.0 -9999.0 -9999.0 -9999.0     1.98 C    16.8     1.0     5.6 -9999.0 -9999.0 -9999.0   0.190   0.136 -99.000 -99.000 -99.000     5.5     5.5 -9999.0 -9999.0 -9999.0
04237 20190128  2.623 -123.81   47.51 -9999.0 -9999.0 -9999.0 -9999.0 -9999.0     5.32 C    12.6    -1.2     4.4 -9999.0 -9999.0 -9999.0   0.189   0.135 -99.000 -99.000 -99.000     5.6     5.6 -9999.0 -9999.0 -9999.0
04237 20190129  2.623 -123.81   47.51 -9999.0 -9999.0 -9999.0 -9999.0 -9999.0     6.01 C    12.1    -3.9     0.5 -9999.0 -9999.0 -9999.0   0.188   0.132 -99.000 -99.000 -99.000     4.2     4.4 -9999.0 -9999.0 -9999.0
04237 20190130  2.623 -123.81   47.51 -9999.0 -9999.0 -9999.0 -9999.0 -9999.0     5.42 C    15.8    -2.8     2.3 -9999.0 -9999.0 -9999.0   0.185   0.130 -99.000 -99.000 -99.000     3.9     4.0 -9999.0 -9999.0 -9999.0
04237 20190131  2.623 -123.81   47.51 -9999.0 -9999.0 -9999.0 -9999.0 -9999.0     3.73 U -9999.0 -9999.0 -9999.0 -9999.0 -9999.0 -9999.0   0.186   0.129 -99.000 -99.000 -99.000     4.5     4.4 -9999.0 -9999.0 -9999.0
04237 20190201  2.623 -123.81   47.51 -9999.0 -9999.0 -9999.0 -9999.0 -9999.0     0.71 C     8.1     4.2     6.6 -9999.0 -9999.0 -9999.0   0.252   0.180 -99.000 -99.000 -99.000     5.6     5.5 -9999.0 -9999.0 -9999.0
04237 20190202  2.623 -123.81   47.51 -9999.0 -9999.0 -9999.0 -9999.0 -9999.0     5.53 C    28.7     0.5     6.0 -9999.0 -9999.0 -9999.0   0.217   0.156 -99.000 -99.000 -99.000     5.7     5.6 -9999.0 -9999.0 -9999.0
04237 20190203  2.623 -123.81   47.51 -9999.0 -9999.0 -9999.0 -9999.0 -9999.0     2.89 C    17.4    -0.5     2.9 -9999.0 -9999.0 -9999.0   0.204   0.146 -99.000 -99.000 -99.000     5.2     5.3 -9999.0 -9999.0 -9999.0
04237 20190204  2.623 -123.81   47.51 -9999.0 -9999.0 -9999.0 -9999.0 -9999.0     5.42 C    28.1    -5.7     0.3 -9999.0 -9999.0 -9999.0   0.210   0.147 -99.000 -99.000 -99.000     4.3     4.4 -9999.0 -9999.0 -9999.0
04237 20190205  2.623 -123.81   47.51 -9999.0 -9999.0 -9999.0 -9999.0 -9999.0     4.26 C    22.5    -4.5     1.2 -9999.0 -9999.0 -9999.0   0.206   0.147 -99.000 -99.000 -99.000     4.0     4.1 -9999.0 -9999.0 -9999.0
04237 20190206  2.623 -123.81   47.51 -9999.0 -9999.0 -9999.0 -9999.0     0.0     8.75 C    26.8    -7.3     1.1 -9999.0 -9999.0 -9999.0   0.197   0.141 -99.000 -99.000 -99.000     2.6     2.9 -9999.0 -9999.0 -9999.0
04237 20190207  2.623 -123.81   47.51 -9999.0 -9999.0 -9999.0 -9999.0     0.0     5.75 U -9999.0 -9999.0 -9999.0 -9999.0 -9999.0 -9999.0   0.192   0.137 -99.000 -99.000 -99.000     2.0     2.3 -9999.0 -9999.0 -9999.0
04237 20190208  2.623 -123.81   47.51 -9999.0 -9999.0 -9999.0 -9999.0     5.2     0.73 C     8.0    -3.7    -0.6 -9999.0 -9999.0 -9999.0   0.191   0.135 -99.000 -99.000 -99.000     2.0     2.2 -9999.0 -9999.0 -9999.0
04237 20190209  2.623 -123.81   47.51 -9999.0 -9999.0 -9999.0 -9999.0     1.6     5.32 C    15.7    -9.4    -2.4 -9999.0 -9999.0 -9999.0   0.197   0.138 -99.000 -99.000 -99.000     2.1     2.3 -9999.0 -9999.0 -9999.0
04237 20190210  2.623 -123.81   47.51 -9999.0 -9999.0 -9999.0 -9999.0    17.8     1.81 C    27.5   -10.2    -1.5 -9999.0 -9999.0 -9999.0   0.199   0.139 -99.000 -99.000 -99.000     1.9     2.1 -9999.0 -9999.0 -9999.0
04237 20190211  2.623 -123.81   47.51 -9999.0 -9999.0 -9999.0 -9999.0    22.7     0.49 U -9999.0 -9999.0 -9999.0 -9999.0 -9999.0 -9999.0   0.203   0.145 -99.000 -99.000 -99.000     2.0     2.1 -9999.0 -9999.0 -9999.0
04237 20190212  2.623 -123.81   47.51 -9999.0 -9999.0 -9999.0 -9999.0    23.7     2.01 C    17.8    -1.9    -0.1 -9999.0 -9999.0 -9999.0   0.218   0.164 -99.000 -99.000 -99.000     1.7     1.8 -9999.0 -9999.0 -9999.0
04237 20190213  2.623 -123.81   47.51 -9999.0 -9999.0 -9999.0 -9999.0     1.8     5.33 C    18.7    -7.4    -1.1 -9999.0 -9999.0 -9999.0   0.214   0.153 -99.000 -99.000 -99.000     1.7     1.8 -9999.0 -9999.0 -9999.0
04237 20190214  2.623 -123.81   47.51 -9999.0 -9999.0 -9999.0 -9999.0     9.8     1.26 C    16.1    -5.6    -0.2 -9999.0 -9999.0 -9999.0   0.219   0.159 -99.000 -99.000 -99.000     1.7     1.7 -9999.0 -9999.0 -9999.0
04237 20190215  2.623 -123.81   47.51 -9999.0 -9999.0 -9999.0 -9999.0    13.5     3.80 C     7.9    -4.4     0.0 -9999.0 -9999.0 -9999.0   0.224   0.165 -99.000 -99.000 -99.000     1.5     1.6 -9999.0 -9999.0 -9999.0
04237 20190216  2.623 -123.81   47.51 -9999.0 -9999.0 -9999.0 -9999.0     0.0     3.99 C    18.0    -5.4    -0.1 -9999.0 -9999.0 -9999.0   0.214   0.154 -99.000 -99.000 -99.000     1.5     1.6 -9999.0 -9999.0 -9999.0
04237 20190217  2.623 -123.81   47.51 -9999.0 -9999.0 -9999.0 -9999.0     0.0     9.78 U -9999.0 -9999.0 -9999.0 -9999.0 -9999.0 -9999.0   0.216   0.155 -99.000 -99.000 -99.000     1.5     1.6 -9999.0 -9999.0 -9999.0
04237 20190218  2.623 -123.81   47.51 -9999.0 -9999.0 -9999.0 -9999.0     0.3     4.47 U -9999.0 -9999.0 -9999.0 -9999.0 -9999.0 -9999.0   0.214   0.155 -99.000 -99.000 -99.000     1.2     1.4 -9999.0 -9999.0 -9999.0
04237 20190219  2.623 -123.81   47.51     3.8     0.5     2.2     1.7    13.6     2.02 C     1.7     0.1     0.6    98.1    93.3    97.3   0.231   0.166 -99.000 -99.000 -99.000     1.4     1.5 -9999.0 -9999.0 -9999.0
04237 20190220  2.623 -123.81   47.51     6.0    -1.3     2.3     0.9     0.0     8.55 C     8.2    -4.4    -0.5    98.2    71.9    95.5   0.231   0.168 -99.000 -99.000 -99.000     1.5     1.5 -9999.0 -9999.0 -9999.0
04237 20190221  2.623 -123.81   47.51     6.7    -2.1     2.3     1.2     0.0     9.75 C    10.3    -5.6     0.1    97.4    54.2    88.5   0.234   0.162 -99.000 -99.000 -99.000     1.2     1.3 -9999.0 -9999.0 -9999.0
04237 20190222  2.623 -123.81   47.51     4.5    -0.4     2.0     0.9    22.1     4.18 C     1.7    -1.7     0.1    98.2    88.7    97.1   0.235   0.171 -99.000 -99.000 -99.000     1.1     1.2 -9999.0 -9999.0 -9999.0
04237 20190223  2.623 -123.81   47.51     3.9     0.0     2.0     1.5    13.6     3.94 C     2.2    -0.4     0.6    97.9    90.7    96.6   0.245   0.177 -99.000 -99.000 -99.000     1.3     1.3 -9999.0 -9999.0 -9999.0
04237 20190224  2.623 -123.81   47.51     6.2    -1.0     2.6     1.7     1.0     8.45 C    17.7    -2.6     2.7    98.2    75.1    94.8   0.234   0.169 -99.000 -99.000 -99.000     2.2     2.1 -9999.0 -9999.0 -9999.0
04237 20190225  2.623 -123.81   47.51     6.8    -2.7     2.0     0.6     3.0     8.08 C    13.5    -5.8     0.4    97.4    46.5    89.2   0.214   0.154 -99.000 -99.000 -99.000     1.9     1.9 -9999.0 -9999.0 -9999.0
04237 20190226  2.623 -123.81   47.51     6.5    -2.6     1.9     1.1     0.0    11.74 C    11.3    -7.7    -0.4    94.0    32.1    68.5   0.216   0.154 -99.000 -99.000 -99.000     2.3     2.2 -9999.0 -9999.0 -9999.0
04237 20190227  2.623 -123.81   47.51     2.3    -1.8     0.2     0.6     1.4     2.09 C     3.7    -5.0     0.1    96.8    46.8    82.4   0.207   0.149 -99.000 -99.000 -99.000     1.5     1.7 -9999.0 -9999.0 -9999.0
04237 20190228  2.623 -123.81   47.51     7.8    -2.2     2.8     1.2     0.2     9.41 C    13.3    -6.1     0.5    97.1    46.3    84.9   0.208   0.147 -99.000 -99.000 -99.000     2.1     2.0 -9999.0 -9999.0 -9999.0
04237 20190301  2.623 -123.81   47.51    10.7    -2.6     4.1     2.1     0.0    11.82 C    18.4    -5.3     2.0    96.7    38.1    82.7   0.201   0.143 -99.000 -99.000 -99.000     2.3     2.2 -9999.0 -9999.0 -9999.0
04237 20190302  2.623 -123.81   47.51    11.5    -1.7     4.9     3.4     0.0    11.75 C    20.2    -4.7     3.9    97.5    37.9    81.4   0.195   0.139 -99.000 -99.000 -99.000     2.8     2.7 -9999.0 -9999.0 -9999.0
04237 20190303  2.623 -123.81   47.51     9.6    -1.7     4.0     4.0     0.0     9.48 C    19.2    -4.0     4.0    93.7    32.3    68.8   0.191   0.135 -99.000 -99.000 -99.000     3.5     3.4 -9999.0 -9999.0 -9999.0
04237 20190304  2.623 -123.81   47.51     8.9    -3.0     2.9     1.4     0.0    13.45 C    19.8    -6.5     1.4    95.6    26.7    71.6   0.187   0.131 -99.000 -99.000 -99.000     3.1     3.2 -9999.0 -9999.0 -9999.0
04237 20190305  2.623 -123.81   47.51     9.1    -3.6     2.8     1.1     0.0    13.39 C    17.7    -8.0     0.4    90.9    25.9    67.9   0.183   0.128 -99.000 -99.000 -99.000     2.5     2.6 -9999.0 -9999.0 -9999.0
04237 20190306  2.623 -123.81   47.51     6.3    -3.3     1.5     0.4     0.0     4.45 C    11.6    -7.0    -0.6    93.0    52.0    79.5   0.180   0.125 -99.000 -99.000 -99.000     1.8     2.0 -9999.0 -9999.0 -9999.0
04237 20190307  2.623 -123.81   47.51     5.2    -1.6     1.8     0.9     5.5     8.82 C    11.9    -4.5     0.6    97.9    76.9    94.1   0.195   0.138 -99.000 -99.000 -99.000     2.1     2.1 -9999.0 -9999.0 -9999.0
04237 20190308  2.623 -123.81   47.51     7.2    -1.5     2.9     1.6     0.8    11.17 C    19.1    -3.1     3.0    97.0    62.1    89.3   0.206   0.147 -99.000 -99.000 -99.000     2.7     2.6 -9999.0 -9999.0 -9999.0
04237 20190309  2.623 -123.81   47.51     9.5    -2.6     3.4     2.1     0.0    14.90 C    18.1    -5.8     2.8    97.0    39.7    79.3   0.197   0.142 -99.000 -99.000 -99.000     3.1     3.0 -9999.0 -9999.0 -9999.0
04237 20190310  2.623 -123.81   47.51    11.1    -1.8     4.6     3.2     0.0    13.46 C    19.5    -4.5     3.2    96.5    34.7    75.5   0.190   0.136 -99.000 -99.000 -99.000     3.3     3.2 -9999.0 -9999.0 -9999.0
04237 20190311  2.623 -123.81   47.51     8.5    -0.5     4.0     2.6    27.9     3.51 C    11.4    -3.1     2.4    97.3    44.3    83.8   0.208   0.147 -99.000 -99.000 -99.000     3.0     3.1 -9999.0 -9999.0 -9999.0
04237 20190312  2.623 -123.81   47.51     8.7     0.0     4.3     2.9     2.4     9.84 C    18.2    -0.4     4.2    97.8    66.8    93.2   0.228   0.163 -99.000 -99.000 -99.000     3.6     3.5 -9999.0 -9999.0 -9999.0
04237 20190313  2.623 -123.81   47.51    11.0     0.0     5.5     4.3     0.0    14.46 C    21.9    -1.8     6.1    98.0    54.5    85.8   0.207   0.148 -99.000 -99.000 -99.000     4.7     4.4 -9999.0 -9999.0 -9999.0
04237 20190314  2.623 -123.81   47.51    11.9     1.5     6.7     5.9     0.0     7.62 C    18.5     0.4     7.0    96.8    48.0    82.2   0.198   0.141 -99.000 -99.000 -99.000     5.2     5.0 -9999.0 -9999.0 -9999.0
04237 20190315  2.623 -123.81   47.51    15.6     4.2     9.9     8.1     0.0    11.53 C    22.1     2.9     9.2    95.4    43.9    79.8   0.193   0.137 -99.000 -99.000 -99.000     6.3     6.0 -9999.0 -9999.0 -9999.0
04237 20190316  2.623 -123.81   47.51    17.9     3.5    10.7     8.7     0.0    12.11 C    25.0     0.9     9.0    95.0    35.3    76.0   0.189   0.133 -99.000 -99.000 -99.000     6.6     6.3 -9999.0 -9999.0 -9999.0
04237 20190317  2.623 -123.81   47.51    21.0     3.6    12.3     9.7     0.0    14.65 C    29.1     0.6     9.9    96.6    33.2    75.5   0.186   0.130 -99.000 -99.000 -99.000     7.1     6.8 -9999.0 -9999.0 -9999.0
04237 20190318  2.623 -123.81   47.51    25.4     3.4    14.4    12.7     0.0    15.45 C    31.3    -0.6    11.1    94.2    11.2    58.3   0.182   0.126 -99.000 -99.000 -99.000     7.5     7.2 -9999.0 -9999.0 -9999.0
04237 20190319  2.623 -123.81   47.51    25.4     4.5    14.9    14.5     0.0    15.23 C    31.4     0.9    12.6    81.6     9.9    45.8   0.177   0.123 -99.000 -99.000 -99.000     8.1     7.7 -9999.0 -9999.0 -9999.0
04237 20190320  2.623 -123.81   47.51    26.3     6.7    16.5    15.3     0.0    15.78 C    34.0     2.8    13.6    78.2    10.6    45.3   0.173   0.119 -99.000 -99.000 -99.000     8.7     8.3 -9999.0 -9999.0 -9999.0
04237 20190321  2.623 -123.81   47.51    13.3     5.2     9.3     8.9     0.3     6.20 C    24.0     2.0    10.5    96.7    67.6    84.9   0.169   0.116 -99.000 -99.000 -99.000     8.5     8.2 -9999.0 -9999.0 -9999.0
04237 20190322  2.623 -123.81   47.51    16.6     3.8    10.2     8.5     6.2     7.22 C    24.1     1.1     8.7    97.3    35.7    86.2   0.180   0.123 -99.000 -99.000 -99.000     8.1     7.9 -9999.0 -9999.0 -9999.0
04237 20190323  2.623 -123.81   47.51    12.4     3.2     7.8     7.2     0.0     9.40 C    20.6     1.0     7.9    97.8    60.9    87.9   0.201   0.143 -99.000 -99.000 -99.000     8.1     7.9 -9999.0 -9999.0 -9999.0
04237 20190324  2.623 -123.81   47.51    15.3     1.7     8.5     6.8     0.0    14.03 C    24.7    -0.5     7.5    97.9    47.9    83.7   0.190   0.135 -99.000 -99.000 -99.000     7.7     7.6 -9999.0 -9999.0 -9999.0
04237 20190325  2.623 -123.81   47.51    14.2     3.5     8.9     7.8    18.8     3.58 C    14.4     0.7     7.1    96.3    36.6    82.3   0.203   0.141 -99.000 -99.000 -99.000     7.3     7.3 -9999.0 -9999.0 -9999.0
04237 20190326  2.623 -123.81   47.51    13.3     4.1     8.7     7.2    10.4    14.81 C    22.5     2.5     9.2    96.5    43.3    81.8   0.227   0.161 -99.000 -99.000 -99.000     8.2     7.9 -9999.0 -9999.0 -9999.0
04237 20190327  2.623 -123.81   47.51    18.1     3.2    10.6    10.7     0.0    12.30 C    23.6    -0.1     9.3    83.9    15.6    49.3   0.199   0.142 -99.000 -99.000 -99.000     8.0     7.8 -9999.0 -9999.0 -9999.0
04237 20190328  2.623 -123.81   47.51    17.5     4.4    10.9    10.0     0.0    12.00 C    28.0     1.9    10.5    96.0    32.7    69.9   0.191   0.136 -99.000 -99.000 -99.000     8.7     8.4 -9999.0 -9999.0 -9999.0
04237 20190329  2.623 -123.81   47.51    17.7     2.4    10.1     8.1     0.5    11.62 C    29.8    -0.5     8.6    97.7    39.1    83.0   0.188   0.130 -99.000 -99.000 -99.000     8.4     8.2 -9999.0 -9999.0 -9999.0
04237 20190330  2.623 -123.81   47.51    16.5     3.4    10.0     8.7     0.8    13.18 C    27.3     0.7     9.0    97.6    49.9    85.0   0.187   0.127 -99.000 -99.000 -99.000     8.5     8.2 -9999.0 -9999.0 -9999.0
04237 20190331  2.623 -123.81   47.51    20.5     4.9    12.7    11.3     0.0    17.92 C    31.4     1.8    12.1    96.2    28.9    69.9   0.186   0.125 -99.000 -99.000 -99.000     9.3     8.9 -9999.0 -9999.0 -9999.0
04237 20190401  2.623 -123.81   47.51    20.8     6.2    13.5    11.5     0.0    14.57 C    34.2     3.2    12.7    90.1    27.0    69.2   0.183   0.122 -99.000 -99.000 -99.000     9.9     9.5 -9999.0 -9999.0 -9999.0
04237 20190402  2.623 -123.81   47.51    16.7     7.5    12.1    11.6     4.3     7.22 C    23.3     5.2    12.3    96.6    43.3    74.5   0.179   0.119 -99.000 -99.000 -99.000    10.1     9.7 -9999.0 -9999.0 -9999.0
04237 20190403  2.623 -123.81   47.51    10.5     7.0     8.8     8.9    26.2     1.45 C    12.2     5.2     9.5    97.2    95.1    96.3   0.242   0.169 -99.000 -99.000 -99.000     9.6     9.4 -9999.0 -9999.0 -9999.0
04237 20190404  2.623 -123.81   47.51    16.8     5.0    10.9     9.9     2.4    12.91 C    25.7     3.1    12.1    97.5    46.2    84.8   0.215   0.149 -99.000 -99.000 -99.000    10.2     9.7 -9999.0 -9999.0 -9999.0
04237 20190405  2.623 -123.81   47.51     9.9     6.6     8.2     8.6    28.3     3.03 C    14.4     6.9     9.6    96.6    90.3    95.1   0.244   0.169 -99.000 -99.000 -99.000    10.1     9.9 -9999.0 -9999.0 -9999.0
04237 20190406  2.623 -123.81   47.51    10.6     5.4     8.0     6.7    41.9     5.00 C    18.8     5.4     8.1    96.6    85.0    94.0   0.253   0.177 -99.000 -99.000 -99.000     9.1     9.0 -9999.0 -9999.0 -9999.0
04237 20190407  2.623 -123.81   47.51    14.0     4.7     9.3     8.2     2.6    15.83 C    25.9     4.1    11.4    96.6    51.7    85.5   0.225   0.157 -99.000 -99.000 -99.000    10.0     9.6 -9999.0 -9999.0 -9999.0
04237 20190408  2.623 -123.81   47.51    12.1     6.7     9.4     9.3    19.2     5.46 C    19.6     6.6    10.8    96.8    75.8    93.0   0.226   0.157 -99.000 -99.000 -99.000    10.4    10.1 -9999.0 -9999.0 -9999.0
04237 20190409  2.623 -123.81   47.51    10.3     5.7     8.0     7.8     0.2     6.37 C    15.3     4.2     9.6    97.4    74.2    92.4   0.217   0.154 -99.000 -99.000 -99.000    10.3    10.1 -9999.0 -9999.0 -9999.0
04237 20190410  2.623 -123.81   47.51    10.0     5.5     7.7     7.4    16.4     3.95 C    14.1     5.2     8.9    97.3    92.0    95.7   0.228   0.161 -99.000 -99.000 -99.000     9.8     9.7 -9999.0 -9999.0 -9999.0
04237 20190411  2.623 -123.81   47.51    10.6     6.3     8.4     8.2     9.1     5.70 C    16.3     6.9    10.1    97.2    89.9    95.1   0.233   0.164 -99.000 -99.000 -99.000    10.1     9.8 -9999.0 -9999.0 -9999.0
04237 20190412  2.623 -123.81   47.51    13.9     7.4    10.6     9.5     2.5    12.73 C    26.8     7.5    12.5    96.8    72.3    89.7   0.219   0.155 -99.000 -99.000 -99.000    11.3    10.8 -9999.0 -9999.0 -9999.0
04237 20190413  2.623 -123.81   47.51     9.7     5.2     7.4     6.8    28.6     4.85 C    17.7     5.6     8.8    96.8    87.0    94.8   0.236   0.166 -99.000 -99.000 -99.000    10.6    10.4 -9999.0 -9999.0 -9999.0
04237 20190414  2.623 -123.81   47.51     8.2     3.7     5.9     5.2    13.9     7.16 C    16.2     4.1     7.8    97.0    69.9    93.4   0.237   0.168 -99.000 -99.000 -99.000     9.8     9.7 -9999.0 -9999.0 -9999.0
04237 20190415  2.623 -123.81   47.51    12.7     2.5     7.6     7.4     0.0    14.86 C    22.0     1.7    10.0    97.4    46.8    81.2   0.213   0.151 -99.000 -99.000 -99.000    10.2     9.9 -9999.0 -9999.0 -9999.0
04237 20190416  2.623 -123.81   47.51    11.6     4.3     8.0     8.2    11.6     5.67 C    17.6     2.9     9.7    96.8    65.8    89.6   0.214   0.150 -99.000 -99.000 -99.000    10.2    10.1 -9999.0 -9999.0 -9999.0
04237 20190417  2.623 -123.81   47.51    14.7     7.6    11.1    10.2    12.6    12.01 C    24.7     8.0    13.1    96.9    79.8    92.2   0.234   0.166 -99.000 -99.000 -99.000    11.3    10.9 -9999.0 -9999.0 -9999.0
04237 20190418  2.623 -123.81   47.51    12.4     8.4    10.4    10.5    19.6     2.96 C    15.5     8.7    11.5    97.0    85.2    93.4   0.233   0.164 -99.000 -99.000 -99.000    11.4    11.1 -9999.0 -9999.0 -9999.0
04237 20190419  2.623 -123.81   47.51    14.5     8.3    11.4    11.0     4.5     8.22 C    20.6     7.5    13.1    97.0    82.7    94.0   0.227   0.160 -99.000 -99.000 -99.000    12.0    11.6 -9999.0 -9999.0 -9999.0
04237 20190420  2.623 -123.81   47.51    17.2     5.6    11.4    10.9     0.0    19.21 C    31.4     4.6    14.6    97.4    55.3    81.9   0.206   0.145 -99.000 -99.000 -99.000    13.0    12.5 -9999.0 -9999.0 -9999.0
04237 20190421  2.623 -123.81   47.51    13.2     5.5     9.3     9.0     0.0     9.38 C    22.3     4.6    11.6    96.5    61.1    82.7   0.196   0.137 -99.000 -99.000 -99.000    12.3    12.1 -9999.0 -9999.0 -9999.0
04237 20190422  2.623 -123.81   47.51     9.3     5.6     7.5     8.0    13.2     3.35 C    12.2     4.4     9.6    96.9    85.2    93.9   0.218   0.151 -99.000 -99.000 -99.000    11.3    11.2 -9999.0 -9999.0 -9999.0
04237 20190423  2.623 -123.81   47.51    13.3     4.0     8.6     9.3     3.0    11.74 C    25.1     3.0    12.0    97.1    69.5    87.5   0.223   0.157 -99.000 -99.000 -99.000    12.0    11.7 -9999.0 -9999.0 -9999.0
04237 20190424  2.623 -123.81   47.51    16.5     2.3     9.4     8.5     0.0    20.82 C    29.4     0.9    11.3    97.1    40.3    78.5   0.201   0.142 -99.000 -99.000 -99.000    11.9    11.6 -9999.0 -9999.0 -9999.0
04237 20190425  2.623 -123.81   47.51    18.3     4.7    11.5    10.8     0.0    16.76 C    28.4     2.4    13.3    96.8    45.2    75.1   0.191   0.134 -99.000 -99.000 -99.000    12.1    11.8 -9999.0 -9999.0 -9999.0
04237 20190426  2.623 -123.81   47.51    16.1     3.1     9.6     9.3     0.0    20.31 C    30.1     1.4    13.3    96.4    43.8    72.7   0.183   0.127 -99.000 -99.000 -99.000    12.6    12.2 -9999.0 -9999.0 -9999.0
04237 20190427  2.623 -123.81   47.51    12.0     3.0     7.5     7.2     1.3    14.75 C    22.5     1.5     9.2    95.7    48.1    74.5   0.178   0.122 -99.000 -99.000 -99.000    12.0    11.8 -9999.0 -9999.0 -9999.0
04237 20190428  2.623 -123.81   47.51    16.9     0.6     8.8     8.3     0.0    20.73 C    34.7    -1.0    10.9    95.7    33.9    69.8   0.174   0.119 -99.000 -99.000 -99.000    11.6    11.3 -9999.0 -9999.0 -9999.0
04237 20190429  2.623 -123.81   47.51    17.3     2.3     9.8     8.4     1.6    14.11 C    31.6     0.5     9.7    95.4    25.7    73.6   0.168   0.115 -99.000 -99.000 -99.000    11.2    11.1 -9999.0 -9999.0 -9999.0
04237 20190430  2.623 -123.81   47.51    19.7     1.1    10.4     9.6     0.0    20.52 C    34.4    -0.3    10.7    95.7    20.1    60.1   0.163   0.112 -99.000 -99.000 -99.000    11.3    11.0 -9999.0 -9999.0 -9999.0
04237 20190501  2.623 -123.81   47.51    15.5    -0.2     7.6     7.8     0.0    23.68 C    33.1    -1.8    11.9    93.0    40.9    70.9   0.157   0.109 -99.000 -99.000 -99.000    11.5    11.2 -9999.0 -9999.0 -9999.0
04237 20190502  2.623 -123.81   47.51    15.2     4.7    10.0     9.4     0.0    12.96 C    28.2     3.4    12.9    93.2    54.0    75.0   0.151   0.105 -99.000 -99.000 -99.000    12.0    11.7 -9999.0 -9999.0 -9999.0
04237 20190503  2.623 -123.81   47.51    16.7     3.6    10.2     9.6     0.0    21.04 C    32.8     2.3    14.0    95.7    53.0    78.8   0.144   0.101 -99.000 -99.000 -99.000    12.6    12.3 -9999.0 -9999.0 -9999.0
04237 20190504  2.623 -123.81   47.51    20.1     4.0    12.1    11.4     0.0    22.37 C    36.2     2.2    15.3    96.6    47.6    76.3   0.135   0.097 -99.000 -99.000 -99.000    13.1    12.7 -9999.0 -9999.0 -9999.0
04237 20190505  2.623 -123.81   47.51    21.1     6.7    13.9    11.7     0.0    18.08 C    37.2     5.5    16.1    97.0    46.9    81.3   0.128   0.093 -99.000 -99.000 -99.000    13.9    13.4 -9999.0 -9999.0 -9999.0
04237 20190506  2.623 -123.81   47.51    23.5     5.9    14.7    13.9     0.0    22.90 C    38.4     3.6    17.0    96.8    37.5    71.7   0.120   0.088 -99.000 -99.000 -99.000    14.2    13.7 -9999.0 -9999.0 -9999.0
04237 20190507  2.623 -123.81   47.51    22.1     6.7    14.4    13.1     0.0    20.47 C    38.2     4.9    17.8    96.5    43.4    77.2   0.110   0.082 -99.000 -99.000 -99.000    14.9    14.3 -9999.0 -9999.0 -9999.0
04237 20190508  2.623 -123.81   47.51    23.4     9.0    16.2    14.2     0.0    19.32 C    38.9     8.7    18.9    94.7    45.2    77.7   0.103   0.078 -99.000 -99.000 -99.000    15.5    14.9 -9999.0 -9999.0 -9999.0
04237 20190509  2.623 -123.81   47.51    28.9     7.7    18.3    17.4     0.0    22.08 C    42.0     5.5    20.0    95.5    20.5    62.3   0.095   0.072 -99.000 -99.000 -99.000    15.8    15.2 -9999.0 -9999.0 -9999.0
04237 20190510  2.623 -123.81   47.51    30.0    10.5    20.2    19.3     0.0    23.81 C    44.6     7.0    21.9    80.5    20.6    51.6   0.087   0.064 -99.000 -99.000 -99.000    16.6    15.9 -9999.0 -9999.0 -9999.0
04237 20190511  2.623 -123.81   47.51    21.4     9.5    15.4    13.6     0.0    22.19 C    37.9     7.1    19.4    94.3    55.1    78.1   0.080   0.057 -99.000 -99.000 -99.000    16.7    16.1 -9999.0 -9999.0 -9999.0
04237 20190512  2.623 -123.81   47.51    17.5     6.9    12.2    11.5     0.6    15.16 C    31.4     5.7    15.5    95.5    57.5    82.7   0.076   0.053 -99.000 -99.000 -99.000    16.1    15.8 -9999.0 -9999.0 -9999.0
04237 20190513  2.623 -123.81   47.51    17.4     6.7    12.1    11.3     0.0    15.05 C    32.7     5.5    15.9    94.9    51.1    77.6   0.073   0.050 -99.000 -99.000 -99.000    15.4    15.1 -9999.0 -9999.0 -9999.0
04237 20190514  2.623 -123.81   47.51    13.0     8.5    10.7    10.5    21.7     4.76 C    18.0     8.8    12.4    96.6    84.6    94.0   0.141   0.103 -99.000 -99.000 -99.000    14.5    14.3 -9999.0 -9999.0 -9999.0
04237 20190515  2.623 -123.81   47.51    16.9     5.8    11.3    11.5     7.9    12.71 C    26.0     4.7    13.8    97.3    62.2    90.6   0.185   0.136 -99.000 -99.000 -99.000    14.2    13.9 -9999.0 -9999.0 -9999.0
04237 20190516  2.623 -123.81   47.51    14.7     9.7    12.2    12.1     5.3     4.88 C    18.7     8.6    13.5    96.9    91.1    95.3   0.197   0.146 -99.000 -99.000 -99.000    14.2    13.9 -9999.0 -9999.0 -9999.0
04237 20190517  2.623 -123.81   47.51    14.7     9.2    11.9    10.6     4.3    10.50 C    25.7    10.1    13.6    96.3    61.2    88.1   0.188   0.139 -99.000 -99.000 -99.000    14.4    14.0 -9999.0 -9999.0 -9999.0
04237 20190518  2.623 -123.81   47.51    19.4     8.6    14.0    13.2     0.2    19.11 C    30.7     8.2    16.7    96.4    41.6    78.9   0.189   0.140 -99.000 -99.000 -99.000    15.2    14.7 -9999.0 -9999.0 -9999.0
04237 20190519  2.623 -123.81   47.51    15.6    10.4    13.0    12.3     4.1     7.33 C    22.5    11.0    14.5    96.3    78.1    93.0   0.185   0.135 -99.000 -99.000 -99.000    15.1    14.8 -9999.0 -9999.0 -9999.0
04237 20190520  2.623 -123.81   47.51    13.4     8.9    11.2    11.0     4.0     6.97 C    19.5     9.3    13.1    96.4    73.1    91.9   0.195   0.143 -99.000 -99.000 -99.000    14.6    14.3 -9999.0 -9999.0 -9999.0
04237 20190521  2.623 -123.81   47.51    19.3     7.6    13.5    11.9     2.0    16.62 C    33.2     7.3    15.0    97.0    52.6    87.0   0.191   0.141 -99.000 -99.000 -99.000    15.0    14.5 -9999.0 -9999.0 -9999.0
04237 20190522  2.623 -123.81   47.51    19.8     7.0    13.4    12.5     0.0    20.57 C    33.6     5.3    16.4    97.4    62.3    87.6   0.182   0.134 -99.000 -99.000 -99.000    15.6    15.0 -9999.0 -9999.0 -9999.0
04237 20190523  2.623 -123.81   47.51    21.1     9.9    15.5    14.4     0.0    24.09 C    37.2     8.3    19.9    95.9    60.0    82.2   0.168   0.123 -99.000 -99.000 -99.000    16.8    16.1 -9999.0 -9999.0 -9999.0
04237 20190524  2.623 -123.81   47.51    13.7     9.9    11.8    11.8     0.7     9.00 C    19.3    11.1    14.6    94.7    70.9    87.1   0.160   0.116 -99.000 -99.000 -99.000    16.0    15.7 -9999.0 -9999.0 -9999.0
04237 20190525  2.623 -123.81   47.51    11.3     8.0     9.7    10.5     4.3     4.20 C    15.9     6.8    12.4    96.6    90.9    94.4   0.173   0.121 -99.000 -99.000 -99.000    14.8    14.7 -9999.0 -9999.0 -9999.0
04237 20190526  2.623 -123.81   47.51    18.8     5.8    12.3    12.3     0.0    15.34 C    31.4     4.5    14.2    97.6    64.8    88.0   0.182   0.131 -99.000 -99.000 -99.000    14.6    14.3 -9999.0 -9999.0 -9999.0
04237 20190527  2.623 -123.81   47.51    17.1     9.8    13.5    13.4     0.0    14.91 C    27.5     7.9    16.3    96.4    68.6    86.3   0.171   0.124 -99.000 -99.000 -99.000    15.2    14.8 -9999.0 -9999.0 -9999.0
04237 20190528  2.623 -123.81   47.51    19.6    11.1    15.4    13.1     0.0    12.98 C    31.4    12.3    16.8    95.7    60.6    85.3   0.163   0.118 -99.000 -99.000 -99.000    15.8    15.3 -9999.0 -9999.0 -9999.0
04237 20190529  2.623 -123.81   47.51    18.2     9.0    13.6    12.9     0.4    21.80 C    34.7     8.7    18.1    95.9    66.5    85.0   0.156   0.112 -99.000 -99.000 -99.000    16.6    16.1 -9999.0 -9999.0 -9999.0
04237 20190530  2.623 -123.81   47.51    21.8     9.3    15.6    14.2     0.0    20.59 C    37.8    11.3    19.8    94.9    59.2    83.1   0.147   0.105 -99.000 -99.000 -99.000    17.2    16.6 -9999.0 -9999.0 -9999.0
04237 20190531  2.623 -123.81   47.51    23.0     9.2    16.1    14.7     0.0    20.72 C    39.1     8.2    19.8    95.5    55.1    82.0   0.145   0.099 -99.000 -99.000 -99.000    17.7    17.2 -9999.0 -9999.0 -9999.0
04237 20190601  2.623 -123.81   47.51    22.2     9.3    15.7    14.3     0.0    22.49 C    38.2     9.1    20.0    96.2    60.6    81.2   0.185   0.091 -99.000 -99.000 -99.000    17.8    17.3 -9999.0 -9999.0 -9999.0
04237 20190602  2.623 -123.81   47.51    20.7     9.4    15.1    13.0     0.0    17.33 C    37.5     8.3    18.0    95.5    51.3    81.3   0.178   0.085 -99.000 -99.000 -99.000    17.4    17.1 -9999.0 -9999.0 -9999.0
04237 20190603  2.623 -123.81   47.51    19.5     6.3    12.9    13.0     0.0    27.37 C    37.9     5.3    18.7    95.7    45.3    72.0   0.168   0.078 -99.000 -99.000 -99.000    17.6    17.1 -9999.0 -9999.0 -9999.0
04237 20190604  2.623 -123.81   47.51    20.7     5.0    12.9    12.2     0.0    26.22 C    38.0     3.7    18.0    96.2    42.1    71.2   0.157   0.070 -99.000 -99.000 -99.000    17.2    16.7 -9999.0 -9999.0 -9999.0
04237 20190605  2.623 -123.81   47.51    15.2     6.4    10.8    10.4     0.8     9.72 C    25.0     4.7    12.7    96.0    57.9    86.6   0.156   0.065 -99.000 -99.000 -99.000    16.1    16.0 -9999.0 -9999.0 -9999.0
04237 20190606  2.623 -123.81   47.51    16.7     4.8    10.8     9.7    12.1    18.42 C    35.2     3.0    13.8    96.5    49.9    84.7   0.176   0.077 -99.000 -99.000 -99.000    15.5    15.3 -9999.0 -9999.0 -9999.0
04237 20190607  2.623 -123.81   47.51    11.7     8.3    10.0     9.8    10.4     7.66 C    18.5     8.1    12.3    96.7    90.7    95.0   0.256   0.137 -99.000 -99.000 -99.000    14.9    14.7 -9999.0 -9999.0 -9999.0
04237 20190608  2.623 -123.81   47.51    17.0     6.0    11.5    11.1     0.0    19.49 C    30.3     4.9    14.4    97.3    63.8    86.4   0.239   0.132 -99.000 -99.000 -99.000    15.4    15.1 -9999.0 -9999.0 -9999.0
04237 20190609  2.623 -123.81   47.51    21.4     6.3    13.9    13.5     0.0    21.92 C    34.8     4.4    16.9    97.0    50.6    79.4   0.222   0.119 -99.000 -99.000 -99.000    15.9    15.5 -9999.0 -9999.0 -9999.0
04237 20190610  2.623 -123.81   47.51    26.7     9.5    18.1    17.0     0.0    22.37 C    40.8     8.5    21.0    95.9    47.0    77.1   0.209   0.109 -99.000 -99.000 -99.000    17.4    16.7 -9999.0 -9999.0 -9999.0
04237 20190611  2.623 -123.81   47.51    30.1    10.9    20.5    19.8     0.0    26.21 C    44.8     9.0    23.8    96.1    40.6    74.2   0.196   0.099 -99.000 -99.000 -99.000    18.7    17.9 -9999.0 -9999.0 -9999.0
04237 20190612  2.623 -123.81   47.51    33.1    13.8    23.4    21.8     0.0    22.94 C    46.2    12.5    25.1    91.4    31.1    67.8   0.184   0.089 -99.000 -99.000 -99.000    19.9    19.1 -9999.0 -9999.0 -9999.0
04237 20190613  2.623 -123.81   47.51    21.9     9.3    15.6    14.8     0.0    17.61 C    38.7     7.9    19.2    95.3    57.5    81.5   0.173   0.081 -99.000 -99.000 -99.000    19.1    18.7 -9999.0 -9999.0 -9999.0
04237 20190614  2.623 -123.81   47.51    19.6     9.2    14.4    14.0     0.0    23.58 C    38.0     8.3    20.4    94.8    60.4    78.4   0.164   0.075 -99.000 -99.000 -99.000    18.8    18.3 -9999.0 -9999.0 -9999.0
04237 20190615  2.623 -123.81   47.51    21.7     9.6    15.7    14.5     0.0    24.87 C    39.5     9.2    21.1    94.8    59.3    79.5   0.156   0.067 -99.000 -99.000 -99.000    19.4    18.8 -9999.0 -9999.0 -9999.0
04237 20190616  2.623 -123.81   47.51    24.0    10.8    17.4    15.6     0.0    22.72 C    40.0    10.3    21.6    94.6    54.6    79.0   0.148   0.060 -99.000 -99.000 -99.000    19.5    18.9 -9999.0 -9999.0 -9999.0
04237 20190617  2.623 -123.81   47.51    23.4    11.8    17.6    16.3     0.0    22.20 C    40.5    13.8    22.4    93.3    56.0    79.6   0.141   0.053 -99.000 -99.000 -99.000    19.9    19.2 -9999.0 -9999.0 -9999.0
04237 20190618  2.623 -123.81   47.51    21.7     8.4    15.1    15.4     0.0    21.65 C    39.6     7.7    20.6    93.0    47.6    72.5   0.135   0.060 -99.000 -99.000 -99.000    19.8    19.3 -9999.0 -9999.0 -9999.0
04237 20190619  2.623 -123.81   47.51    17.7     7.1    12.4    12.0     0.8    11.41 C    33.4     6.4    15.4    94.9    49.4    73.8   0.130   0.061 -99.000 -99.000 -99.000    17.9    17.7 -9999.0 -9999.0 -9999.0
04237 20190620  2.623 -123.81   47.51    19.5     8.7    14.1    13.0     0.4    25.82 C    39.5     8.6    18.7    96.1    50.9    76.8   0.127   0.057 -99.000 -99.000 -99.000    18.4    18.0 -9999.0 -9999.0 -9999.0
04237 20190621  2.623 -123.81   47.51    21.0     6.4    13.7    13.4     0.0    25.74 C    38.6     5.2    19.7    95.9    55.7    77.6   0.124   0.053 -99.000 -99.000 -99.000    18.5    18.0 -9999.0 -9999.0 -9999.0
04237 20190622  2.623 -123.81   47.51    21.0    11.2    16.1    14.9     0.0    19.32 C    41.0    10.9    20.6    91.2    51.8    75.6   0.121   0.049 -99.000 -99.000 -99.000    19.3    18.8 -9999.0 -9999.0 -9999.0
04237 20190623  2.623 -123.81   47.51    20.2     8.5    14.4    14.2     0.0    26.80 C    39.7     7.8    21.1    90.8    46.8    69.5   0.118   0.047 -99.000 -99.000 -99.000    19.6    19.0 -9999.0 -9999.0 -9999.0
04237 20190624  2.623 -123.81   47.51    20.9     6.0    13.4    13.0     0.0    27.67 C    40.2     4.6    19.0    95.1    44.1    72.0   0.114   0.044 -99.000 -99.000 -99.000    19.1    18.7 -9999.0 -9999.0 -9999.0
04237 20190625  2.623 -123.81   47.51    22.5     7.9    15.2    14.5     0.0    19.92 C    40.7     6.0    19.3    95.8    43.8    73.5   0.112   0.042 -99.000 -99.000 -99.000    18.9    18.4 -9999.0 -9999.0 -9999.0
04237 20190626  2.623 -123.81   47.51    19.9    11.6    15.7    14.6     8.4    13.46 C    35.1    11.5    18.0    96.3    55.7    83.9   0.127   0.058 -99.000 -99.000 -99.000    18.6    18.3 -9999.0 -9999.0 -9999.0
04237 20190627  2.623 -123.81   47.51    16.5    11.4    13.9    13.4    16.0    12.56 C    24.0    11.6    16.4    96.3    75.3    90.3   0.216   0.135 -99.000 -99.000 -99.000    17.7    17.4 -9999.0 -9999.0 -9999.0
04237 20190628  2.623 -123.81   47.51    18.7     9.7    14.2    13.5     0.2    14.48 C    28.2     9.5    16.4    96.7    65.4    86.8   0.211   0.135 -99.000 -99.000 -99.000    17.7    17.4 -9999.0 -9999.0 -9999.0
04237 20190629  2.623 -123.81   47.51    23.5     9.4    16.4    15.3     0.0    22.72 C    37.3     8.5    19.1    96.5    45.9    76.7   0.190   0.121 -99.000 -99.000 -99.000    18.2    17.8 -9999.0 -9999.0 -9999.0
04237 20190630  2.623 -123.81   47.51    24.9    10.0    17.5    16.8     0.0    26.50 C    40.3     8.3    21.1    96.1    45.6    73.8   0.176   0.109 -99.000 -99.000 -99.000    18.9    18.3 -9999.0 -9999.0 -9999.0
04237 20190701  2.623 -123.81   47.51    21.4    10.0    15.7    14.5     0.0    17.78 C    36.7     8.5    19.0    96.7    60.5    82.7   0.164   0.099 -99.000 -99.000 -99.000    18.6    18.2 -9999.0 -9999.0 -9999.0
04237 20190702  2.623 -123.81   47.51    16.0    12.5    14.3    14.3     0.5     6.43 C    22.2    12.0    16.6    94.2    70.2    85.7   0.157   0.093 -99.000 -99.000 -99.000    18.0    17.8 -9999.0 -9999.0 -9999.0
04237 20190703  2.623 -123.81   47.51    22.9    12.5    17.7    16.0     0.0    18.30 C    39.7    11.9    20.8    94.3    54.7    78.9   0.152   0.088 -99.000 -99.000 -99.000    18.7    18.1 -9999.0 -9999.0 -9999.0
04237 20190704  2.623 -123.81   47.51    18.9    10.8    14.8    15.1     0.0    15.02 C    33.4     9.7    19.5    94.8    68.6    81.3   0.144   0.082 -99.000 -99.000 -99.000    18.6    18.2 -9999.0 -9999.0 -9999.0
04237 20190705  2.623 -123.81   47.51    18.5    13.0    15.8    15.0     0.8    10.53 C    30.9    14.3    18.1    95.4    68.4    84.9   0.140   0.078 -99.000 -99.000 -99.000    18.4    18.1 -9999.0 -9999.0 -9999.0
04237 20190706  2.623 -123.81   47.51    19.7    11.9    15.8    15.4     0.0    14.33 C    37.7    11.8    19.2    94.3    57.1    77.6   0.136   0.074 -99.000 -99.000 -99.000    18.3    17.9 -9999.0 -9999.0 -9999.0
04237 20190707  2.623 -123.81   47.51    18.4    11.3    14.9    14.8     0.3     7.98 C    25.5    10.0    17.2    95.0    67.9    85.5   0.133   0.071 -99.000 -99.000 -99.000    17.7    17.5 -9999.0 -9999.0 -9999.0
04237 20190708  2.623 -123.81   47.51    21.0    11.7    16.3    16.3     0.0    18.00 C    39.1    10.0    20.4    95.4    59.3    79.6   0.130   0.068 -99.000 -99.000 -99.000    18.5    18.1 -9999.0 -9999.0 -9999.0
04237 20190709  2.623 -123.81   47.51    21.3    10.9    16.1    15.7     9.8     9.34 C    28.6     9.1    17.4    96.1    64.0    88.6   0.140   0.076 -99.000 -99.000 -99.000    17.8    17.5 -9999.0 -9999.0 -9999.0
04237 20190710  2.623 -123.81   47.51    17.9    14.9    16.4    16.1    29.6     6.61 C    22.0    15.3    17.8    96.4    93.4    95.6   0.242   0.160 -99.000 -99.000 -99.000    17.9    17.5 -9999.0 -9999.0 -9999.0
04237 20190711  2.623 -123.81   47.51    20.9    12.3    16.6    16.4     0.4    13.31 C    32.3    10.5    18.8    96.3    61.8    89.3   0.232   0.154 -99.000 -99.000 -99.000    18.5    18.1 -9999.0 -9999.0 -9999.0
04237 20190712  2.623 -123.81   47.51    25.4    11.0    18.2    16.8     0.0    20.52 C    38.9     9.4    20.0    96.6    51.7    82.4   0.212   0.139 -99.000 -99.000 -99.000    18.8    18.3 -9999.0 -9999.0 -9999.0
04237 20190713  2.623 -123.81   47.51    23.9    12.1    18.0    16.9     0.0    23.10 C    39.9    11.2    21.6    96.1    53.1    80.0   0.199   0.129 -99.000 -99.000 -99.000    19.5    18.9 -9999.0 -9999.0 -9999.0
04237 20190714  2.623 -123.81   47.51    25.5    11.0    18.3    17.5     0.0    24.92 C    40.3     9.4    22.4    96.1    46.6    76.3   0.189   0.119 -99.000 -99.000 -99.000    19.7    19.1 -9999.0 -9999.0 -9999.0
04237 20190715  2.623 -123.81   47.51    21.0    13.3    17.1    17.2     0.0     9.35 C    30.1    11.8    19.6    95.1    63.8    84.0   0.182   0.113 -99.000 -99.000 -99.000    19.4    19.1 -9999.0 -9999.0 -9999.0
04237 20190716  2.623 -123.81   47.51    24.7    12.5    18.6    17.6     0.0    18.01 C    40.8    11.0    21.5    96.1    49.2    79.4   0.176   0.108 -99.000 -99.000 -99.000    19.4    19.0 -9999.0 -9999.0 -9999.0
04237 20190717  2.623 -123.81   47.51    17.4    13.4    15.4    15.5    38.2     5.53 C    21.3    14.1    17.4    96.0    89.5    95.2   0.236   0.158 -99.000 -99.000 -99.000    18.7    18.5 -9999.0 -9999.0 -9999.0
04237 20190718  2.623 -123.81   47.51    19.2     9.3    14.3    13.9     0.0    13.93 C    29.5     8.2    16.2    96.8    63.2    86.5   0.236   0.157 -99.000 -99.000 -99.000    18.1    17.9 -9999.0 -9999.0 -9999.0
04237 20190719  2.623 -123.81   47.51    22.3     7.7    15.0    14.2     0.0    21.10 C    36.5     5.8    17.1    96.8    47.2    78.9   0.224   0.146 -99.000 -99.000 -99.000    17.8    17.5 -9999.0 -9999.0 -9999.0
04237 20190720  2.623 -123.81   47.51    25.8     9.9    17.8    16.8     0.0    24.92 C    39.2     8.2    20.0    95.8    41.0    73.7   0.213   0.137 -99.000 -99.000 -99.000    18.5    18.1 -9999.0 -9999.0 -9999.0
04237 20190721  2.623 -123.81   47.51    27.4    11.0    19.2    17.9     0.0    24.62 C    40.8     8.9    21.2    95.8    39.8    71.9   0.203   0.128 -99.000 -99.000 -99.000    19.1    18.6 -9999.0 -9999.0 -9999.0
04237 20190722  2.623 -123.81   47.51    24.2     9.6    16.9    16.1     0.0    22.62 C    39.5     8.2    20.1    96.1    51.5    79.0   0.194   0.119 -99.000 -99.000 -99.000    19.1    18.7 -9999.0 -9999.0 -9999.0
04237 20190723  2.623 -123.81   47.51    22.0    11.3    16.6    16.2     0.0    14.91 C    36.5    10.2    19.9    94.6    56.5    78.6   0.188   0.113 -99.000 -99.000 -99.000    19.2    18.8 -9999.0 -9999.0 -9999.0
04237 20190724  2.623 -123.81   47.51    23.9    10.2    17.1    16.0     0.0    17.67 C    37.7     8.5    19.2    94.9    47.1    75.4   0.182   0.107 -99.000 -99.000 -99.000    18.8    18.4 -9999.0 -9999.0 -9999.0
04237 20190725  2.623 -123.81   47.51    27.8    11.5    19.6    18.6     0.0    23.97 C    41.2     9.1    21.8    94.6    37.5    71.7   0.174   0.099 -99.000 -99.000 -99.000    19.3    18.8 -9999.0 -9999.0 -9999.0
04237 20190726  2.623 -123.81   47.51    25.9    11.5    18.7    18.2     0.5    23.68 C    40.4     9.3    22.4    95.8    54.2    78.6   0.166   0.092 -99.000 -99.000 -99.000    19.8    19.3 -9999.0 -9999.0 -9999.0
04237 20190727  2.623 -123.81   47.51    22.9    11.8    17.4    17.0     5.9    16.14 C    35.2    10.5    19.8    96.3    57.7    83.9   0.194   0.124 -99.000 -99.000 -99.000    20.0    19.5 -9999.0 -9999.0 -9999.0
04237 20190728  2.623 -123.81   47.51    25.3    10.5    17.9    16.9     0.0    24.09 C    39.5     9.0    20.4    96.1    46.5    77.1   0.187   0.114 -99.000 -99.000 -99.000    19.5    19.1 -9999.0 -9999.0 -9999.0
04237 20190729  2.623 -123.81   47.51    22.8    10.9    16.8    15.2     0.0    16.14 C    36.3     9.8    18.6    96.3    56.6    83.7   0.177   0.105 -99.000 -99.000 -99.000    19.2    18.9 -9999.0 -9999.0 -9999.0
04237 20190730  2.623 -123.81   47.51    23.6    10.6    17.1    16.3     0.0    22.41 C    37.3     8.9    20.6    95.4    49.8    76.5   0.169   0.097 -99.000 -99.000 -99.000    19.4    19.0 -9999.0 -9999.0 -9999.0
04237 20190731  2.623 -123.81   47.51    26.0    10.9    18.5    17.4     0.0    16.61 C    38.2     9.8    20.7    95.6    48.5    78.6   0.162   0.089 -99.000 -99.000 -99.000    19.4    19.0 -9999.0 -9999.0 -9999.0
04237 20190801  2.623 -123.81   47.51    25.4    15.2    20.3    19.1    18.7    19.75 C    39.7    15.8    23.8    95.8    52.2    76.7   0.165   0.090 -99.000 -99.000 -99.000    20.4    19.8 -9999.0 -9999.0 -9999.0
04237 20190802  2.623 -123.81   47.51    23.8    13.0    18.4    18.1    18.2    21.40 C    34.6    11.8    21.6    96.2    61.3    86.9   0.245   0.165 -99.000 -99.000 -99.000    20.5    20.0 -9999.0 -9999.0 -9999.0
04237 20190803  2.623 -123.81   47.51    26.1    11.5    18.8    17.5     0.0    22.58 C    37.7     9.8    20.6    96.7    44.7    80.7   0.218   0.144 -99.000 -99.000 -99.000    20.1    19.7 -9999.0 -9999.0 -9999.0
04237 20190804  2.623 -123.81   47.51    29.1    12.1    20.6    19.1     0.0    22.75 C    40.4     9.9    21.7    95.7    38.7    74.1   0.206   0.131 -99.000 -99.000 -99.000    20.1    19.6 -9999.0 -9999.0 -9999.0
04237 20190805  2.623 -123.81   47.51    24.5    12.7    18.6    16.8     0.0    17.78 C    36.9    11.3    20.8    96.2    60.2    84.7   0.197   0.122 -99.000 -99.000 -99.000    20.1    19.8 -9999.0 -9999.0 -9999.0
04237 20190806  2.623 -123.81   47.51    23.9    14.0    19.0    16.8     0.0    15.74 C    35.8    14.1    20.8    95.5    62.0    85.5   0.190   0.117 -99.000 -99.000 -99.000    20.2    19.8 -9999.0 -9999.0 -9999.0
04237 20190807  2.623 -123.81   47.51    20.4    14.0    17.2    16.2     0.3    12.27 C    30.0    15.5    20.1    95.4    72.4    86.0   0.186   0.112 -99.000 -99.000 -99.000    19.9    19.6 -9999.0 -9999.0 -9999.0
04237 20190808  2.623 -123.81   47.51    18.3    14.1    16.2    16.0     0.6     8.66 C    24.1    15.3    18.6    95.7    77.6    88.1   0.183   0.110 -99.000 -99.000 -99.000    19.5    19.2 -9999.0 -9999.0 -9999.0
04237 20190809  2.623 -123.81   47.51    21.6    14.0    17.8    17.3     0.0    14.52 C    33.2    14.3    21.3    94.5    63.1    79.8   0.179   0.106 -99.000 -99.000 -99.000    19.7    19.3 -9999.0 -9999.0 -9999.0
04237 20190810  2.623 -123.81   47.51    19.7    14.0    16.8    15.8     6.1     8.12 C    26.7    13.1    17.7    96.0    76.2    92.5   0.198   0.130 -99.000 -99.000 -99.000    19.2    19.0 -9999.0 -9999.0 -9999.0
04237 20190811  2.623 -123.81   47.51    18.8    11.5    15.2    15.5    16.5     7.23 C    24.9    10.5    17.0    96.6    70.4    92.4   0.226   0.152 -99.000 -99.000 -99.000    18.5    18.3 -9999.0 -9999.0 -9999.0
04237 20190812  2.623 -123.81   47.51    24.3    14.6    19.5    17.8     0.0    19.02 C    33.8    15.0    20.8    96.4    53.1    85.2   0.243   0.164 -99.000 -99.000 -99.000    19.6    19.1 -9999.0 -9999.0 -9999.0
04237 20190813  2.623 -123.81   47.51    27.7    14.4    21.0    19.5     0.0    19.67 C    38.8    13.3    21.9    95.6    41.3    77.5   0.225   0.149 -99.000 -99.000 -99.000    20.1    19.7 -9999.0 -9999.0 -9999.0
04237 20190814  2.623 -123.81   47.51    27.0    12.5    19.7    18.2     0.0    18.90 C    39.5    11.1    20.8    95.9    47.5    79.5   0.212   0.138 -99.000 -99.000 -99.000    19.9    19.5 -9999.0 -9999.0 -9999.0
04237 20190815  2.623 -123.81   47.51    23.7    13.9    18.8    17.4     0.0    17.09 C    35.6    12.9    21.1    95.7    62.2    84.1   0.204   0.131 -99.000 -99.000 -99.000    20.2    19.8 -9999.0 -9999.0 -9999.0
04237 20190816  2.623 -123.81   47.51    21.8    12.2    17.0    16.6     0.0    17.27 C    35.4    10.7    20.7    94.9    59.2    79.7   0.197   0.124 -99.000 -99.000 -99.000    20.0    19.7 -9999.0 -9999.0 -9999.0
04237 20190817  2.623 -123.81   47.51    21.8    14.7    18.3    17.1     0.0    15.90 C    34.6    16.0    21.5    92.1    62.1    80.9   0.190   0.118 -99.000 -99.000 -99.000    20.2    19.8 -9999.0 -9999.0 -9999.0
04237 20190818  2.623 -123.81   47.51    22.1    12.0    17.0    16.6     0.0    15.42 C    34.9    10.8    20.1    94.4    57.6    81.3   0.183   0.112 -99.000 -99.000 -99.000    20.2    19.8 -9999.0 -9999.0 -9999.0
04237 20190819  2.623 -123.81   47.51    24.0    11.8    17.9    17.0     0.0    17.78 C    35.5    10.2    20.2    94.4    48.4    76.9   0.177   0.106 -99.000 -99.000 -99.000    20.0    19.6 -9999.0 -9999.0 -9999.0
04237 20190820  2.623 -123.81   47.51    25.4    10.9    18.1    17.1     0.6    17.54 C    36.2     8.2    19.4    96.2    54.4    78.4   0.171   0.100 -99.000 -99.000 -99.000    19.4    19.1 -9999.0 -9999.0 -9999.0
04237 20190821  2.623 -123.81   47.51    19.2    12.0    15.6    15.7    26.8     6.43 C    25.0    11.0    17.3    96.7    87.9    94.6   0.245   0.167 -99.000 -99.000 -99.000    18.9    18.7 -9999.0 -9999.0 -9999.0
04237 20190822  2.623 -123.81   47.51    22.1    11.5    16.8    15.4     0.6    18.23 C    30.4    11.2    18.6    96.6    59.9    86.8   0.239   0.159 -99.000 -99.000 -99.000    19.1    18.8 -9999.0 -9999.0 -9999.0
04237 20190823  2.623 -123.81   47.51    22.7    11.3    17.0    15.4     0.0    13.32 C    29.8    10.6    18.1    96.5    61.6    84.9   0.226   0.149 -99.000 -99.000 -99.000    18.9    18.7 -9999.0 -9999.0 -9999.0
04237 20190824  2.623 -123.81   47.51    23.0    12.3    17.7    16.1     0.0    15.11 C    35.2    11.7    18.9    95.2    56.9    83.7   0.217   0.141 -99.000 -99.000 -99.000    19.1    18.8 -9999.0 -9999.0 -9999.0
04237 20190825  2.623 -123.81   47.51    22.9    10.3    16.6    15.5     0.0    19.73 C    34.0     8.8    18.4    95.9    54.4    80.4   0.208   0.134 -99.000 -99.000 -99.000    19.1    18.8 -9999.0 -9999.0 -9999.0
04237 20190826  2.623 -123.81   47.51    25.1     8.7    16.9    15.9     0.2    18.75 C    35.0     6.9    17.5    96.4    48.9    80.1   0.199   0.126 -99.000 -99.000 -99.000    18.4    18.2 -9999.0 -9999.0 -9999.0
04237 20190827  2.623 -123.81   47.51    30.9    10.0    20.4    18.3     0.2    18.81 C    38.1     8.2    19.3    95.4    33.1    74.4   0.191   0.119 -99.000 -99.000 -99.000    18.6    18.3 -9999.0 -9999.0 -9999.0
04237 20190828  2.623 -123.81   47.51    30.9    12.2    21.5    19.4     0.2    18.23 C    38.4     9.5    20.2    94.1    33.6    74.1   0.183   0.112 -99.000 -99.000 -99.000    19.0    18.6 -9999.0 -9999.0 -9999.0
04237 20190829  2.623 -123.81   47.51    23.3    14.7    19.0    17.5     0.8    13.64 C    35.0    15.7    20.5    95.0    57.8    84.8   0.177   0.107 -99.000 -99.000 -99.000    19.5    19.1 -9999.0 -9999.0 -9999.0
04237 20190830  2.623 -123.81   47.51    20.6    14.8    17.7    17.4     0.4     5.85 C    23.7    13.6    18.6    95.5    70.4    88.7   0.175   0.105 -99.000 -99.000 -99.000    19.1    18.8 -9999.0 -9999.0 -9999.0
04237 20190831  2.623 -123.81   47.51    19.2    12.9    16.1    16.2     3.2     6.18 C    23.5    11.4    17.2    96.5    82.8    93.1   0.178   0.108 -99.000 -99.000 -99.000    18.6    18.4 -9999.0 -9999.0 -9999.0
04237 20190901  2.623 -123.81   47.51    21.4    12.4    16.9    16.4     0.2    12.43 C    29.1    11.3    18.2    96.6    68.8    89.8   0.180   0.112 -99.000 -99.000 -99.000    18.5    18.2 -9999.0 -9999.0 -9999.0
04237 20190902  2.623 -123.81   47.51    25.0    12.7    18.9    18.0     0.0    18.15 C    34.1    10.9    19.5    96.2    55.5    82.3   0.178   0.109 -99.000 -99.000 -99.000    19.0    18.6 -9999.0 -9999.0 -9999.0
04237 20190903  2.623 -123.81   47.51    19.8    13.4    16.6    15.6     0.0     6.56 C    25.7    11.8    16.9    96.3    72.7    90.9   0.176   0.105 -99.000 -99.000 -99.000    18.5    18.3 -9999.0 -9999.0 -9999.0
04237 20190904  2.623 -123.81   47.51    22.2    12.2    17.2    16.2     0.0    12.75 C    30.6     9.9    17.7    95.6    63.8    86.8   0.174   0.103 -99.000 -99.000 -99.000    18.4    18.1 -9999.0 -9999.0 -9999.0
04237 20190905  2.623 -123.81   47.51    27.3    11.8    19.6    17.9     0.0    15.46 C    34.9     8.9    18.4    96.8    47.1    82.8   0.171   0.098 -99.000 -99.000 -99.000    18.2    17.9 -9999.0 -9999.0 -9999.0
04237 20190906  2.623 -123.81   47.51    18.4    13.8    16.1    15.9     0.6     5.35 C    23.7    11.6    17.2    96.0    80.2    90.4   0.169   0.095 -99.000 -99.000 -99.000    18.0    17.8 -9999.0 -9999.0 -9999.0
04237 20190907  2.623 -123.81   47.51    20.0    13.7    16.8    15.6     1.7     6.93 C    26.8    12.7    17.2    96.1    73.2    89.7   0.168   0.096 -99.000 -99.000 -99.000    18.0    17.8 -9999.0 -9999.0 -9999.0
04237 20190908  2.623 -123.81   47.51    17.9    13.2    15.6    15.2     9.1     7.29 C    23.4    13.3    16.8    96.2    87.7    94.3   0.197   0.128 -99.000 -99.000 -99.000    17.8    17.6 -9999.0 -9999.0 -9999.0
04237 20190909  2.623 -123.81   47.51    18.2    12.2    15.2    14.7     5.3     6.28 C    25.0    11.3    15.9    96.6    86.2    94.9   0.232   0.154 -99.000 -99.000 -99.000    17.6    17.3 -9999.0 -9999.0 -9999.0
04237 20190910  2.623 -123.81   47.51    20.5     9.9    15.2    14.4     0.0    13.11 C    29.0     9.9    16.4    96.6    66.7    90.6   0.230   0.153 -99.000 -99.000 -99.000    17.5    17.2 -9999.0 -9999.0 -9999.0
04237 20190911  2.623 -123.81   47.51    20.8    12.7    16.8    15.7     0.0    11.95 C    27.2    11.6    17.5    96.1    63.0    86.7   0.220   0.145 -99.000 -99.000 -99.000    17.8    17.5 -9999.0 -9999.0 -9999.0
04237 20190912  2.623 -123.81   47.51    20.1    12.2    16.1    15.5    35.5     5.37 C    24.0    11.2    16.4    96.2    66.6    90.7   0.233   0.155 -99.000 -99.000 -99.000    17.3    17.1 -9999.0 -9999.0 -9999.0
04237 20190913  2.623 -123.81   47.51    17.8    13.6    15.7    15.4    20.5     4.96 C    22.6    13.0    16.6    96.4    88.4    95.2   0.269   0.184 -99.000 -99.000 -99.000    17.2    17.0 -9999.0 -9999.0 -9999.0
04237 20190914  2.623 -123.81   47.51    16.5    14.1    15.3    14.8    56.9     2.59 C    18.9    14.2    15.7    96.3    92.7    95.7   0.278   0.192 -99.000 -99.000 -99.000    16.9    16.8 -9999.0 -9999.0 -9999.0
04237 20190915  2.623 -123.81   47.51    16.8    11.5    14.1    14.1    16.6     7.94 C    24.3    10.5    15.6    96.3    80.0    93.9   0.268   0.185 -99.000 -99.000 -99.000    16.7    16.5 -9999.0 -9999.0 -9999.0
04237 20190916  2.623 -123.81   47.51    17.0    10.6    13.8    12.7    10.8     8.39 C    23.9     9.9    14.2    96.3    67.5    93.3   0.264   0.181 -99.000 -99.000 -99.000    16.4    16.2 -9999.0 -9999.0 -9999.0
04237 20190917  2.623 -123.81   47.51    16.4    11.8    14.1    13.3    24.7     4.93 C    21.0    12.2    14.5    96.0    87.1    94.8   0.277   0.191 -99.000 -99.000 -99.000    16.1    16.0 -9999.0 -9999.0 -9999.0
04237 20190918  2.623 -123.81   47.51    18.8     8.7    13.8    13.0     3.1    14.78 C    26.9     7.4    14.2    96.8    66.6    90.7   0.258   0.175 -99.000 -99.000 -99.000    16.1    15.9 -9999.0 -9999.0 -9999.0
04237 20190919  2.623 -123.81   47.51    18.1     9.5    13.8    13.6     0.0     9.32 C    22.9     7.8    14.6    96.7    73.4    91.1   0.250   0.169 -99.000 -99.000 -99.000    15.9    15.7 -9999.0 -9999.0 -9999.0
04237 20190920  2.623 -123.81   47.51    19.3    11.7    15.5    14.8     0.0     9.41 C    24.8    11.0    16.4    96.2    68.7    89.1   0.242   0.162 -99.000 -99.000 -99.000    16.5    16.3 -9999.0 -9999.0 -9999.0
04237 20190921  2.623 -123.81   47.51    18.7    10.6    14.7    15.0     0.2     7.83 C    24.2     8.9    16.4    96.1    64.9    88.0   0.236   0.155 -99.000 -99.000 -99.000    16.6    16.4 -9999.0 -9999.0 -9999.0
04237 20190922  2.623 -123.81   47.51    16.8    12.8    14.8    14.4    28.7     3.32 C    20.2    12.1    15.3    96.7    92.9    95.4   0.265   0.180 -99.000 -99.000 -99.000    16.4    16.2 -9999.0 -9999.0 -9999.0
04237 20190923  2.623 -123.81   47.51    13.4    10.6    12.0    12.3    23.5     2.87 C    15.7     9.5    13.0    96.6    91.2    95.1   0.268   0.184 -99.000 -99.000 -99.000    15.6    15.5 -9999.0 -9999.0 -9999.0
04237 20190924  2.623 -123.81   47.51    19.4     9.1    14.3    13.8     0.5    11.93 C    27.0     7.2    15.0    96.6    67.1    91.6   0.259   0.177 -99.000 -99.000 -99.000    16.0    15.8 -9999.0 -9999.0 -9999.0
04237 20190925  2.623 -123.81   47.51    19.0     7.7    13.3    13.0     0.0    12.21 C    24.2     5.5    13.9    97.0    54.7    85.5   0.243   0.164 -99.000 -99.000 -99.000    15.4    15.2 -9999.0 -9999.0 -9999.0
04237 20190926  2.623 -123.81   47.51    19.4    10.7    15.1    14.6    12.7    14.77 C    25.6     9.7    17.0    96.4    69.4    88.6   0.260   0.178 -99.000 -99.000 -99.000    16.5    16.1 -9999.0 -9999.0 -9999.0
04237 20190927  2.623 -123.81   47.51    16.2     6.3    11.3     9.7     0.4    10.88 C    23.9     5.1    10.6    96.8    50.0    83.8   0.244   0.164 -99.000 -99.000 -99.000    15.2    15.2 -9999.0 -9999.0 -9999.0
04237 20190928  2.623 -123.81   47.51    16.3     4.3    10.3     8.2     0.0    11.20 C    22.2     3.0     8.7    96.6    35.9    81.8   0.235   0.156 -99.000 -99.000 -99.000    13.9    14.0 -9999.0 -9999.0 -9999.0
04237 20190929  2.623 -123.81   47.51    12.1     3.0     7.6     7.3     0.0     5.68 C    15.3     1.1     7.2    95.4    45.3    80.9   0.229   0.150 -99.000 -99.000 -99.000    12.8    13.0 -9999.0 -9999.0 -9999.0
04237 20190930  2.623 -123.81   47.51    15.8     2.2     9.0     7.9     0.0    14.27 C    21.6     0.2     8.2    96.1    37.9    77.4   0.223   0.145 -99.000 -99.000 -99.000    12.3    12.4 -9999.0 -9999.0 -9999.0
04237 20191001  2.623 -123.81   47.51    16.9     3.8    10.3     9.0     0.0    13.54 C    21.9     1.5     9.0    95.6    46.2    80.6   0.217   0.139 -99.000 -99.000 -99.000    12.3    12.4 -9999.0 -9999.0 -9999.0
04237 20191002  2.623 -123.81   47.51    15.7     5.3    10.5    10.0     0.3     5.98 C    17.4     2.7     9.8    96.5    44.3    80.0   0.213   0.135 -99.000 -99.000 -99.000    12.2    12.2 -9999.0 -9999.0 -9999.0
04237 20191003  2.623 -123.81   47.51    11.5     8.5    10.0     9.1    21.4     3.65 C    14.6     8.8    10.1    96.5    87.5    94.4   0.251   0.167 -99.000 -99.000 -99.000    12.4    12.4 -9999.0 -9999.0 -9999.0
04237 20191004  2.623 -123.81   47.51    12.9     8.4    10.7     9.8    21.6     5.75 C    19.0     8.1    10.9    96.7    85.2    95.0   0.273   0.187 -99.000 -99.000 -99.000    12.5    12.4 -9999.0 -9999.0 -9999.0
04237 20191005  2.623 -123.81   47.51    16.2     8.0    12.1    10.7     0.5     7.22 C    21.8     5.8    11.2    96.8    71.3    92.6   0.253   0.169 -99.000 -99.000 -99.000    12.7    12.6 -9999.0 -9999.0 -9999.0
04237 20191006  2.623 -123.81   47.51    18.0     6.8    12.4    11.1     0.0    11.64 C    21.9     4.7    10.7    97.1    53.3    86.3   0.243   0.162 -99.000 -99.000 -99.000    12.5    12.4 -9999.0 -9999.0 -9999.0
04237 20191007  2.623 -123.81   47.51    14.9     7.4    11.1    11.5    29.4     1.54 C    16.3     5.0    11.6    96.5    92.9    95.6   0.264   0.180 -99.000 -99.000 -99.000    12.7    12.6 -9999.0 -9999.0 -9999.0
04237 20191008  2.623 -123.81   47.51    11.3     2.6     7.0     6.6     6.8     9.34 C    18.0     0.5     7.3    97.1    58.3    91.3   0.265   0.181 -99.000 -99.000 -99.000    11.9    11.9 -9999.0 -9999.0 -9999.0
04237 20191009  2.623 -123.81   47.51    11.8     0.7     6.2     5.0     0.0    12.67 C    16.9    -1.2     4.9    97.4    51.5    85.7   0.247   0.166 -99.000 -99.000 -99.000    10.4    10.6 -9999.0 -9999.0 -9999.0
04237 20191010  2.623 -123.81   47.51    14.3     1.2     7.7     6.0     0.0    12.15 C    18.3    -1.3     5.5    97.3    40.6    83.5   0.239   0.159 -99.000 -99.000 -99.000     9.9    10.1 -9999.0 -9999.0 -9999.0
04237 20191011  2.623 -123.81   47.51    18.1     2.5    10.3     7.8     0.0    11.46 C    20.1    -0.2     6.8    97.5    32.9    84.8   0.232   0.153 -99.000 -99.000 -99.000    10.0    10.0 -9999.0 -9999.0 -9999.0
04237 20191012  2.623 -123.81   47.51    15.5     5.6    10.5     9.9     0.0     4.87 C    19.1     2.8    10.0    94.4    55.2    87.9   0.229   0.148 -99.000 -99.000 -99.000    10.6    10.5 -9999.0 -9999.0 -9999.0
04237 20191013  2.623 -123.81   47.51    15.7     4.5    10.1     9.5     0.0     8.74 C    20.8     1.5     9.0    96.5    58.1    85.6   0.226   0.145 -99.000 -99.000 -99.000    11.1    11.1 -9999.0 -9999.0 -9999.0
04237 20191014  2.623 -123.81   47.51    15.6     3.7     9.6     8.6     0.0    10.42 C    19.5     1.4     8.5    97.0    59.6    88.0   0.222   0.142 -99.000 -99.000 -99.000    10.7    10.7 -9999.0 -9999.0 -9999.0
04237 20191015  2.623 -123.81   47.51    12.4     6.5     9.4     9.3    17.7     1.89 C    14.4     5.3     9.3    96.5    76.3    92.6   0.236   0.153 -99.000 -99.000 -99.000    10.7    10.6 -9999.0 -9999.0 -9999.0
04237 20191016  2.623 -123.81   47.51    12.2     9.4    10.8    10.7    67.2     0.55 C    12.7     8.9    10.8    96.7    94.2    96.3   0.287   0.203 -99.000 -99.000 -99.000    11.0    10.9 -9999.0 -9999.0 -9999.0
04237 20191017  2.623 -123.81   47.51    13.5     8.0    10.8     9.8    74.5     3.12 C    18.7     7.3    10.3    96.9    90.7    95.8   0.293   0.209 -99.000 -99.000 -99.000    11.0    10.9 -9999.0 -9999.0 -9999.0
04237 20191018  2.623 -123.81   47.51     9.6     7.2     8.4     8.1    43.1     1.04 C    10.9     5.5     8.2    97.0    92.0    95.6   0.289   0.207 -99.000 -99.000 -99.000    10.3    10.3 -9999.0 -9999.0 -9999.0
04237 20191019  2.623 -123.81   47.51    11.7     5.2     8.4     7.5     6.8     4.81 C    17.9     3.1     8.0    97.2    83.1    94.6   0.276   0.194 -99.000 -99.000 -99.000    10.1    10.1 -9999.0 -9999.0 -9999.0
04237 20191020  2.623 -123.81   47.51    11.0     5.6     8.3     8.3    15.2     1.96 C    12.7     4.2     8.4    97.1    91.4    95.3   0.275   0.193 -99.000 -99.000 -99.000     9.9     9.8 -9999.0 -9999.0 -9999.0
04237 20191021  2.623 -123.81   47.51    13.5     9.0    11.2    10.3   162.7     0.63 C    12.7     8.7    10.4    96.7    95.4    96.2   0.309   0.219 -99.000 -99.000 -99.000    10.5    10.3 -9999.0 -9999.0 -9999.0
04237 20191022  2.623 -123.81   47.51    14.3     5.7    10.0    10.4     0.0     7.60 C    18.1     2.9    10.1    97.1    70.5    94.7   0.268   0.185 -99.000 -99.000 -99.000    11.1    10.9 -9999.0 -9999.0 -9999.0
04237 20191023  2.623 -123.81   47.51    14.5     4.6     9.5     8.7     0.0     7.77 C    17.3     2.1     8.5    97.1    63.7    91.2   0.253   0.172 -99.000 -99.000 -99.000    10.3    10.2 -9999.0 -9999.0 -9999.0
04237 20191024  2.623 -123.81   47.51    16.4     6.7    11.5    10.9     0.0     6.46 C    19.3     4.7    11.1    96.9    57.2    90.0   0.247   0.165 -99.000 -99.000 -99.000    10.7    10.5 -9999.0 -9999.0 -9999.0
04237 20191025  2.623 -123.81   47.51    14.4     4.0     9.2     9.9     1.4     8.45 C    20.3     1.3    10.0    96.8    54.1    88.5   0.246   0.165 -99.000 -99.000 -99.000    11.3    11.1 -9999.0 -9999.0 -9999.0
04237 20191026  2.623 -123.81   47.51 -9999.0 -9999.0 -9999.0 -9999.0 -9999.0 -9999.00 U -9999.0 -9999.0 -9999.0 -9999.0 -9999.0 -9999.0 -99.000 -99.000 -99.000 -99.000 -99.000 -9999.0 -9999.0 -9999.0 -9999.0 -9999.0
04237 20191027  2.623 -123.81   47.51    12.8    -0.3     6.2     4.6     0.0     8.84 C    15.7    -3.1     3.0    96.6    42.2    82.7   0.235   0.156 -99.000 -99.000 -99.000     8.1     8.3 -9999.0 -9999.0 -9999.0
04237 20191028  2.623 -123.81   47.51    11.6    -0.4     5.6     3.9     0.0     8.24 C    15.4    -3.4     2.3    97.5    55.7    87.8   0.231   0.151 -99.000 -99.000 -99.000     7.3     7.5 -9999.0 -9999.0 -9999.0
04237 20191029  2.623 -123.81   47.51     9.9    -1.5     4.2     2.3     0.0     8.54 C    13.6    -4.8     0.8    97.4    43.2    83.3   0.227   0.148 -99.000 -99.000 -99.000     6.5     6.8 -9999.0 -9999.0 -9999.0
04237 20191030  2.623 -123.81   47.51    11.9    -1.5     5.2     2.9     0.0     8.32 C    14.5    -4.8     1.0    96.9    36.5    83.7   0.224   0.145 -99.000 -99.000 -99.000     5.9     6.2 -9999.0 -9999.0 -9999.0
04237 20191031  2.623 -123.81   47.51    11.4    -1.1     5.1     3.3     0.0     7.03 C    14.7    -4.0     1.4    97.5    39.3    86.5   0.222   0.142 -99.000 -99.000 -99.000     5.7     5.9 -9999.0 -9999.0 -9999.0
04237 20191101  2.623 -123.81   47.51    14.8    -0.2     7.3     5.1     0.0     7.71 C    17.5    -3.7     3.1    97.5    46.0    89.4   0.220   0.140 -99.000 -99.000 -99.000     5.8     6.0 -9999.0 -9999.0 -9999.0
04237 20191102  2.623 -123.81   47.51    14.7     1.1     7.9     5.9     0.0     6.92 C    18.4    -2.4     3.7    97.6    54.5    90.9   0.218   0.138 -99.000 -99.000 -99.000     6.1     6.2 -9999.0 -9999.0 -9999.0
04237 20191103  2.623 -123.81   47.51    13.7     1.8     7.7     5.9     0.0     6.81 C    16.4    -0.6     4.4    97.5    65.9    92.3   0.216   0.136 -99.000 -99.000 -99.000     6.4     6.5 -9999.0 -9999.0 -9999.0
04237 20191104  2.623 -123.81   47.51     8.3     1.6     5.0     5.0     0.0     2.63 C    11.2    -0.3     5.6    97.7    94.9    96.8   0.215   0.135 -99.000 -99.000 -99.000     6.5     6.5 -9999.0 -9999.0 -9999.0
04237 20191105  2.623 -123.81   47.51     7.8     4.2     6.0     5.7     0.0     1.89 C    10.2     4.2     6.8    97.3    91.5    95.6   0.215   0.135 -99.000 -99.000 -99.000     7.3     7.2 -9999.0 -9999.0 -9999.0
04237 20191106  2.623 -123.81   47.51     8.6     1.8     5.2     4.6     0.0     3.24 C    11.9    -0.4     4.3    97.5    86.3    95.9   0.214   0.134 -99.000 -99.000 -99.000     7.1     7.1 -9999.0 -9999.0 -9999.0
04237 20191107  2.623 -123.81   47.51    13.8     2.1     7.9     6.2     0.0     5.57 C    16.4    -2.1     3.8    97.7    72.3    94.8   0.213   0.133 -99.000 -99.000 -99.000     6.3     6.4 -9999.0 -9999.0 -9999.0
04237 20191108  2.623 -123.81   47.51    12.3     1.6     6.9     6.8     0.6     5.22 C    15.6    -1.9     5.7    97.7    71.4    91.9   0.212   0.132 -99.000 -99.000 -99.000     6.5     6.5 -9999.0 -9999.0 -9999.0
04237 20191109  2.623 -123.81   47.51    11.2     7.9     9.5     9.4     8.0     1.37 C    12.5     7.3     9.4    96.8    94.1    96.1   0.245   0.160 -99.000 -99.000 -99.000     7.9     7.6 -9999.0 -9999.0 -9999.0
04237 20191110  2.623 -123.81   47.51    13.3     6.3     9.8     9.2     0.0     3.45 C    15.3     2.7     8.1    97.2    86.3    95.7   0.250   0.169 -99.000 -99.000 -99.000     8.2     8.0 -9999.0 -9999.0 -9999.0
04237 20191111  2.623 -123.81   47.51    14.3     5.9    10.1     9.1     0.0     3.49 C    16.4     2.4     8.3    97.2    91.9    96.1   0.243   0.163 -99.000 -99.000 -99.000     8.0     7.9 -9999.0 -9999.0 -9999.0
04237 20191112  2.623 -123.81   47.51    11.0     6.8     8.9     9.3     5.5     1.98 C    14.1     3.5     9.2    97.0    93.1    95.9   0.257   0.174 -99.000 -99.000 -99.000     8.6     8.5 -9999.0 -9999.0 -9999.0
04237 20191113  2.623 -123.81   47.51    14.0     5.9    10.0     8.2     0.0     5.27 C    16.8     3.1     6.8    97.2    67.9    93.5   0.249   0.169 -99.000 -99.000 -99.000     8.1     8.1 -9999.0 -9999.0 -9999.0
04237 20191114  2.623 -123.81   47.51    12.4     5.2     8.8     8.2     0.6     2.32 C    14.5     2.3     7.5    97.3    86.3    95.8   0.244   0.163 -99.000 -99.000 -99.000     7.8     7.8 -9999.0 -9999.0 -9999.0
04237 20191115  2.623 -123.81   47.51    12.7     6.1     9.4     9.8    25.3     2.18 C    16.2     2.7     9.6    97.2    94.4    96.4   0.278   0.190 -99.000 -99.000 -99.000     8.8     8.6 -9999.0 -9999.0 -9999.0
04237 20191116  2.623 -123.81   47.51    10.3     5.6     8.0     8.6    22.0     0.71 C    11.5     2.2     8.1    97.4    95.0    96.2   0.276   0.189 -99.000 -99.000 -99.000     8.4     8.3 -9999.0 -9999.0 -9999.0
04237 20191117  2.623 -123.81   47.51    13.8     6.2    10.0    10.6    55.5     2.07 C    15.9     3.1    10.7    96.7    94.8    96.1   0.291   0.202 -99.000 -99.000 -99.000     9.5     9.2 -9999.0 -9999.0 -9999.0
04237 20191118  2.623 -123.81   47.51    10.4     4.9     7.7     7.8    31.0     0.37 C     9.9     2.4     7.1    97.3    86.2    95.1   0.274   0.188 -99.000 -99.000 -99.000     8.5     8.5 -9999.0 -9999.0 -9999.0
04237 20191119  2.623 -123.81   47.51    11.2     4.1     7.7     8.5     6.1     2.76 C    14.8     1.3     8.3    97.1    87.4    95.5   0.274   0.191 -99.000 -99.000 -99.000     9.0     8.9 -9999.0 -9999.0 -9999.0
04237 20191120  2.623 -123.81   47.51     8.6     0.5     4.5     3.5     0.0     4.29 C    11.2    -1.9     1.5    97.9    81.4    96.5   0.253   0.173 -99.000 -99.000 -99.000     6.9     7.1 -9999.0 -9999.0 -9999.0
04237 20191121  2.623 -123.81   47.51     7.8    -0.4     3.7     2.1     0.2     4.35 C    10.1    -3.3    -0.2    98.2    94.2    97.3   0.247   0.166 -99.000 -99.000 -99.000     5.3     5.7 -9999.0 -9999.0 -9999.0
04237 20191122  2.623 -123.81   47.51     6.9    -0.8     3.1     2.0     0.2     4.31 C     8.8    -4.4    -0.1    97.9    88.3    96.8   0.243   0.163 -99.000 -99.000 -99.000     4.4     4.8 -9999.0 -9999.0 -9999.0
04237 20191123  2.623 -123.81   47.51     7.8     1.9     4.8     5.6    38.2     1.16 C     9.4    -0.3     5.5    97.7    93.6    96.7   0.265   0.179 -99.000 -99.000 -99.000     5.5     5.5 -9999.0 -9999.0 -9999.0
04237 20191124  2.623 -123.81   47.51     9.3     3.1     6.2     5.7     2.9     2.97 C    12.8     0.9     4.7    97.7    85.7    96.2   0.272   0.188 -99.000 -99.000 -99.000     6.1     6.1 -9999.0 -9999.0 -9999.0
04237 20191125  2.623 -123.81   47.51     7.6     0.9     4.3     3.9     0.3     3.52 C    12.5    -0.9     3.5    97.6    77.6    96.0   0.264   0.181 -99.000 -99.000 -99.000     5.9     5.9 -9999.0 -9999.0 -9999.0
04237 20191126  2.623 -123.81   47.51     5.4     0.4     2.9     2.4     0.0     2.39 C     6.9    -1.5     1.2    97.7    53.2    89.3   0.253   0.172 -99.000 -99.000 -99.000     4.9     5.1 -9999.0 -9999.0 -9999.0
04237 20191127  2.623 -123.81   47.51     7.8    -0.3     3.7     3.3     0.0     3.22 C     7.4    -3.6     0.0    87.4    35.0    60.8   0.248   0.167 -99.000 -99.000 -99.000     4.2     4.5 -9999.0 -9999.0 -9999.0
04237 20191128  2.623 -123.81   47.51     6.7    -2.6     2.1     1.1     0.0     3.54 C     6.5    -6.0    -1.8    95.6    39.5    72.6   0.242   0.162 -99.000 -99.000 -99.000     3.3     3.7 -9999.0 -9999.0 -9999.0
04237 20191129  2.623 -123.81   47.51     4.9    -3.7     0.6    -1.2     0.0     3.79 C     4.3    -7.5    -4.2    96.8    73.2    92.6   0.239   0.158 -99.000 -99.000 -99.000     2.1     2.6 -9999.0 -9999.0 -9999.0
04237 20191130  2.623 -123.81   47.51     5.5    -3.1     1.2    -0.2     0.0     3.26 C     4.8    -7.3    -3.1    96.7    63.2    91.1   0.288   0.155 -99.000 -99.000 -99.000     1.6     2.0 -9999.0 -9999.0 -9999.0
04237 20191201  2.623 -123.81   47.51     6.3     2.0     4.2     4.3     6.5     0.38 C     5.4    -0.9     2.4    97.4    41.5    86.5   0.272   0.173 -99.000 -99.000 -99.000     2.3     2.5 -9999.0 -9999.0 -9999.0
04237 20191202  2.623 -123.81   47.51    10.1     2.9     6.5     6.7     0.2     2.38 C    12.3     0.2     6.1    97.6    90.0    96.2   0.258   0.176 -99.000 -99.000 -99.000     3.9     3.8 -9999.0 -9999.0 -9999.0
04237 20191203  2.623 -123.81   47.51     9.4     6.9     8.2     7.9    17.0     0.95 C    10.9     6.2     7.7    97.1    95.3    96.6   0.271   0.185 -99.000 -99.000 -99.000     5.3     5.1 -9999.0 -9999.0 -9999.0
04237 20191204  2.623 -123.81   47.51     9.6     6.4     8.0     7.9     7.4     1.66 C    12.0     3.5     7.8    97.1    93.8    96.5   0.275   0.191 -99.000 -99.000 -99.000     6.1     6.0 -9999.0 -9999.0 -9999.0
04237 20191205  2.623 -123.81   47.51    10.5     4.8     7.7     7.9     0.7     2.08 C    12.4     1.8     7.2    97.6    90.8    96.0   0.256   0.174 -99.000 -99.000 -99.000     6.1     6.0 -9999.0 -9999.0 -9999.0
04237 20191206  2.623 -123.81   47.51    13.3     8.7    11.0     9.7     9.4     1.12 C    14.2     7.1     9.0    96.7    77.8    94.8   0.262   0.177 -99.000 -99.000 -99.000     6.9     6.7 -9999.0 -9999.0 -9999.0
04237 20191207  2.623 -123.81   47.51     9.9     7.1     8.5     8.7    16.5     0.92 C    11.9     3.9     8.5    96.9    91.6    95.4   0.282   0.197 -99.000 -99.000 -99.000     7.3     7.1 -9999.0 -9999.0 -9999.0
04237 20191208  2.623 -123.81   47.51     9.1     4.7     6.9     7.1     0.0     1.37 C    11.1     1.8     6.6    97.3    83.6    94.6   0.258   0.176 -99.000 -99.000 -99.000     7.1     7.0 -9999.0 -9999.0 -9999.0
04237 20191209  2.623 -123.81   47.51     8.1     2.3     5.2     4.4     0.0     2.47 C     9.9    -0.3     2.0    97.7    87.2    96.4   0.251   0.170 -99.000 -99.000 -99.000     5.5     5.7 -9999.0 -9999.0 -9999.0
04237 20191210  2.623 -123.81   47.51     7.4     2.0     4.7     5.3    10.8     0.34 C     7.6    -0.1     4.9    97.7    94.7    96.4   0.266   0.183 -99.000 -99.000 -99.000     5.4     5.4 -9999.0 -9999.0 -9999.0
04237 20191211  2.623 -123.81   47.51     7.6     3.7     5.6     5.8    32.9     0.05 C     7.1     1.0     5.1    97.3    90.6    95.4   0.284   0.198 -99.000 -99.000 -99.000     5.7     5.7 -9999.0 -9999.0 -9999.0
04237 20191212  2.623 -123.81   47.51     7.5     4.7     6.1     5.8    44.8     0.10 C     7.2     4.0     5.7    96.9    94.3    96.0   0.298   0.209 -99.000 -99.000 -99.000     5.9     5.8 -9999.0 -9999.0 -9999.0
04237 20191213  2.623 -123.81   47.51     8.3     1.3     4.8     4.6     6.4     2.63 C    11.3    -0.3     4.2    97.6    87.6    95.4   0.279   0.194 -99.000 -99.000 -99.000     5.7     5.7 -9999.0 -9999.0 -9999.0
04237 20191214  2.623 -123.81   47.51     5.1     0.8     3.0     2.9     0.0     1.79 C     6.4    -0.4     2.0    97.7    96.1    97.3   0.261   0.179 -99.000 -99.000 -99.000     4.7     4.9 -9999.0 -9999.0 -9999.0
04237 20191215  2.623 -123.81   47.51     5.6    -0.9     2.4     1.8     0.0     2.16 C     7.1    -3.8     0.9    98.2    83.1    95.3   0.253   0.171 -99.000 -99.000 -99.000     4.0     4.2 -9999.0 -9999.0 -9999.0
04237 20191216  2.623 -123.81   47.51     6.1     3.1     4.6     4.7    14.2     0.20 C     6.0     2.1     4.2    97.0    85.3    95.6   0.276   0.190 -99.000 -99.000 -99.000     4.5     4.5 -9999.0 -9999.0 -9999.0
04237 20191217  2.623 -123.81   47.51     8.0     3.2     5.6     5.4     0.5     0.90 C     7.8     1.0     4.4    97.4    85.7    94.5   0.264   0.181 -99.000 -99.000 -99.000     4.7     4.7 -9999.0 -9999.0 -9999.0
04237 20191218  2.623 -123.81   47.51     7.2     4.0     5.6     5.3    23.5     0.38 C     7.1     4.0     5.0    96.6    86.2    93.7   0.280   0.193 -99.000 -99.000 -99.000     5.0     5.0 -9999.0 -9999.0 -9999.0
04237 20191219  2.623 -123.81   47.51     8.5     3.4     5.9     5.3    86.0     0.00 C     7.9     0.9     5.0    96.8    91.5    95.2   0.308   0.216 -99.000 -99.000 -99.000     4.9     4.9 -9999.0 -9999.0 -9999.0
04237 20191220  2.623 -123.81   47.51     8.9     5.5     7.2     6.8    45.3     0.25 C     8.0     5.5     6.6    96.9    89.7    95.0   0.309   0.223 -99.000 -99.000 -99.000     5.8     5.6 -9999.0 -9999.0 -9999.0
04237 20191221  2.623 -123.81   47.51     6.9     4.9     5.9     5.7    12.1     0.81 C     8.7     4.5     5.9    97.2    94.6    96.6   0.288   0.203 -99.000 -99.000 -99.000     5.8     5.7 -9999.0 -9999.0 -9999.0
04237 20191222  2.623 -123.81   47.51     7.1     3.3     5.2     4.9     0.8     2.04 C     7.8     1.8     4.2    97.3    83.1    95.6   0.274   0.191 -99.000 -99.000 -99.000     5.4     5.4 -9999.0 -9999.0 -9999.0
04237 20191223  2.623 -123.81   47.51     6.8     0.8     3.8     3.3     0.9     2.16 C     9.4    -0.3     2.4    97.7    82.0    96.4   0.263   0.180 -99.000 -99.000 -99.000     4.8     4.9 -9999.0 -9999.0 -9999.0
04237 20191224  2.623 -123.81   47.51     5.2     0.3     2.7     3.0     7.0     1.32 C     6.6    -1.0     2.7    97.8    87.7    95.8   0.267   0.182 -99.000 -99.000 -99.000     4.3     4.4 -9999.0 -9999.0 -9999.0
04237 20191225  2.623 -123.81   47.51     6.6     3.1     4.8     4.2     0.7     1.71 C     8.2     2.5     4.1    97.4    91.9    96.6   0.270   0.188 -99.000 -99.000 -99.000     4.7     4.7 -9999.0 -9999.0 -9999.0
04237 20191226  2.623 -123.81   47.51     5.1    -0.9     2.1     2.0     5.0     1.84 C     6.4    -2.9     1.6    98.2    92.2    96.9   0.262   0.179 -99.000 -99.000 -99.000     4.0     4.2 -9999.0 -9999.0 -9999.0
04237 20191227  2.623 -123.81   47.51     6.3     2.7     4.5     4.0     2.0     1.39 C     7.7     1.1     3.9    97.5    91.3    96.3   0.274   0.191 -99.000 -99.000 -99.000     4.5     4.5 -9999.0 -9999.0 -9999.0
04237 20191228  2.623 -123.81   47.51     6.7     2.4     4.5     4.9     4.1     0.77 C     7.1     0.6     4.5    97.5    93.8    96.6   0.265   0.182 -99.000 -99.000 -99.000     4.5     4.5 -9999.0 -9999.0 -9999.0
04237 20191229  2.623 -123.81   47.51    10.1     5.8     7.9     7.8     5.3     1.57 C    11.3     5.6     7.8    97.0    93.9    96.5   0.276   0.193 -99.000 -99.000 -99.000     5.6     5.4 -9999.0 -9999.0 -9999.0
04237 20191230  2.623 -123.81   47.51     8.6     6.7     7.6     7.4     3.2     1.56 C    10.5     6.1     7.6    97.1    92.5    96.5   0.270   0.187 -99.000 -99.000 -99.000     6.3     6.1 -9999.0 -9999.0 -9999.0
04237 20191231  2.623 -123.81   47.51    10.8     6.6     8.7     8.0   152.1     0.01 C    10.2     6.6     7.9    97.0    96.2    96.7   0.325   0.230 -99.000 -99.000 -99.000     6.8     6.6 -9999.0 -9999.0 -9999.0
