54933 20180101  2.422  -99.13   45.71   -20.5   -32.7   -26.6   -27.2     0.0     7.54 C   -18.2   -35.6   -29.4    75.9    64.9    71.6 -99.000 -99.000 -99.000 -99.000   0.175    -5.2    -4.4    -3.0    -0.8     2.3
54933 20180102  2.422  -99.13   45.71    -5.9   -25.5   -15.7   -16.2     0.0     4.93 C    -6.9   -30.6   -17.8    78.9    64.9    73.9 -99.000 -99.000 -99.000 -99.000   0.176    -5.4    -4.7    -3.4    -1.1     2.1
54933 20180103  2.422  -99.13   45.71   -13.5   -22.9   -18.2   -18.2     0.0     7.30 C    -7.6   -25.1   -18.8    85.4    71.6    80.3 -99.000 -99.000 -99.000 -99.000   0.175    -5.2    -4.6    -3.4    -1.3     1.9
54933 20180104  2.422  -99.13   45.71   -12.4   -19.2   -15.8   -15.9     0.0     3.71 C    -9.4   -20.1   -14.6    84.4    78.9    82.2 -99.000 -99.000 -99.000 -99.000   0.174    -5.2    -4.7    -3.6    -1.5     1.6
54933 20180105  2.422  -99.13   45.71   -13.6   -17.6   -15.6   -15.4     0.0     3.42 C   -10.6   -18.5   -14.0    84.0    73.2    80.8 -99.000 -99.000 -99.000 -99.000   0.175    -5.0    -4.5    -3.6    -1.7     1.4
54933 20180106  2.422  -99.13   45.71    -6.5   -17.6   -12.1   -12.0     0.0     3.87 C    -6.6   -18.7   -12.3    89.4    74.5    82.8 -99.000 -99.000 -99.000 -99.000   0.173    -5.0    -4.5    -3.7    -1.8     1.3
54933 20180107  2.422  -99.13   45.71     1.9    -6.5    -2.3    -1.5     0.0     4.58 C     0.7    -7.6    -3.5    89.7    69.7    81.9 -99.000 -99.000 -99.000 -99.000   0.173    -4.1    -3.9    -3.4    -1.8     1.1
54933 20180108  2.422  -99.13   45.71     2.7    -8.9    -3.1    -2.7     0.0     5.91 C     4.8   -12.0    -3.8    93.1    66.6    86.1 -99.000 -99.000 -99.000 -99.000   0.172    -3.5    -3.3    -3.0    -1.6     1.0
54933 20180109  2.422  -99.13   45.71     3.6    -4.0    -0.2    -1.4     0.0     4.90 C     6.6    -7.3    -2.2    96.4    76.7    92.3 -99.000 -99.000 -99.000 -99.000   0.174    -2.7    -2.7    -2.5    -1.4     1.0
54933 20180110  2.422  -99.13   45.71     0.8   -16.0    -7.6    -5.6     0.0     1.90 C     1.5   -15.2    -5.6    96.7    71.8    87.6 -99.000 -99.000 -99.000 -99.000   0.172    -2.4    -2.3    -2.1    -1.2     1.0
54933 20180111  2.422  -99.13   45.71   -16.0   -24.4   -20.2   -19.5     0.0     7.53 C   -14.3   -27.5   -19.2    75.4    59.9    69.6 -99.000 -99.000 -99.000 -99.000   0.174    -3.8    -3.2    -2.3    -1.0     1.1
54933 20180112  2.422  -99.13   45.71   -17.8   -28.0   -22.9   -22.9     0.0     3.73 C   -12.7   -31.7   -22.6    77.6    58.9    70.7 -99.000 -99.000 -99.000 -99.000   0.173    -5.3    -4.5    -3.1    -1.3     1.1
54933 20180113  2.422  -99.13   45.71   -15.1   -27.4   -21.2   -20.8     0.0     7.60 C   -12.6   -33.2   -22.3    77.1    59.8    71.1 -99.000 -99.000 -99.000 -99.000   0.177    -6.3    -5.5    -3.8    -1.7     1.0
54933 20180114  2.422  -99.13   45.71    -5.2   -20.5   -12.9   -12.5     0.0     3.43 C    -3.7   -22.9   -13.2    89.6    66.7    78.4 -99.000 -99.000 -99.000 -99.000   0.218    -5.8    -5.3    -4.2    -2.1     0.8
54933 20180115  2.422  -99.13   45.71   -19.7   -24.8   -22.3   -22.8     0.0     8.03 C   -16.4   -26.9   -23.1    75.3    64.1    69.5 -99.000 -99.000 -99.000 -99.000   0.221    -6.8    -6.0    -4.4    -2.3     0.6
54933 20180116  2.422  -99.13   45.71   -12.2   -28.0   -20.1   -20.4     0.0     8.20 C    -8.6   -30.5   -21.1    75.8    43.6    67.2 -99.000 -99.000 -99.000 -99.000   0.222    -7.6    -6.8    -5.2    -2.7     0.4
54933 20180117  2.422  -99.13   45.71     2.4   -19.4    -8.5    -7.2     0.0     8.52 C     1.1   -20.6    -9.3    81.1    56.1    68.1 -99.000 -99.000 -99.000 -99.000   0.220    -6.8    -6.4    -5.3    -3.0     0.2
54933 20180118  2.422  -99.13   45.71     4.3    -4.7    -0.2     0.2     0.0     4.66 C     3.7    -8.7    -2.3    75.9    51.1    65.2 -99.000 -99.000 -99.000 -99.000   0.220    -5.0    -5.0    -4.6    -3.0     0.0
54933 20180119  2.422  -99.13   45.71     7.5    -3.1     2.2     1.9     0.0     5.13 C     7.8    -5.4    -0.4    84.2    51.9    69.8 -99.000 -99.000 -99.000 -99.000   0.219    -3.7    -3.8    -3.8    -2.7    -0.1
54933 20180120  2.422  -99.13   45.71     6.2    -1.2     2.5     1.7     0.0     5.43 C     9.5    -2.3     0.8    87.6    56.5    75.6 -99.000 -99.000 -99.000 -99.000   0.220    -2.6    -2.8    -3.0    -2.3    -0.1
54933 20180121  2.422  -99.13   45.71    -0.4    -7.3    -3.9    -3.5     0.0     2.66 C     2.2   -11.9    -3.8    94.7    76.9    86.6 -99.000 -99.000 -99.000 -99.000   0.220    -2.1    -2.1    -2.3    -1.8     0.0
54933 20180122  2.422  -99.13   45.71    -5.1    -8.0    -6.5    -6.5     0.0     2.19 C    -4.2    -7.7    -5.9    94.0    88.5    90.3 -99.000 -99.000 -99.000 -99.000   0.219    -2.5    -2.2    -2.0    -1.5     0.2
54933 20180123  2.422  -99.13   45.71    -0.7   -10.2    -5.5    -6.3     0.0     5.99 C     2.6   -14.1    -6.8    93.2    74.2    88.4 -99.000 -99.000 -99.000 -99.000   0.218    -2.9    -2.5    -2.1    -1.3     0.3
54933 20180124  2.422  -99.13   45.71     2.4   -13.2    -5.4    -6.0     0.2     7.81 C     8.1   -13.5    -5.5    95.1    62.7    81.6 -99.000 -99.000 -99.000 -99.000   0.221    -3.4    -2.9    -2.3    -1.3     0.4
54933 20180125  2.422  -99.13   45.71     3.7    -9.6    -2.9    -3.6     0.0     6.45 C     4.9   -10.3    -4.1    92.8    54.9    80.9 -99.000 -99.000 -99.000 -99.000   0.221    -3.1    -2.7    -2.3    -1.3     0.4
54933 20180126  2.422  -99.13   45.71     4.3    -5.0    -0.4    -1.0     0.0     7.89 C     6.8    -6.3    -1.9    94.3    52.4    74.1 -99.000 -99.000 -99.000 -99.000   0.220    -2.5    -2.3    -2.1    -1.2     0.5
54933 20180127  2.422  -99.13   45.71    -3.5   -15.3    -9.4    -8.1     0.0     2.81 C    -1.3   -17.2    -8.4    86.5    63.2    75.3 -99.000 -99.000 -99.000 -99.000   0.220    -2.6    -2.2    -1.8    -1.1     0.5
54933 20180128  2.422  -99.13   45.71    -9.7   -18.6   -14.2   -15.2     0.0     9.52 C     2.1   -22.3   -12.8    84.4    51.6    74.9 -99.000 -99.000 -99.000 -99.000   0.221    -4.4    -3.4    -2.3    -1.1     0.5
54933 20180129  2.422  -99.13   45.71    -7.5   -18.9   -13.2   -13.5     0.0     8.66 C     3.5   -21.4   -11.4    84.6    54.7    73.9 -99.000 -99.000 -99.000 -99.000   0.220    -5.7    -4.5    -3.3    -1.5     0.5
54933 20180130  2.422  -99.13   45.71     5.9   -11.4    -2.7    -4.0     0.0     3.70 C     5.6   -12.1    -4.2    87.2    48.3    69.8 -99.000 -99.000 -99.000 -99.000   0.221    -5.1    -4.5    -3.6    -1.9     0.4
54933 20180131  2.422  -99.13   45.71     3.6   -17.6    -7.0    -6.7     0.0     7.67 C    10.7   -18.8    -7.1    86.8    52.8    71.4 -99.000 -99.000 -99.000 -99.000   0.220    -3.8    -3.4    -3.1    -2.0     0.3
54933 20180201  2.422  -99.13   45.71   -14.4   -22.1   -18.2   -18.5     0.0    10.78 C    -3.2   -25.7   -17.6    75.0    46.4    64.2 -99.000 -99.000 -99.000 -99.000   0.218    -6.5    -5.2    -3.7    -2.0     0.2
54933 20180202  2.422  -99.13   45.71    -3.8   -20.7   -12.3   -12.4     0.0     7.83 C     4.4   -21.7   -11.8    85.8    50.8    67.9 -99.000 -99.000 -99.000 -99.000   0.219    -7.1    -6.5    -5.0    -2.6     0.0
54933 20180203  2.422  -99.13   45.71    -7.3   -21.1   -14.2   -14.4     2.0     3.40 C    -7.5   -22.9   -13.9    86.0    70.3    77.1 -99.000 -99.000 -99.000 -99.000   0.219    -6.2    -5.8    -4.9    -3.0    -0.2
54933 20180204  2.422  -99.13   45.71   -16.5   -25.6   -21.0   -21.2     0.0    11.66 C   -16.7   -29.1   -23.3    75.9    59.0    69.2 -99.000 -99.000 -99.000 -99.000   0.219    -6.7    -6.2    -5.1    -3.2    -0.3
54933 20180205  2.422  -99.13   45.71   -15.7   -23.6   -19.7   -18.4     0.0    10.39 C   -13.5   -27.6   -19.9    76.2    59.6    68.7 -99.000 -99.000 -99.000 -99.000 -99.000    -6.9    -6.5    -5.4    -3.4    -0.5
54933 20180206  2.422  -99.13   45.71   -12.0   -26.0   -19.0   -17.9     0.0     8.03 C   -11.6   -32.6   -21.4    80.4    58.8    73.6 -99.000 -99.000 -99.000 -99.000 -99.000    -7.4    -6.9    -5.8    -3.7    -0.7
54933 20180207  2.422  -99.13   45.71   -11.6   -25.3   -18.4   -17.2     0.0    10.06 C   -10.8   -29.4   -19.1    86.7    67.3    79.0 -99.000 -99.000 -99.000 -99.000 -99.000    -7.4    -7.0    -5.9    -3.9    -0.9
54933 20180208  2.422  -99.13   45.71   -14.8   -20.7   -17.7   -17.1     0.2     5.95 C   -11.9   -25.5   -17.1    84.4    66.5    76.3 -99.000 -99.000 -99.000 -99.000 -99.000    -7.0    -6.7    -5.9    -4.0    -1.0
54933 20180209  2.422  -99.13   45.71   -16.0   -26.2   -21.1   -20.9     0.0    11.20 C   -13.1   -31.3   -22.9    80.9    68.0    75.1 -99.000 -99.000 -99.000 -99.000 -99.000    -7.2    -6.8    -5.9    -4.1    -1.1
54933 20180210  2.422  -99.13   45.71   -15.8   -27.6   -21.7   -21.3     0.0    12.72 C   -14.9   -31.2   -22.8    77.9    65.9    73.1 -99.000 -99.000 -99.000 -99.000 -99.000    -7.9    -7.3    -6.2    -4.2    -1.2
54933 20180211  2.422  -99.13   45.71   -10.2   -20.3   -15.2   -16.1     0.0    10.29 C    -8.9   -27.2   -18.6    83.6    63.2    73.5 -99.000 -99.000 -99.000 -99.000 -99.000    -7.9    -7.4    -6.4    -4.4    -1.3
54933 20180212  2.422  -99.13   45.71   -13.1   -24.0   -18.6   -17.8     0.0     7.32 C   -12.7   -26.3   -17.8    82.3    68.3    74.8 -99.000 -99.000 -99.000 -99.000 -99.000    -7.9    -7.4    -6.5    -4.5    -1.4
54933 20180213  2.422  -99.13   45.71    -4.6   -17.7   -11.1   -10.4     0.0    12.96 C    -5.1   -20.4   -12.1    84.8    60.4    75.4 -99.000 -99.000 -99.000 -99.000 -99.000    -7.2    -7.0    -6.3    -4.5    -1.5
54933 20180214  2.422  -99.13   45.71     5.0    -8.5    -1.7    -1.1     0.0    12.83 C     0.7   -12.0    -4.6    77.0    51.6    61.9 -99.000 -99.000 -99.000 -99.000 -99.000    -6.0    -6.0    -5.7    -4.4    -1.5
54933 20180215  2.422  -99.13   45.71     0.9   -18.8    -8.9    -9.2     0.3     5.44 C    -1.1   -20.8    -9.4    88.4    59.0    75.4 -99.000 -99.000 -99.000 -99.000 -99.000    -4.5    -4.5    -4.5    -3.8    -1.5
54933 20180216  2.422  -99.13   45.71    -4.0   -22.0   -13.0   -11.9     0.0    11.83 C    -3.5   -23.8   -13.4    79.4    53.6    67.9 -99.000 -99.000 -99.000 -99.000 -99.000    -6.4    -6.0    -5.0    -3.6    -1.4
54933 20180217  2.422  -99.13   45.71    -3.1   -12.2    -7.6    -7.7     0.0    12.04 C    -0.2   -15.7    -9.3    93.1    45.8    75.2 -99.000 -99.000 -99.000 -99.000 -99.000    -5.8    -5.6    -5.1    -3.8    -1.4
54933 20180218  2.422  -99.13   45.71    -7.0   -13.8   -10.4    -9.5     0.9     4.99 C    -6.2   -14.9    -9.2    92.4    69.4    81.5 -99.000 -99.000 -99.000 -99.000 -99.000    -5.5    -5.3    -4.8    -3.6    -1.4
54933 20180219  2.422  -99.13   45.71   -13.4   -17.0   -15.2   -15.2     2.2     6.51 C   -12.3   -17.1   -15.0    79.4    63.0    71.6 -99.000 -99.000 -99.000 -99.000 -99.000    -6.4    -5.9    -5.1    -3.7    -1.4
54933 20180220  2.422  -99.13   45.71   -13.2   -20.9   -17.1   -16.6     2.2    14.11 C   -12.5   -24.7   -17.6    79.3    61.0    72.7 -99.000 -99.000 -99.000 -99.000 -99.000    -6.7    -6.3    -5.5    -3.8    -1.5
54933 20180221  2.422  -99.13   45.71   -10.8   -24.5   -17.7   -17.7     0.0    15.15 C   -11.0   -29.9   -20.3    82.1    53.6    69.2 -99.000 -99.000 -99.000 -99.000 -99.000    -6.9    -6.5    -5.6    -4.0    -1.5
54933 20180222  2.422  -99.13   45.71    -6.2   -19.2   -12.7   -12.1     4.5    10.20 C    -5.3   -23.3   -13.1    91.1    80.5    85.7 -99.000 -99.000 -99.000 -99.000 -99.000    -6.8    -6.5    -5.7    -4.1    -1.5
54933 20180223  2.422  -99.13   45.71    -6.7   -17.9   -12.3   -12.5     0.4    15.03 C    -7.6   -26.0   -15.1    91.3    67.6    81.1 -99.000 -99.000 -99.000 -99.000 -99.000    -6.0    -5.8    -5.4    -4.1    -1.6
54933 20180224  2.422  -99.13   45.71    -9.2   -18.4   -13.8   -13.5     2.6     7.57 C    -9.0   -26.3   -15.4    89.1    68.5    84.2 -99.000 -99.000 -99.000 -99.000 -99.000    -5.7    -5.5    -5.1    -3.9    -1.6
54933 20180225  2.422  -99.13   45.71    -3.8   -14.2    -9.0    -8.0     0.0    15.84 C    -4.9   -18.4   -10.4    85.6    64.5    75.5 -99.000 -99.000 -99.000 -99.000 -99.000    -5.4    -5.2    -4.9    -3.7    -1.6
54933 20180226  2.422  -99.13   45.71     1.3    -8.9    -3.8    -4.6     0.0    15.83 C    -0.3   -14.2    -8.1    81.6    52.4    66.7 -99.000 -99.000 -99.000 -99.000 -99.000    -5.0    -4.9    -4.6    -3.6    -1.5
54933 20180227  2.422  -99.13   45.71    -0.7   -11.2    -6.0    -5.4     0.0    14.88 C     0.2   -15.7    -7.8    93.1    66.1    82.0 -99.000 -99.000 -99.000 -99.000 -99.000    -4.7    -4.7    -4.3    -3.4    -1.5
54933 20180228  2.422  -99.13   45.71    -0.3   -14.2    -7.2    -7.4     0.0    15.56 C    -1.4   -16.0    -9.6    93.6    55.2    80.0 -99.000 -99.000 -99.000 -99.000 -99.000    -4.5    -4.4    -4.1    -3.3    -1.4
54933 20180301  2.422  -99.13   45.71     1.4   -13.5    -6.1    -6.7     0.0    16.68 C     0.0   -17.3    -9.2    90.8    50.5    78.6 -99.000 -99.000 -99.000 -99.000 -99.000    -4.4    -4.3    -4.0    -3.1    -1.4
54933 20180302  2.422  -99.13   45.71     1.9    -7.1    -2.6    -2.7     0.0    13.81 C    -0.1    -8.0    -4.0    90.4    63.1    76.4 -99.000 -99.000 -99.000 -99.000 -99.000    -4.1    -4.1    -3.9    -3.1    -1.4
54933 20180303  2.422  -99.13   45.71     3.5    -5.3    -0.9    -1.0     0.0    15.76 C     0.4    -7.2    -2.5    94.2    69.9    84.4 -99.000 -99.000 -99.000 -99.000 -99.000    -3.6    -3.7    -3.6    -2.9    -1.3
54933 20180304  2.422  -99.13   45.71     1.7    -0.9     0.4     0.6     3.7     2.34 C     0.4    -2.4    -0.3    96.6    85.7    92.8 -99.000 -99.000 -99.000 -99.000 -99.000    -2.7    -2.9    -3.0    -2.6    -1.2
54933 20180305  2.422  -99.13   45.71     1.4    -3.9    -1.2    -1.6    29.4     6.52 C     0.4    -3.6    -1.7    96.6    89.8    93.7 -99.000 -99.000 -99.000 -99.000 -99.000    -1.3    -1.6    -1.6    -2.2    -1.1
54933 20180306  2.422  -99.13   45.71    -3.1    -7.8    -5.4    -5.1     1.7    16.41 C    -3.1    -9.4    -5.5    92.8    69.3    85.2 -99.000 -99.000 -99.000 -99.000 -99.000    -1.0    -1.2    -1.2    -1.6    -0.9
54933 20180307  2.422  -99.13   45.71    -7.2   -16.5   -11.9   -10.1     0.0    16.77 C    -6.9   -19.5   -10.9    89.0    77.3    83.4 -99.000 -99.000 -99.000 -99.000 -99.000    -0.9    -1.0    -1.2    -1.3    -0.8
54933 20180308  2.422  -99.13   45.71    -9.3   -19.3   -14.3   -12.9     0.0    17.83 C    -7.3   -24.3   -13.6    88.1    78.5    84.9 -99.000 -99.000 -99.000 -99.000 -99.000    -1.0    -1.1    -1.2    -1.2    -0.6
54933 20180309  2.422  -99.13   45.71    -3.6   -11.7    -7.7    -7.7     0.0    14.81 C    -3.7   -11.1    -7.0    92.4    85.1    88.3 -99.000 -99.000 -99.000 -99.000 -99.000    -1.2    -1.2    -1.2    -1.1    -0.6
54933 20180310  2.422  -99.13   45.71    -1.2    -4.5    -2.9    -3.6     0.0    12.58 C     0.0    -4.8    -3.3    93.3    85.3    89.7 -99.000 -99.000 -99.000 -99.000 -99.000    -1.1    -1.2    -1.2    -1.0    -0.5
54933 20180311  2.422  -99.13   45.71    -3.5    -9.9    -6.7    -5.6     0.0    18.45 C    -2.9   -13.0    -6.2    91.0    74.6    83.6 -99.000 -99.000 -99.000 -99.000 -99.000    -1.1    -1.2    -1.2    -1.0    -0.4
54933 20180312  2.422  -99.13   45.71    -1.0   -14.4    -7.7    -7.7     0.2    19.45 C    -0.6   -16.5    -9.5    90.0    57.5    79.6 -99.000 -99.000 -99.000 -99.000 -99.000    -1.2    -1.2    -1.2    -0.9    -0.3
54933 20180313  2.422  -99.13   45.71     0.2   -15.7    -7.8    -7.0     0.2    19.97 C    -0.7   -21.4    -9.9    92.5    56.9    79.6 -99.000 -99.000 -99.000 -99.000 -99.000    -1.4    -1.4    -1.2    -0.9    -0.3
54933 20180314  2.422  -99.13   45.71     0.5    -7.4    -3.4    -3.1     0.0    20.22 C     0.3   -12.1    -5.4    94.5    68.4    78.0 -99.000 -99.000 -99.000 -99.000 -99.000    -1.4    -1.4    -1.3    -0.9    -0.2
54933 20180315  2.422  -99.13   45.71    -1.4    -9.0    -5.2    -5.7     0.0    18.00 C    -1.2   -10.5    -6.6    93.2    79.8    87.0 -99.000 -99.000 -99.000 -99.000 -99.000    -1.2    -1.3    -1.2    -0.9    -0.2
54933 20180316  2.422  -99.13   45.71    -1.1    -9.0    -5.1    -5.4     0.0    17.24 C    -1.9   -11.3    -7.0    82.4    61.0    71.5 -99.000 -99.000 -99.000 -99.000 -99.000    -1.3    -1.3    -1.2    -0.8    -0.1
54933 20180317  2.422  -99.13   45.71     0.1    -5.2    -2.6    -2.2     0.0    12.52 C     0.3    -5.4    -2.1    89.7    71.7    80.3 -99.000 -99.000 -99.000 -99.000 -99.000    -1.3    -1.3    -1.2    -0.8    -0.1
54933 20180318  2.422  -99.13   45.71    -0.2    -1.7    -0.9    -0.9     0.0     7.41 C     0.1    -1.5    -0.6    95.1    86.1    92.0 -99.000 -99.000 -99.000 -99.000 -99.000    -1.1    -1.2    -1.1    -0.8     0.0
54933 20180319  2.422  -99.13   45.71    -0.2    -3.3    -1.7    -1.1     4.5     9.17 C     0.3    -4.2    -1.0    95.4    89.3    93.2 -99.000 -99.000 -99.000 -99.000 -99.000    -1.0    -1.1    -1.0    -0.7     0.0
54933 20180320  2.422  -99.13   45.71    -1.9    -3.8    -2.9    -2.9     0.0    12.45 C    -0.1    -4.4    -2.5    92.9    84.5    89.1 -99.000 -99.000 -99.000 -99.000 -99.000    -0.9    -1.0    -0.9    -0.7     0.1
54933 20180321  2.422  -99.13   45.71     2.5    -4.8    -1.1    -1.3     0.0    19.66 C     0.9    -5.6    -2.3    95.0    77.0    89.2 -99.000 -99.000 -99.000 -99.000 -99.000    -0.8    -0.9    -0.9    -0.6     0.1
54933 20180322  2.422  -99.13   45.71     0.7    -4.7    -2.0    -1.2     0.0    15.58 C     0.5    -6.6    -1.7    96.5    92.5    94.9 -99.000 -99.000 -99.000 -99.000 -99.000    -0.7    -0.8    -0.8    -0.5     0.2
54933 20180323  2.422  -99.13   45.71    -0.1    -2.2    -1.1    -1.0    10.6     5.79 C    -0.2    -2.3    -1.1    96.2    86.9    92.6 -99.000 -99.000 -99.000 -99.000 -99.000    -0.6    -0.7    -0.7    -0.5     0.2
54933 20180324  2.422  -99.13   45.71    -0.5    -2.3    -1.4    -1.7     0.2    13.42 C     0.0    -2.4    -1.5    95.7    84.9    90.6 -99.000 -99.000 -99.000 -99.000   0.221    -0.5    -0.6    -0.6    -0.4     0.3
54933 20180325  2.422  -99.13   45.71    -0.6    -2.1    -1.4    -1.2     2.6     6.93 C    -0.1    -2.4    -1.0    96.8    89.0    93.4 -99.000 -99.000 -99.000 -99.000   0.218    -0.5    -0.6    -0.6    -0.3     0.3
54933 20180326  2.422  -99.13   45.71    -0.1    -1.3    -0.7    -0.8     1.1    10.82 C     0.1    -1.4    -0.7    96.5    89.3    94.0 -99.000 -99.000 -99.000 -99.000   0.208    -0.4    -0.5    -0.6    -0.3     0.4
54933 20180327  2.422  -99.13   45.71     5.4    -3.4     1.0     1.3     0.0    22.05 C     0.2    -5.5    -1.6    92.2    62.1    79.5 -99.000 -99.000 -99.000 -99.000   0.186    -0.4    -0.5    -0.5    -0.2     0.4
54933 20180328  2.422  -99.13   45.71     2.7    -8.2    -2.8    -1.4     0.0    12.15 C     0.0   -11.2    -2.5    86.6    67.4    77.9 -99.000 -99.000 -99.000 -99.000   0.187    -0.4    -0.4    -0.4    -0.1     0.5
54933 20180329  2.422  -99.13   45.71     1.6    -9.4    -3.9    -3.5     0.0    21.57 C     0.4   -12.4    -5.0    89.0    57.7    74.8 -99.000 -99.000 -99.000 -99.000   0.186    -0.3    -0.4    -0.3    -0.1     0.5
54933 20180330  2.422  -99.13   45.71    -1.1   -10.7    -5.9    -5.8     2.2    14.10 C    -1.8    -9.5    -5.0    95.5    81.0    86.9 -99.000 -99.000 -99.000 -99.000   0.188    -0.3    -0.3    -0.3     0.0     0.6
54933 20180331  2.422  -99.13   45.71    -9.7   -15.2   -12.5   -11.6     0.2    23.99 C    -8.2   -15.9   -11.8    85.4    49.9    65.4 -99.000 -99.000 -99.000 -99.000   0.187    -0.2    -0.3    -0.3     0.0     0.6
54933 20180401  2.422  -99.13   45.71    -2.0   -14.7    -8.3    -8.1     0.0    23.63 C    -1.6   -17.2    -9.5    75.4    48.2    63.9 -99.000 -99.000 -99.000 -99.000   0.184    -0.4    -0.3    -0.3     0.0     0.7
54933 20180402  2.422  -99.13   45.71    -4.2    -9.7    -6.9    -7.0     4.9    11.32 C    -4.3   -10.3    -7.2    91.8    72.4    86.3 -99.000 -99.000 -99.000 -99.000   0.175    -0.4    -0.4    -0.3     0.1     0.7
54933 20180403  2.422  -99.13   45.71    -9.6   -14.8   -12.2   -12.2     1.5    19.11 C    -8.2   -18.7   -12.1    87.4    60.6    77.1 -99.000 -99.000 -99.000 -99.000   0.175    -0.7    -0.5    -0.3     0.1     0.7
54933 20180404  2.422  -99.13   45.71    -3.3   -14.3    -8.8    -8.4     0.0    23.87 C    -0.9   -20.3   -11.3    93.7    62.6    80.1 -99.000 -99.000 -99.000 -99.000   0.174    -1.0    -0.7    -0.3     0.1     0.7
54933 20180405  2.422  -99.13   45.71    -0.5   -10.8    -5.6    -6.1     0.0    19.11 C     0.0   -15.2    -8.4    93.6    66.0    81.2 -99.000 -99.000 -99.000 -99.000   0.174    -1.0    -0.8    -0.3     0.1     0.8
54933 20180406  2.422  -99.13   45.71    -9.3   -17.9   -13.6   -13.5     0.0    25.09 C    -8.3   -18.3   -13.7    80.0    56.8    66.8 -99.000 -99.000 -99.000 -99.000   0.175    -1.3    -1.0    -0.4     0.0     0.8
54933 20180407  2.422  -99.13   45.71    -4.1   -17.3   -10.7   -10.1     0.0    25.36 C    -0.2   -19.9   -10.3    87.6    50.3    70.5 -99.000 -99.000 -99.000 -99.000   0.174    -1.7    -1.3    -0.6     0.0     0.7
54933 20180408  2.422  -99.13   45.71    -3.6    -9.2    -6.4    -5.4    11.6    12.67 C    -3.2   -10.7    -5.7    93.6    86.7    90.4 -99.000 -99.000 -99.000 -99.000   0.177    -1.7    -1.4    -0.7    -0.1     0.7
54933 20180409  2.422  -99.13   45.71    -1.8    -5.6    -3.7    -3.9     0.0    17.31 C    -0.1    -6.2    -3.8    93.0    70.5    86.1 -99.000 -99.000 -99.000 -99.000   0.187    -1.4    -1.3    -0.8    -0.2     0.7
54933 20180410  2.422  -99.13   45.71     6.5    -6.3     0.1     0.3     0.0    24.22 C     0.3    -9.2    -2.3    94.7    71.2    83.9 -99.000 -99.000 -99.000 -99.000   0.188    -1.2    -1.1    -0.8    -0.2     0.7
54933 20180411  2.422  -99.13   45.71     1.8    -1.6     0.1     0.0     2.9     9.65 C     0.2    -4.1    -1.1    95.3    69.7    82.4 -99.000 -99.000 -99.000 -99.000   0.188    -0.8    -0.9    -0.8    -0.2     0.7
54933 20180412  2.422  -99.13   45.71     1.6    -1.0     0.3     0.3     0.0    10.55 C     0.2    -2.0    -0.4    96.7    90.2    94.7 -99.000 -99.000 -99.000 -99.000   0.187    -0.7    -0.7    -0.7    -0.2     0.7
54933 20180413  2.422  -99.13   45.71    -1.0    -3.8    -2.4    -2.7     0.0     6.83 C    -1.0    -4.8    -3.6    91.1    55.7    69.9 -99.000 -99.000 -99.000 -99.000   0.187    -0.5    -0.6    -0.6    -0.2     0.7
54933 20180414  2.422  -99.13   45.71    -1.9    -5.6    -3.8    -4.0     0.0    16.46 C    -1.3    -7.7    -5.1    74.5    58.4    66.9 -99.000 -99.000 -99.000 -99.000   0.183    -0.4    -0.5    -0.5    -0.1     0.7
54933 20180415  2.422  -99.13   45.71    -0.1    -8.2    -4.2    -4.1     0.0    25.52 C    -0.4   -12.1    -5.7    84.1    48.6    68.7 -99.000 -99.000 -99.000 -99.000   0.175    -0.4    -0.5    -0.5    -0.1     0.7
54933 20180416  2.422  -99.13   45.71     2.1    -9.5    -3.7    -2.8     0.0    27.16 C     0.4   -15.1    -5.5    86.5    44.9    68.7 -99.000 -99.000 -99.000 -99.000   0.176    -0.4    -0.4    -0.4    -0.1     0.7
54933 20180417  2.422  -99.13   45.71     6.0    -3.2     1.4     1.0     0.0    22.28 C     1.3    -4.7    -1.2    92.6    57.3    75.3 -99.000 -99.000 -99.000 -99.000   0.174    -0.3    -0.4    -0.3     0.0     0.7
54933 20180418  2.422  -99.13   45.71     5.9    -0.4     2.7     2.3     0.0    10.98 C     1.0    -3.3    -0.3    90.8    56.6    74.0 -99.000 -99.000 -99.000 -99.000   0.175    -0.3    -0.3    -0.3     0.0     0.8
54933 20180419  2.422  -99.13   45.71    10.6    -3.8     3.4     3.8     0.0    26.28 C     6.1    -6.1    -0.3    92.5    38.9    67.4 -99.000 -99.000 -99.000 -99.000   0.215    -0.1    -0.2    -0.3     0.2     0.9
54933 20180420  2.422  -99.13   45.71    11.1    -2.0     4.5     4.0     0.0    18.89 C     7.2    -3.5     1.0    88.5    44.1    71.6 -99.000 -99.000 -99.000 -99.000   0.251    -0.1    -0.2    -0.3     0.1     0.8
54933 20180421  2.422  -99.13   45.71    13.4     2.1     7.8     7.1     0.0    22.85 C    11.8    -0.5     4.6    90.4    35.4    68.3 -99.000 -99.000 -99.000 -99.000   0.242     0.1    -0.1    -0.2     0.1     0.8
54933 20180422  2.422  -99.13   45.71    16.5    -0.8     7.9     8.3     0.0    26.60 C    21.7    -2.7     8.1    93.5    31.6    60.7 -99.000 -99.000 -99.000 -99.000   0.247     0.3    -0.1    -0.2     0.1     0.8
54933 20180423  2.422  -99.13   45.71    20.1     4.0    12.1    12.1     0.0    23.13 C    44.9    -1.0    15.0    75.7    28.2    53.0 -99.000 -99.000 -99.000 -99.000   0.251     1.0     0.3    -0.2     0.1     0.8
54933 20180424  2.422  -99.13   45.71    11.8     1.3     6.6     6.2     7.1    18.77 C    24.7    -6.4     6.7    94.4    33.4    66.3   0.403   0.391 -99.000 -99.000   0.265     0.9     0.4    -0.2     0.1     0.8
54933 20180425  2.422  -99.13   45.71    18.2    -0.3     9.0     9.1     0.0    25.01 C    27.6    -7.1     9.0    79.5    19.9    48.3 -99.000 -99.000 -99.000 -99.000   0.278     0.7     0.4    -0.2     0.2     0.8
54933 20180426  2.422  -99.13   45.71    16.8     2.3     9.6    10.0     0.0    27.87 C    33.0    -0.8    12.2    75.2    19.5    43.9   0.358   0.350 -99.000 -99.000   0.279     1.6     0.9    -0.2     0.2     0.8
54933 20180427  2.422  -99.13   45.71    13.9     1.0     7.4     8.2     0.0    28.08 C    29.7    -3.9    10.5    81.0    30.1    51.0   0.342   0.336 -99.000   0.250   0.278     2.0     1.3    -0.2     0.4     0.9
54933 20180428  2.422  -99.13   45.71    15.4     0.0     7.7     7.6     0.0    27.97 C    27.5    -5.5     9.6    85.4    28.8    57.0   0.328   0.324 -99.000   0.273   0.278     2.2     1.4     0.0     0.6     1.0
54933 20180429  2.422  -99.13   45.71    25.2     3.1    14.1    14.4     0.0    25.78 C    31.2     1.1    15.1    74.6    25.5    48.6   0.319   0.307   0.273   0.272   0.277     3.2     2.2     0.7     0.9     1.1
54933 20180430  2.422  -99.13   45.71    23.3     6.2    14.8    15.5     2.4    20.33 C    42.6     5.6    19.2    87.6    38.8    61.3   0.312   0.286   0.277   0.278   0.276     5.6     4.2     2.3     1.6     1.3
54933 20180501  2.422  -99.13   45.71    10.7     2.9     6.8     6.3     0.0    15.01 C    31.0    -1.0     9.5    92.5    60.5    77.8   0.308   0.284   0.275   0.276   0.275     5.7     5.0     3.7     2.5     1.7
54933 20180502  2.422  -99.13   45.71    20.1     1.4    10.7    11.6     0.0    26.86 C    38.5    -1.9    13.5    95.6    33.5    63.1   0.301   0.279   0.271   0.273   0.275     6.0     5.2     4.1     3.1     2.1
54933 20180503  2.422  -99.13   45.71    21.3     4.9    13.1    13.8     0.0    24.50 C    47.0    -2.0    16.0    92.5    20.5    48.2   0.294   0.275   0.268   0.270   0.275     7.2     6.2     4.9     3.7     2.5
54933 20180504  2.422  -99.13   45.71    27.0     3.5    15.3    16.1     0.0    24.72 C    39.4    -1.5    15.3    74.1    17.5    40.9   0.290   0.270   0.265   0.268   0.275     8.0     6.9     5.6     4.3     2.9
54933 20180505  2.422  -99.13   45.71    27.2     8.4    17.8    18.2     0.0    21.35 C    42.7     2.5    17.8    73.1    18.6    40.5   0.283   0.265   0.262   0.265   0.275     8.5     7.4     6.1     4.8     3.3
54933 20180506  2.422  -99.13   45.71    25.3     7.5    16.4    17.3     0.0    26.39 C    45.5     0.8    19.4    62.9    20.7    35.7   0.275   0.259   0.259   0.263   0.276     9.5     8.2     6.7     5.3     3.7
54933 20180507  2.422  -99.13   45.71    27.9    12.4    20.2    20.2     0.5    17.99 C    39.5     8.4    19.7    81.3    24.5    41.2   0.266   0.253   0.256   0.260   0.278     9.9     8.8     7.5     5.9     4.1
54933 20180508  2.422  -99.13   45.71    21.1    10.7    15.9    15.3     0.0    23.98 C    43.5     6.9    19.9    91.9    55.6    75.7   0.260   0.247   0.253   0.258   0.277    10.8     9.5     8.0     6.4     4.4
54933 20180509  2.422  -99.13   45.71    21.9     7.7    14.8    14.2     0.4    20.90 C    38.3     4.7    16.6    95.3    43.7    71.8   0.252   0.241   0.250   0.255   0.278    11.1    10.0     8.6     6.9     4.8
54933 20180510  2.422  -99.13   45.71     8.7     2.1     5.4     6.1     0.3     8.39 C    15.6     1.1     6.9    76.5    34.6    47.7   0.245   0.235   0.247   0.253   0.277     9.2     9.0     8.5     7.2     5.2
54933 20180511  2.622  -99.13   45.71 -9999.0 -9999.0 -9999.0 -9999.0 -9999.0 -9999.00 U -9999.0 -9999.0 -9999.0 -9999.0 -9999.0 -9999.0 -99.000 -99.000 -99.000 -99.000 -99.000 -9999.0 -9999.0 -9999.0 -9999.0 -9999.0
54933 20180512  2.622  -99.13   45.71    14.1     6.7    10.4    10.6     0.0     9.25 C    23.1     1.9    10.7    74.3    44.7    59.9   0.238   0.228   0.242   0.248   0.276     8.3     7.8     7.4     6.8     5.6
54933 20180513  2.622  -99.13   45.71    19.4     6.2    12.8    13.5     0.0    19.01 C    45.8     1.5    17.9    88.5    45.8    67.0   0.233   0.224   0.240   0.246   0.276     9.6     8.6     7.7     6.9     5.6
54933 20180514  2.622  -99.13   45.71    23.7    12.0    17.9    17.1     0.2    14.40 C    47.5     8.7    18.8    86.6    33.5    59.7   0.223   0.217   0.238   0.244   0.275    10.9     9.8     8.5     7.3     5.7
54933 20180515  2.622  -99.13   45.71    25.9     8.4    17.2    17.4     0.0    25.98 C    42.7     4.5    19.7    72.4    31.1    42.2   0.208   0.208   0.235   0.242   0.274    11.4    10.3     9.0     7.7     6.0
54933 20180516  2.622  -99.13   45.71    29.2    12.1    20.6    21.4     0.0    27.04 C    50.8     7.5    25.2    84.0    25.9    51.3   0.191   0.198   0.230   0.239   0.273    12.8    11.4     9.7     8.1     6.2
54933 20180517  2.622  -99.13   45.71    26.6    13.7    20.1    18.4    27.6     7.43 C    36.6    11.8    17.9    90.9    35.5    67.2   0.190   0.192   0.227   0.236   0.273    13.0    12.0    10.5     8.7     6.5
54933 20180518  2.622  -99.13   45.71    15.4     6.6    11.0    11.6     1.1    16.23 C    27.5     7.0    14.6    91.0    71.7    82.8   0.302   0.263   0.231   0.235   0.272    12.7    11.9    10.6     9.1     6.8
54933 20180519  2.622  -99.13   45.71    16.4     4.9    10.7    10.6     0.0    27.25 C    31.1     1.6    13.5    87.6    32.3    57.8   0.288   0.268   0.243   0.235   0.271    11.8    11.3    10.5     9.3     7.2
54933 20180520  2.622  -99.13   45.71    19.5     4.6    12.1    12.8     0.0    28.63 C    40.5    -1.2    16.2    80.4    23.6    44.9   0.274   0.259   0.245   0.234   0.270    11.7    11.1    10.3     9.3     7.4
54933 20180521  2.622  -99.13   45.71    21.4    10.7    16.1    15.5     0.0    18.31 C    42.8     9.6    18.7    91.9    34.1    64.8   0.263   0.251   0.244   0.234   0.270    12.6    11.7    10.6     9.4     7.5
54933 20180522  2.622  -99.13   45.71    27.8     9.6    18.7    18.5     0.0    26.52 C    47.2     8.7    22.4    95.9    33.7    67.7   0.251   0.241   0.241   0.234   0.269    13.8    12.6    11.2     9.7     7.7
54933 20180523  2.622  -99.13   45.71    27.7    15.5    21.6    20.6     1.8    16.52 C    35.1    13.1    20.8    91.9    53.5    74.5   0.237   0.230   0.239   0.233   0.269    14.7    13.5    12.0    10.2     7.9
54933 20180524  2.622  -99.13   45.71    29.0    14.0    21.5    21.6     0.0    27.12 C    41.6    12.6    23.6    89.2    33.3    62.1   0.223   0.219   0.234   0.231   0.268    15.6    14.2    12.6    10.7     8.2
54933 20180525  2.622  -99.13   45.71    30.4    14.7    22.6    22.9     0.0    28.54 C    43.3    10.9    24.6    83.9    25.6    54.3   0.200   0.204   0.227   0.227   0.267    16.0    14.8    13.1    11.2     8.5
54933 20180526  2.622  -99.13   45.71    31.3    14.6    23.0    24.1     0.0    29.08 C    48.2     8.4    26.4    79.3    26.3    48.4   0.179   0.191   0.218   0.222   0.267    16.6    15.3    13.5    11.6     8.9
54933 20180527  2.622  -99.13   45.71    33.7    19.0    26.3    24.6     0.0    23.43 C    47.2    16.4    25.8    75.0    31.1    53.2   0.163   0.178   0.208   0.217   0.265    17.0    15.7    14.0    12.0     9.2
54933 20180528  2.622  -99.13   45.71    27.5    16.1    21.8    21.8     0.0    14.87 C    41.6    13.0    22.1    87.3    44.5    64.4   0.151   0.169   0.199   0.213   0.264    16.7    15.6    14.2    12.3     9.5
54933 20180529  2.622  -99.13   45.71    29.0    17.8    23.4    22.5     0.0    24.48 C    41.3    15.5    24.3    81.3    28.2    57.9   0.144   0.161   0.191   0.209   0.263    16.8    15.6    14.2    12.5     9.8
54933 20180530  2.622  -99.13   45.71    26.8    14.4    20.6    19.2     0.0    16.72 C    47.1    10.4    21.7    93.1    37.4    71.9   0.136   0.153   0.184   0.204   0.261    16.7    15.7    14.3    12.7    10.0
54933 20180531  2.622  -99.13   45.71    28.8    11.6    20.2    20.9     0.0    29.06 C    47.6    10.3    25.7    96.3    29.2    64.4   0.130   0.146   0.178   0.199   0.259    17.1    15.8    14.4    12.8    10.2
54933 20180601  2.622  -99.13   45.71    33.0    15.4    24.2    23.4     2.9    19.79 C    40.5    14.1    24.1    88.9    27.7    56.6   0.123   0.139   0.170   0.193   0.258    17.2    16.1    14.7    13.0    10.3
54933 20180602  2.622  -99.13   45.71    21.4    11.3    16.4    15.8     0.0    25.25 C    33.2     9.2    17.2    89.2    34.1    60.8   0.119   0.135   0.165   0.188   0.256    16.3    15.6    14.5    13.0    10.5
54933 20180603  2.622  -99.13   45.71    24.8     8.4    16.6    16.8     0.0    30.29 C    43.2     6.9    21.0    89.4    24.4    53.0   0.115   0.131   0.161   0.183   0.253    15.9    15.0    14.0    12.9    10.6
54933 20180604  2.622  -99.13   45.71    32.4    12.0    22.2    22.8     0.0    28.47 C    49.4     9.5    25.3    64.7    19.1    40.4   0.112   0.127   0.156   0.177   0.250    16.6    15.6    14.2    12.9    10.7
54933 20180605  2.622  -99.13   45.71    35.2    14.2    24.7    24.7     0.9    28.66 C    48.5    12.4    27.8    84.2    19.9    49.9   0.108   0.123   0.151   0.172   0.246    17.6    16.3    14.7    13.0    10.7
54933 20180606  2.622  -99.13   45.71    25.5    13.6    19.6    19.5     1.0    27.44 C    46.9    10.5    24.2    93.8    25.7    56.0   0.106   0.120   0.149   0.167   0.243    18.1    16.9    15.2    13.3    10.9
54933 20180607  2.622  -99.13   45.71    27.3    11.7    19.5    19.3     0.0    22.98 C    50.6     9.4    23.3    82.5    37.3    57.8   0.102   0.118   0.146   0.164   0.240    17.1    16.3    15.1    13.6    11.1
54933 20180608  2.622  -99.13   45.71    30.2    14.8    22.5    22.2     0.0    26.39 C    53.0    13.5    28.5    91.2    33.0    61.3   0.101   0.116   0.144   0.160   0.237    18.0    16.7    15.2    13.6    11.2
54933 20180609  2.622  -99.13   45.71    32.2    16.8    24.5    24.5     0.0    29.19 C    53.0    10.9    29.0    79.3    27.9    49.1   0.099   0.114   0.141   0.156   0.234    18.9    17.5    15.7    13.8    11.3
54933 20180610  2.622  -99.13   45.71    32.1    14.6    23.3    23.1     0.0    27.72 C    47.9    12.8    27.5    95.4    32.7    66.0   0.097   0.112   0.139   0.153   0.230    19.1    17.8    16.0    14.1    11.5
54933 20180611  2.622  -99.13   45.71    20.8    10.0    15.4    16.4    32.4    19.14 C    35.8     7.1    19.1    94.5    36.6    76.5   0.219   0.156   0.138   0.152   0.228    18.2    17.5    16.2    14.3    11.6
54933 20180612  2.622  -99.13   45.71    22.4     8.3    15.4    15.5     0.0    26.02 C    46.9     4.2    20.4    94.2    23.7    57.1   0.242   0.173   0.138   0.152   0.228    17.4    16.9    15.9    14.4    11.8
54933 20180613  2.622  -99.13   45.71    24.8     9.1    17.0    17.2     0.0    21.59 C    45.7     0.6    19.1    82.7    21.3    50.5   0.221   0.164   0.138   0.152   0.228    16.7    16.4    15.6    14.3    11.9
54933 20180614  2.622  -99.13   45.71    30.7    12.3    21.5    22.4     4.5    27.57 C    45.3    10.4    26.1    84.0    48.5    67.6   0.202   0.154   0.138   0.152   0.227    17.5    16.6    15.5    14.2    12.0
54933 20180615  2.622  -99.13   45.71    33.3    19.1    26.2    23.9     0.0    27.34 C    45.3    16.3    27.0    84.4    17.9    60.6   0.182   0.146   0.139   0.152   0.226    19.5    18.3    16.4    14.4    12.0
54933 20180616  2.622  -99.13   45.71    25.6    16.8    21.2    21.2     0.3    23.07 C    44.2    15.8    25.8    89.1    47.7    60.7   0.162   0.139   0.140   0.152   0.225    19.3    18.5    16.9    14.9    12.2
54933 20180617  2.622  -99.13   45.71    21.1    13.7    17.4    16.6     7.2    11.23 C    35.8    13.8    17.9    91.7    53.0    76.9   0.149   0.135   0.141   0.152   0.225    18.2    17.9    16.8    15.1    12.4
54933 20180618  2.622  -99.13   45.71    23.4    15.3    19.3    18.5     1.7    21.36 C    43.6    14.2    22.0    86.6    41.0    60.5   0.143   0.133   0.140   0.152   0.225    17.9    17.3    16.4    15.0    12.5
54933 20180619  2.622  -99.13   45.71    24.7    15.2    19.9    19.5     0.5    19.71 C    45.3    12.9    22.7    87.2    42.9    66.7   0.138   0.131   0.140   0.152   0.224    18.3    17.6    16.4    15.0    12.6
54933 20180620  2.622  -99.13   45.71    24.6    13.8    19.2    19.0     0.0    15.18 C    37.6    11.7    20.9    94.6    42.3    70.5   0.132   0.129   0.141   0.151   0.223    18.1    17.6    16.6    15.1    12.7
54933 20180621  2.622  -99.13   45.71    26.2    16.0    21.1    21.1     0.0    15.53 C    36.6    12.0    22.7    85.0    39.4    63.0   0.125   0.127   0.140   0.150   0.223    18.1    17.5    16.4    15.1    12.7
54933 20180622  2.622  -99.13   45.71    28.7    15.1    21.9    21.7     0.0    26.21 C    50.8    10.2    25.5    91.6    35.7    62.3   0.118   0.124   0.140   0.150   0.221    18.6    17.7    16.5    15.1    12.8
54933 20180623  2.622  -99.13   45.71    21.8    15.4    18.6    17.6    19.5     7.31 C    27.5    14.0    18.3    93.5    64.9    86.5   0.134   0.122   0.140   0.150   0.220    18.1    17.6    16.6    15.3    12.9
54933 20180624  2.622  -99.13   45.71    22.7    16.4    19.5    19.1     5.2    14.09 C    36.1    15.9    21.2    94.2    68.1    85.8   0.209   0.169   0.140   0.150   0.220    18.3    17.6    16.5    15.2    13.0
54933 20180625  2.622  -99.13   45.71    22.8    16.3    19.5    19.1     0.0    13.23 C    33.0    15.9    21.0    95.5    69.9    85.8   0.210   0.170   0.140   0.150   0.220    18.7    18.0    16.9    15.4    13.0
54933 20180626  2.622  -99.13   45.71    26.2    13.9    20.0    20.6     0.0    27.91 C    47.2    11.9    25.6    95.1    49.4    74.1   0.199   0.162   0.140   0.150   0.220    19.4    18.5    17.1    15.5    13.1
54933 20180627  2.622  -99.13   45.71    28.2    17.1    22.6    22.8     1.9    28.85 C    46.1    16.5    26.7    93.2    46.3    70.5   0.183   0.152   0.141   0.151   0.219    20.6    19.5    17.7    15.8    13.3
54933 20180628  2.622  -99.13   45.71    31.1    19.0    25.1    24.4     0.5    23.12 C    41.8    17.3    26.2    90.8    42.1    74.5   0.165   0.143   0.143   0.151   0.219    21.0    20.0    18.3    16.3    13.4
54933 20180629  2.622  -99.13   45.71    26.3    16.7    21.5    21.3     0.3    16.67 C    41.7    16.1    23.6    91.5    58.5    76.4   0.146   0.136   0.143   0.152   0.219    20.6    19.9    18.5    16.5    13.6
54933 20180630  2.622  -99.13   45.71    25.0    16.5    20.8    19.7     0.0    21.62 C    43.4    12.6    22.7    92.4    44.4    72.4   0.133   0.130   0.143   0.152   0.218    20.1    19.4    18.3    16.6    13.8
54933 20180701  2.622  -99.13   45.71    27.5    15.4    21.4    20.8     0.0    25.71 C    45.3    12.3    23.5    86.7    33.0    59.7   0.120   0.124   0.142   0.150   0.218    19.7    19.1    18.0    16.6    13.9
54933 20180702  2.622  -99.13   45.71    29.8    14.2    22.0    22.8     0.0    25.91 C    47.5     7.8    26.1    86.2    34.5    60.4   0.111   0.120   0.141   0.148   0.216    19.8    19.0    17.9    16.5    14.0
54933 20180703  2.622  -99.13   45.71    27.7    16.3    22.0    22.5    15.0    20.96 C    39.3    16.0    24.5    92.0    61.2    79.4   0.122   0.119   0.140   0.147   0.216    20.5    19.5    18.2    16.6    14.0
54933 20180704  2.622  -99.13   45.71    25.5    15.5    20.5    21.2    12.9    26.33 C    40.0    10.2    23.4    92.3    42.4    71.2   0.176   0.137   0.141   0.148   0.215    21.1    20.2    18.6    16.8    14.2
54933 20180705  2.622  -99.13   45.71    25.1    12.9    19.0    19.8     0.0    29.49 C    42.4     8.6    23.5    94.2    43.6    67.7   0.174   0.144   0.141   0.149   0.216    20.4    19.8    18.6    17.0    14.3
54933 20180706  2.622  -99.13   45.71    25.4    16.9    21.1    20.6     6.9    11.00 C    28.3    16.3    20.5    90.9    64.8    77.4   0.161   0.138   0.141   0.148   0.215    19.9    19.5    18.6    17.1    14.4
54933 20180707  2.622  -99.13   45.71    32.6    17.5    25.1    25.3     0.0    27.26 C    38.0    16.9    26.3    94.8    51.2    74.3   0.158   0.135   0.141   0.149   0.215    20.7    19.8    18.5    17.0    14.5
54933 20180708  2.622  -99.13   45.71    32.4    20.6    26.5    26.3     0.0    25.67 C    41.9    19.1    28.3    92.5    51.2    73.0   0.144   0.133   0.143   0.149   0.215    22.3    21.1    19.3    17.3    14.6
54933 20180709  2.622  -99.13   45.71    29.0    19.0    24.0    23.4     0.0    25.04 C    41.7    17.2    25.7    92.3    54.0    77.2   0.129   0.129   0.143   0.149   0.215    22.1    21.3    19.7    17.7    14.7
54933 20180710  2.622  -99.13   45.71    31.8    17.8    24.8    24.6     0.0    27.22 C    38.9    17.7    26.4    91.6    52.2    71.7   0.117   0.123   0.143   0.149   0.214    21.9    21.0    19.7    17.8    14.9
54933 20180711  2.622  -99.13   45.71    32.1    19.6    25.8    25.0     0.0    17.93 C    43.6    17.5    26.0    88.7    42.4    67.9   0.109   0.120   0.142   0.147   0.214    21.9    21.1    19.7    17.9    15.1
54933 20180712  2.622  -99.13   45.71    25.5    17.6    21.5    21.6     0.2    13.92 C    37.0    14.5    21.8    89.6    51.4    72.3   0.105   0.118   0.141   0.146   0.213    21.1    20.5    19.5    17.9    15.2
54933 20180713  2.622  -99.13   45.71    30.9    15.9    23.4    23.4     0.0    27.51 C    48.1    12.8    26.3    94.9    27.4    64.8   0.101   0.114   0.138   0.144   0.212    21.0    20.2    19.1    17.8    15.2
54933 20180714  2.622  -99.13   45.71    31.6    17.8    24.7    24.6     0.0    28.57 C    43.1    15.7    26.9    85.4    33.7    59.4   0.097   0.112   0.137   0.141   0.211    21.3    20.5    19.2    17.7    15.2
54933 20180715  2.622  -99.13   45.71    25.2    16.0    20.6    20.5     0.7    21.14 C    41.5     9.9    22.2    83.5    33.1    58.5   0.094   0.110   0.135   0.139   0.209    20.8    20.3    19.2    17.8    15.3
54933 20180716  2.622  -99.13   45.71    29.3    14.1    21.7    22.4     0.0    29.58 C    46.0     7.8    25.0    79.6    22.5    50.5   0.091   0.107   0.133   0.137   0.208    20.2    19.7    18.8    17.6    15.3
54933 20180717  2.622  -99.13   45.71    29.9    14.3    22.1    22.2     0.0    26.83 C    47.3    13.2    26.7    87.2    30.2    61.6   0.089   0.106   0.131   0.134   0.207    20.8    20.0    18.8    17.6    15.2
54933 20180718  2.622  -99.13   45.71    25.4    16.7    21.0    20.1     0.0    13.72 C    33.6    16.0    21.9    93.7    57.8    82.0   0.087   0.104   0.130   0.133   0.205    20.5    20.0    19.0    17.7    15.2
54933 20180719  2.622  -99.13   45.71    26.3    15.6    21.0    20.6     0.0    25.17 C    43.9    14.5    25.2    94.4    38.2    72.4   0.087   0.103   0.129   0.132   0.205    20.5    19.8    18.7    17.5    15.2
54933 20180720  2.622  -99.13   45.71    26.6    12.7    19.7    19.9     0.0    25.34 C    48.8     9.3    24.5    92.1    44.0    68.8   0.085   0.102   0.128   0.131   0.204    20.4    19.8    18.8    17.5    15.3
54933 20180721  2.622  -99.13   45.71    26.7    11.1    18.9    19.7     0.0    26.52 C    46.4     8.0    24.6    95.7    47.3    73.5   0.084   0.101   0.127   0.129   0.203    20.4    19.7    18.7    17.5    15.3
54933 20180722  2.622  -99.13   45.71    27.2    17.6    22.4    21.3    16.2    15.27 C    37.1    15.1    22.4    94.3    55.3    78.8   0.086   0.102   0.126   0.128   0.202    20.5    19.9    18.8    17.5    15.3
54933 20180723  2.622  -99.13   45.71    25.9    12.2    19.0    19.9     0.0    28.99 C    40.3     9.9    21.6    86.9    31.9    59.3   0.121   0.105   0.126   0.129   0.202    20.2    19.6    18.7    17.5    15.3
54933 20180724  2.622  -99.13   45.71    28.9    13.3    21.1    21.6     0.0    24.16 C    43.7     9.3    23.4    83.7    32.3    59.4   0.111   0.106   0.126   0.130   0.202    20.0    19.5    18.6    17.5    15.4
54933 20180725  2.622  -99.13   45.71    25.3    12.9    19.1    19.2     1.1    24.81 C    40.9     9.9    22.5    95.0    35.9    67.9   0.102   0.107   0.127   0.131   0.202    20.4    19.8    18.8    17.6    15.4
54933 20180726  2.622  -99.13   45.71    20.6     9.4    15.0    15.2     0.0    21.79 C    39.2     7.2    17.8    94.9    49.8    73.1   0.094   0.105   0.127   0.131   0.202    18.9    18.8    18.4    17.5    15.4
54933 20180727  2.622  -99.13   45.71    24.0     9.1    16.5    17.1     0.0    19.24 C    46.7     5.7    19.4    94.2    33.0    63.3   0.089   0.104   0.126   0.130   0.201    18.1    18.1    17.8    17.1    15.4
54933 20180728  2.622  -99.13   45.71    25.8    11.1    18.4    18.6     0.0    19.36 C    44.9     5.6    20.1    93.2    32.4    59.0   0.086   0.103   0.126   0.128   0.201    18.0    17.8    17.5    16.9    15.3
54933 20180729  2.622  -99.13   45.71    25.0    12.9    18.9    17.6     2.3    15.26 C    43.0     7.1    17.2    90.3    40.8    71.3   0.084   0.101   0.125   0.128   0.200    17.9    17.7    17.3    16.7    15.2
54933 20180730  2.622  -99.13   45.71    27.4    10.3    18.8    19.4     0.0    27.14 C    47.4     6.8    22.3    94.8    28.7    61.2   0.085   0.102   0.125   0.127   0.200    18.1    17.6    17.1    16.5    15.1
54933 20180731  2.622  -99.13   45.71    33.0    14.1    23.5    22.7     3.3    25.26 C    47.2    11.6    24.9    86.3    20.3    51.6   0.084   0.102   0.125   0.127   0.199    19.1    18.4    17.4    16.5    15.0
54933 20180801  2.622  -99.13   45.71    20.9     9.1    15.0    16.2     0.0    25.36 C    42.3     8.3    21.1    92.0    47.8    71.8   0.086   0.103   0.126   0.127   0.198    19.2    18.7    17.8    16.7    15.0
54933 20180802  2.622  -99.13   45.71    27.1     8.1    17.6    17.8     0.0    24.33 C    41.2     7.7    20.9    94.9    42.3    70.6   0.084   0.102   0.125   0.127   0.197    18.3    18.0    17.5    16.7    15.0
54933 20180803  2.622  -99.13   45.71    29.5    16.6    23.0    21.9     0.0    14.88 C    39.7    15.7    23.2    95.2    38.4    73.7   0.083   0.102   0.125   0.126   0.197    19.0    18.4    17.6    16.7    15.0
54933 20180804  2.622  -99.13   45.71    31.3    18.6    24.9    24.3     0.0    23.70 C    48.6    12.1    27.6    80.5    27.7    50.2   0.083   0.101   0.125   0.125   0.196    19.9    19.0    17.9    16.7    15.0
54933 20180805  2.622  -99.13   45.71    28.9    13.9    21.4    21.7     0.2    19.64 C    46.1     9.3    23.5    77.3    24.8    53.3   0.081   0.100   0.124   0.125   0.196    19.5    19.0    18.1    17.0    15.1
54933 20180806  2.622  -99.13   45.71    29.7    14.3    22.0    20.7     0.0    22.03 C    44.5    10.1    24.4    91.0    31.4    64.9   0.081   0.099   0.123   0.125   0.195    19.9    19.2    18.1    17.0    15.1
54933 20180807  2.622  -99.13   45.71    31.7    13.5    22.6    23.0     0.0    23.75 C    51.5    10.7    26.4    89.3    24.6    52.8   0.079   0.098   0.123   0.124   0.194    20.0    19.4    18.3    17.1    15.1
54933 20180808  2.622  -99.13   45.71    36.0    18.2    27.1    25.9     0.0    23.82 C    53.8    11.1    28.5    77.8    13.4    45.7   0.078   0.097   0.122   0.123   0.194    20.6    19.8    18.5    17.2    15.2
54933 20180809  2.622  -99.13   45.71    32.3    14.4    23.4    23.2     0.0    22.59 C    49.9     9.2    26.5    93.0    24.5    56.9   0.077   0.095   0.121   0.122   0.193    20.5    19.8    18.6    17.4    15.3
54933 20180810  2.622  -99.13   45.71    36.5    15.7    26.1    25.5     0.0    23.23 C    52.4    11.7    28.6    89.1    18.9    56.5   0.076   0.095   0.120   0.122   0.192    21.0    20.2    18.8    17.5    15.4
54933 20180811  2.622  -99.13   45.71    33.8    17.4    25.6    24.9     0.0    21.94 C    48.7    14.3    28.0    94.6    36.9    69.9   0.076   0.094   0.120   0.122   0.192    21.6    20.6    19.2    17.7    15.4
54933 20180812  2.622  -99.13   45.71    37.5    19.2    28.4    26.8     0.0    23.74 C    46.3    19.4    29.0    95.5    14.3    61.0   0.076   0.094   0.120   0.122   0.191    22.0    21.0    19.5    17.9    15.5
54933 20180813  2.622  -99.13   45.71    35.4    16.4    25.9    24.6     0.0    22.85 C    47.8    15.6    27.7    93.9    18.7    59.7   0.075   0.094   0.119   0.122   0.191    21.9    21.0    19.7    18.1    15.7
54933 20180814  2.622  -99.13   45.71    23.4    12.2    17.8    17.5     0.0    11.61 C    43.9     8.2    19.7    82.0    35.2    64.1   0.073   0.092   0.118   0.122   0.190    20.5    20.3    19.5    18.2    15.8
54933 20180815  2.622  -99.13   45.71    27.5    10.5    19.0    19.3     0.0    22.00 C    48.6     6.1    23.5    88.3    28.7    57.2   0.071   0.091   0.117   0.120   0.190    19.4    19.1    18.7    17.9    15.9
54933 20180816  2.622  -99.13   45.71    31.0    13.7    22.4    22.5     0.0    22.72 C    52.6    11.1    27.1    92.6    27.7    60.0   0.072   0.091   0.116   0.120   0.190    20.4    19.7    18.7    17.7    15.8
54933 20180817  2.622  -99.13   45.71    28.1    13.8    20.9    20.4     0.0    13.75 C    38.4     7.9    21.1    92.1    28.4    63.6   0.071   0.090   0.116   0.119   0.189    19.9    19.5    18.8    17.8    15.8
54933 20180818  2.622  -99.13   45.71    31.4    15.0    23.2    22.7     0.0    17.76 C    41.2    14.3    24.9    95.4    39.6    71.0   0.071   0.090   0.115   0.119   0.188    20.0    19.3    18.5    17.6    15.8
54933 20180819  2.622  -99.13   45.71    21.1    12.1    16.6    17.7     5.8     4.92 C    22.1    10.9    17.7    90.0    53.6    79.2   0.072   0.091   0.116   0.119   0.188    19.7    19.4    18.7    17.7    15.8
54933 20180820  2.622  -99.13   45.71    22.7     9.3    16.0    15.5     0.0    21.82 C    38.6     6.1    17.9    91.2    37.3    66.0   0.072   0.090   0.115   0.120   0.189    18.0    18.1    18.0    17.5    15.7
54933 20180821  2.622  -99.13   45.71    23.8    11.8    17.8    16.7     0.0    15.60 C    42.2     9.2    19.0    85.7    26.6    57.1   0.072   0.090   0.115   0.119   0.189    17.7    17.7    17.6    17.1    15.7
54933 20180822  2.622  -99.13   45.71    27.0     9.3    18.1    18.4     0.0    23.53 C    42.1     3.8    20.8    82.6    24.4    51.3   0.072   0.090   0.114   0.118   0.187    17.6    17.5    17.2    16.9    15.6
54933 20180823  2.622  -99.13   45.71    23.8    11.0    17.4    17.3    16.1     9.45 C    36.4    10.4    18.5    95.6    60.0    84.7   0.072   0.090   0.114   0.118   0.186    17.7    17.6    17.2    16.7    15.5
54933 20180824  2.622  -99.13   45.71    25.4    13.7    19.5    18.9     2.0    16.60 C    37.0    12.5    20.2    95.0    50.3    78.9   0.100   0.093   0.115   0.118   0.186    18.4    17.9    17.3    16.7    15.4
54933 20180825  2.622  -99.13   45.71    29.8    14.3    22.0    21.5     0.0    20.31 C    41.8    11.1    23.2    95.0    39.7    71.7   0.116   0.095   0.115   0.119   0.187    19.2    18.6    17.7    16.8    15.4
54933 20180826  2.622  -99.13   45.71    25.7    15.2    20.5    19.5    14.1    12.82 C    32.7    14.1    20.4    96.2    71.5    87.2   0.123   0.096   0.117   0.120   0.186    19.4    18.9    18.1    17.0    15.4
54933 20180827  2.622  -99.13   45.71    18.9    10.3    14.6    13.7     0.0     9.40 C    24.4    11.3    15.2    95.1    62.2    84.2   0.165   0.123   0.116   0.119   0.187    18.5    18.5    18.0    17.1    15.5
54933 20180828  2.622  -99.13   45.71    16.8    10.5    13.7    13.4     0.0    11.74 C    29.4     8.0    15.4    92.5    54.6    74.1   0.169   0.133   0.115   0.119   0.186    17.1    17.3    17.3    16.9    15.5
54933 20180829  2.622  -99.13   45.71    24.9     7.7    16.3    16.4     0.0    20.58 C    37.5     6.2    18.6    93.5    34.5    66.0   0.163   0.129   0.115   0.119   0.186    17.0    17.1    16.9    16.6    15.4
54933 20180830  2.622  -99.13   45.71    27.8    13.0    20.4    19.7     0.0    18.64 C    35.1    12.1    20.7    94.8    54.0    75.8   0.154   0.124   0.115   0.120   0.186    17.7    17.5    17.0    16.5    15.3
54933 20180831  2.622  -99.13   45.71    29.7    14.0    21.9    21.5     0.0    18.08 C    42.2    10.1    22.8    95.7    24.3    70.8   0.145   0.120   0.116   0.119   0.185    19.1    18.6    17.5    16.6    15.3
54933 20180901  2.622  -99.13   45.71    26.7     9.3    18.0    18.5     0.0    17.26 C    35.7     6.1    18.8    82.7    29.0    55.8   0.132   0.114   0.117   0.120   0.185    18.1    18.1    17.6    16.8    15.3
54933 20180902  2.622  -99.13   45.71    22.1    12.1    17.1    16.8    20.0    21.96 C    33.6     9.2    18.7    92.8    31.8    62.9   0.181   0.155   0.116   0.120   0.185    17.7    17.6    17.3    16.7    15.3
54933 20180903  2.622  -99.13   45.71    27.4    10.4    18.9    18.6     0.2    12.22 C    33.6     8.5    18.9    89.9    53.6    72.6   0.179   0.151   0.116   0.120   0.185    17.3    17.3    17.1    16.6    15.3
54933 20180904  2.622  -99.13   45.71    23.4    13.2    18.3    19.2     0.0    11.77 C    32.5    11.4    20.5    95.2    49.1    73.8   0.173   0.146   0.117   0.121   0.185    18.4    18.0    17.4    16.6    15.3
54933 20180905  2.622  -99.13   45.71    19.8    10.4    15.1    15.0     0.0    17.51 C    34.9     9.4    17.2    74.0    36.6    56.7   0.163   0.141   0.117   0.121   0.185    17.4    17.5    17.3    16.6    15.3
54933 20180906  2.622  -99.13   45.71    24.3    10.1    17.2    16.4     0.0    20.52 C    32.7     8.3    17.7    76.9    23.9    54.0   0.150   0.133   0.116   0.121   0.185    16.7    16.9    16.8    16.5    15.3
54933 20180907  2.622  -99.13   45.71    26.7     9.0    17.8    17.2     0.0    20.50 C    34.9     8.4    18.6    94.0    29.7    62.6   0.136   0.124   0.116   0.120   0.185    16.7    16.7    16.5    16.3    15.2
54933 20180908  2.622  -99.13   45.71    24.7     8.2    16.4    16.3     0.0    19.73 C    31.2     7.7    17.4    92.8    18.8    59.0   0.123   0.117   0.116   0.120   0.185    16.4    16.5    16.4    16.1    15.1
54933 20180909  2.622  -99.13   45.71    26.7    12.9    19.8    19.1     0.0    15.26 C    34.7    12.1    20.1    88.5    50.4    69.2   0.113   0.112   0.116   0.120   0.185    16.7    16.5    16.2    15.9    15.0
54933 20180910  2.622  -99.13   45.71    27.1    13.5    20.3    20.1     0.0    20.03 C    42.3    10.6    22.9    95.2    37.8    69.7   0.108   0.110   0.117   0.120   0.185    17.6    17.2    16.6    16.0    14.9
54933 20180911  2.622  -99.13   45.71    29.0    14.7    21.9    20.3     0.0    18.17 C    37.2    12.2    21.6    95.5    40.0    69.2   0.103   0.109   0.118   0.120   0.185    17.9    17.6    16.9    16.2    14.9
54933 20180912  2.622  -99.13   45.71    32.1    11.1    21.6    20.6     0.0    19.23 C    38.7    10.2    22.1    90.4    28.0    60.6   0.098   0.107   0.118   0.120   0.184    17.7    17.4    16.9    16.2    14.9
54933 20180913  2.622  -99.13   45.71    25.1    14.8    19.9    19.6     0.0     9.71 C    38.3    13.7    21.0    92.7    61.4    77.4   0.095   0.106   0.118   0.120   0.184    18.2    17.8    17.1    16.3    15.0
54933 20180914  2.622  -99.13   45.71    23.1    11.9    17.5    17.3     0.0     9.71 C    30.2    11.3    18.6    93.9    40.0    75.0   0.092   0.105   0.118   0.121   0.184    17.5    17.3    17.0    16.4    15.0
54933 20180915  2.622  -99.13   45.71    24.5    13.6    19.0    18.0     0.0     8.72 C    32.2    13.9    19.1    95.4    66.8    84.4   0.091   0.104   0.118   0.121   0.184    17.3    17.1    16.8    16.2    15.0
54933 20180916  2.622  -99.13   45.71    30.0    11.9    20.9    21.8     0.0    18.58 C    39.2    10.2    22.7    91.5    38.1    66.6   0.090   0.104   0.118   0.121   0.184    18.2    17.6    16.9    16.2    15.0
54933 20180917  2.622  -99.13   45.71    17.9     7.1    12.5    11.4     2.6    13.86 C    27.5     2.5    13.2    94.5    49.1    77.7   0.087   0.102   0.118   0.120   0.184    16.7    16.9    16.8    16.3    15.0
54933 20180918  2.622  -99.13   45.71    19.9     2.9    11.4    11.8     0.0    15.64 C    36.1     0.4    13.9    94.6    40.6    68.8   0.086   0.102   0.117   0.119   0.184    15.3    15.7    16.0    16.0    15.0
54933 20180919  2.622  -99.13   45.71    14.3    10.6    12.5    12.5     5.8     4.21 C    16.7    10.0    12.7    94.6    68.4    82.1   0.086   0.102   0.116   0.119   0.183    14.9    15.3    15.5    15.6    14.9
54933 20180920  2.622  -99.13   45.71    11.1     7.0     9.0     9.2    36.1     2.35 C    13.6     7.3     9.4    94.3    68.4    88.2   0.169   0.151   0.118   0.118   0.183    13.2    14.0    14.8    15.3    14.7
54933 20180921  2.622  -99.13   45.71    13.5     4.2     8.9     8.0     0.0    17.26 C    27.1     4.3    10.7    93.3    42.1    70.6   0.261   0.234   0.152   0.117   0.182    12.8    13.1    13.7    14.6    14.5
54933 20180922  2.622  -99.13   45.71    21.5     4.5    13.0    12.2     0.0    17.01 C    27.4     4.0    12.7    92.5    45.3    72.3   0.250   0.233   0.153   0.117   0.182    12.8    13.1    13.6    14.2    14.3
54933 20180923  2.622  -99.13   45.71    18.3     5.4    11.8    10.5     0.0    11.32 C    23.6     6.0    11.8    96.7    60.1    85.3   0.242   0.229   0.153   0.117   0.181    13.2    13.4    13.6    14.0    14.0
54933 20180924  2.622  -99.13   45.71    13.3     6.7    10.0     9.0     2.4     7.77 C    22.0     4.7    10.2    95.2    68.1    86.9   0.238   0.226   0.154   0.117   0.181    13.1    13.4    13.6    13.9    13.9
54933 20180925  2.622  -99.13   45.71    14.0     3.7     8.8     8.5     1.0     9.61 C    22.3     3.1     9.2    93.6    54.7    83.2   0.234   0.223   0.153   0.116   0.182    12.6    13.0    13.3    13.7    13.8
54933 20180926  2.622  -99.13   45.71    18.9     1.0     9.9    10.2     0.0    15.10 C    21.1    -0.2     9.8    93.3    30.6    64.9   0.229   0.220   0.154   0.116   0.181    11.9    12.4    12.9    13.5    13.6
54933 20180927  2.622  -99.13   45.71    11.5     1.1     6.3     8.4     0.0     8.47 C    15.1    -0.8     8.3    85.3    43.3    65.9   0.223   0.215   0.154   0.116   0.180    12.0    12.4    12.8    13.3    13.5
54933 20180928  2.622  -99.13   45.71     9.7    -2.7     3.5     3.4     0.0    17.75 C    20.6    -3.5     4.7    92.7    35.3    63.3   0.217   0.211   0.154   0.116   0.180    10.6    11.4    12.1    13.0    13.3
54933 20180929  2.622  -99.13   45.71     5.1    -0.2     2.4     2.8     2.3     1.98 C     6.3    -0.9     3.5    94.9    64.1    84.4   0.212   0.206   0.154   0.115   0.179     9.6    10.4    11.4    12.5    13.1
54933 20180930  2.622  -99.13   45.71     5.6     1.6     3.6     3.8     0.0     5.56 C    10.9     1.3     4.9    95.4    68.0    84.9   0.210   0.205   0.153   0.115   0.179     9.4    10.0    10.8    12.0    12.8
54933 20181001  2.622  -99.13   45.71    11.0     0.6     5.8     5.0     3.3     8.18 C    16.6     0.1     5.5    93.8    68.3    84.6   0.208   0.203   0.153   0.114   0.179     9.0     9.6    10.4    11.6    12.6
54933 20181002  2.622  -99.13   45.71    10.2     2.4     6.3     7.0     0.0     2.40 C    10.0     2.3     7.1    96.4    89.7    95.5   0.209   0.202   0.153   0.115   0.178     9.2     9.6    10.2    11.3    12.4
54933 20181003  2.622  -99.13   45.71    12.9    -3.7     4.6     7.1     0.0     4.58 C    15.1    -4.2     7.2    96.3    61.1    86.0   0.212   0.204   0.154   0.115   0.178    10.0    10.2    10.5    11.2    12.1
54933 20181004  2.622  -99.13   45.71     5.2    -5.7    -0.3    -0.4     8.0     5.73 C    14.6    -7.6    -0.2    95.5    51.8    84.9   0.215   0.203   0.154   0.114   0.178     7.8     8.8     9.9    11.1    12.0
54933 20181005  2.622  -99.13   45.71     5.3    -1.0     2.2     2.7     1.1     2.91 C     7.5    -1.7     3.3    96.5    82.1    90.7   0.258   0.236   0.154   0.112   0.177     7.3     7.9     9.0    10.5    11.8
54933 20181006  2.622  -99.13   45.71     3.9    -1.6     1.2     0.9     0.0     5.07 C     9.8    -2.5     2.6    93.5    72.7    82.9   0.257   0.246   0.167   0.111   0.177     7.1     7.8     8.7    10.1    11.5
54933 20181007  2.622  -99.13   45.71     3.8     0.1     1.9     1.8     9.9     2.29 C     6.1     0.6     2.7    94.8    79.4    88.8   0.254   0.245   0.175   0.112   0.176     6.9     7.6     8.4     9.8    11.2
54933 20181008  2.622  -99.13   45.71     4.0     2.1     3.1     3.0     8.7     2.94 C     6.7     2.1     3.7    95.7    88.9    93.0   0.296   0.277   0.193   0.110   0.176     6.8     7.3     8.1     9.5    11.0
54933 20181009  2.622  -99.13   45.71     4.8     0.4     2.6     2.9     3.4     4.11 C     7.1     0.4     3.6    94.8    86.5    91.9   0.300   0.285   0.237   0.111   0.176     6.7     7.2     7.9     9.2    10.8
54933 20181010  2.622  -99.13   45.71     0.4    -1.6    -0.6    -0.3     4.0     6.14 C     0.4    -2.4    -0.6    94.8    81.2    88.9   0.294   0.281   0.256   0.113   0.174     6.0     6.8     7.7     8.9    10.5
54933 20181011  2.622  -99.13   45.71     2.2    -3.5    -0.7    -1.2     0.0    11.38 C     5.2    -5.8    -1.8    86.6    62.6    75.3   0.287   0.277   0.258   0.129   0.174     5.4     6.1     7.1     8.6    10.3
54933 20181012  2.622  -99.13   45.71     7.9    -3.0     2.5     2.1     0.0     7.93 C    10.3    -4.8     1.8    94.1    55.2    81.0   0.291   0.278   0.260   0.139   0.174     5.2     5.8     6.7     8.1    10.0
54933 20181013  2.622  -99.13   45.71     6.8    -2.8     2.0     2.6     0.0     7.34 C    12.6    -4.2     2.6    87.5    49.5    68.3   0.289   0.276   0.259   0.144   0.173     5.6     6.1     6.7     7.9     9.8
54933 20181014  2.622  -99.13   45.71     0.5    -6.7    -3.1    -1.9     0.0     3.45 C     2.5    -7.1    -1.7    83.9    54.8    65.2   0.279   0.268   0.256   0.159   0.173     4.8     5.7     6.6     7.8     9.5
54933 20181015  2.622  -99.13   45.71    12.2    -8.5     1.8     1.8     0.0    13.57 C    14.1    -9.6     1.6    88.7    27.7    61.8   0.272   0.263   0.253   0.169   0.172     4.3     5.1     6.1     7.4     9.3
54933 20181016  2.622  -99.13   45.71    12.3    -1.7     5.3     6.1     0.0    13.67 C    19.8    -4.5     5.9    87.4    31.8    58.5   0.267   0.259   0.251   0.173   0.172     5.4     5.8     6.2     7.2     9.1
54933 20181017  2.622  -99.13   45.71    12.6    -1.6     5.5     5.0     0.0    13.59 C    18.8    -4.5     5.6    82.9    41.2    63.1   0.263   0.255   0.249   0.176   0.171     5.8     6.2     6.5     7.3     9.0
54933 20181018  2.622  -99.13   45.71    21.7     4.1    12.9    12.7     0.0    13.52 C    24.3     1.2    11.3    83.5    30.7    57.3   0.259   0.252   0.247   0.180   0.171     6.7     6.8     6.8     7.4     8.9
54933 20181019  2.622  -99.13   45.71    14.4     2.9     8.6     9.0     0.0    12.92 C    19.8     1.0     8.3    82.5    28.5    54.3   0.256   0.249   0.246   0.184   0.170     7.5     7.5     7.5     7.7     8.9
54933 20181020  2.622  -99.13   45.71     6.3    -2.3     2.0     1.2     0.0    13.85 C    17.5    -4.2     2.7    84.1    31.4    57.5   0.251   0.245   0.244   0.188   0.172     6.5     7.1     7.4     7.9     8.9
54933 20181021  2.622  -99.13   45.71    15.8    -4.2     5.8     5.9     0.0    13.27 C    23.5    -5.1     4.1    85.0    24.6    53.3   0.247   0.241   0.241   0.192   0.172     6.0     6.5     7.1     7.8     8.9
54933 20181022  2.622  -99.13   45.71    13.7    -2.1     5.8     5.1     0.0    13.29 C    21.5   -10.0     2.7    79.6    27.2    54.2   0.244   0.238   0.239   0.194   0.172     5.9     6.4     6.9     7.7     8.8
54933 20181023  2.622  -99.13   45.71    10.8    -4.1     3.3     2.5     0.0    12.94 C    17.1   -10.3     2.3    82.7    33.9    60.6   0.241   0.235   0.237   0.197   0.172     5.3     6.0     6.6     7.5     8.7
54933 20181024  2.622  -99.13   45.71    13.1     1.6     7.4     7.7     0.0     6.74 C    18.5     1.2     7.7    86.2    45.8    62.4   0.239   0.233   0.236   0.197   0.172     5.9     6.2     6.6     7.4     8.6
54933 20181025  2.622  -99.13   45.71    16.1     4.2    10.1     9.9     0.0     9.52 C    23.2     0.2    10.1    94.8    51.0    79.5   0.238   0.232   0.235   0.198   0.172     7.4     7.3     7.1     7.5     8.6
54933 20181026  2.622  -99.13   45.71    15.9     1.0     8.4     7.8     0.0     9.26 C    23.5    -2.5     6.2    95.3    32.9    63.7   0.235   0.230   0.235   0.199   0.172     7.2     7.4     7.5     7.8     8.6
54933 20181027  2.622  -99.13   45.71    15.6     0.4     8.0     7.2     0.0     6.23 C    18.0    -4.5     5.4    92.0    49.3    73.0   0.232   0.227   0.233   0.200   0.172     6.7     7.1     7.4     7.8     8.6
54933 20181028  2.622  -99.13   45.71    12.2    -1.0     5.6     5.9     0.0    11.85 C    18.9    -2.6     5.3    82.9    33.9    58.0   0.229   0.225   0.232   0.200   0.172     6.7     7.0     7.3     7.8     8.6
54933 20181029  2.622  -99.13   45.71    15.1     2.7     8.9     7.8     0.0    10.49 C    19.9     0.2     7.3    86.6    31.3    56.2   0.226   0.222   0.230   0.200   0.172     6.8     7.1     7.3     7.8     8.6
54933 20181030  2.622  -99.13   45.71    12.7    -0.3     6.2     4.9     0.0    10.45 C    18.2    -2.2     4.6    96.1    36.5    74.7   0.223   0.219   0.229   0.200   0.172     6.7     7.1     7.3     7.8     8.5
54933 20181031  2.622  -99.13   45.71    12.0    -2.3     4.9     3.6     0.0    11.25 C    16.7    -6.2     2.4    88.7    36.1    70.1   0.220   0.217   0.227   0.200   0.171     6.1     6.6     7.1     7.7     8.5
54933 20181101  2.622  -99.13   45.71     7.8    -0.7     3.6     3.1     0.0     4.16 C    13.6    -3.1     3.0    92.4    56.9    80.7   0.217   0.215   0.226   0.199   0.171     5.8     6.3     6.9     7.5     8.5
54933 20181102  2.622  -99.13   45.71     5.1     2.1     3.6     3.6     0.3     2.46 C     9.4     0.8     4.2    95.4    77.9    89.6   0.216   0.214   0.224   0.199   0.171     6.0     6.4     6.8     7.5     8.4
54933 20181103  2.622  -99.13   45.71     2.3     0.1     1.2     1.1     5.4     2.51 C     4.0     0.2     1.6    96.3    91.7    94.6   0.216   0.214   0.224   0.199   0.171     5.8     6.2     6.8     7.4     8.3
54933 20181104  2.622  -99.13   45.71     2.7     0.6     1.6     1.6     0.0     1.31 C     3.7     1.0     2.0    96.7    85.9    92.4   0.216   0.213   0.223   0.199   0.172     5.3     5.9     6.4     7.3     8.3
54933 20181105  2.622  -99.13   45.71     3.1    -1.3     0.9     1.4     3.3     1.90 C     5.7    -1.3     1.9    95.3    78.9    91.1   0.218   0.214   0.222   0.198   0.171     5.3     5.7     6.3     7.1     8.2
54933 20181106  2.622  -99.13   45.71    -1.3    -6.7    -4.0    -4.4     0.0     3.69 C    -1.1    -6.3    -3.7    82.7    59.0    72.5   0.227   0.214   0.221   0.198   0.171     4.2     5.1     6.0     6.9     8.1
54933 20181107  2.622  -99.13   45.71    -5.8   -11.0    -8.4    -8.4     0.0     9.58 C     3.2   -12.5    -6.5    84.3    59.6    75.0   0.229   0.215   0.221   0.196   0.171     2.8     3.9     5.1     6.5     7.9
54933 20181108  2.622  -99.13   45.71    -5.8   -14.8   -10.3    -9.0     0.3     3.72 C    -3.2   -15.9    -8.2    88.3    54.0    77.4   0.228   0.215   0.220   0.196   0.171     2.1     3.2     4.4     5.9     7.7
54933 20181109  2.622  -99.13   45.71    -9.5   -15.8   -12.7   -12.9     0.0     8.61 C    -1.8   -18.1   -11.8    84.9    57.5    75.7   0.224   0.215   0.219   0.194   0.170     1.4     2.5     3.8     5.4     7.4
54933 20181110  2.622  -99.13   45.71    -1.1   -13.9    -7.5    -7.1     0.0     2.80 C    -1.5   -13.6    -6.5    88.8    69.7    78.4   0.206   0.214   0.218   0.194   0.170     0.7     1.8     3.2     4.9     7.1
54933 20181111  2.622  -99.13   45.71    -3.5   -10.3    -6.9    -7.5     0.0     5.07 C     0.3   -10.9    -6.8    83.7    58.8    71.8   0.204   0.213   0.217   0.193   0.169     0.5     1.4     2.7     4.4     6.8
54933 20181112  2.622  -99.13   45.71    -7.8   -13.5   -10.7   -10.4     0.0     7.84 C     1.2   -16.4    -9.5    76.6    52.3    64.6   0.202   0.209   0.216   0.192   0.168     0.3     1.2     2.4     4.1     6.5
54933 20181113  2.622  -99.13   45.71     3.6   -14.2    -5.3    -5.0     0.0     6.79 C     6.0   -16.5    -6.0    85.3    42.2    68.2 -99.000   0.197   0.216   0.192   0.168    -0.1     0.8     2.1     3.8     6.2
54933 20181114  2.622  -99.13   45.71    13.4    -3.2     5.1     3.9     0.0     8.18 C    14.0    -5.3     1.9    79.7    31.7    58.6 -99.000   0.196   0.215   0.191   0.167     0.0     0.8     1.9     3.5     5.9
54933 20181115  2.622  -99.13   45.71     7.6    -2.4     2.6     2.5     0.0     3.96 C     8.8    -2.1     1.4    90.4    52.2    73.7   0.199   0.196   0.214   0.190   0.168     0.2     0.9     1.9     3.3     5.7
54933 20181116  2.622  -99.13   45.71    -2.4   -10.2    -6.3    -5.6     5.6     2.40 C    -2.1   -10.3    -5.1    91.7    78.4    87.0   0.199   0.197   0.214   0.190   0.167     0.4     1.1     1.9     3.2     5.5
54933 20181117  2.622  -99.13   45.71   -10.0   -19.0   -14.5   -15.0     0.0     9.56 C   -10.1   -22.9   -16.9    85.2    70.7    80.1   0.200   0.197   0.213   0.191   0.167     0.5     1.2     1.9     3.1     5.3
54933 20181118  2.622  -99.13   45.71    -2.3   -12.0    -7.2    -6.4     0.0     5.80 C    -3.3   -15.1    -8.1    88.8    73.0    82.1   0.200   0.197   0.214   0.190   0.167     0.4     1.2     1.9     3.1     5.3
54933 20181119  2.622  -99.13   45.71    -4.6   -17.1   -10.9   -11.9     0.0     8.89 C    -5.4   -24.9   -13.5    93.3    71.7    81.6   0.200   0.197   0.214   0.190   0.166     0.4     1.2     1.9     3.1     5.1
54933 20181120  2.622  -99.13   45.71     3.4   -13.4    -5.0    -2.5     0.0     8.48 C    -0.2   -12.8    -4.4    96.2    71.0    85.0   0.200   0.197   0.214   0.192   0.166     0.3     1.1     1.9     3.0     5.0
54933 20181121  2.622  -99.13   45.71    -1.2    -7.6    -4.4    -4.6     0.0     2.42 C    -1.6    -7.0    -4.2    96.2    89.9    92.5   0.199   0.201   0.214   0.191   0.167     0.4     1.1     1.9     3.0     4.9
54933 20181122  2.622  -99.13   45.71     0.8    -4.9    -2.1    -2.5     0.0     1.97 C    -0.8    -7.1    -2.9    95.8    84.1    93.2   0.199   0.210   0.213   0.191   0.167     0.4     1.2     1.8     3.0     4.9
54933 20181123  2.622  -99.13   45.71     3.6    -5.1    -0.7    -0.3     0.0     3.48 C     0.2    -8.9    -2.7    92.2    77.3    86.2   0.198   0.211   0.213   0.190   0.166     0.4     1.2     1.8     2.9     4.8
54933 20181124  2.622  -99.13   45.71    -1.6    -5.7    -3.7    -3.5     0.0     2.48 C    -1.1    -7.9    -4.2    96.5    72.8    86.9   0.198   0.212   0.214   0.190   0.166     0.5     1.2     1.8     2.9     4.7
54933 20181125  2.622  -99.13   45.71    -4.6    -8.5    -6.6    -6.3     0.0     1.82 C    -5.2    -8.6    -6.5    79.9    66.5    74.0   0.198   0.213   0.214   0.190   0.166     0.5     1.2     1.8     2.9     4.7
54933 20181126  2.622  -99.13   45.71    -8.4   -15.8   -12.1   -12.1     0.0     7.98 C    -7.5   -22.6   -13.5    85.6    57.4    73.0 -99.000   0.207   0.214   0.190   0.166     0.2     0.9     1.7     2.8     4.6
54933 20181127  2.622  -99.13   45.71    -6.9   -17.2   -12.1   -11.0     0.4     3.67 C    -6.0   -23.2   -12.6    88.0    67.3    78.9 -99.000   0.192   0.214   0.191   0.166    -0.3     0.5     1.4     2.7     4.5
54933 20181128  2.622  -99.13   45.71    -1.5    -7.1    -4.3    -3.9     1.3     2.06 C    -1.7    -6.6    -4.0    95.3    88.3    93.4 -99.000 -99.000   0.214   0.189   0.166    -0.4     0.3     1.2     2.5     4.4
54933 20181129  2.622  -99.13   45.71     0.0    -4.5    -2.2    -0.9     0.0     2.44 C     0.0    -7.8    -1.4    97.0    92.8    95.3 -99.000 -99.000   0.213   0.189   0.165    -0.3     0.3     1.1     2.3     4.3
54933 20181130  2.622  -99.13   45.71    -0.5    -5.1    -2.8    -2.0     0.0     2.35 C     0.0    -5.6    -1.8    96.3    92.7    94.9 -99.000 -99.000   0.214   0.189   0.165    -0.2     0.3     1.1     2.3     4.2
54933 20181201  2.622  -99.13   45.71    -0.7    -6.3    -3.5    -3.3     0.0     2.36 C    -0.5    -6.2    -3.1    95.6    90.7    93.3 -99.000   0.192   0.213   0.189   0.165    -0.1     0.4     1.1     2.2     4.1
54933 20181202  2.622  -99.13   45.71    -6.3    -8.1    -7.2    -7.3     0.0     2.05 C    -5.6    -7.8    -6.9    90.8    89.1    89.9 -99.000   0.187   0.213   0.189   0.165    -0.2     0.4     1.1     2.2     4.0
54933 20181203  2.622  -99.13   45.71    -4.8    -7.7    -6.3    -6.4     0.0     1.69 C    -4.2    -7.4    -6.2    90.2    81.6    87.2 -99.000   0.183   0.213   0.188   0.165    -0.3     0.3     1.1     2.2     4.0
54933 20181204  2.622  -99.13   45.71     0.1    -9.1    -4.5    -3.5     0.0     4.89 C    -0.4   -12.3    -5.1    88.0    72.4    82.9 -99.000 -99.000   0.213   0.188   0.165    -0.3     0.3     1.0     2.1     3.9
54933 20181205  2.622  -99.13   45.71    -4.4   -11.0    -7.7    -7.4     0.0     5.30 C    -2.3   -15.6    -9.1    90.6    70.0    82.8 -99.000 -99.000   0.213   0.188   0.165    -0.4     0.3     1.0     2.1     3.9
54933 20181206  2.622  -99.13   45.71    -6.1   -12.4    -9.2    -9.2     0.0     3.10 C    -6.4   -17.0    -9.4    88.4    62.4    78.7 -99.000 -99.000   0.212   0.189   0.164    -0.5     0.1     0.9     2.0     3.8
54933 20181207  2.622  -99.13   45.71    -5.6   -15.3   -10.4   -10.7     0.0     7.51 C    -5.7   -19.4   -14.3    88.4    65.9    81.2 -99.000 -99.000   0.212   0.189   0.165    -0.8     0.0     0.8     1.9     3.7
54933 20181208  2.622  -99.13   45.71    -3.5   -13.5    -8.5    -9.2     0.0     4.69 C    -4.5   -15.7   -11.2    90.5    74.7    85.3 -99.000 -99.000   0.215   0.188   0.165    -1.1    -0.2     0.7     1.8     3.6
54933 20181209  2.622  -99.13   45.71    -1.6   -14.1    -7.9    -8.8     0.0     7.09 C    -3.7   -15.5   -11.1    86.0    56.7    78.5 -99.000 -99.000   0.219   0.189   0.165    -1.1    -0.3     0.5     1.7     3.5
54933 20181210  2.622  -99.13   45.71     1.3   -10.0    -4.4    -4.2     0.0     6.48 C    -1.5   -16.4    -7.9    82.9    55.5    72.2 -99.000 -99.000   0.217   0.189   0.165    -1.1    -0.4     0.4     1.6     3.4
54933 20181211  2.622  -99.13   45.71     3.6    -9.3    -2.8    -3.0     0.7     3.01 C     0.0   -13.2    -5.8    91.9    64.4    81.0 -99.000 -99.000   0.203   0.188   0.165    -1.0    -0.4     0.4     1.6     3.4
54933 20181212  2.622  -99.13   45.71     2.1    -7.6    -2.8    -2.3     0.6     3.95 C     0.1   -13.4    -4.6    94.5    80.5    88.9 -99.000 -99.000   0.200   0.187   0.165    -0.8    -0.4     0.4     1.5     3.3
54933 20181213  2.622  -99.13   45.71     3.2    -2.1     0.6     0.2     0.0     7.08 C    -0.1    -5.9    -2.6    88.5    61.9    74.6 -99.000 -99.000   0.200   0.187   0.165    -0.5    -0.3     0.4     1.4     3.2
54933 20181214  2.622  -99.13   45.71     7.3    -2.1     2.6     1.4     0.0     6.66 C     0.9    -6.3    -2.9    72.1    48.6    63.1 -99.000 -99.000   0.200   0.188   0.165    -0.5    -0.2     0.4     1.4     3.2
54933 20181215  2.622  -99.13   45.71     7.4    -6.0     0.7     0.5     0.0     5.51 C     1.9    -7.1    -2.3    93.6    48.0    71.0 -99.000 -99.000   0.200   0.188   0.164    -0.4    -0.2     0.4     1.4     3.2
54933 20181216  2.622  -99.13   45.71     3.2    -4.2    -0.5    -0.4     0.0     5.83 C     3.4    -7.2    -3.1    83.0    53.7    68.9 -99.000 -99.000   0.200   0.187   0.164    -0.4    -0.2     0.4     1.4     3.2
54933 20181217  2.622  -99.13   45.71     3.6    -8.0    -2.2    -3.2     0.0     6.77 C     2.2    -8.6    -4.3    92.5    58.6    78.2 -99.000 -99.000   0.203   0.187   0.163    -0.6    -0.2     0.4     1.4     3.1
54933 20181218  2.622  -99.13   45.71    10.2    -7.2     1.5     1.6     0.0     6.43 C     7.6    -7.6    -0.8    92.0    43.9    71.4 -99.000 -99.000   0.199   0.187   0.164    -0.6    -0.2     0.4     1.4     3.1
54933 20181219  2.622  -99.13   45.71     6.6    -0.5     3.0     2.8     0.0     4.63 C     4.8    -2.9     0.7    87.1    59.3    72.2 -99.000 -99.000   0.198   0.188   0.164    -0.4    -0.1     0.4     1.4     3.1
54933 20181220  2.622  -99.13   45.71     4.4    -5.3    -0.4    -1.0     0.0     6.68 C     4.5    -9.1    -2.5    93.6    60.3    81.2 -99.000 -99.000   0.201   0.188   0.164    -0.3    -0.1     0.5     1.4     3.0
54933 20181221  2.622  -99.13   45.71    -1.3    -7.9    -4.6    -4.7     0.2     1.06 C    -1.6    -7.3    -4.3    94.3    89.2    91.7 -99.000 -99.000   0.206   0.188   0.165    -0.4     0.0     0.5     1.4     3.0
54933 20181222  2.622  -99.13   45.71     0.0    -5.4    -2.7    -2.4     0.0     3.91 C     0.4    -6.1    -2.8    94.9    67.5    82.1 -99.000 -99.000   0.209   0.187   0.165    -0.5    -0.1     0.5     1.4     3.0
54933 20181223  2.622  -99.13   45.71    -3.5   -10.3    -6.9    -6.1     0.0     4.09 C     0.3   -12.7    -6.0    87.8    62.0    76.2 -99.000 -99.000   0.199   0.187   0.164    -0.7    -0.1     0.5     1.4     2.9
54933 20181224  2.622  -99.13   45.71    -1.0   -11.1    -6.0    -6.9     0.0     4.08 C     0.6   -10.9    -6.9    89.9    61.9    80.9 -99.000 -99.000   0.196   0.186   0.165    -1.2    -0.3     0.4     1.4     2.9
54933 20181225  2.622  -99.13   45.71    -7.6   -11.6    -9.6    -9.4     0.0     1.67 C    -6.1   -10.2    -8.3    93.1    83.2    88.6 -99.000 -99.000   0.196   0.186   0.165    -1.5    -0.5     0.3     1.3     2.9
54933 20181226  2.622  -99.13   45.71    -6.6   -12.9    -9.8   -10.3     1.0     1.40 C    -6.7   -11.4    -9.5    90.2    82.3    86.8 -99.000 -99.000 -99.000   0.186   0.164    -2.0    -0.9     0.2     1.2     2.8
54933 20181227  2.622  -99.13   45.71    -7.3   -13.7   -10.5   -11.4     0.0     1.96 C    -7.0   -14.9   -11.2    90.6    80.5    84.4 -99.000 -99.000 -99.000   0.187   0.164    -1.4    -0.8     0.0     1.1     2.8
54933 20181228  2.622  -99.13   45.71   -13.7   -21.4   -17.5   -17.6     0.0     7.25 C   -14.3   -28.1   -19.6    83.2    66.6    75.2 -99.000 -99.000 -99.000   0.186   0.163    -1.8    -1.0     0.0     1.0     2.7
54933 20181229  2.622  -99.13   45.71    -6.1   -20.9   -13.5   -14.2     0.0     6.56 C    -7.1   -25.6   -15.8    85.6    70.0    80.5 -99.000 -99.000 -99.000   0.186   0.164    -2.2    -1.2    -0.1     0.9     2.6
54933 20181230  2.622  -99.13   45.71     2.3    -9.9    -3.8    -4.0     0.9     2.80 C     0.2   -11.6    -5.2    90.0    69.8    79.7 -99.000 -99.000 -99.000   0.187   0.164    -1.7    -1.1    -0.2     0.8     2.6
54933 20181231  2.622  -99.13   45.71    -9.9   -22.7   -16.3   -18.2     0.0     4.69 C    -9.7   -24.6   -18.2    84.5    67.4    74.7 -99.000 -99.000 -99.000   0.186   0.164    -1.9    -1.1    -0.3     0.8     2.5
