54902 20180101  2.422  -93.29   41.56   -18.5   -28.8   -23.7   -24.5     0.0     9.55 C   -15.4   -30.5   -25.4    81.1    58.8    71.8 -99.000 -99.000   0.381   0.407   0.464    -3.4    -1.4     0.5     2.9     5.1
54902 20180102  2.422  -93.29   41.56    -6.5   -27.9   -17.2   -17.4     0.3     9.47 C    -7.4   -30.4   -17.9    82.4    50.8    68.6 -99.000 -99.000   0.381   0.406   0.462    -3.5    -1.6     0.1     2.7     4.9
54902 20180103  2.422  -93.29   41.56    -6.3   -20.6   -13.5   -14.1     0.0     9.41 C    -7.1   -23.3   -15.1    82.2    63.3    72.6 -99.000 -99.000   0.379   0.404   0.462    -3.1    -1.6     0.0     2.5     4.7
54902 20180104  2.422  -93.29   41.56   -13.1   -21.7   -17.4   -16.4     0.0     4.83 C    -8.6   -24.0   -15.3    83.5    59.4    73.8 -99.000 -99.000   0.380   0.404   0.461    -3.4    -1.9    -0.2     2.4     4.6
54902 20180105  2.422  -93.29   41.56   -12.1   -20.7   -16.4   -14.9     0.0     8.96 C    -7.5   -23.5   -14.7    84.7    55.5    73.0 -99.000 -99.000   0.378   0.404   0.461    -3.1    -1.7    -0.2     2.2     4.4
54902 20180106  2.422  -93.29   41.56    -9.6   -23.0   -16.3   -15.9     0.0     8.72 C    -7.0   -25.0   -15.7    84.9    50.6    71.7 -99.000 -99.000   0.378   0.402   0.461    -3.8    -2.1    -0.5     2.1     4.3
54902 20180107  2.422  -93.29   41.56     2.8    -9.8    -3.5    -2.3     0.0     4.48 C     2.4   -10.8    -3.3    96.9    58.2    72.4 -99.000 -99.000   0.378   0.402   0.460    -2.6    -1.7    -0.4     1.9     4.1
54902 20180108  2.422  -93.29   41.56     6.6    -4.9     0.8     0.7     0.0     9.12 C     6.2    -6.8    -0.5    98.5    54.8    80.7 -99.000 -99.000   0.378   0.401   0.460    -1.4    -1.1    -0.1     1.8     4.0
54902 20180109  2.422  -93.29   41.56     5.5    -1.0     2.2     1.4     0.0     4.25 C     7.2    -2.5     0.6    94.7    60.9    84.0 -99.000 -99.000   0.377   0.401   0.459    -0.9    -0.8     0.1     1.8     3.9
54902 20180110  2.422  -93.29   41.56     7.3     1.1     4.2     3.9     0.0     1.38 C     6.7     0.6     2.8    99.4    83.0    93.6 -99.000 -99.000   0.378   0.401   0.458    -0.6    -0.6     0.2     1.8     3.8
54902 20180111  2.422  -93.29   41.56     6.4   -15.7    -4.6    -6.8     4.0     2.43 C     5.3   -16.9    -7.0    98.3    70.6    83.9 -99.000 -99.000   0.378   0.401   0.458    -0.5    -0.5     0.2     1.8     3.8
54902 20180112  2.422  -93.29   41.56   -13.1   -20.2   -16.7   -16.5     0.0    10.01 C   -11.4   -21.3   -16.8    75.7    62.7    70.0 -99.000 -99.000   0.378   0.402   0.459    -2.1    -1.0     0.1     1.8     3.7
54902 20180113  2.422  -93.29   41.56   -11.6   -18.1   -14.8   -15.0     0.0     9.56 C    -6.9   -21.4   -15.0    76.4    50.0    64.6 -99.000 -99.000   0.377   0.402   0.458    -3.0    -1.6    -0.2     1.8     3.7
54902 20180114  2.422  -93.29   41.56    -3.7   -15.0    -9.4    -8.5     2.5     3.53 C    -4.3   -14.2    -8.2    95.7    68.3    80.3 -99.000 -99.000   0.377   0.402   0.457    -2.9    -1.6    -0.3     1.8     3.6
54902 20180115  2.422  -93.29   41.56    -3.9   -21.6   -12.8   -16.8     0.0     8.15 C    -4.6   -23.2   -17.4    85.3    63.4    72.6 -99.000 -99.000   0.377   0.402   0.457    -3.1    -1.8    -0.5     1.7     3.6
54902 20180116  2.422  -93.29   41.56   -13.1   -22.1   -17.6   -18.2     0.0     8.30 C   -11.6   -23.7   -18.7    87.6    71.0    77.4 -99.000 -99.000   0.376   0.401   0.458    -3.9    -2.4    -0.8     1.6     3.5
54902 20180117  2.422  -93.29   41.56    -3.5   -20.4   -12.0   -11.7     0.0    10.35 C    -3.3   -22.6   -12.7    86.8    47.9    70.5 -99.000 -99.000   0.376   0.401   0.458    -3.5    -2.3    -0.9     1.5     3.4
54902 20180118  2.422  -93.29   41.56     2.7    -8.5    -2.9    -3.1     0.0     9.68 C     2.1   -11.1    -4.6    74.7    49.4    64.5 -99.000 -99.000   0.377   0.398   0.458    -2.7    -1.9    -0.8     1.4     3.3
54902 20180119  2.422  -93.29   41.56     7.7    -2.6     2.5     2.7     0.0     6.87 C     6.8    -5.4     0.5    76.9    46.8    62.3 -99.000 -99.000   0.376   0.400   0.457    -1.7    -1.4    -0.5     1.3     3.3
54902 20180120  2.422  -93.29   41.56     8.9    -2.7     3.1     2.9     0.0     9.93 C    11.4    -5.3     1.7    96.7    62.1    80.8 -99.000 -99.000   0.374   0.400   0.457    -0.9    -0.9    -0.2     1.3     3.2
54902 20180121  2.422  -93.29   41.56     4.9     2.8     3.8     4.0    10.5     0.67 C     4.8     2.2     3.5   100.0    93.5    97.6 -99.000 -99.000   0.377   0.400   0.457    -0.6    -0.7    -0.1     1.3     3.2
54902 20180122  2.422  -93.29   41.56     9.7    -1.2     4.2     4.0    14.5     4.11 C    10.2    -1.6     3.5   100.0    72.9    94.2 -99.000 -99.000 -99.000   0.430   0.473    -0.3    -0.5     0.0     0.8     2.2
54902 20180123  2.422  -93.29   41.56    -1.2    -4.2    -2.7    -2.9     0.0     3.77 C    -1.5    -4.1    -2.9    92.2    76.1    82.3 -99.000 -99.000   0.414   0.425   0.469    -0.3    -0.4     0.1     1.1     2.7
54902 20180124  2.422  -93.29   41.56    -0.5    -4.4    -2.4    -3.2     0.0     3.53 C     1.4    -5.4    -2.9    94.6    79.9    88.2 -99.000 -99.000   0.397   0.417   0.467    -0.3    -0.4     0.1     1.3     2.8
54902 20180125  2.422  -93.29   41.56    10.2    -4.9     2.6     2.2     0.0    10.71 C    11.2    -6.9     0.7    94.3    47.9    72.2 -99.000 -99.000   0.393   0.416   0.469    -0.3    -0.4     0.2     1.3     2.9
54902 20180126  2.422  -93.29   41.56    14.6     2.1     8.3     8.1     0.0     8.39 C    14.1    -0.3     5.8    79.5    43.1    55.2 -99.000 -99.000   0.391   0.414   0.469    -0.3    -0.4     0.2     1.4     3.0
54902 20180127  2.422  -93.29   41.56    11.6    -2.7     4.4     3.2     0.0    11.43 C    12.6    -4.9     1.8    87.9    30.8    66.1 -99.000 -99.000   0.389   0.415   0.472    -0.3    -0.4     0.2     1.4     3.0
54902 20180128  2.422  -93.29   41.56    -0.3    -8.1    -4.2    -3.8     0.0     9.72 C     3.6    -7.5    -3.6    94.8    54.6    77.4 -99.000 -99.000   0.388   0.414   0.471    -0.3    -0.3     0.2     1.5     3.0
54902 20180129  2.422  -93.29   41.56    -3.2   -11.4    -7.3    -8.2     0.0    10.29 C     0.6   -13.9    -8.2    88.2    50.5    76.1 -99.000 -99.000   0.387   0.416   0.472    -0.5    -0.4     0.3     1.5     3.0
54902 20180130  2.422  -93.29   41.56     4.5   -13.2    -4.3    -3.1     0.0     7.24 C     4.5   -13.9    -3.4    90.6    37.5    62.5 -99.000 -99.000   0.387   0.416   0.472    -0.7    -0.5     0.3     1.6     3.0
54902 20180131  2.422  -93.29   41.56     5.4    -0.7     2.4     2.7     0.0     3.53 C     5.8    -2.9     1.5    84.0    44.2    66.7 -99.000 -99.000   0.387   0.414   0.472    -0.4    -0.4     0.3     1.6     3.0
54902 20180201  2.422  -93.29   41.56     1.9   -16.2    -7.1   -10.9     0.0    12.52 C     1.4   -17.5   -10.6    83.2    42.5    62.1 -99.000 -99.000   0.387   0.415   0.471    -0.8    -0.5     0.3     1.6     3.0
54902 20180202  2.422  -93.29   41.56    -5.2   -17.5   -11.4   -10.8     0.3     7.51 C    -1.0   -19.4   -10.5    85.2    43.4    72.1 -99.000 -99.000   0.387   0.415   0.471    -1.8    -0.9     0.1     1.6     3.0
54902 20180203  2.422  -93.29   41.56     8.0    -5.8     1.1     1.8     0.0     3.57 C     8.9    -6.1     0.8    85.3    34.4    54.4 -99.000 -99.000   0.387   0.414   0.470    -1.2    -0.8     0.1     1.6     3.0
54902 20180204  2.422  -93.29   41.56    -3.7   -17.6   -10.6   -11.8     0.0     9.70 C    -3.6   -18.9   -11.5    84.3    41.5    66.7 -99.000 -99.000   0.387   0.412   0.470    -1.6    -0.8     0.1     1.6     3.0
54902 20180205  2.422  -93.29   41.56   -10.7   -18.8   -14.8   -14.1    12.6     1.74 C    -9.1   -19.8   -14.4    92.7    66.0    83.1 -99.000 -99.000   0.387   0.411   0.471    -2.6    -1.4    -0.2     1.6     3.0
54902 20180206  2.422  -93.29   41.56   -13.3   -22.6   -18.0   -16.8     1.2     8.96 C    -8.7   -26.1   -16.1    89.0    66.2    78.0 -99.000 -99.000   0.385   0.411   0.470    -1.8    -1.2    -0.2     1.5     2.9
54902 20180207  2.422  -93.29   41.56    -9.0   -14.4   -11.7   -11.9     0.3    12.91 C    -6.1   -18.3   -11.8    88.6    64.1    78.3 -99.000 -99.000   0.385   0.411   0.471    -1.4    -1.0    -0.1     1.5     2.9
54902 20180208  2.422  -93.29   41.56    -6.2   -11.9    -9.0    -8.3     0.9     6.45 C    -1.3   -11.6    -7.3    90.6    76.1    86.7 -99.000 -99.000   0.385   0.411   0.471    -1.2    -0.9    -0.1     1.5     2.9
54902 20180209  2.422  -93.29   41.56    -7.4   -14.8   -11.1   -10.2     2.8     8.63 C    -5.2   -14.9    -9.6    89.3    65.4    77.3 -99.000 -99.000   0.385   0.409   0.471    -1.1    -0.9     0.0     1.4     2.8
54902 20180210  2.422  -93.29   41.56   -11.4   -14.9   -13.1   -12.9     2.6     8.43 C    -9.0   -16.0   -12.5    87.3    57.8    74.0 -99.000 -99.000   0.386   0.409   0.470    -1.0    -0.8     0.0     1.4     2.8
54902 20180211  2.422  -93.29   41.56    -5.1   -16.4   -10.8   -11.4     1.3    14.20 C    -5.6   -23.6   -13.3    88.9    51.4    73.5 -99.000 -99.000   0.385   0.409   0.470    -0.9    -0.7     0.0     1.4     2.8
54902 20180212  2.422  -93.29   41.56    -9.3   -20.0   -14.6   -13.9     0.0    12.24 C    -5.5   -25.1   -15.6    85.0    54.1    69.4 -99.000 -99.000   0.385   0.409   0.471    -0.9    -0.7     0.0     1.4     2.8
54902 20180213  2.422  -93.29   41.56     3.2   -10.8    -3.8    -3.9     0.0    12.39 C     1.5   -10.8    -5.1    76.2    53.9    65.6 -99.000 -99.000   0.385   0.408   0.471    -0.8    -0.7     0.0     1.4     2.8
54902 20180214  2.422  -93.29   41.56     7.2    -1.8     2.7     3.0     0.0    11.98 C     4.9    -4.9     0.3    97.2    68.5    80.9 -99.000 -99.000 -99.000   0.428   0.470    -0.6    -0.6    -0.1     1.2     2.4
54902 20180215  2.422  -93.29   41.56     7.5    -4.4     1.5     2.7     0.0     9.24 C     9.2    -4.3     2.1   100.0    62.5    87.9 -99.000 -99.000 -99.000   0.433   0.469    -0.4    -0.5     0.0     1.1     2.1
54902 20180216  2.422  -93.29   41.56    -4.0   -13.4    -8.7    -8.0     0.0    15.35 C     1.5   -13.5    -7.1    83.0    32.2    56.3 -99.000 -99.000   0.403   0.416   0.471    -0.5    -0.5     0.1     1.2     2.4
54902 20180217  2.422  -93.29   41.56     4.0    -8.1    -2.0    -2.0     0.4     9.64 C     5.9    -8.6    -2.4    91.5    56.0    70.4 -99.000 -99.000   0.399   0.414   0.471    -0.8    -0.6     0.1     1.3     2.5
54902 20180218  2.422  -93.29   41.56    12.4    -5.6     3.4     4.0     0.0    12.44 C    12.5    -7.7     2.3    95.2    29.1    64.7 -99.000 -99.000   0.396   0.413   0.472    -0.6    -0.5     0.2     1.3     2.5
54902 20180219  2.422  -93.29   41.56     7.4    -2.2     2.6     3.2     1.8     2.02 C     6.9    -1.9     2.8   100.0    62.4    93.6 -99.000 -99.000   0.395   0.412   0.471    -0.4    -0.4     0.2     1.4     2.5
54902 20180220  2.422  -93.29   41.56    -1.2    -8.6    -4.9    -4.4     5.6     3.47 C     0.1    -8.7    -4.0   100.0    77.7    88.9 -99.000 -99.000   0.393   0.412   0.471    -0.3    -0.3     0.2     1.4     2.5
54902 20180221  2.422  -93.29   41.56    -3.3   -11.6    -7.5    -7.2     0.0    12.56 C     0.4   -12.0    -6.3    81.9    68.2    76.9 -99.000 -99.000   0.392   0.411   0.471    -0.7    -0.4     0.2     1.4     2.5
54902 20180222  2.422  -93.29   41.56     0.7    -4.8    -2.1    -2.0     3.9     2.97 C     0.3    -4.7    -1.7   100.0    73.3    88.5 -99.000 -99.000   0.392   0.410   0.470    -0.8    -0.5     0.2     1.4     2.5
54902 20180223  2.422  -93.29   41.56     2.5    -3.8    -0.6    -0.7     1.1    14.85 C     5.8    -3.7    -0.1   100.0    66.2    85.8 -99.000 -99.000   0.391   0.410   0.470    -0.5    -0.4     0.2     1.4     2.5
54902 20180224  2.422  -93.29   41.56     1.7    -5.8    -2.1    -1.5     2.9     2.11 C     2.0    -7.3    -1.6   100.0    85.8    94.2 -99.000 -99.000   0.391   0.410   0.471    -0.4    -0.3     0.2     1.4     2.5
54902 20180225  2.422  -93.29   41.56     6.7    -4.7     1.0     0.9     0.0    15.45 C     8.2    -6.2    -0.5    88.8    48.0    68.0 -99.000 -99.000   0.391   0.409   0.471    -0.4    -0.3     0.2     1.4     2.6
54902 20180226  2.422  -93.29   41.56    13.6    -2.8     5.4     4.9     0.0    16.65 C    14.3    -5.0     2.8    83.0    29.8    57.0 -99.000 -99.000   0.388   0.410   0.470    -0.4    -0.3     0.2     1.4     2.5
54902 20180227  2.422  -93.29   41.56    18.7     1.6    10.1     9.4     0.0    15.82 C    18.0    -1.7     6.8    87.4    43.0    61.0 -99.000 -99.000   0.389   0.410   0.471    -0.3    -0.3     0.2     1.4     2.5
54902 20180228  2.422  -93.29   41.56    12.9     1.8     7.3     6.4     0.0     5.77 C    16.9     1.3     6.2    93.8    67.2    83.7 -99.000 -99.000   0.389   0.410   0.471    -0.2    -0.3     0.3     1.5     2.6
54902 20180301  2.422  -93.29   41.56     9.0    -3.4     2.8     2.1     0.0    17.57 C    11.6    -7.7     1.0    93.3    37.1    70.1 -99.000 -99.000   0.388   0.410   0.472    -0.2    -0.2     0.3     1.5     2.5
54902 20180302  2.422  -93.29   41.56    10.2    -7.1     1.6     1.6     0.0    15.53 C    13.6    -8.8     0.5    97.0    30.6    68.9 -99.000 -99.000   0.389   0.410   0.471    -0.2    -0.2     0.3     1.5     2.6
54902 20180303  2.422  -93.29   41.56    13.7    -0.7     6.5     5.8     0.0    16.77 C    16.2    -2.8     4.7    82.5    33.5    58.8 -99.000 -99.000   0.389   0.410   0.471    -0.2    -0.2     0.4     1.5     2.5
54902 20180304  2.422  -93.29   41.56    15.7     3.4     9.6     9.0     0.0    15.75 C    19.6     1.3     8.7    63.2    31.6    48.4 -99.000 -99.000   0.389   0.410   0.471    -0.1    -0.1     0.4     1.5     2.5
54902 20180305  2.422  -93.29   41.56     8.6    -0.4     4.1     2.5     8.6     1.38 C     7.1    -1.3     1.8    98.2    48.0    87.0   0.343   0.391   0.407   0.422   0.472     0.1     0.0     0.4     1.5     2.6
54902 20180306  2.422  -93.29   41.56     0.9    -3.0    -1.1    -0.9     1.2     5.81 C     3.0    -4.0    -0.9    93.2    76.8    85.5 -99.000   0.391   0.426   0.433   0.471     0.0     0.0     0.5     1.6     2.5
54902 20180307  2.422  -93.29   41.56     0.0    -6.6    -3.3    -3.3     0.0    13.27 C     3.0    -7.8    -3.1    89.6    56.7    74.5 -99.000   0.384   0.417   0.429   0.471     0.0     0.0     0.6     1.6     2.6
54902 20180308  2.422  -93.29   41.56     1.5    -8.6    -3.6    -4.0     0.0    18.63 C     9.5    -9.6    -3.8    85.0    42.6    67.5 -99.000   0.377   0.407   0.425   0.472     0.0     0.0     0.6     1.7     2.6
54902 20180309  2.422  -93.29   41.56     3.8    -6.4    -1.3    -2.2     0.0     7.73 C     8.9    -8.7    -2.0    88.8    48.4    71.6 -99.000   0.373   0.403   0.425   0.473     0.0     0.1     0.7     1.7     2.6
54902 20180310  2.422  -93.29   41.56     8.0    -5.4     1.3     1.2     0.3    10.41 C    15.1    -7.6     1.2    88.8    40.7    65.0 -99.000   0.371   0.400   0.423   0.473     0.0     0.1     0.7     1.7     2.7
54902 20180311  2.422  -93.29   41.56     6.6    -0.8     2.9     2.0     4.0     9.33 C    10.2    -1.0     2.2    98.6    50.5    80.1 -99.000   0.377   0.391   0.422   0.474     0.0     0.2     0.8     1.8     2.7
54902 20180312  2.422  -93.29   41.56     7.9    -3.4     2.2     1.5     0.0    19.39 C    11.9    -5.4     1.7    90.7    32.4    65.1   0.347   0.378   0.379   0.424   0.475     0.2     0.4     0.9     1.8     2.7
54902 20180313  2.422  -93.29   41.56     5.3    -5.3     0.0    -0.8     0.0    19.57 C    10.2    -9.2    -1.1    89.2    33.4    66.2   0.345   0.366   0.381   0.427   0.476     0.3     0.6     1.1     1.9     2.8
54902 20180314  2.422  -93.29   41.56    18.0    -7.4     5.3     4.5     0.0    19.67 C    20.4    -9.1     3.0    91.0    23.7    60.8   0.342   0.363   0.379   0.426   0.475     0.4     0.7     1.2     2.0     2.8
54902 20180315  2.422  -93.29   41.56    13.7    -4.2     4.7     4.6     0.0    17.71 C    21.3    -7.1     4.3    99.8    24.0    62.7   0.342   0.353   0.376   0.427   0.475     0.6     1.1     1.4     2.1     2.9
54902 20180316  2.422  -93.29   41.56     2.3    -0.7     0.8     0.7     8.2     2.29 C     2.7    -1.5     0.2    92.0    50.2    70.1   0.344   0.360   0.379   0.427   0.476     0.7     1.3     1.7     2.3     2.9
54902 20180317  2.422  -93.29   41.56     2.6    -0.8     0.9     0.6    11.7     3.48 C     4.7    -2.8     0.6    99.3    88.5    94.9   0.370   0.382   0.407   0.445   0.480     0.7     1.0     1.6     2.3     3.0
54902 20180318  2.422  -93.29   41.56     4.2    -0.8     1.7     1.5     0.2     2.99 C     5.8    -3.3     1.5   100.0    89.0    96.4   0.351   0.368   0.393   0.435   0.480     0.9     1.3     1.7     2.3     3.0
54902 20180319  2.422  -93.29   41.56    12.5     0.1     6.3     5.5     0.0    14.15 C    16.0    -2.0     5.0    99.6    34.8    68.3   0.348   0.365   0.388   0.431   0.480     1.3     1.7     1.9     2.4     3.1
54902 20180320  2.422  -93.29   41.56     5.1    -2.1     1.5     0.9     0.0     9.26 C    10.5    -4.3     2.1    95.6    49.3    70.8   0.346   0.362   0.385   0.431   0.481     1.7     2.2     2.3     2.6     3.2
54902 20180321  2.422  -93.29   41.56     7.6    -5.4     1.1     1.2     0.0    18.50 C    15.8    -8.0     1.2    97.6    48.1    74.0   0.342   0.360   0.383   0.428   0.482     1.6     2.2     2.5     2.8     3.3
54902 20180322  2.422  -93.29   41.56     9.1    -3.2     2.9     2.2     0.3     8.87 C    17.3    -6.5     1.7    92.1    52.2    76.5   0.339   0.359   0.382   0.427   0.484     1.6     2.1     2.5     2.9     3.4
54902 20180323  2.422  -93.29   41.56     8.8    -1.0     3.9     3.8     2.8     6.05 C    12.1    -3.0     3.5    95.1    44.1    70.2   0.335   0.357   0.383   0.427   0.483     2.0     2.3     2.6     3.1     3.5
54902 20180324  2.422  -93.29   41.56     1.5    -0.9     0.3    -0.2    20.6     4.42 C     1.3    -2.1    -0.4    99.0    86.5    94.4   0.366   0.386   0.409   0.446   0.485     1.9     2.2     2.6     3.2     3.6
54902 20180325  2.422  -93.29   41.56     7.6    -1.4     3.1     1.7     0.0    21.26 C    11.6    -3.1     1.5    88.1    57.2    73.3   0.358   0.381   0.408   0.446   0.485     1.9     2.0     2.5     3.2     3.6
54902 20180326  2.422  -93.29   41.56     4.4    -0.7     1.9     1.9     8.3     2.72 C     5.9    -2.1     1.7   100.0    66.6    87.2   0.362   0.386   0.411   0.448   0.486     1.9     2.1     2.5     3.2     3.6
54902 20180327  2.422  -93.29   41.56     7.5    -1.0     3.2     2.9     0.0     7.69 C    12.6    -3.1     2.6   100.0    66.0    87.4   0.354   0.379   0.405   0.443   0.485     2.5     2.4     2.7     3.2     3.6
54902 20180328  2.422  -93.29   41.56    13.4    -3.8     4.8     4.9     0.0    16.47 C    21.4    -5.8     5.5   100.0    49.2    81.8   0.348   0.373   0.396   0.438   0.486     2.9     2.8     2.9     3.3     3.7
54902 20180329  2.422  -93.29   41.56     8.5    -0.1     4.2     3.3     0.0    20.03 C    16.2    -0.9     4.8    98.1    36.6    69.6   0.346   0.370   0.393   0.435   0.485     3.8     3.6     3.5     3.5     3.8
54902 20180330  2.422  -93.29   41.56    11.4    -1.6     4.9     5.0     0.0    18.70 C    20.6    -2.2     6.3    92.6    33.7    60.1   0.342   0.368   0.390   0.434   0.486     3.8     3.7     3.8     3.8     3.9
54902 20180331  2.422  -93.29   41.56    10.4    -5.5     2.4     3.1     0.7    13.33 C     9.7    -6.5     3.0    77.2    49.8    64.1   0.341   0.366   0.390   0.433   0.486     4.2     4.1     4.1     4.1     4.1
54902 20180401  2.422  -93.29   41.56     0.1    -8.5    -4.2    -4.4     0.0     8.97 C     8.7   -10.2    -3.4    87.8    42.2    57.7   0.336   0.362   0.388   0.431   0.486     2.4     3.0     3.6     4.2     4.2
54902 20180402  2.422  -93.29   41.56     4.7    -8.9    -2.1    -1.8     0.0    10.68 C    10.2   -10.3    -0.8    99.8    47.6    80.5   0.334   0.361   0.386   0.431   0.486     1.7     2.3     3.0     4.0     4.3
54902 20180403  2.422  -93.29   41.56     2.0    -7.7    -2.8    -0.7     0.7     2.78 C     3.4    -7.7    -0.5   100.0    77.1    92.1   0.334   0.360   0.385   0.431   0.486     2.0     2.4     2.9     3.8     4.3
54902 20180404  2.422  -93.29   41.56     3.1   -10.7    -3.8    -4.0     0.0    23.89 C    11.6   -11.3    -2.5    79.0    29.5    54.0   0.333   0.358   0.382   0.430   0.486     1.2     1.8     2.6     3.7     4.2
54902 20180405  2.422  -93.29   41.56    13.5    -4.4     4.5     4.5     0.0    16.36 C    18.7    -8.0     5.1    73.5    32.4    53.5   0.333   0.358   0.383   0.430   0.485     1.8     2.0     2.5     3.5     4.2
54902 20180406  2.422  -93.29   41.56     3.2    -9.2    -3.0    -3.3     0.0     8.62 C     2.1   -10.3    -3.0    81.6    33.2    54.8   0.332   0.358   0.382   0.428   0.486     1.8     2.3     2.8     3.5     4.1
54902 20180407  2.422  -93.29   41.56     6.1   -10.6    -2.2    -2.8     0.0    24.50 C    14.7   -11.5    -1.3    84.2    26.1    56.5   0.330   0.356   0.381   0.429   0.486     1.1     1.6     2.4     3.5     4.1
54902 20180408  2.422  -93.29   41.56     1.6    -5.9    -2.2    -2.1     1.3     3.89 C     4.1    -8.6    -2.1    96.0    46.7    75.4   0.330   0.356   0.380   0.427   0.486     0.9     1.5     2.3     3.4     4.1
54902 20180409  2.422  -93.29   41.56     3.1    -3.2     0.0    -0.3     0.5     6.24 C     6.6    -6.7     0.0    98.0    62.2    85.2   0.329   0.354   0.381   0.427   0.485     1.0     1.4     2.1     3.2     4.0
54902 20180410  2.422  -93.29   41.56    13.3    -6.0     3.6     4.2     0.0    21.32 C    20.7    -8.6     4.9    95.1    40.3    66.6   0.330   0.355   0.381   0.426   0.485     1.7     1.8     2.3     3.2     3.9
54902 20180411  2.422  -93.29   41.56    20.3     3.1    11.7    12.2     0.0    10.03 C    26.0    -0.7    11.0    88.2    37.2    58.7   0.332   0.356   0.382   0.426   0.486     3.7     3.2     3.1     3.3     3.9
54902 20180412  2.422  -93.29   41.56    21.0     6.0    13.5    14.7     0.0    18.75 C    27.9     2.9    14.7    86.7    36.9    56.0   0.333   0.357   0.383   0.428   0.485     5.7     4.7     4.2     3.8     4.0
54902 20180413  2.422  -93.29   41.56    16.7     3.4    10.1    11.1     6.3     8.10 C    22.3     3.4    11.5    95.2    54.9    72.4   0.333   0.359   0.385   0.429   0.487     6.9     6.0     5.3     4.4     4.2
54902 20180414  2.422  -93.29   41.56     5.1    -0.1     2.5     2.9    19.5     3.79 C     6.9     0.1     3.3    99.5    92.6    96.7   0.376   0.391   0.414   0.445   0.487     5.6     5.6     5.5     4.9     4.5
54902 20180415  2.422  -93.29   41.56    -0.1    -3.9    -2.0    -2.7     3.0    13.49 C     0.1    -5.4    -2.8    98.6    77.7    87.5   0.367   0.388   0.414   0.452   0.489     4.0     4.4     4.8     5.1     4.8
54902 20180416  2.422  -93.29   41.56     2.7    -4.9    -1.1    -1.6     0.0    19.55 C     4.6    -5.8    -2.1    90.2    66.2    78.2   0.366   0.387   0.410   0.449   0.492     2.9     3.2     4.0     4.9     4.9
54902 20180417  2.422  -93.29   41.56    12.2    -3.8     4.2     3.9     0.0    23.73 C    21.8    -5.7     5.3    90.3    42.3    67.9   0.361   0.384   0.407   0.449   0.492     3.3     3.2     3.7     4.6     4.9
54902 20180418  2.422  -93.29   41.56     2.9    -0.7     1.1     0.6     2.0     3.65 C     3.5    -1.9     0.5    96.9    63.5    84.3   0.358   0.379   0.400   0.443   0.491     3.4     3.7     4.0     4.5     4.8
54902 20180419  2.422  -93.29   41.56    11.7    -0.9     5.4     4.5     0.0    26.47 C    21.1    -4.5     5.8    90.7    33.8    65.0   0.357   0.378   0.397   0.440   0.490     3.7     3.6     3.9     4.5     4.8
54902 20180420  2.422  -93.29   41.56    15.4    -2.4     6.5     7.7     0.0    19.23 C    24.4    -6.0     7.6    82.0    26.2    50.0   0.353   0.375   0.395   0.439   0.491     4.3     4.2     4.3     4.6     4.8
54902 20180421  2.422  -93.29   41.56    15.1     5.2    10.1    10.1     0.0     6.32 C    19.4     2.6     9.3    72.7    25.0    45.2   0.349   0.373   0.395   0.439   0.490     5.2     4.9     4.8     4.8     4.9
54902 20180422  2.422  -93.29   41.56    21.2     5.5    13.3    12.7     0.0    21.34 C    27.8     2.7    12.7    68.5    15.7    40.7   0.346   0.371   0.394   0.440   0.491     6.3     5.6     5.3     5.1     5.0
54902 20180423  2.422  -93.29   41.56    23.0     6.9    14.9    14.4     0.0    24.21 C    30.3     3.4    13.9    62.5    18.5    37.9   0.341   0.369   0.394   0.439   0.494     7.5     6.7     6.1     5.4     5.2
54902 20180424  2.422  -93.29   41.56    23.9     6.0    14.9    15.1     0.0    21.50 C    31.0     0.8    15.0    69.5    20.9    45.7   0.333   0.366   0.393   0.439   0.493     8.1     7.4     6.8     5.9     5.4
54902 20180425  2.422  -93.29   41.56    18.8     5.7    12.3    12.2     0.0    22.25 C    27.9     0.2    12.3    74.3    22.2    45.9   0.327   0.362   0.393   0.439   0.494     8.9     8.1     7.4     6.4     5.6
54902 20180426  2.422  -93.29   41.56    22.0     1.3    11.6    12.4     0.0    23.29 C    28.8    -1.3    12.0    81.3    18.7    47.6   0.317   0.357   0.390   0.439   0.494     8.4     8.0     7.5     6.7     5.9
54902 20180427  2.422  -93.29   41.56    25.0     2.8    13.9    13.1     0.0    24.57 C    29.6     0.2    12.5    77.6    19.4    46.4   0.307   0.349   0.390   0.440   0.494     8.8     8.2     7.8     7.0     6.2
54902 20180428  2.422  -93.29   41.56    16.1     1.4     8.7     9.2     0.0    27.01 C    26.3    -0.9    10.0    87.9    22.5    48.6   0.296   0.343   0.388   0.439   0.495     8.8     8.4     8.0     7.3     6.4
54902 20180429  2.422  -93.29   41.56    21.1     0.9    11.0    12.6     0.0    26.57 C    26.5    -2.8    12.2    60.0    20.9    34.3   0.286   0.335   0.386   0.439   0.496     8.5     8.2     8.0     7.5     6.6
54902 20180430  2.422  -93.29   41.56    28.6    11.0    19.8    20.5     0.0    24.43 C    32.1     8.0    19.6    52.7    24.0    39.3   0.278   0.325   0.384   0.437   0.495    10.0     9.1     8.5     7.6     6.8
54902 20180501  2.422  -93.29   41.56    25.0    14.9    19.9    20.1     4.3     9.34 C    25.8    13.3    18.4    90.7    46.3    65.3   0.273   0.320   0.384   0.437   0.494    11.6    10.4     9.4     8.0     7.0
54902 20180502  2.422  -93.29   41.56    22.0    14.6    18.3    18.4    11.8     8.27 C    26.0    14.3    18.1    99.4    74.6    86.8   0.273   0.320   0.384   0.438   0.494    12.7    11.5    10.3     8.6     7.3
54902 20180503  2.422  -93.29   41.56    23.4    13.8    18.6    17.6    13.9    10.19 C    28.5    12.4    17.9   100.0    74.5    92.5   0.326   0.337   0.391   0.443   0.497    13.3    12.1    11.0     9.2     7.7
54902 20180504  2.422  -93.29   41.56    24.0    11.5    17.7    17.7     0.0    26.32 C    28.5     9.5    17.0    95.8    33.9    63.2   0.373   0.396   0.422   0.456   0.501    13.8    12.8    11.6     9.7     8.0
54902 20180505  2.422  -93.29   41.56    27.7     9.2    18.5    19.0     0.0    19.97 C    32.0     6.7    17.9    86.9    25.2    54.3   0.356   0.383   0.408   0.451   0.502    13.6    12.8    11.8    10.1     8.4
54902 20180506  2.422  -93.29   41.56    27.5    12.8    20.2    19.5     0.0    26.37 C    33.2     6.6    18.5    82.2    34.7    55.2   0.338   0.372   0.404   0.449   0.502    14.2    13.2    12.2    10.5     8.7
54902 20180507  2.422  -93.29   41.56    26.0     9.4    17.7    18.8     0.0    27.70 C    31.4     4.6    16.9    82.6    29.6    47.5   0.318   0.361   0.399   0.446   0.503    13.9    13.3    12.4    10.8     9.0
54902 20180508  2.422  -93.29   41.56    28.1    13.8    20.9    21.5     0.0    22.30 C    31.9    11.0    20.4    59.7    34.0    44.8   0.298   0.347   0.395   0.445   0.502    14.2    13.5    12.6    11.1     9.3
54902 20180509  2.622  -93.29   41.56 -9999.0 -9999.0 -9999.0 -9999.0 -9999.0 -9999.00 U -9999.0 -9999.0 -9999.0 -9999.0 -9999.0 -9999.0 -99.000 -99.000 -99.000 -99.000 -99.000 -9999.0 -9999.0 -9999.0 -9999.0 -9999.0
54902 20180510  2.622  -93.29   41.56    25.0    11.6    18.3    18.5     0.0    25.18 C    33.3     7.5    19.1    96.5    39.8    63.8   0.264   0.326   0.387   0.445   0.502    15.0    14.2    13.2    11.6     9.7
54902 20180511  2.622  -93.29   41.56    15.8     9.1    12.4    13.1     2.6     4.40 C    18.7     9.0    12.9    94.2    47.8    77.7   0.254   0.321   0.384   0.446   0.502    14.1    13.9    13.3    11.8    10.0
54902 20180512  2.622  -93.29   41.56    14.5     8.0    11.2    11.1    26.8     5.90 C    15.6     8.0    11.3    99.1    87.4    93.6   0.383   0.387   0.416   0.446   0.504    12.5    12.6    12.5    11.8    10.2
54902 20180513  2.622  -93.29   41.56    18.4    10.9    14.7    13.5    11.1     7.50 C    22.0    10.9    13.8    98.7    85.7    93.6   0.390   0.398   0.424   0.457   0.506    12.7    12.5    12.2    11.6    10.3
54902 20180514  2.622  -93.29   41.56    26.0    14.0    20.0    19.0     0.0    17.34 C    30.9    13.6    19.7    98.6    61.2    85.9   0.380   0.399   0.421   0.461   0.508    14.0    13.2    12.5    11.6    10.3
54902 20180515  2.622  -93.29   41.56    25.2    15.0    20.1    19.4     0.0    19.86 C    30.2    10.3    18.7    98.7    50.5    77.8   0.365   0.391   0.414   0.454   0.508    15.4    14.4    13.3    11.8    10.4
54902 20180516  2.622  -93.29   41.56    26.4    11.1    18.7    20.2     0.0    27.71 C    31.1     8.8    18.8    99.8    36.1    67.7   0.345   0.381   0.409   0.454   0.507    15.6    14.8    13.8    12.2    10.6
54902 20180517  2.622  -93.29   41.56    27.5    14.5    21.0    21.1     0.0    24.94 C    31.3     9.5    19.3    90.1    32.0    59.6   0.322   0.369   0.405   0.453   0.509    16.0    15.1    14.2    12.6    10.9
54902 20180518  2.622  -93.29   41.56    27.5    13.5    20.5    20.2     0.0    27.18 C    31.3    10.5    20.1    91.6    51.8    70.3   0.297   0.356   0.400   0.453   0.509    16.4    15.4    14.5    12.9    11.1
54902 20180519  2.622  -93.29   41.56    25.4    13.4    19.4    19.1     3.4    15.31 C    31.0    11.8    18.9   100.0    67.8    87.3   0.280   0.349   0.397   0.453   0.509    16.6    15.8    14.9    13.2    11.3
54902 20180520  2.622  -93.29   41.56    19.3    13.5    16.4    15.9     1.4    10.28 C    22.7    13.3    16.3    97.9    81.8    87.0   0.274   0.346   0.396   0.453   0.507    16.2    15.7    14.9    13.4    11.6
54902 20180521  2.622  -93.29   41.56    21.2    13.8    17.5    16.3     4.1     9.73 C    24.7    12.7    16.5    98.8    75.3    92.7   0.269   0.344   0.395   0.453   0.508    15.9    15.4    14.8    13.6    11.8
54902 20180522  2.622  -93.29   41.56    25.1    13.7    19.4    19.6     0.0    17.84 C    29.6    11.3    19.5   100.0    61.2    84.3   0.266   0.343   0.394   0.453   0.508    16.3    15.6    14.9    13.6    11.9
54902 20180523  2.622  -93.29   41.56    29.1    16.8    22.9    23.2     0.0    27.35 C    31.4    15.8    22.9    94.6    52.8    73.0   0.259   0.336   0.390   0.452   0.509    17.6    16.5    15.4    13.8    12.1
54902 20180524  2.622  -93.29   41.56    30.2    17.2    23.7    24.3     0.0    27.36 C    31.9    15.0    23.5    96.1    47.0    70.0   0.246   0.326   0.385   0.451   0.510    18.6    17.4    16.2    14.1    12.2
54902 20180525  2.622  -93.29   41.56    29.0    18.9    23.9    24.0     0.0    23.86 C    33.0    16.9    23.7    91.7    58.7    76.3   0.235   0.318   0.379   0.449   0.508    19.2    18.1    16.7    14.6    12.5
54902 20180526  2.622  -93.29   41.56    33.3    18.8    26.1    26.0     0.0    28.80 C    35.5    17.2    25.2    96.0    37.9    68.2   0.224   0.307   0.371   0.447   0.506    19.8    18.6    17.3    15.0    12.8
54902 20180527  2.622  -93.29   41.56    35.2    18.5    26.8    27.5     0.0    27.06 C    35.5    14.0    25.9    98.2    33.5    66.7   0.212   0.297   0.359   0.444   0.506    20.3    19.1    17.8    15.4    13.1
54902 20180528  2.622  -93.29   41.56    35.7    20.5    28.1    25.9    12.6    22.24 C    37.8    17.4    24.5    92.6    37.6    74.2   0.234   0.284   0.348   0.443   0.505    20.7    19.6    18.2    15.8    13.4
54902 20180529  2.622  -93.29   41.56    32.4    18.1    25.3    24.5     0.0    24.44 C    32.6    15.7    23.7    96.6    46.1    76.1   0.262   0.282   0.341   0.443   0.505    20.7    19.8    18.4    16.2    13.7
54902 20180530  2.622  -93.29   41.56    27.1    17.0    22.0    22.5     0.0    24.32 C    29.9    14.6    22.1    98.5    57.7    76.8   0.240   0.281   0.335   0.442   0.505    20.6    19.8    18.6    16.5    14.0
54902 20180531  2.622  -93.29   41.56    30.9    18.2    24.5    24.5     0.0    25.16 C    32.2    16.6    23.2    92.4    43.2    67.2   0.219   0.277   0.327   0.439   0.504    20.6    19.8    18.7    16.7    14.3
54902 20180601  2.622  -93.29   41.56    33.0    16.7    24.8    25.4     0.0    29.06 C    34.4    13.7    23.9    90.9    34.6    63.1   0.202   0.271   0.317   0.435   0.496    20.7    19.9    18.9    16.9    14.5
54902 20180602  2.622  -93.29   41.56    25.7    15.3    20.5    21.1    29.2    18.27 C    28.4    13.6    20.6    99.1    57.3    76.7   0.323   0.341   0.312   0.433   0.495    20.3    19.8    18.9    17.0    14.7
54902 20180603  2.622  -93.29   41.56    24.9    13.0    19.0    19.2     0.0    30.86 C    25.1     8.2    17.5    87.4    31.4    56.9   0.328   0.350   0.312   0.430   0.494    19.4    19.2    18.5    17.1    14.9
54902 20180604  2.622  -93.29   41.56    25.8    10.3    18.0    19.3     0.0    29.25 C    27.6     6.5    18.0    97.9    39.0    61.0   0.293   0.332   0.307   0.426   0.493    18.7    18.5    18.1    17.0    14.9
54902 20180605  2.622  -93.29   41.56    29.4    14.2    21.8    22.6     0.0    29.43 C    30.3    12.9    21.4    86.2    37.6    64.7   0.263   0.316   0.304   0.424   0.492    19.4    18.8    18.1    16.9    15.0
54902 20180606  2.622  -93.29   41.56    31.3    15.7    23.5    22.2     8.1    19.86 C    32.1    14.7    21.4    93.4    59.1    78.1   0.243   0.304   0.302   0.419   0.491    20.1    19.3    18.5    16.9    15.0
54902 20180607  2.622  -93.29   41.56    29.2    16.4    22.8    23.3     0.0    22.35 C    29.8    14.6    22.4    96.2    55.1    77.2   0.232   0.299   0.302   0.417   0.489    20.4    19.6    18.6    17.1    15.1
54902 20180608  2.622  -93.29   41.56    30.2    19.4    24.8    24.5     0.0    25.49 C    31.0    17.7    23.8    97.6    64.5    79.6   0.225   0.295   0.303   0.416   0.488    21.2    20.2    19.1    17.3    15.3
54902 20180609  2.622  -93.29   41.56    30.6    20.1    25.3    25.4     0.0    22.20 C    31.1    19.2    24.7    98.8    60.5    79.6   0.219   0.292   0.303   0.415   0.488    21.8    20.8    19.6    17.6    15.4
54902 20180610  2.622  -93.29   41.56    23.2    18.8    21.0    21.2     5.6     4.35 C    22.8    18.4    20.7    97.6    82.8    92.5   0.215   0.291   0.303   0.415   0.489    21.3    20.7    19.8    18.0    15.7
54902 20180611  2.622  -93.29   41.56    27.1    17.9    22.5    21.3    20.3    16.66 C    27.9    17.8    21.3    99.4    73.8    89.7   0.222   0.287   0.303   0.414   0.489    20.8    20.2    19.4    18.0    15.8
54902 20180612  2.622  -93.29   41.56    28.9    18.6    23.7    24.0     0.2    26.52 C    30.4    17.9    23.6    96.9    61.6    81.5   0.349   0.295   0.303   0.413   0.489    21.4    20.6    19.6    18.0    16.0
54902 20180613  2.622  -93.29   41.56    26.0    15.2    20.6    21.5     0.0    28.96 C    27.2    13.6    20.5    95.4    35.9    63.3   0.319   0.291   0.303   0.411   0.488    21.3    20.8    19.9    18.2    16.1
54902 20180614  2.622  -93.29   41.56    25.1    15.0    20.0    19.5    52.7    11.95 C    25.9    14.4    19.0    98.2    59.2    85.3   0.369   0.384   0.407   0.449   0.497    19.6    19.7    19.4    18.4    16.3
54902 20180615  2.622  -93.29   41.56    32.3    18.4    25.4    26.2     0.0    28.38 C    31.8    17.9    25.1    97.7    54.7    75.4   0.359   0.396   0.416   0.455   0.503    20.8    20.0    19.3    18.2    16.4
54902 20180616  2.622  -93.29   41.56    32.6    22.3    27.4    27.6     0.0    27.24 C    32.0    21.1    26.5    90.5    55.9    72.7   0.337   0.381   0.408   0.453   0.502    22.2    21.2    20.1    18.4    16.4
54902 20180617  2.622  -93.29   41.56    32.2    23.1    27.6    27.7     0.0    26.67 C    32.6    21.8    26.7    88.2    55.4    72.7   0.315   0.366   0.403   0.451   0.501    22.9    21.9    20.7    18.7    16.6
54902 20180618  2.622  -93.29   41.56    32.6    21.1    26.8    27.0     0.0    27.06 C    32.6    20.5    26.4    98.2    59.8    77.2   0.294   0.352   0.396   0.449   0.499    23.4    22.4    21.1    19.1    16.8
54902 20180619  2.622  -93.29   41.56    26.0    20.9    23.4    23.1     3.3    10.70 C    27.0    20.2    22.7    98.2    73.9    90.8   0.280   0.343   0.393   0.449   0.499    22.9    22.3    21.3    19.5    17.0
54902 20180620  2.622  -93.29   41.56    27.7    18.5    23.1    22.7    28.7    16.82 C    30.6    17.8    22.7    99.0    74.8    90.0   0.336   0.380   0.422   0.464   0.502    22.5    22.0    21.2    19.7    17.3
54902 20180621  2.622  -93.29   41.56    24.6    15.7    20.1    18.9     4.3    13.65 C    26.5    15.4    19.0    96.4    69.4    88.9   0.376   0.406   0.430   0.472   0.509    21.6    21.5    21.0    19.7    17.5
54902 20180622  2.622  -93.29   41.56    23.1    15.1    19.1    18.6     0.0    10.26 C    24.2    14.9    18.2    98.1    68.7    86.4   0.373   0.402   0.424   0.466   0.510    20.6    20.6    20.4    19.6    17.5
54902 20180623  2.622  -93.29   41.56    25.4    15.7    20.6    20.5     0.0    20.92 C    27.3    14.2    19.9    99.2    57.2    81.6   0.362   0.392   0.419   0.464   0.512    20.5    20.3    20.0    19.3    17.5
54902 20180624  2.622  -93.29   41.56    27.7    16.0    21.9    21.0     6.2    17.01 C    28.9    15.5    20.7    98.8    68.8    87.4   0.350   0.385   0.414   0.463   0.511    20.8    20.5    20.1    19.2    17.5
54902 20180625  2.622  -93.29   41.56    24.1    18.9    21.5    21.2    62.8    12.84 C    24.9    18.2    20.8    98.2    74.5    88.2   0.374   0.400   0.427   0.468   0.511    20.8    20.6    20.1    19.3    17.7
54902 20180626  2.622  -93.29   41.56    25.4    17.3    21.3    21.1     8.8    20.57 C    27.0    16.7    20.8    98.2    71.3    87.3   0.395   0.427   0.446   0.482   0.516    20.8    20.5    20.3    19.8    18.5
54902 20180627  2.622  -93.29   41.56    28.1    17.1    22.6    23.0     0.0    24.97 C    29.5    15.9    22.4    98.5    63.7    83.2   0.375   0.408   0.427   0.471   0.516    21.5    20.9    20.4    19.6    18.2
54902 20180628  2.622  -93.29   41.56    28.1    18.4    23.3    22.7     0.6    11.67 C    28.9    17.6    22.2    98.9    74.4    87.7   0.365   0.401   0.423   0.468   0.517    21.6    21.3    20.7    19.6    18.1
54902 20180629  2.622  -93.29   41.56    33.2    19.8    26.5    27.2     0.0    28.94 C    32.6    18.9    26.3    99.3    63.3    80.2   0.354   0.394   0.420   0.466   0.515    22.6    21.7    20.9    19.7    18.1
54902 20180630  2.622  -93.29   41.56    32.8    20.8    26.8    26.7    61.1    24.56 C    32.9    20.3    26.1   100.0    66.7    83.3   0.350   0.392   0.431   0.475   0.516    23.7    22.7    21.8    20.1    18.4
54902 20180701  2.622  -93.29   41.56    26.7    18.4    22.6    22.7     7.2    23.73 C    27.6    15.6    22.0   100.0    63.7    83.7   0.397   0.430   0.449   0.489   0.520    23.0    22.6    22.2    21.1    19.2
54902 20180702  2.622  -93.29   41.56    28.0    14.8    21.4    22.1     0.0    27.53 C    28.5    14.1    21.1   100.0    54.7    79.1   0.373   0.409   0.430   0.474   0.518    22.5    22.2    21.8    20.9    19.0
54902 20180703  2.622  -93.29   41.56    31.7    18.3    25.0    25.6     0.0    27.12 C    32.0    17.0    24.9    96.6    66.2    81.8   0.357   0.396   0.424   0.470   0.518    23.0    22.4    21.8    20.8    19.0
54902 20180704  2.622  -93.29   41.56    32.2    22.4    27.3    26.9     0.0    27.46 C    31.8    21.7    26.3    96.6    64.5    83.1   0.341   0.384   0.420   0.468   0.519    24.2    23.3    22.4    20.9    19.1
54902 20180705  2.622  -93.29   41.56    30.1    18.5    24.3    24.7     0.0    26.71 C    30.7    17.1    24.4    97.4    66.4    83.7   0.321   0.372   0.416   0.467   0.519    24.3    23.6    22.7    21.1    19.1
54902 20180706  2.622  -93.29   41.56    27.6    16.1    21.9    21.9     0.0    29.38 C    28.2    15.0    21.0    95.8    52.9    76.1   0.302   0.359   0.410   0.465   0.519    23.4    23.2    22.6    21.3    19.2
54902 20180707  2.622  -93.29   41.56    26.4    13.8    20.1    20.6     0.0    29.46 C    27.2    12.4    20.0    95.2    50.7    74.3   0.283   0.347   0.402   0.463   0.518    22.6    22.5    22.2    21.3    19.3
54902 20180708  2.622  -93.29   41.56    28.1    16.2    22.1    22.5     0.0    30.11 C    28.6    15.0    21.5    88.1    51.1    70.4   0.268   0.334   0.392   0.460   0.517    22.4    22.2    21.9    21.1    19.4
54902 20180709  2.622  -93.29   41.56    31.4    14.8    23.1    24.6     0.0    27.70 C    30.7    13.6    23.5    89.6    58.6    73.2   0.253   0.321   0.381   0.457   0.515    22.6    22.2    21.8    21.0    19.3
54902 20180710  2.622  -93.29   41.56    31.5    20.6    26.1    26.0     0.0    24.68 C    32.1    19.5    25.0    98.3    59.0    80.5   0.243   0.312   0.371   0.456   0.514    23.6    22.9    22.2    21.0    19.3
54902 20180711  2.622  -93.29   41.56    32.2    19.4    25.8    26.1     0.0    27.43 C    32.9    18.2    25.4    97.4    64.9    78.8   0.235   0.303   0.361   0.452   0.510    23.8    23.2    22.4    21.2    19.4
54902 20180712  2.622  -93.29   41.56    33.8    21.4    27.6    27.6     0.0    27.24 C    33.3    20.0    26.5    87.2    56.1    71.2   0.228   0.292   0.347   0.446   0.505    24.2    23.5    22.7    21.3    19.5
54902 20180713  2.622  -93.29   41.56    33.2    21.8    27.5    25.8     6.7    24.34 C    33.4    21.7    25.5    99.1    59.9    80.2   0.221   0.284   0.334   0.440   0.504    24.6    23.9    23.0    21.5    19.6
54902 20180714  2.622  -93.29   41.56    29.8    20.4    25.1    24.7     0.0    22.96 C    31.1    19.9    24.5   100.0    63.0    86.1   0.218   0.280   0.329   0.437   0.504    24.4    23.8    23.1    21.7    19.7
54902 20180715  2.622  -93.29   41.56    30.4    20.0    25.2    25.3     0.0    22.22 C    31.6    19.5    24.8   100.0    63.5    85.1   0.217   0.277   0.324   0.435   0.503    24.2    23.8    23.1    21.8    19.8
54902 20180716  2.622  -93.29   41.56    28.1    18.7    23.4    23.9     0.0    28.07 C    29.5    15.8    23.4    98.7    50.1    77.8   0.215   0.274   0.317   0.430   0.503    24.0    23.7    23.1    21.8    19.9
54902 20180717  2.622  -93.29   41.56    28.7    16.7    22.7    23.0     0.0    24.39 C    30.9    14.8    21.9    96.1    44.8    72.7   0.211   0.268   0.308   0.425   0.500    22.9    23.0    22.6    21.8    20.0
54902 20180718  2.622  -93.29   41.56    29.9    16.3    23.1    23.5     0.0    25.51 C    31.8    15.1    23.2    96.8    46.8    73.6   0.207   0.263   0.298   0.419   0.493    22.7    22.6    22.3    21.6    19.9
54902 20180719  2.622  -93.29   41.56    29.0    18.8    23.9    23.0     8.1    18.22 C    30.6    18.6    22.9    96.8    61.1    81.8   0.209   0.261   0.293   0.414   0.492    22.8    22.6    22.3    21.5    19.9
54902 20180720  2.622  -93.29   41.56    25.7    19.2    22.5    21.9     0.0    17.67 C    26.1    18.3    21.5    88.5    64.7    76.4   0.208   0.260   0.290   0.410   0.492    22.3    22.2    22.0    21.4    19.9
54902 20180721  2.622  -93.29   41.56    27.8    17.6    22.7    22.0     0.0    27.30 C    28.8    17.0    21.7    95.4    63.6    80.8   0.206   0.258   0.286   0.407   0.491    22.1    21.9    21.6    21.2    19.9
54902 20180722  2.622  -93.29   41.56    26.8    15.9    21.4    21.2     0.0    27.15 C    27.8    15.3    20.8    98.0    63.0    82.7   0.204   0.255   0.279   0.401   0.490    22.0    21.8    21.6    21.1    19.8
54902 20180723  2.622  -93.29   41.56    29.0    16.2    22.6    22.8     0.0    23.65 C    29.6    15.0    22.0    99.3    56.8    81.3   0.202   0.253   0.273   0.394   0.488    21.8    21.7    21.5    21.0    19.8
54902 20180724  2.622  -93.29   41.56    28.1    16.9    22.5    22.5     0.0    28.57 C    28.9    14.8    21.6    92.9    47.6    72.8   0.200   0.249   0.266   0.388   0.486    22.1    21.8    21.5    21.0    19.7
54902 20180725  2.622  -93.29   41.56    27.8    14.2    21.0    21.9     1.0    20.02 C    28.4    13.1    21.1    97.7    56.0    77.9   0.196   0.246   0.261   0.383   0.483    21.5    21.5    21.3    21.0    19.7
54902 20180726  2.622  -93.29   41.56    26.4    13.9    20.1    20.1     0.0    26.45 C    28.6    13.0    19.6    97.7    49.6    75.6   0.193   0.244   0.258   0.378   0.482    21.4    21.3    21.2    20.9    19.6
54902 20180727  2.622  -93.29   41.56    24.5    11.4    17.9    18.3     0.0    23.41 C    26.8    10.5    17.5    97.9    51.9    76.1   0.190   0.241   0.255   0.373   0.481    20.5    20.7    20.7    20.7    19.6
54902 20180728  2.622  -93.29   41.56    24.3    12.9    18.6    18.9     0.0    13.93 C    25.6    11.3    18.3    99.3    59.6    81.1   0.188   0.239   0.253   0.370   0.480    20.1    20.2    20.3    20.4    19.5
54902 20180729  2.622  -93.29   41.56    26.0    15.3    20.6    20.2     0.0    20.21 C    27.9    13.7    19.7    98.2    53.6    80.2   0.187   0.239   0.251   0.366   0.480    20.4    20.4    20.3    20.2    19.4
54902 20180730  2.622  -93.29   41.56    27.4    12.6    20.0    20.4     0.0    23.92 C    29.9    11.9    19.6   100.0    44.3    76.9   0.185   0.237   0.249   0.360   0.478    20.2    20.2    20.2    20.1    19.2
54902 20180731  2.622  -93.29   41.56    28.6    13.3    20.9    21.4     0.0    26.36 C    30.6    12.3    20.6   100.0    47.3    74.4   0.184   0.235   0.246   0.357   0.477    20.3    20.2    20.1    20.0    19.2
54902 20180801  2.622  -93.29   41.56    29.0    15.3    22.1    22.6     0.0    23.46 C    31.6    14.8    22.6    97.8    46.7    73.7   0.183   0.233   0.245   0.352   0.473    20.7    20.5    20.3    19.9    19.1
54902 20180802  2.622  -93.29   41.56    26.8    14.2    20.5    20.5     0.0    25.92 C    28.7    13.1    20.6    99.9    51.3    77.8   0.181   0.231   0.243   0.349   0.470    21.0    20.7    20.4    20.0    19.0
54902 20180803  2.622  -93.29   41.56    33.8    14.8    24.3    24.7     0.0    25.67 C    33.7    14.2    24.1    97.1    38.6    67.6   0.180   0.229   0.241   0.344   0.466    21.3    20.9    20.5    20.0    19.0
54902 20180804  2.622  -93.29   41.56    31.5    20.3    25.9    25.1     0.0    13.02 C    31.5    19.1    24.1    76.9    39.8    61.5   0.179   0.228   0.240   0.341   0.460    21.6    21.2    20.8    20.1    19.0
54902 20180805  2.622  -93.29   41.56    34.7    18.9    26.8    25.1     4.1    18.02 C    35.6    17.8    24.6    95.8    42.7    72.8   0.183   0.227   0.239   0.338   0.456    21.8    21.3    20.9    20.2    19.0
54902 20180806  2.622  -93.29   41.56    27.9    19.3    23.6    23.1     0.0    15.75 C    30.4    19.1    23.2    97.8    70.3    85.7   0.183   0.227   0.240   0.337   0.455    22.1    21.7    21.2    20.3    19.1
54902 20180807  2.622  -93.29   41.56    27.7    17.2    22.5    22.4    15.3    15.37 C    29.1    16.0    22.0    99.7    61.8    87.6   0.207   0.233   0.240   0.337   0.454    22.2    21.8    21.3    20.5    19.2
54902 20180808  2.622  -93.29   41.56    29.5    15.1    22.3    22.7     0.0    26.21 C    31.1    14.0    22.5   100.0    51.1    77.3   0.205   0.231   0.241   0.336   0.454    21.9    21.6    21.2    20.5    19.3
54902 20180809  2.622  -93.29   41.56    32.5    18.2    25.3    25.1     0.0    24.69 C    33.3    17.3    24.6    98.2    45.0    77.6   0.199   0.231   0.240   0.335   0.453    22.5    22.0    21.4    20.6    19.3
54902 20180810  2.622  -93.29   41.56    29.8    17.6    23.7    23.5     0.0    23.48 C    31.8    15.7    22.6    97.3    54.3    78.7   0.193   0.230   0.241   0.332   0.451    22.4    22.1    21.6    20.7    19.3
54902 20180811  2.622  -93.29   41.56    29.4    17.6    23.5    23.3     0.0    22.01 C    31.4    15.8    22.4    97.4    53.5    79.3   0.188   0.229   0.240   0.330   0.448    22.1    21.8    21.5    20.8    19.5
54902 20180812  2.622  -93.29   41.56    31.3    16.6    23.9    23.8     0.0    23.73 C    33.6    15.2    23.4    99.1    44.9    77.0   0.184   0.228   0.239   0.329   0.447    22.0    21.8    21.4    20.7    19.5
54902 20180813  2.622  -93.29   41.56    33.1    16.9    25.0    24.6     0.0    24.61 C    34.7    15.5    24.5    99.4    39.4    72.7   0.181   0.227   0.238   0.326   0.446    22.3    21.9    21.5    20.8    19.5
54902 20180814  2.622  -93.29   41.56    27.3    17.3    22.3    22.5     5.2    10.46 C    27.9    17.1    22.4    99.2    68.1    84.1   0.184   0.227   0.238   0.325   0.445    22.1    21.9    21.5    20.8    19.5
54902 20180815  2.622  -93.29   41.56    29.8    19.8    24.8    23.8     0.0    19.53 C    31.7    19.6    24.3    99.9    59.3    85.6   0.197   0.228   0.239   0.325   0.443    22.5    22.1    21.5    20.8    19.6
54902 20180816  2.622  -93.29   41.56    28.4    17.3    22.9    22.2     0.0    15.30 C    29.3    17.1    22.8   100.0    65.3    89.9   0.190   0.227   0.239   0.325   0.442    22.3    22.1    21.6    20.9    19.6
54902 20180817  2.622  -93.29   41.56    29.7    17.1    23.4    22.7     0.0    20.05 C    31.1    16.9    23.3    99.6    58.7    83.5   0.185   0.226   0.238   0.324   0.441    22.2    21.9    21.5    20.9    19.6
54902 20180818  2.622  -93.29   41.56    29.7    17.6    23.7    23.2     0.0    19.29 C    31.6    17.5    23.9    99.8    53.8    81.9   0.180   0.226   0.238   0.324   0.439    22.2    21.9    21.5    20.9    19.6
54902 20180819  2.622  -93.29   41.56    28.3    18.1    23.2    23.2     1.1    13.02 C    29.3    18.0    23.1    97.9    61.6    83.6   0.178   0.225   0.238   0.322   0.439    22.1    21.8    21.5    20.9    19.7
54902 20180820  2.622  -93.29   41.56    24.8    17.9    21.3    20.9    27.2     6.46 C    26.0    17.4    20.7    98.2    79.7    94.8   0.284   0.257   0.240   0.321   0.438    21.9    21.7    21.4    20.9    19.7
54902 20180821  2.622  -93.29   41.56    23.6    14.0    18.8    18.5     0.0    11.98 C    24.4    12.4    18.1    98.2    71.1    88.1   0.291   0.260   0.242   0.321   0.437    21.1    21.1    21.1    20.8    19.7
54902 20180822  2.622  -93.29   41.56    25.3    12.2    18.7    18.6     0.0    25.23 C    27.2    10.6    17.9    99.7    37.3    70.2   0.277   0.255   0.242   0.321   0.437    20.2    20.3    20.5    20.6    19.6
54902 20180823  2.622  -93.29   41.56    26.7    11.7    19.2    19.6     0.0    19.12 C    27.9    10.1    19.2    90.3    45.5    70.7   0.263   0.251   0.241   0.320   0.438    19.7    19.9    20.0    20.3    19.5
54902 20180824  2.622  -93.29   41.56    27.5    17.8    22.7    21.8     1.5     8.33 C    28.3    17.7    21.4    99.0    75.3    90.7   0.255   0.250   0.242   0.320   0.436    20.3    20.1    20.1    20.0    19.4
54902 20180825  2.622  -93.29   41.56    31.4    18.3    24.8    24.8     0.0    22.95 C    32.6    17.7    24.3   100.0    45.5    79.9   0.250   0.250   0.241   0.320   0.437    21.5    20.9    20.5    20.0    19.3
54902 20180826  2.622  -93.29   41.56    28.9    20.9    24.9    25.4     0.2     8.03 C    30.0    19.9    24.8    94.3    72.9    83.4   0.241   0.249   0.243   0.320   0.438    22.0    21.5    21.0    20.2    19.2
54902 20180827  2.622  -93.29   41.56    33.1    20.3    26.7    27.5    10.1    19.46 C    33.2    20.0    27.0    96.7    50.6    71.6   0.267   0.248   0.245   0.321   0.437    22.7    22.0    21.3    20.4    19.3
54902 20180828  2.622  -93.29   41.56    28.8    17.5    23.1    23.6     3.2     7.00 C    30.3    17.3    23.1    97.2    70.7    87.3   0.262   0.250   0.245   0.321   0.437    22.8    22.3    21.7    20.7    19.4
54902 20180829  2.622  -93.29   41.56    23.7    12.9    18.3    17.9     0.0    24.49 C    25.7    11.7    17.6    98.3    51.2    76.5   0.254   0.249   0.245   0.322   0.437    21.4    21.4    21.3    20.8    19.5
54902 20180830  2.622  -93.29   41.56    25.4    11.6    18.5    19.1     0.0    13.95 C    28.1    10.8    18.7    97.4    66.8    84.7   0.244   0.246   0.244   0.320   0.438    20.1    20.3    20.5    20.6    19.5
54902 20180831  2.622  -93.29   41.56    29.5    19.8    24.7    22.9    10.3    13.81 C    30.9    19.2    22.5    98.1    54.7    85.1   0.259   0.247   0.244   0.319   0.438    21.0    20.7    20.5    20.3    19.5
54902 20180901  2.622  -93.29   41.56    30.6    19.0    24.8    22.7    55.0    13.52 C    32.5    18.8    22.7    98.2    68.1    89.3   0.298   0.254   0.258   0.320   0.439    21.7    21.2    20.8    20.3    19.4
54902 20180902  2.622  -93.29   41.56    27.7    18.9    23.3    22.1     2.7     9.80 C    28.9    18.6    21.9   100.0    73.8    93.2   0.366   0.358   0.403   0.337   0.460    21.7    21.4    21.1    20.5    19.4
54902 20180903  2.622  -93.29   41.56    26.5    20.0    23.3    22.1    74.3     5.61 C    27.7    19.8    22.1   100.0    83.9    97.3   0.400   0.408   0.441   0.441   0.489    21.8    21.5    21.2    20.8    19.7
54902 20180904  2.622  -93.29   41.56    31.1    21.1    26.1    24.7     9.1    15.91 C    32.5    20.3    24.2    99.1    57.9    84.9   0.385   0.402   0.431   0.462   0.499    22.3    21.8    21.4    20.9    19.7
54902 20180905  2.622  -93.29   41.56    23.9    19.3    21.6    21.4    21.0     3.31 C    23.2    19.1    21.3    99.5    89.4    95.3   0.401   0.420   0.448   0.476   0.504    22.3    22.0    21.6    21.0    19.8
54902 20180906  2.622  -93.29   41.56    22.8    17.2    20.0    19.9     0.0    10.58 C    24.8    16.8    19.8    97.4    76.7    87.0   0.379   0.401   0.428   0.468   0.503    21.5    21.4    21.4    21.0    19.9
54902 20180907  2.622  -93.29   41.56    19.1    14.2    16.7    16.7    10.7     4.77 C    19.4    13.5    16.4    96.7    75.2    86.3   0.387   0.406   0.433   0.468   0.502    20.6    20.8    21.0    20.9    19.9
54902 20180908  2.622  -93.29   41.56    23.0    12.4    17.7    17.0     0.0    19.63 C    24.9    10.4    16.5    92.0    40.5    70.4   0.376   0.400   0.427   0.468   0.504    19.7    20.0    20.3    20.6    19.8
54902 20180909  2.622  -93.29   41.56    24.1    10.8    17.5    16.5     0.0    21.60 C    26.6     8.1    16.0    99.0    45.9    75.0   0.365   0.392   0.420   0.464   0.504    19.0    19.4    19.8    20.3    19.7
54902 20180910  2.622  -93.29   41.56    24.9     8.6    16.7    17.1     0.0    22.18 C    27.9     6.5    16.5    96.5    47.0    75.0   0.357   0.386   0.416   0.462   0.503    18.5    18.9    19.3    19.9    19.6
54902 20180911  2.622  -93.29   41.56    27.2    14.0    20.6    20.2     0.0    21.55 C    29.0    12.5    19.5    87.3    49.0    73.3   0.348   0.382   0.413   0.461   0.504    19.1    19.1    19.3    19.6    19.4
54902 20180912  2.622  -93.29   41.56    27.3    15.1    21.2    20.6     0.0    21.93 C    30.2    13.9    20.2    95.6    50.8    75.9   0.338   0.377   0.411   0.460   0.504    19.7    19.5    19.4    19.5    19.2
54902 20180913  2.622  -93.29   41.56    28.7    15.8    22.2    22.0     0.0    17.89 C    31.1    14.2    21.6    93.2    57.9    79.9   0.327   0.370   0.410   0.458   0.504    20.1    19.8    19.6    19.5    19.1
54902 20180914  2.622  -93.29   41.56    30.9    19.3    25.1    24.5     0.0    20.12 C    33.4    18.4    24.1    97.0    51.1    77.6   0.316   0.364   0.408   0.456   0.504    21.0    20.4    20.1    19.6    19.1
54902 20180915  2.622  -93.29   41.56    31.8    18.4    25.1    24.8     0.0    19.26 C    35.3    17.4    24.5    98.5    46.9    77.2   0.304   0.356   0.407   0.455   0.503    21.5    20.9    20.5    19.8    19.1
54902 20180916  2.622  -93.29   41.56    30.4    17.8    24.1    23.8     0.0    19.69 C    33.5    16.4    23.4    96.1    49.6    74.9   0.291   0.349   0.405   0.455   0.503    21.5    21.1    20.7    20.0    19.2
54902 20180917  2.622  -93.29   41.56    31.8    18.9    25.3    24.9     0.0    18.55 C    34.5    18.1    24.3    92.0    50.8    71.9   0.277   0.340   0.402   0.453   0.504    21.8    21.3    20.9    20.2    19.2
54902 20180918  2.622  -93.29   41.56    27.7    16.7    22.2    19.8    13.3     5.53 C    27.9    16.2    19.3   100.0    68.8    91.5   0.289   0.335   0.400   0.454   0.505    21.2    21.1    20.9    20.3    19.3
54902 20180919  2.622  -93.29   41.56    27.1    17.7    22.4    21.4     0.0    11.36 C    29.3    17.3    21.5   100.0    74.8    91.0   0.303   0.333   0.399   0.454   0.507    20.8    20.5    20.5    20.2    19.4
54902 20180920  2.622  -93.29   41.56    32.4    19.0    25.7    25.6     6.0    19.27 C    33.3    18.7    25.2    99.1    46.7    74.9   0.295   0.330   0.397   0.453   0.507    21.6    21.1    20.7    20.2    19.4
54902 20180921  2.622  -93.29   41.56    19.8     7.3    13.5    14.8     1.5    12.92 C    20.5     5.1    14.2    99.0    51.3    77.9   0.310   0.326   0.395   0.452   0.507    20.5    20.5    20.6    20.3    19.4
54902 20180922  2.622  -93.29   41.56    19.3     6.0    12.6    12.5     0.0    20.60 C    22.0     4.0    12.3    97.4    51.0    77.4   0.298   0.320   0.391   0.450   0.509    17.8    18.5    19.3    20.0    19.4
54902 20180923  2.622  -93.29   41.56    23.8     8.4    16.1    16.3     0.0    20.26 C    26.0     6.9    15.6    97.8    51.6    76.2   0.290   0.317   0.388   0.448   0.508    17.7    18.1    18.6    19.5    19.2
54902 20180924  2.622  -93.29   41.56    25.8    10.4    18.1    18.5     0.0    17.35 C    27.8     8.3    17.9    94.3    55.2    77.3   0.282   0.313   0.385   0.445   0.508    17.9    18.1    18.5    19.1    19.0
54902 20180925  2.622  -93.29   41.56    19.1     8.5    13.8    14.3    14.8     3.47 C    19.6     7.3    13.8   100.0    81.1    95.2   0.310   0.321   0.396   0.444   0.507    18.0    18.1    18.5    18.9    18.8
54902 20180926  2.622  -93.29   41.56    18.8     7.3    13.1    12.3     0.0    19.56 C    20.2     5.9    11.5    97.8    34.6    69.6   0.326   0.325   0.401   0.445   0.508    16.6    17.0    17.7    18.7    18.7
54902 20180927  2.622  -93.29   41.56    23.1     8.1    15.6    14.9     0.0    16.36 C    24.0     7.0    14.1    81.7    38.1    63.6   0.317   0.323   0.397   0.446   0.507    16.1    16.4    17.1    18.3    18.4
54902 20180928  2.622  -93.29   41.56    13.3     6.0     9.6     8.7     3.6     1.69 C    12.4     4.3     8.1   100.0    73.5    88.7   0.310   0.323   0.395   0.444   0.507    15.6    16.1    16.8    18.0    18.2
54902 20180929  2.622  -93.29   41.56     9.8     5.1     7.5     7.8     9.9     1.67 C     9.5     3.6     7.6   100.0    69.0    93.8   0.324   0.329   0.398   0.442   0.508    14.2    14.9    16.0    17.6    18.0
54902 20180930  2.622  -93.29   41.56    11.2     8.7    10.0     9.8     1.8     2.05 C    11.9     8.7     9.9    99.5    92.3    98.1   0.345   0.356   0.412   0.446   0.507    13.9    14.4    15.4    17.0    17.7
54902 20181001  2.622  -93.29   41.56    17.7     9.5    13.6    12.3     4.1     1.52 C    18.0     9.4    12.3   100.0    97.5    99.4   0.355   0.366   0.416   0.452   0.507    14.2    14.5    15.3    16.7    17.4
54902 20181002  2.622  -93.29   41.56    18.5     9.2    13.9    12.7     0.0     5.44 C    17.8     9.4    12.9   100.0    90.4    96.8   0.363   0.381   0.423   0.459   0.506    14.6    14.7    15.3    16.5    17.1
54902 20181003  2.622  -93.29   41.56    30.6     9.8    20.2    22.9     2.8    14.71 C    30.8     8.8    22.2    96.4    55.6    78.2   0.359   0.377   0.417   0.458   0.508    16.5    15.9    15.9    16.4    16.9
54902 20181004  2.622  -93.29   41.56    15.0     3.1     9.0     9.4     0.0    16.85 C    16.7     2.1     9.5    85.5    46.5    66.0   0.356   0.373   0.415   0.457   0.509    15.4    15.7    16.2    16.6    16.9
54902 20181005  2.622  -93.29   41.56    16.0     9.9    12.9    12.6    16.5     4.63 C    18.0     9.8    12.8   100.0    72.7    93.0   0.362   0.382   0.423   0.460   0.510    14.9    15.1    15.7    16.5    16.8
54902 20181006  2.622  -93.29   41.56    12.6     8.7    10.6    10.0    11.5     1.95 C    12.5     8.6     9.9   100.0    86.7    93.9   0.386   0.409   0.439   0.475   0.514    14.5    14.8    15.4    16.3    16.7
54902 20181007  2.622  -93.29   41.56    13.8     8.6    11.2    11.4    11.6     2.00 C    14.1     8.5    11.4   100.0    90.6    98.1   0.378   0.400   0.427   0.467   0.514    14.0    14.3    15.0    16.1    16.6
54902 20181008  2.622  -93.29   41.56    23.8    12.4    18.1    18.2    31.7     5.76 C    24.4    12.4    18.0   100.0    77.9    95.8   0.404   0.425   0.454   0.483   0.514    15.0    14.8    15.1    15.9    16.4
54902 20181009  2.622  -93.29   41.56    23.1    17.5    20.3    20.0    11.6     5.33 C    23.8    17.2    19.7   100.0    83.7    95.4   0.401   0.427   0.451   0.482   0.514    16.7    16.1    15.9    15.9    16.3
54902 20181010  2.622  -93.29   41.56    19.6     4.4    12.0    11.3     0.0     4.72 C    19.0     3.8    11.2    93.8    66.6    80.4   0.379   0.407   0.431   0.472   0.515    16.4    16.2    16.3    16.2    16.2
54902 20181011  2.622  -93.29   41.56     8.4     1.2     4.8     4.2     0.0    10.19 C    12.0    -1.0     3.9    92.8    56.5    73.0   0.368   0.396   0.422   0.467   0.515    13.3    13.9    15.0    16.2    16.3
54902 20181012  2.622  -93.29   41.56     7.1     0.2     3.7     4.2     1.8     4.60 C     8.2    -0.3     4.2    99.9    75.8    91.0   0.364   0.391   0.418   0.464   0.515    11.7    12.4    13.8    15.7    16.2
54902 20181013  2.622  -93.29   41.56    11.8     3.3     7.6     7.1     0.0     7.80 C    12.9     2.2     6.8   100.0    68.6    87.3   0.362   0.389   0.416   0.463   0.514    11.5    12.1    13.2    15.1    15.9
54902 20181014  2.622  -93.29   41.56     6.9     0.9     3.9     3.6     0.2     1.65 C     7.1     0.6     3.4    99.2    85.4    93.6   0.359   0.387   0.414   0.461   0.514    11.1    11.7    12.8    14.7    15.6
54902 20181015  2.622  -93.29   41.56     8.7    -1.5     3.6     3.3     0.0    15.94 C    10.4    -2.6     3.0    92.8    44.8    67.6   0.355   0.383   0.411   0.459   0.512    10.1    10.6    12.0    14.2    15.4
54902 20181016  2.622  -93.29   41.56    17.5     0.4     9.0     8.5     0.0    15.78 C    18.0    -0.7     7.8    82.5    39.9    62.7   0.351   0.379   0.409   0.457   0.511     9.9    10.4    11.6    13.8    15.1
54902 20181017  2.622  -93.29   41.56    13.1     0.9     7.0     7.0     0.0    16.10 C    14.0    -1.0     5.2    91.0    37.3    62.2   0.347   0.376   0.408   0.454   0.511    10.2    10.6    11.6    13.4    14.8
54902 20181018  2.622  -93.29   41.56    18.5     0.3     9.4     9.9     0.0    15.59 C    19.5    -1.5     9.0    96.1    44.4    67.1   0.341   0.372   0.406   0.453   0.510     9.8    10.2    11.3    13.2    14.5
54902 20181019  2.622  -93.29   41.56    20.8     8.3    14.5    12.9     1.2     8.48 C    20.5     5.5    11.9    89.6    51.5    69.5   0.336   0.370   0.406   0.453   0.510    11.1    11.0    11.7    13.0    14.3
54902 20181020  2.622  -93.29   41.56    10.3    -3.0     3.6     5.9     0.0    15.22 C    11.2    -5.5     4.5    79.8    33.9    55.8   0.329   0.366   0.405   0.454   0.510    10.6    10.9    11.8    13.0    14.2
54902 20181021  2.622  -93.29   41.56    14.9    -4.0     5.4     5.8     0.0    14.96 C    15.1    -5.9     4.7    91.0    34.3    60.9   0.322   0.362   0.401   0.454   0.510     8.8     9.6    10.9    12.8    14.0
54902 20181022  2.622  -93.29   41.56    19.8     2.9    11.3    10.5     0.0    14.80 C    21.3     0.2     8.8    95.9    23.6    59.0   0.317   0.360   0.399   0.452   0.511     9.5     9.8    10.7    12.5    13.8
54902 20181023  2.622  -93.29   41.56    13.6    -0.4     6.6     6.2     0.0    15.10 C    15.9    -3.5     4.1    85.6    37.2    60.9   0.310   0.357   0.397   0.450   0.510     9.0     9.7    10.7    12.3    13.6
54902 20181024  2.622  -93.29   41.56    14.3    -1.8     6.2     6.1     0.0    12.75 C    16.5    -4.0     4.9    93.0    39.4    68.1   0.304   0.353   0.396   0.450   0.509     8.3     9.0    10.2    12.1    13.4
54902 20181025  2.622  -93.29   41.56    13.4     5.3     9.4     8.4     0.0     5.32 C    16.1     4.8     7.8    84.6    50.5    70.4   0.299   0.351   0.394   0.448   0.509     9.0     9.3    10.2    11.8    13.2
54902 20181026  2.622  -93.29   41.56    13.7     5.8     9.7     9.0     0.0     9.38 C    17.5     5.0     9.0    92.2    43.6    69.4   0.295   0.350   0.394   0.447   0.509     9.6     9.7    10.4    11.7    13.0
54902 20181027  2.622  -93.29   41.56    19.7     3.0    11.4    11.4     0.4    12.80 C    21.0     2.0    10.8   100.0    40.1    71.9   0.289   0.348   0.393   0.446   0.510    10.0    10.0    10.6    11.7    12.9
54902 20181028  2.622  -93.29   41.56    16.1     4.4    10.3    10.5     0.0    13.43 C    16.4     0.8     8.9    91.8    31.5    60.5   0.285   0.343   0.392   0.446   0.510    10.4    10.4    10.9    11.8    12.8
54902 20181029  2.622  -93.29   41.56    18.0    -0.1     9.0     9.4     0.0    12.33 C    19.1    -1.7     8.1    92.1    38.8    65.2   0.277   0.338   0.390   0.446   0.509     9.5     9.8    10.6    11.9    12.8
54902 20181030  2.622  -93.29   41.56    15.4     6.6    11.0    10.1     1.3     3.57 C    16.5     5.2     9.2    91.7    56.1    75.0   0.272   0.334   0.388   0.446   0.509     9.9    10.1    10.7    11.8    12.8
54902 20181031  2.622  -93.29   41.56    15.5     4.4    10.0     9.3     0.0     8.11 C    17.6     2.2     7.6    86.6    42.4    65.0   0.268   0.332   0.388   0.445   0.507     9.9    10.0    10.7    11.8    12.7
54902 20181101  2.622  -93.29   41.56    15.1     2.1     8.6     8.0     0.0    10.15 C    16.4    -0.7     6.2    89.1    35.2    63.9   0.264   0.329   0.386   0.444   0.507     9.2     9.6    10.4    11.7    12.6
54902 20181102  2.622  -93.29   41.56    11.9     4.1     8.0     7.6     0.3     5.57 C    14.5     2.8     6.9    98.7    57.3    76.1   0.260   0.328   0.385   0.442   0.507     9.3     9.5    10.3    11.5    12.5
54902 20181103  2.622  -93.29   41.56     7.3     2.3     4.8     5.6    21.6     0.70 C     7.1     1.3     5.3   100.0    94.4    98.3   0.269   0.327   0.384   0.442   0.507     9.0     9.4    10.2    11.5    12.5
54902 20181104  2.622  -93.29   41.56     7.7     4.8     6.3     6.4     9.3     1.91 C     8.3     4.0     6.3   100.0    87.7    95.4   0.377   0.368   0.406   0.452   0.509     9.0     9.2    10.0    11.3    12.3
54902 20181105  2.622  -93.29   41.56     8.1     2.6     5.3     6.1     4.8     1.66 C     7.6     1.8     5.7    99.8    88.9    95.3   0.372   0.376   0.414   0.454   0.511     8.7     8.9     9.8    11.2    12.2
54902 20181106  2.622  -93.29   41.56     6.6    -0.8     2.9     3.7     0.0     5.19 C     7.7    -2.3     3.3    94.6    60.3    74.6   0.376   0.385   0.419   0.457   0.512     8.4     8.6     9.6    11.0    12.1
54902 20181107  2.622  -93.29   41.56     0.9    -2.3    -0.7    -0.4     0.0     4.04 C     2.0    -3.0    -0.5    79.9    70.0    74.3   0.365   0.381   0.413   0.456   0.511     7.0     7.5     8.8    10.8    12.0
54902 20181108  2.622  -93.29   41.56     1.8    -1.7     0.0    -0.3     0.0     5.11 C     6.5    -1.6     0.2    93.6    62.1    75.3   0.361   0.379   0.410   0.452   0.510     6.4     6.9     8.2    10.4    11.8
54902 20181109  2.622  -93.29   41.56    -1.4    -9.5    -5.4    -4.2     0.0     6.96 C     0.3   -10.6    -4.3    98.4    46.5    73.1   0.358   0.378   0.407   0.451   0.509     5.5     6.3     7.8    10.0    11.5
54902 20181110  2.622  -93.29   41.56    -1.4   -11.7    -6.6    -5.9     0.0     5.09 C    -1.6   -12.9    -6.0    88.1    47.7    67.7   0.355   0.375   0.404   0.449   0.509     3.6     4.7     6.6     9.5    11.3
54902 20181111  2.622  -93.29   41.56     7.0    -4.3     1.4     0.1     0.0     8.61 C     9.1    -5.6     0.1    85.0    45.9    67.7   0.354   0.375   0.402   0.447   0.508     3.8     4.4     6.0     8.9    10.9
54902 20181112  2.622  -93.29   41.56    -2.7    -8.7    -5.7    -5.4     0.0     3.33 C    -2.8    -9.9    -5.2    74.9    54.2    64.4   0.352   0.375   0.401   0.447   0.508     3.4     4.3     5.9     8.5    10.6
54902 20181113  2.622  -93.29   41.56    -1.1   -12.2    -6.6    -6.7     0.0    11.87 C     1.7   -12.9    -6.9    87.7    45.3    68.0   0.350   0.373   0.400   0.446   0.508     2.4     3.4     5.2     8.1    10.3
54902 20181114  2.622  -93.29   41.56     5.4    -7.4    -1.0    -1.8     0.0    11.31 C     7.3    -8.9    -2.4    81.9    36.4    60.7   0.350   0.372   0.398   0.445   0.508     2.3     3.0     4.8     7.7    10.0
54902 20181115  2.622  -93.29   41.56     8.6    -6.7     1.0     1.0     0.0    11.04 C     9.7    -8.0     0.3    83.2    33.6    61.0   0.350   0.372   0.397   0.444   0.506     2.6     3.2     4.7     7.3     9.6
54902 20181116  2.622  -93.29   41.56     7.4     1.4     4.4     3.6     0.0     7.17 C    12.0    -0.2     3.8    88.3    58.6    74.6   0.350   0.374   0.397   0.443   0.503     3.9     4.0     5.0     7.1     9.3
54902 20181117  2.622  -93.29   41.56     1.4    -5.4    -2.0    -2.1     3.3     1.18 C     1.2    -5.5    -2.1    99.2    81.1    91.6   0.350   0.373   0.398   0.443   0.502     3.8     4.3     5.3     7.2     9.1
54902 20181118  2.622  -93.29   41.56    -2.1   -12.8    -7.4    -7.2     0.0    11.37 C     0.9   -13.4    -6.9    91.0    63.9    80.9   0.347   0.372   0.397   0.442   0.502     2.5     3.4     4.8     7.2     9.0
54902 20181119  2.622  -93.29   41.56     3.8    -7.7    -1.9    -2.8     0.0     7.76 C     6.9    -8.6    -2.8    85.7    62.1    76.8   0.347   0.371   0.396   0.442   0.501     2.1     2.8     4.4     6.9     8.9
54902 20181120  2.622  -93.29   41.56     1.0    -6.3    -2.7    -2.8     0.0     7.37 C     2.5    -6.5    -2.7    83.3    56.2    74.1   0.346   0.371   0.395   0.441   0.501     2.1     2.7     4.1     6.6     8.7
54902 20181121  2.622  -93.29   41.56     6.5    -5.2     0.6     0.0     0.0     6.56 C     9.5    -6.6    -0.7    99.5    66.2    88.6   0.345   0.371   0.394   0.441   0.500     2.4     2.8     4.0     6.4     8.5
54902 20181122  2.622  -93.29   41.56    12.8    -3.2     4.8     4.3     0.0    10.28 C    14.1    -3.9     3.9    99.7    53.5    79.4   0.345   0.371   0.394   0.441   0.500     3.1     3.3     4.3     6.3     8.3
54902 20181123  2.622  -93.29   41.56     8.0     4.8     6.4     6.4     5.7     0.54 C     8.1     3.4     5.7    99.0    63.6    82.3   0.349   0.373   0.396   0.441   0.501     4.3     4.2     4.9     6.3     8.2
54902 20181124  2.622  -93.29   41.56    11.7     0.6     6.2     5.3     0.0     9.58 C    13.1    -0.1     4.4    94.7    54.7    78.2   0.359   0.377   0.397   0.441   0.501     4.9     4.8     5.3     6.5     8.1
54902 20181125  2.622  -93.29   41.56     0.8    -4.5    -1.8    -1.4     2.1     0.53 C     0.8    -4.6    -1.6    96.2    72.0    84.9   0.358   0.378   0.399   0.441   0.500     4.0     4.5     5.4     6.7     8.2
54902 20181126  2.622  -93.29   41.56    -4.5   -11.0    -7.7    -7.6     0.0     6.15 C    -2.9   -11.8    -7.6    88.1    62.8    76.8   0.355   0.376   0.399   0.441   0.499     2.5     3.2     4.6     6.6     8.1
54902 20181127  2.622  -93.29   41.56    -2.1   -11.6    -6.8    -7.9     0.0    10.16 C    -0.7   -12.3    -8.3    87.1    50.3    73.6   0.353   0.375   0.396   0.441   0.499     1.6     2.3     3.9     6.3     8.0
54902 20181128  2.622  -93.29   41.56    -2.5    -8.5    -5.5    -4.9     0.0     2.88 C    -1.4    -8.7    -4.6    83.3    57.9    72.0   0.352   0.375   0.397   0.440   0.499     1.2     1.9     3.4     6.0     7.8
54902 20181129  2.622  -93.29   41.56     2.2    -7.5    -2.7    -1.9     0.3     4.67 C     4.9    -8.4    -1.9    99.9    68.0    87.9   0.351   0.374   0.395   0.439   0.498     1.1     1.7     3.2     5.6     7.6
54902 20181130  2.622  -93.29   41.56     4.6    -5.4    -0.4    -0.5     0.0     6.44 C     7.1    -6.5    -0.7    99.9    75.4    91.7   0.351   0.374   0.395   0.438   0.497     1.2     1.7     3.0     5.4     7.4
54902 20181201  2.622  -93.29   41.56     3.5     0.8     2.2     2.5    27.2     0.50 C     3.3     0.4     2.3   100.0    86.9    96.9   0.381   0.398   0.422   0.453   0.497     1.7     1.9     3.0     5.1     7.2
54902 20181202  2.622  -93.29   41.56     3.1    -1.1     1.0     0.8     2.9     2.13 C     3.0    -1.4     0.6   100.0    86.2    94.8   0.383   0.406   0.423   0.458   0.498     2.5     2.5     3.3     5.0     6.9
54902 20181203  2.622  -93.29   41.56    -0.8    -3.5    -2.2    -1.9     0.0     1.36 C    -0.5    -3.5    -1.9    90.5    76.2    83.0   0.369   0.392   0.408   0.450   0.498     2.2     2.4     3.4     5.1     6.8
54902 20181204  2.622  -93.29   41.56    -3.5    -5.0    -4.2    -4.3     0.0     0.78 C    -3.2    -5.2    -4.2    91.7    72.7    81.0   0.364   0.387   0.404   0.447   0.496     1.7     2.1     3.2     5.0     6.8
54902 20181205  2.622  -93.29   41.56     5.3    -6.6    -0.7    -1.5     0.0     9.39 C     6.4    -7.6    -1.9    95.7    47.3    78.0   0.361   0.384   0.402   0.446   0.497     1.4     1.8     3.0     4.9     6.7
54902 20181206  2.622  -93.29   41.56    -1.6   -11.5    -6.6    -5.8     0.0     7.94 C     1.4   -13.3    -5.9    89.6    58.1    77.1   0.360   0.383   0.400   0.444   0.497     1.3     1.7     2.9     4.8     6.6
54902 20181207  2.622  -93.29   41.56    -1.7   -14.1    -7.9    -7.8     0.0     8.17 C     2.0   -14.7    -8.3    90.5    55.4    77.4   0.355   0.381   0.399   0.443   0.498     0.8     1.4     2.7     4.7     6.5
54902 20181208  2.622  -93.29   41.56     0.6   -10.6    -5.0    -5.7     0.0     9.28 C     3.2   -12.6    -6.5    97.0    53.0    80.3   0.351   0.380   0.398   0.443   0.498     0.6     1.1     2.4     4.5     6.4
54902 20181209  2.622  -93.29   41.56     0.7   -11.7    -5.5    -5.4     0.0     8.32 C     4.4   -13.2    -6.2    96.1    59.7    83.4   0.349   0.380   0.396   0.442   0.497     0.4     1.0     2.3     4.4     6.2
54902 20181210  2.622  -93.29   41.56     2.9   -10.1    -3.6    -4.4     0.0     8.90 C     4.3   -10.7    -4.7    96.4    54.0    82.3   0.363   0.377   0.397   0.442   0.497     0.3     0.9     2.1     4.2     6.1
54902 20181211  2.622  -93.29   41.56     7.5    -5.1     1.2     0.8     0.0     7.47 C     8.9    -6.9     0.2    89.9    49.1    74.6   0.362   0.373   0.396   0.442   0.496     0.3     0.8     2.0     4.1     5.9
54902 20181212  2.622  -93.29   41.56     3.9    -5.3    -0.7    -1.2     0.0     3.68 C     6.4    -6.3    -1.8    99.1    70.6    88.2   0.351   0.377   0.396   0.441   0.495     0.4     0.8     2.0     4.0     5.8
54902 20181213  2.622  -93.29   41.56     3.0    -3.5    -0.3     0.3     0.0     1.11 C     3.3    -4.3     0.2    99.5    85.7    93.0   0.346   0.376   0.395   0.440   0.494     0.4     0.9     1.9     3.9     5.7
54902 20181214  2.622  -93.29   41.56     6.7    -3.8     1.5     0.0     0.0     7.98 C     7.9    -6.8    -1.3    99.9    43.1    80.3   0.345   0.376   0.395   0.439   0.494     0.5     0.9     2.0     3.8     5.6
54902 20181215  2.622  -93.29   41.56    10.4    -7.1     1.6     1.2     0.0     9.33 C    12.7    -9.2    -0.3    95.1    24.4    66.4   0.344   0.376   0.394   0.440   0.494     0.5     0.9     1.9     3.8     5.5
54902 20181216  2.622  -93.29   41.56    11.0    -2.6     4.2     2.0     0.0     8.00 C    12.6    -5.4     0.8    93.3    40.0    69.6   0.344   0.375   0.393   0.439   0.494     0.6     0.9     1.9     3.7     5.4
54902 20181217  2.622  -93.29   41.56     8.8    -4.9     1.9     0.8     0.0     9.11 C    11.1    -7.5    -0.4    97.0    36.3    72.0   0.344   0.375   0.393   0.438   0.494     0.6     0.9     2.0     3.7     5.4
54902 20181218  2.622  -93.29   41.56    13.2    -1.5     5.9     5.0     0.0     8.94 C    14.4    -4.4     3.9    79.1    37.0    63.0   0.348   0.375   0.394   0.438   0.494     0.9     1.1     2.0     3.6     5.3
54902 20181219  2.622  -93.29   41.56    12.9     4.0     8.5     7.3     0.2     5.27 C    13.9     3.4     6.8    91.2    55.9    75.7   0.352   0.376   0.395   0.438   0.494     2.1     1.9     2.4     3.6     5.3
54902 20181220  2.622  -93.29   41.56     4.2    -1.9     1.1     1.0     0.2     0.93 C     3.5    -1.9     0.8    98.1    87.8    92.0   0.353   0.377   0.396   0.437   0.494     2.6     2.5     3.0     3.8     5.2
54902 20181221  2.622  -93.29   41.56    -1.6    -7.2    -4.4    -3.7     0.0     2.98 C     0.3    -8.6    -3.8    96.4    75.7    89.6   0.352   0.376   0.395   0.438   0.495     1.8     2.0     2.8     4.0     5.3
54902 20181222  2.622  -93.29   41.56     0.1    -7.4    -3.6    -3.2     0.0     1.77 C     0.4    -9.1    -3.8    98.5    87.9    95.1   0.350   0.375   0.394   0.437   0.494     1.1     1.6     2.5     4.0     5.3
54902 20181223  2.622  -93.29   41.56     4.5    -6.3    -0.9    -1.2     0.0     9.13 C     5.6    -9.6    -2.9    96.4    48.2    74.6   0.349   0.374   0.394   0.437   0.494     1.0     1.4     2.3     3.9     5.3
54902 20181224  2.622  -93.29   41.56     2.0    -9.6    -3.8    -2.4     0.0     3.80 C     2.2   -10.7    -3.1    95.5    73.3    86.0   0.347   0.373   0.393   0.437   0.494     0.8     1.2     2.2     3.8     5.3
54902 20181225  2.622  -93.29   41.56     7.8    -4.9     1.4     1.4     0.0     7.91 C    11.4    -6.4     0.0   100.0    63.8    87.3   0.349   0.372   0.392   0.436   0.493     0.9     1.1     2.1     3.7     5.2
54902 20181226  2.622  -93.29   41.56     4.4    -3.4     0.5     0.7    17.9     0.83 C     4.1    -5.2     0.0    99.3    92.1    96.7   0.364   0.379   0.401   0.437   0.493     0.9     1.1     2.1     3.6     5.1
54902 20181227  2.622  -93.29   41.56    12.1    -1.6     5.2     6.7    15.2     1.20 C    11.9    -1.5     6.3    99.2    84.6    95.8   0.401   0.414   0.440   0.459   0.494     2.4     1.9     2.3     3.5     5.0
54902 20181228  2.622  -93.29   41.56    -1.6   -10.3    -6.0    -6.6     0.0     1.15 C    -1.5   -10.8    -6.6    95.8    80.0    86.1   0.382   0.400   0.421   0.453   0.494     2.1     2.2     2.8     3.7     4.9
54902 20181229  2.622  -93.29   41.56    -6.7   -10.6    -8.6    -9.5     0.0     5.09 C    -4.0   -11.6    -9.1    89.3    76.1    84.5   0.368   0.389   0.408   0.448   0.494     1.0     1.4     2.3     3.8     5.0
54902 20181230  2.622  -93.29   41.56     5.3    -9.6    -2.2    -2.1     0.0     9.12 C     6.1   -10.7    -2.7    87.0    56.8    73.9   0.361   0.388   0.405   0.446   0.494     0.6     1.0     2.0     3.6     5.0
54902 20181231  2.622  -93.29   41.56     2.0    -5.7    -1.9     0.1     3.1     0.88 C     1.7    -5.7    -0.1    99.9    75.5    90.0   0.360   0.386   0.402   0.445   0.493     0.6     0.9     1.9     3.5     4.8
