92827 20180101  2.422  -81.37   27.15    22.0     8.7    15.4    14.1     0.5     5.08 C    31.0     8.8    14.7    98.5    72.0    91.0 -99.000 -99.000 -99.000 -99.000 -99.000 -9999.0 -9999.0 -9999.0 -9999.0 -9999.0
92827 20180102  2.422  -81.37   27.15    14.8     8.7    11.7    11.3     0.0     5.05 C    20.9     8.8    12.1    93.6    73.7    86.2 -99.000 -99.000 -99.000 -99.000 -99.000 -9999.0 -9999.0 -9999.0 -9999.0 -9999.0
92827 20180103  2.422  -81.37   27.15    13.4     3.5     8.4     9.6     3.0     7.84 C    16.8     2.0    10.0    98.6    58.3    86.1 -99.000 -99.000 -99.000 -99.000 -99.000 -9999.0 -9999.0 -9999.0 -9999.0 -9999.0
92827 20180104  2.422  -81.37   27.15    13.6    -1.9     5.9     5.5     0.0    15.25 C    21.8    -3.7     6.1    97.1    39.6    64.9 -99.000 -99.000 -99.000 -99.000 -99.000 -9999.0 -9999.0 -9999.0 -9999.0 -9999.0
92827 20180105  2.422  -81.37   27.15    14.4    -0.3     7.1     6.2     0.0    14.67 C    25.3    -2.3     7.3    96.4    19.1    57.4 -99.000 -99.000 -99.000 -99.000 -99.000 -9999.0 -9999.0 -9999.0 -9999.0 -9999.0
92827 20180106  2.422  -81.37   27.15    16.1     2.1     9.1     8.7     0.0    15.02 C    29.2    -1.3     9.9    83.3    22.9    54.0 -99.000 -99.000 -99.000 -99.000 -99.000 -9999.0 -9999.0 -9999.0 -9999.0 -9999.0
92827 20180107  2.422  -81.37   27.15    20.7     6.3    13.5    12.7     0.0    13.65 C    30.6     4.7    13.9    84.9    48.1    68.7 -99.000 -99.000 -99.000 -99.000 -99.000 -9999.0 -9999.0 -9999.0 -9999.0 -9999.0
92827 20180108  2.422  -81.37   27.15    22.6    11.3    16.9    17.2     0.0     7.93 C    28.5     9.7    17.9    96.6    65.5    83.9 -99.000 -99.000 -99.000 -99.000 -99.000 -9999.0 -9999.0 -9999.0 -9999.0 -9999.0
92827 20180109  2.422  -81.37   27.15    25.1    16.3    20.7    19.4     4.3    11.86 C    36.3    15.3    20.6    98.7    59.0    87.7 -99.000 -99.000 -99.000 -99.000 -99.000 -9999.0 -9999.0 -9999.0 -9999.0 -9999.0
92827 20180110  2.422  -81.37   27.15    23.4    14.5    19.0    18.8     0.0     6.96 C    29.5    13.8    19.5    99.1    75.7    93.3 -99.000 -99.000 -99.000 -99.000 -99.000 -9999.0 -9999.0 -9999.0 -9999.0 -9999.0
92827 20180111  2.422  -81.37   27.15    28.3    17.2    22.7    21.3     0.0    10.66 C    37.4    15.2    22.4    99.0    50.0    83.5 -99.000 -99.000 -99.000 -99.000 -99.000 -9999.0 -9999.0 -9999.0 -9999.0 -9999.0
92827 20180112  2.422  -81.37   27.15    28.5    17.5    23.0    21.7     0.0     7.75 C    35.4    14.2    22.1    98.6    62.4    87.0 -99.000 -99.000 -99.000 -99.000 -99.000 -9999.0 -9999.0 -9999.0 -9999.0 -9999.0
92827 20180113  2.422  -81.37   27.15    20.1     7.7    13.9    14.3     0.0     8.26 C    28.1     7.1    15.0    95.4    56.5    79.1 -99.000 -99.000 -99.000 -99.000 -99.000 -9999.0 -9999.0 -9999.0 -9999.0 -9999.0
92827 20180114  2.422  -81.37   27.15    17.6     2.8    10.2    10.3     0.0    15.38 C    28.8     1.9    12.2    95.5    44.5    73.4 -99.000 -99.000 -99.000 -99.000 -99.000 -9999.0 -9999.0 -9999.0 -9999.0 -9999.0
92827 20180115  2.422  -81.37   27.15    21.2     7.9    14.6    13.2     0.0    13.47 C    30.7     6.8    14.6    91.2    53.0    73.7 -99.000 -99.000 -99.000 -99.000 -99.000 -9999.0 -9999.0 -9999.0 -9999.0 -9999.0
92827 20180116  2.422  -81.37   27.15    23.7     8.9    16.3    15.1     0.0    14.90 C    35.6     7.5    16.5    96.7    35.2    71.1 -99.000 -99.000 -99.000 -99.000 -99.000 -9999.0 -9999.0 -9999.0 -9999.0 -9999.0
92827 20180117  2.422  -81.37   27.15    22.6     4.3    13.5    13.1     0.0    13.84 C    33.8     2.0    14.1    99.8    36.7    73.8 -99.000 -99.000 -99.000 -99.000 -99.000 -9999.0 -9999.0 -9999.0 -9999.0 -9999.0
92827 20180118  2.422  -81.37   27.15    13.0    -3.4     4.8     5.1     0.0    16.64 C    24.9    -5.0     7.0    90.9    30.6    65.1 -99.000 -99.000 -99.000 -99.000 -99.000 -9999.0 -9999.0 -9999.0 -9999.0 -9999.0
92827 20180119  2.422  -81.37   27.15    19.8     3.2    11.5    11.0     0.0    11.72 C    31.4     0.7    12.0    91.8    46.1    64.0 -99.000 -99.000 -99.000 -99.000 -99.000 -9999.0 -9999.0 -9999.0 -9999.0 -9999.0
92827 20180120  2.422  -81.37   27.15    22.0     8.6    15.3    14.8     0.0     7.02 C    34.8     5.3    15.6    94.8    51.7    78.0 -99.000 -99.000 -99.000 -99.000 -99.000 -9999.0 -9999.0 -9999.0 -9999.0 -9999.0
92827 20180121  2.422  -81.37   27.15    26.2    13.5    19.8    18.5     0.0    11.67 C    36.8    12.4    19.8    97.4    48.7    78.0 -99.000 -99.000 -99.000 -99.000 -99.000 -9999.0 -9999.0 -9999.0 -9999.0 -9999.0
92827 20180122  2.422  -81.37   27.15    27.4    14.0    20.7    20.4     0.0    11.66 C    38.0    12.2    21.5    99.0    51.2    80.4 -99.000 -99.000 -99.000 -99.000 -99.000 -9999.0 -9999.0 -9999.0 -9999.0 -9999.0
92827 20180123  2.422  -81.37   27.15    27.9    16.5    22.2    21.3     0.3     7.91 C    36.6    15.2    21.6    97.0    59.6    87.9 -99.000 -99.000 -99.000 -99.000 -99.000 -9999.0 -9999.0 -9999.0 -9999.0 -9999.0
92827 20180124  2.422  -81.37   27.15    24.4    11.8    18.1    17.6     0.0    15.24 C    37.5     9.7    19.7    98.7    34.0    58.4 -99.000 -99.000 -99.000 -99.000 -99.000 -9999.0 -9999.0 -9999.0 -9999.0 -9999.0
92827 20180125  2.422  -81.37   27.15    23.3    11.0    17.2    16.3     0.0    14.21 C    33.2     9.3    17.5    79.8    46.6    62.4 -99.000 -99.000 -99.000 -99.000 -99.000 -9999.0 -9999.0 -9999.0 -9999.0 -9999.0
92827 20180126  2.422  -81.37   27.15    24.7    13.3    19.0    18.3     0.0    13.23 C    34.9    11.4    18.9    85.6    42.6    66.1 -99.000 -99.000 -99.000 -99.000 -99.000 -9999.0 -9999.0 -9999.0 -9999.0 -9999.0
92827 20180127  2.422  -81.37   27.15    24.6    14.0    19.3    19.4     0.0     9.51 C    32.7    12.5    20.0    90.5    52.7    73.0 -99.000 -99.000 -99.000 -99.000 -99.000 -9999.0 -9999.0 -9999.0 -9999.0 -9999.0
92827 20180128  2.422  -81.37   27.15    26.5    16.9    21.7    21.0    13.8     8.98 C    34.2    15.7    21.4    96.7    59.9    83.5 -99.000 -99.000 -99.000 -99.000 -99.000 -9999.0 -9999.0 -9999.0 -9999.0 -9999.0
92827 20180129  2.422  -81.37   27.15    26.3    15.6    20.9    20.6     3.2     9.29 C    34.1    14.3    21.3    97.0    61.5    86.4 -99.000 -99.000 -99.000 -99.000 -99.000 -9999.0 -9999.0 -9999.0 -9999.0 -9999.0
92827 20180130  2.422  -81.37   27.15    18.2     7.6    12.9    13.0     0.0    14.81 C    26.8     5.3    13.5    95.1    23.5    56.3 -99.000 -99.000 -99.000 -99.000 -99.000 -9999.0 -9999.0 -9999.0 -9999.0 -9999.0
92827 20180131  2.422  -81.37   27.15    22.4     7.5    14.9    13.7     0.0    16.38 C    34.9     5.7    14.9    87.0    38.8    64.0 -99.000 -99.000 -99.000 -99.000 -99.000 -9999.0 -9999.0 -9999.0 -9999.0 -9999.0
92827 20180201  2.422  -81.37   27.15    23.9     8.2    16.0    16.4     0.0    12.24 C    38.8     5.1    17.3    95.4    47.1    74.0 -99.000 -99.000 -99.000 -99.000 -99.000 -9999.0 -9999.0 -9999.0 -9999.0 -9999.0
92827 20180202  2.422  -81.37   27.15    26.0     9.7    17.8    17.9     0.0    16.02 C    39.5     8.0    19.9    99.3    40.7    72.3 -99.000 -99.000 -99.000 -99.000 -99.000 -9999.0 -9999.0 -9999.0 -9999.0 -9999.0
92827 20180203  2.422  -81.37   27.15    23.5    13.9    18.7    17.7     0.0     9.61 C    34.8    12.5    19.0    92.5    51.5    65.7 -99.000 -99.000 -99.000 -99.000 -99.000 -9999.0 -9999.0 -9999.0 -9999.0 -9999.0
92827 20180204  2.422  -81.37   27.15    28.2    13.8    21.0    20.5    17.0    14.47 C    40.2    12.2    22.1    98.1    48.3    79.5 -99.000 -99.000 -99.000 -99.000 -99.000 -9999.0 -9999.0 -9999.0 -9999.0 -9999.0
92827 20180205  2.422  -81.37   27.15    23.6    12.1    17.8    18.5     0.0    11.63 C    31.7    10.5    19.6    99.0    58.1    86.1 -99.000 -99.000 -99.000 -99.000 -99.000 -9999.0 -9999.0 -9999.0 -9999.0 -9999.0
92827 20180206  2.422  -81.37   27.15    26.6    11.8    19.2    18.7     0.0    16.58 C    36.1     9.6    19.9    97.3    47.1    78.8 -99.000 -99.000 -99.000 -99.000 -99.000 -9999.0 -9999.0 -9999.0 -9999.0 -9999.0
92827 20180207  2.422  -81.37   27.15    27.9    16.4    22.1    21.6     0.0    11.49 C    38.7    15.1    22.5    98.7    53.5    81.8 -99.000 -99.000 -99.000 -99.000 -99.000 -9999.0 -9999.0 -9999.0 -9999.0 -9999.0
92827 20180208  2.422  -81.37   27.15    29.8    17.4    23.6    22.5     0.0    15.02 C    42.4    16.4    24.9    98.5    45.7    78.2 -99.000 -99.000 -99.000 -99.000 -99.000 -9999.0 -9999.0 -9999.0 -9999.0 -9999.0
92827 20180209  2.422  -81.37   27.15    28.9    17.5    23.2    22.1     0.0    14.06 C    39.9    16.7    23.7    97.4    51.1    79.5 -99.000 -99.000 -99.000 -99.000 -99.000 -9999.0 -9999.0 -9999.0 -9999.0 -9999.0
92827 20180210  2.422  -81.37   27.15    29.4    17.6    23.5    22.5     0.0    15.61 C    40.3    14.9    23.9    98.8    48.2    79.8 -99.000 -99.000 -99.000 -99.000 -99.000 -9999.0 -9999.0 -9999.0 -9999.0 -9999.0
92827 20180211  2.422  -81.37   27.15    30.8    18.2    24.5    23.4     1.5    13.61 C    43.3    15.1    24.5    98.6    51.1    82.5 -99.000 -99.000 -99.000 -99.000 -99.000 -9999.0 -9999.0 -9999.0 -9999.0 -9999.0
92827 20180212  2.422  -81.37   27.15    30.5    18.3    24.4    23.6     0.0    15.51 C    41.9    16.5    24.8    98.6    48.4    79.6 -99.000 -99.000 -99.000 -99.000 -99.000 -9999.0 -9999.0 -9999.0 -9999.0 -9999.0
92827 20180213  2.422  -81.37   27.15 -9999.0 -9999.0 -9999.0 -9999.0 -9999.0 -9999.00 U -9999.0 -9999.0 -9999.0 -9999.0 -9999.0 -9999.0 -99.000 -99.000 -99.000 -99.000 -99.000 -9999.0 -9999.0 -9999.0 -9999.0 -9999.0
92827 20180214  2.422  -81.37   27.15    28.4    18.5    23.4    21.6     0.0    13.18 C    42.9    17.6    24.3    98.9    49.9    85.2 -99.000 -99.000 -99.000 -99.000 -99.000 -9999.0 -9999.0 -9999.0 -9999.0 -9999.0
92827 20180215  2.422  -81.37   27.15    27.5    16.9    22.2    20.9     0.0    12.99 C    43.5    15.1    23.5    99.1    49.8    80.5 -99.000 -99.000 -99.000 -99.000 -99.000 -9999.0 -9999.0 -9999.0 -9999.0 -9999.0
92827 20180216  2.422  -81.37   27.15    28.6    13.6    21.1    20.3     0.0    17.55 C    44.2    11.1    22.4    98.6    43.3    77.8 -99.000 -99.000 -99.000 -99.000 -99.000 -9999.0 -9999.0 -9999.0 -9999.0 -9999.0
92827 20180217  2.422  -81.37   27.15    29.5    11.7    20.6    20.0     0.0    18.98 C    43.8     9.7    22.5    99.5    32.1    72.6 -99.000 -99.000 -99.000 -99.000 -99.000 -9999.0 -9999.0 -9999.0 -9999.0 -9999.0
92827 20180218  2.422  -81.37   27.15    30.4    12.8    21.6    21.6     0.0    18.16 C    46.1     9.5    23.9    96.0    33.5    68.5 -99.000 -99.000 -99.000 -99.000 -99.000 -9999.0 -9999.0 -9999.0 -9999.0 -9999.0
92827 20180219  2.422  -81.37   27.15    29.4    17.6    23.5    22.2     0.0    14.63 C    42.7    15.5    23.6    95.9    46.0    78.5 -99.000 -99.000 -99.000 -99.000 -99.000 -9999.0 -9999.0 -9999.0 -9999.0 -9999.0
92827 20180220  2.422  -81.37   27.15    30.1    19.7    24.9    23.7     0.0    17.23 C    40.9    18.4    25.5    97.1    47.4    78.9 -99.000 -99.000 -99.000 -99.000 -99.000 -9999.0 -9999.0 -9999.0 -9999.0 -9999.0
92827 20180221  2.422  -81.37   27.15    29.8    18.2    24.0    22.9     0.0    15.82 C    43.2    15.9    24.5    98.8    45.7    78.8 -99.000 -99.000 -99.000 -99.000 -99.000 -9999.0 -9999.0 -9999.0 -9999.0 -9999.0
92827 20180222  2.422  -81.37   27.15    28.7    17.4    23.1    22.2     0.0    13.21 C    41.5    16.0    23.6    97.1    50.2    77.7 -99.000 -99.000 -99.000 -99.000 -99.000 -9999.0 -9999.0 -9999.0 -9999.0 -9999.0
92827 20180223  2.422  -81.37   27.15    30.0    17.1    23.5    22.4     0.0    16.89 C    45.0    15.1    24.5    97.7    39.8    75.3 -99.000 -99.000 -99.000 -99.000 -99.000 -9999.0 -9999.0 -9999.0 -9999.0 -9999.0
92827 20180224  2.422  -81.37   27.15    29.3    18.4    23.9    23.1     0.0    16.85 C    43.6    16.1    25.4    95.5    45.7    75.0 -99.000 -99.000 -99.000 -99.000 -99.000 -9999.0 -9999.0 -9999.0 -9999.0 -9999.0
92827 20180225  2.422  -81.37   27.15    30.8    14.6    22.7    22.9     1.3    19.09 C    48.8    12.6    25.8    99.2    42.3    75.5 -99.000 -99.000 -99.000 -99.000 -99.000 -9999.0 -9999.0 -9999.0 -9999.0 -9999.0
92827 20180226  2.422  -81.37   27.15    30.4    16.1    23.3    22.6     0.0    18.57 C    45.1    14.3    24.9    99.2    32.3    75.8 -99.000 -99.000 -99.000 -99.000 -99.000 -9999.0 -9999.0 -9999.0 -9999.0 -9999.0
92827 20180227  2.422  -81.37   27.15    29.3    15.2    22.2    21.9     0.0    15.56 C    44.9    13.7    24.2    99.2    46.6    78.9 -99.000 -99.000 -99.000 -99.000 -99.000 -9999.0 -9999.0 -9999.0 -9999.0 -9999.0
92827 20180228  2.422  -81.37   27.15    29.3    15.6    22.4    21.8     0.0    18.03 C    46.5    13.0    24.5    95.7    44.5    73.8 -99.000 -99.000 -99.000 -99.000 -99.000 -9999.0 -9999.0 -9999.0 -9999.0 -9999.0
92827 20180301  2.422  -81.37   27.15    30.3    16.4    23.3    22.5     0.0    19.25 C    45.9    13.4    24.8    98.1    42.8    74.8 -99.000 -99.000 -99.000 -99.000 -99.000 -9999.0 -9999.0 -9999.0 -9999.0 -9999.0
92827 20180302  2.422  -81.37   27.15    28.2    10.7    19.4    21.3     0.0    12.43 C    43.3     6.0    22.5    99.0    43.3    73.1 -99.000 -99.000 -99.000 -99.000 -99.000 -9999.0 -9999.0 -9999.0 -9999.0 -9999.0
92827 20180303  2.422  -81.37   27.15    24.9     9.0    16.9    16.4     0.0    22.24 C    39.9     3.6    18.1    89.9    18.1    49.4 -99.000 -99.000 -99.000 -99.000 -99.000 -9999.0 -9999.0 -9999.0 -9999.0 -9999.0
92827 20180304  2.422  -81.37   27.15    24.0     3.5    13.8    14.2     0.0    22.17 C    39.4    -0.4    16.2    97.1    21.4    57.9 -99.000 -99.000 -99.000 -99.000 -99.000 -9999.0 -9999.0 -9999.0 -9999.0 -9999.0
92827 20180305  2.422  -81.37   27.15    24.9     8.2    16.5    16.0     0.0    21.31 C    43.4     5.6    19.2    95.5    26.8    61.7 -99.000 -99.000 -99.000 -99.000 -99.000 -9999.0 -9999.0 -9999.0 -9999.0 -9999.0
92827 20180306  2.422  -81.37   27.15    26.9     5.5    16.2    17.3     0.0    20.84 C    42.7     3.1    19.4    97.8    34.7    66.7 -99.000 -99.000 -99.000 -99.000 -99.000 -9999.0 -9999.0 -9999.0 -9999.0 -9999.0
92827 20180307  2.422  -81.37   27.15    24.5     9.1    16.8    18.2     0.9    14.94 C    35.6     6.0    19.1    93.7    27.5    64.2 -99.000 -99.000 -99.000 -99.000 -99.000 -9999.0 -9999.0 -9999.0 -9999.0 -9999.0
92827 20180308  2.422  -81.37   27.15    19.6     5.9    12.7    12.3     0.0    21.12 C    35.8     1.8    14.5    94.2    31.6    62.5 -99.000 -99.000 -99.000 -99.000 -99.000 -9999.0 -9999.0 -9999.0 -9999.0 -9999.0
92827 20180309  2.422  -81.37   27.15    22.0     4.0    13.0    12.7     0.0    22.86 C    40.4    -0.6    15.9    91.5    16.8    53.7 -99.000 -99.000 -99.000 -99.000 -99.000 -9999.0 -9999.0 -9999.0 -9999.0 -9999.0
92827 20180310  2.422  -81.37   27.15    24.4     7.3    15.8    16.0     9.8    12.31 C    38.0     2.4    16.8    97.1    44.9    79.7 -99.000 -99.000 -99.000 -99.000 -99.000 -9999.0 -9999.0 -9999.0 -9999.0 -9999.0
92827 20180311  2.422  -81.37   27.15    28.4    16.2    22.3    21.4     0.0    16.42 C    42.1    15.7    23.8    97.9    51.0    82.4 -99.000 -99.000 -99.000 -99.000 -99.000 -9999.0 -9999.0 -9999.0 -9999.0 -9999.0
92827 20180312  2.422  -81.37   27.15    23.7     8.7    16.2    19.2     0.0    13.04 C    33.5     7.0    20.1    96.8    26.9    74.4 -99.000 -99.000 -99.000 -99.000 -99.000 -9999.0 -9999.0 -9999.0 -9999.0 -9999.0
92827 20180313  2.422  -81.37   27.15    21.1     2.6    11.9    11.8     0.0    23.47 C    40.1    -0.3    15.7    93.3    21.1    59.3 -99.000 -99.000 -99.000 -99.000 -99.000 -9999.0 -9999.0 -9999.0 -9999.0 -9999.0
92827 20180314  2.422  -81.37   27.15    21.5     3.2    12.4    11.8     0.0    23.38 C    38.2     0.6    14.7    97.7    16.6    57.8 -99.000 -99.000 -99.000 -99.000 -99.000 -9999.0 -9999.0 -9999.0 -9999.0 -9999.0
92827 20180315  2.422  -81.37   27.15    22.6     0.8    11.7    11.9     0.0    23.92 C    43.5    -2.6    15.0    98.0    15.4    52.1 -99.000 -99.000 -99.000 -99.000 -99.000 -9999.0 -9999.0 -9999.0 -9999.0 -9999.0
92827 20180316  2.422  -81.37   27.15    26.7     3.1    14.9    15.0     0.0    23.19 C    46.4    -1.0    18.5    91.1    25.9    56.9 -99.000 -99.000 -99.000 -99.000 -99.000 -9999.0 -9999.0 -9999.0 -9999.0 -9999.0
92827 20180317  2.422  -81.37   27.15    28.4     6.9    17.7    17.7     0.0    22.60 C    47.9     4.9    21.9    97.8    30.2    67.3 -99.000 -99.000 -99.000 -99.000 -99.000 -9999.0 -9999.0 -9999.0 -9999.0 -9999.0
92827 20180318  2.422  -81.37   27.15    29.6     9.1    19.3    19.5     0.0    22.40 C    47.8     7.2    23.7    99.5    27.2    67.8 -99.000 -99.000 -99.000 -99.000 -99.000 -9999.0 -9999.0 -9999.0 -9999.0 -9999.0
92827 20180319  2.422  -81.37   27.15    30.1    14.4    22.3    21.3     0.0    18.38 C    47.0    12.5    25.2    99.1    44.7    80.6 -99.000 -99.000 -99.000 -99.000 -99.000 -9999.0 -9999.0 -9999.0 -9999.0 -9999.0
92827 20180320  2.422  -81.37   27.15    30.9    18.0    24.4    23.2    29.8    15.76 C    44.7    16.4    25.2    98.6    49.1    82.3 -99.000 -99.000 -99.000 -99.000 -99.000 -9999.0 -9999.0 -9999.0 -9999.0 -9999.0
92827 20180321  2.422  -81.37   27.15    22.9     9.1    16.0    16.5     0.0    23.34 C    36.4     5.6    18.6    94.8    26.9    68.5 -99.000 -99.000 -99.000 -99.000 -99.000 -9999.0 -9999.0 -9999.0 -9999.0 -9999.0
92827 20180322  2.422  -81.37   27.15    21.5     5.9    13.7    12.8     0.0    24.46 C    39.2     1.7    16.4    94.0    20.5    57.4 -99.000 -99.000 -99.000 -99.000 -99.000 -9999.0 -9999.0 -9999.0 -9999.0 -9999.0
92827 20180323  2.422  -81.37   27.15    23.9     4.6    14.2    14.2     0.0    24.40 C    43.1    -0.2    17.1    89.8    18.9    50.8 -99.000 -99.000 -99.000 -99.000 -99.000 -9999.0 -9999.0 -9999.0 -9999.0 -9999.0
92827 20180324  2.422  -81.37   27.15    26.4     5.9    16.2    16.9     0.0    23.29 C    46.7     3.1    21.1    95.4    25.9    60.5 -99.000 -99.000 -99.000 -99.000 -99.000 -9999.0 -9999.0 -9999.0 -9999.0 -9999.0
92827 20180325  2.422  -81.37   27.15    28.7     9.8    19.2    19.5     0.0    23.24 C    47.5     7.9    23.3    99.2    34.9    71.2 -99.000 -99.000 -99.000 -99.000 -99.000 -9999.0 -9999.0 -9999.0 -9999.0 -9999.0
92827 20180326  2.422  -81.37   27.15    30.1    11.5    20.8    20.3     0.0    17.84 C    48.6     9.2    22.8    99.6    40.6    78.1 -99.000 -99.000 -99.000 -99.000 -99.000 -9999.0 -9999.0 -9999.0 -9999.0 -9999.0
92827 20180327  2.422  -81.37   27.15    26.5    13.5    20.0    19.9     0.0    22.86 C    43.0    10.0    22.7    92.7    36.8    65.2 -99.000 -99.000 -99.000 -99.000 -99.000 -9999.0 -9999.0 -9999.0 -9999.0 -9999.0
92827 20180328  2.422  -81.37   27.15    27.5    11.8    19.7    19.5     0.0    22.12 C    45.2     8.9    22.4    92.9    41.6    67.4 -99.000 -99.000 -99.000 -99.000 -99.000 -9999.0 -9999.0 -9999.0 -9999.0 -9999.0
92827 20180329  2.422  -81.37   27.15    29.6    15.0    22.3    22.2     0.0    23.00 C    48.3    11.9    25.6    96.0    38.0    65.5 -99.000 -99.000 -99.000 -99.000 -99.000 -9999.0 -9999.0 -9999.0 -9999.0 -9999.0
92827 20180330  2.422  -81.37   27.15    31.2    14.6    22.9    22.5     0.0    20.84 C    52.4    11.6    26.3    97.5    35.8    73.3 -99.000 -99.000 -99.000 -99.000 -99.000 -9999.0 -9999.0 -9999.0 -9999.0 -9999.0
92827 20180331  2.422  -81.37   27.15    25.8    17.9    21.9    21.3     0.0     7.89 C    34.1    16.3    22.4    97.2    62.8    84.6 -99.000 -99.000 -99.000 -99.000 -99.000 -9999.0 -9999.0 -9999.0 -9999.0 -9999.0
92827 20180401  2.422  -81.37   27.15    30.0    17.0    23.5    22.2     0.0    19.13 C    51.5    14.5    26.3    98.8    42.1    77.0 -99.000 -99.000 -99.000 -99.000 -99.000 -9999.0 -9999.0 -9999.0 -9999.0 -9999.0
92827 20180402  2.422  -81.37   27.15    31.1    16.0    23.5    23.0     0.0    22.75 C    51.7    14.0    28.1    97.9    33.8    72.0 -99.000 -99.000 -99.000 -99.000 -99.000 -9999.0 -9999.0 -9999.0 -9999.0 -9999.0
92827 20180403  2.422  -81.37   27.15    30.8    17.4    24.1    23.5     0.0    19.92 C    49.4    14.2    26.7    94.7    39.8    68.9 -99.000 -99.000 -99.000 -99.000 -99.000 -9999.0 -9999.0 -9999.0 -9999.0 -9999.0
92827 20180404  2.422  -81.37   27.15    31.1    13.9    22.5    22.4     0.0    23.45 C    52.5    11.8    26.8    99.2    33.4    71.2 -99.000 -99.000 -99.000 -99.000 -99.000 -9999.0 -9999.0 -9999.0 -9999.0 -9999.0
92827 20180405  2.422  -81.37   27.15    29.7    15.3    22.5    22.0     0.0    24.55 C    49.2    12.5    26.5    98.1    32.3    66.3 -99.000 -99.000 -99.000 -99.000 -99.000 -9999.0 -9999.0 -9999.0 -9999.0 -9999.0
92827 20180406  2.422  -81.37   27.15    30.7    12.4    21.5    21.9     0.0    24.48 C    52.0     9.5    26.3    98.3    21.0    65.3 -99.000 -99.000 -99.000 -99.000 -99.000 -9999.0 -9999.0 -9999.0 -9999.0 -9999.0
92827 20180407  2.422  -81.37   27.15    31.3    17.1    24.2    23.4     2.5    20.21 C    47.5    14.5    26.2    95.1    43.3    74.2 -99.000 -99.000 -99.000 -99.000 -99.000 -9999.0 -9999.0 -9999.0 -9999.0 -9999.0
92827 20180408  2.422  -81.37   27.15    30.4    17.0    23.7    22.8     0.0    17.43 C    45.3    15.8    25.9    97.3    49.9    81.6 -99.000 -99.000 -99.000 -99.000 -99.000 -9999.0 -9999.0 -9999.0 -9999.0 -9999.0
92827 20180409  2.422  -81.37   27.15    33.2    20.2    26.7    25.4     0.0    22.54 C    49.3    17.8    28.7    98.7    39.2    75.5 -99.000 -99.000 -99.000 -99.000 -99.000 -9999.0 -9999.0 -9999.0 -9999.0 -9999.0
92827 20180410  2.422  -81.37   27.15    31.4    18.0    24.7    21.5    32.6    10.30 C    46.7    17.8    23.2    98.5    49.5    89.7 -99.000 -99.000 -99.000 -99.000 -99.000 -9999.0 -9999.0 -9999.0 -9999.0 -9999.0
92827 20180411  2.422  -81.37   27.15    26.4    15.5    20.9    20.3     0.0    21.23 C    41.3    13.4    23.2    97.0    34.3    73.7 -99.000 -99.000 -99.000 -99.000 -99.000 -9999.0 -9999.0 -9999.0 -9999.0 -9999.0
92827 20180412  2.422  -81.37   27.15    29.2    14.2    21.7    21.0     0.0    23.25 C    47.7    12.3    24.8    90.6    30.1    65.6 -99.000 -99.000 -99.000 -99.000 -99.000 -9999.0 -9999.0 -9999.0 -9999.0 -9999.0
92827 20180413  2.422  -81.37   27.15    29.3    15.8    22.6    22.3     0.0    24.47 C    49.1    13.9    26.1    95.2    36.5    67.3 -99.000 -99.000 -99.000 -99.000 -99.000 -9999.0 -9999.0 -9999.0 -9999.0 -9999.0
92827 20180414  2.422  -81.37   27.15    33.1    13.3    23.2    23.7     0.0    23.72 C    49.5    12.0    27.4    99.3    25.1    68.2 -99.000 -99.000 -99.000 -99.000 -99.000 -9999.0 -9999.0 -9999.0 -9999.0 -9999.0
92827 20180415  2.422  -81.37   27.15    32.2    17.6    24.9    24.4     9.1    14.85 C    42.9    16.8    25.9    97.4    43.4    78.7 -99.000 -99.000 -99.000 -99.000 -99.000 -9999.0 -9999.0 -9999.0 -9999.0 -9999.0
92827 20180416  2.422  -81.37   27.15    23.3    10.4    16.9    17.0     0.0    26.51 C    38.3     7.2    20.1    92.8    33.4    67.1 -99.000 -99.000 -99.000 -99.000 -99.000 -9999.0 -9999.0 -9999.0 -9999.0 -9999.0
92827 20180417  2.422  -81.37   27.15    27.3     7.7    17.5    17.3     0.0    26.60 C    45.8     4.5    20.5    99.6    17.3    59.9 -99.000 -99.000 -99.000 -99.000 -99.000 -9999.0 -9999.0 -9999.0 -9999.0 -9999.0
92827 20180418  2.422  -81.37   27.15    31.0     8.5    19.8    20.6     0.0    26.45 C    49.4     5.5    24.3    94.1    15.8    57.0 -99.000 -99.000 -99.000 -99.000 -99.000 -9999.0 -9999.0 -9999.0 -9999.0 -9999.0
92827 20180419  2.422  -81.37   27.15    31.3    13.1    22.2    21.7     0.0    25.12 C    49.4    10.6    25.9    99.1    30.3    69.7 -99.000 -99.000 -99.000 -99.000 -99.000 -9999.0 -9999.0 -9999.0 -9999.0 -9999.0
92827 20180420  2.422  -81.37   27.15    30.7    12.2    21.4    21.8     0.0    26.05 C    51.4    10.4    26.6    99.4    35.8    70.0 -99.000 -99.000 -99.000 -99.000 -99.000 -9999.0 -9999.0 -9999.0 -9999.0 -9999.0
92827 20180421  2.422  -81.37   27.15    31.0    19.1    25.0    23.5     0.0    19.40 C    48.5    18.4    26.6    96.9    47.1    78.4 -99.000 -99.000 -99.000 -99.000 -99.000 -9999.0 -9999.0 -9999.0 -9999.0 -9999.0
92827 20180422  2.422  -81.37   27.15    30.0    18.9    24.4    22.5     3.1    16.32 C    41.1    18.2    24.0    97.2    56.5    85.0 -99.000 -99.000 -99.000 -99.000 -99.000 -9999.0 -9999.0 -9999.0 -9999.0 -9999.0
92827 20180423  2.422  -81.37   27.15    32.1    19.5    25.8    24.1     7.4    16.71 C    44.5    18.8    25.8    98.5    45.2    81.3 -99.000 -99.000 -99.000 -99.000 -99.000 -9999.0 -9999.0 -9999.0 -9999.0 -9999.0
92827 20180424  2.422  -81.37   27.15    29.4    15.9    22.6    23.7     0.5    18.48 C    40.7    14.3    25.2    98.2    37.3    78.2 -99.000 -99.000 -99.000 -99.000 -99.000 -9999.0 -9999.0 -9999.0 -9999.0 -9999.0
92827 20180425  2.422  -81.37   27.15    28.2    12.7    20.4    20.3     0.0    22.78 C    45.4    11.1    23.0    98.8    41.9    71.7 -99.000 -99.000 -99.000 -99.000 -99.000 -9999.0 -9999.0 -9999.0 -9999.0 -9999.0
92827 20180426  2.422  -81.37   27.15    29.4    10.5    20.0    20.7     0.0    25.62 C    45.8     9.1    24.3    98.7    31.1    70.1 -99.000 -99.000 -99.000 -99.000 -99.000 -9999.0 -9999.0 -9999.0 -9999.0 -9999.0
92827 20180427  2.422  -81.37   27.15    30.8    13.9    22.4    22.8     0.0    22.21 C    46.4    12.2    25.6    97.9    42.2    70.2 -99.000 -99.000 -99.000 -99.000 -99.000 -9999.0 -9999.0 -9999.0 -9999.0 -9999.0
92827 20180428  2.422  -81.37   27.15    29.3    13.2    21.2    21.2     0.0    26.85 C    46.2    12.0    25.2    96.5    31.8    64.2 -99.000 -99.000 -99.000 -99.000 -99.000 -9999.0 -9999.0 -9999.0 -9999.0 -9999.0
92827 20180429  2.422  -81.37   27.15    30.3    13.2    21.7    22.2     0.0    19.69 C    47.7    11.5    25.1    91.2    33.5    62.1 -99.000 -99.000 -99.000 -99.000 -99.000 -9999.0 -9999.0 -9999.0 -9999.0 -9999.0
92827 20180430  2.422  -81.37   27.15    30.0    15.3    22.7    22.3     0.0    21.11 C    46.5    13.0    24.6    91.2    34.5    63.6 -99.000 -99.000 -99.000 -99.000 -99.000 -9999.0 -9999.0 -9999.0 -9999.0 -9999.0
92827 20180501  2.422  -81.37   27.15    29.7    15.1    22.4    21.9     0.0    21.50 C    43.7    12.7    24.0    96.0    43.8    67.6 -99.000 -99.000 -99.000 -99.000 -99.000 -9999.0 -9999.0 -9999.0 -9999.0 -9999.0
92827 20180502  2.422  -81.37   27.15    30.3    15.2    22.8    22.3     0.0    23.13 C    47.4    12.9    25.0    87.2    40.0    64.4 -99.000 -99.000 -99.000 -99.000 -99.000 -9999.0 -9999.0 -9999.0 -9999.0 -9999.0
92827 20180503  2.422  -81.37   27.15    30.9    15.8    23.3    23.0     0.0    22.47 C    48.2    14.0    26.0    90.8    40.8    66.5 -99.000 -99.000 -99.000 -99.000 -99.000 -9999.0 -9999.0 -9999.0 -9999.0 -9999.0
92827 20180504  2.422  -81.37   27.15    31.4    17.0    24.2    23.8     0.0    26.19 C    47.7    15.6    27.5    97.4    37.4    67.7 -99.000 -99.000 -99.000 -99.000 -99.000 -9999.0 -9999.0 -9999.0 -9999.0 -9999.0
92827 20180505  2.422  -81.37   27.15    31.3    18.7    25.0    23.8     0.6    17.30 C    45.8    16.8    25.8    96.7    52.3    79.4 -99.000 -99.000 -99.000 -99.000 -99.000 -9999.0 -9999.0 -9999.0 -9999.0 -9999.0
92827 20180506  2.422  -81.37   27.15    33.0    19.6    26.3    23.8    41.4    19.71 C    51.0    18.7    26.8    98.7    43.2    84.0 -99.000 -99.000 -99.000 -99.000 -99.000 -9999.0 -9999.0 -9999.0 -9999.0 -9999.0
92827 20180507  2.422  -81.37   27.15    32.3    19.9    26.1    25.1     0.0    25.06 C    47.9    18.5    28.5    98.2    37.7    70.9 -99.000 -99.000 -99.000 -99.000 -99.000 -9999.0 -9999.0 -9999.0 -9999.0 -9999.0
92827 20180508  2.422  -81.37   27.15    31.1    17.1    24.1    24.2     0.0    22.99 C    46.7    15.2    26.6    91.7    37.0    64.6 -99.000 -99.000 -99.000 -99.000 -99.000 -9999.0 -9999.0 -9999.0 -9999.0 -9999.0
92827 20180509  2.422  -81.37   27.15    31.8    16.7    24.2    23.6     0.0    25.30 C    47.1    14.4    26.6    98.3    27.1    66.9 -99.000 -99.000 -99.000 -99.000 -99.000 -9999.0 -9999.0 -9999.0 -9999.0 -9999.0
92827 20180510  2.422  -81.37   27.15    30.4    15.7    23.0    22.7     0.0    18.60 C    40.0    12.8    24.1    97.2    32.8    68.7 -99.000 -99.000 -99.000 -99.000 -99.000 -9999.0 -9999.0 -9999.0 -9999.0 -9999.0
92827 20180511  2.422  -81.37   27.15    31.8    16.0    23.9    24.3     0.0    21.95 C    45.7    13.6    27.1    95.4    38.1    66.2 -99.000 -99.000 -99.000 -99.000 -99.000 -9999.0 -9999.0 -9999.0 -9999.0 -9999.0
92827 20180512  2.422  -81.37   27.15    27.7    18.4    23.1    22.9     0.0    11.04 C    35.8    16.4    23.8    93.0    52.8    72.6 -99.000 -99.000 -99.000 -99.000 -99.000 -9999.0 -9999.0 -9999.0 -9999.0 -9999.0
92827 20180513  2.422  -81.37   27.15    27.4    19.0    23.2    22.4    16.5     7.22 C    33.1    17.5    23.1    97.5    59.0    86.2 -99.000 -99.000 -99.000 -99.000 -99.000 -9999.0 -9999.0 -9999.0 -9999.0 -9999.0
92827 20180514  2.422  -81.37   27.15    26.9    20.2    23.5    22.1    50.0     8.88 C    34.6    20.2    22.8    97.6    79.9    93.4 -99.000 -99.000 -99.000 -99.000 -99.000 -9999.0 -9999.0 -9999.0 -9999.0 -9999.0
92827 20180515  2.422  -81.37   27.15    30.8    20.6    25.7    23.0    11.6    13.61 C    42.3    20.0    24.0    97.1    53.6    88.0 -99.000 -99.000 -99.000 -99.000 -99.000 -9999.0 -9999.0 -9999.0 -9999.0 -9999.0
92827 20180516  2.422  -81.37   27.15    30.9    20.1    25.5    23.9    45.0    18.36 C    40.6    19.7    25.4    97.9    53.5    85.3 -99.000 -99.000 -99.000 -99.000 -99.000 -9999.0 -9999.0 -9999.0 -9999.0 -9999.0
92827 20180517  2.422  -81.37   27.15    27.4    20.4    23.9    23.0    20.5    10.00 C    31.8    20.5    23.5    98.1    69.4    90.1 -99.000 -99.000 -99.000 -99.000 -99.000 -9999.0 -9999.0 -9999.0 -9999.0 -9999.0
92827 20180518  2.422  -81.37   27.15    30.5    20.5    25.5    24.1     0.0    17.94 C    41.0    20.1    26.1    98.2    54.6    83.3 -99.000 -99.000 -99.000 -99.000 -99.000 -9999.0 -9999.0 -9999.0 -9999.0 -9999.0
92827 20180519  2.422  -81.37   27.15    27.8    20.1    23.9    22.7    14.8     9.82 C    34.1    19.7    23.2    98.4    69.1    89.9 -99.000 -99.000 -99.000 -99.000 -99.000 -9999.0 -9999.0 -9999.0 -9999.0 -9999.0
92827 20180520  2.422  -81.37   27.15    25.9    20.9    23.4    22.4    37.3     7.61 C    28.9    20.8    22.7    97.5    69.9    91.5 -99.000 -99.000 -99.000 -99.000 -99.000 -9999.0 -9999.0 -9999.0 -9999.0 -9999.0
92827 20180521  2.422  -81.37   27.15    25.8    20.8    23.3    23.2     5.4     8.67 C    28.7    20.6    23.5    97.5    79.2    91.8 -99.000 -99.000 -99.000 -99.000 -99.000 -9999.0 -9999.0 -9999.0 -9999.0 -9999.0
92827 20180522  2.422  -81.37   27.15    27.9    20.8    24.3    23.9     5.6    13.13 C    34.8    20.7    24.5    98.1    64.9    85.9 -99.000 -99.000 -99.000 -99.000 -99.000 -9999.0 -9999.0 -9999.0 -9999.0 -9999.0
92827 20180523  2.422  -81.37   27.15    31.6    20.1    25.8    25.0     0.0    25.61 C    41.6    19.0    27.3    98.7    44.1    78.2 -99.000 -99.000 -99.000 -99.000 -99.000 -9999.0 -9999.0 -9999.0 -9999.0 -9999.0
92827 20180524  2.422  -81.37   27.15    31.2    19.9    25.6    24.9     0.0    18.65 C    44.8    19.0    26.7    98.7    53.3    81.7 -99.000 -99.000 -99.000 -99.000 -99.000 -9999.0 -9999.0 -9999.0 -9999.0 -9999.0
92827 20180525  2.422  -81.37   27.15    29.6    21.7    25.7    23.4    11.9    10.72 C    35.6    21.2    24.0    97.8    64.3    92.6 -99.000 -99.000 -99.000 -99.000 -99.000 -9999.0 -9999.0 -9999.0 -9999.0 -9999.0
92827 20180526  2.422  -81.37   27.15    25.6    19.1    22.3    22.2     7.2     7.14 C    26.5    19.1    22.6    97.9    83.6    93.4 -99.000 -99.000 -99.000 -99.000 -99.000 -9999.0 -9999.0 -9999.0 -9999.0 -9999.0
92827 20180527  2.422  -81.37   27.15    27.5    21.6    24.6    24.4    19.1     9.20 C    30.7    21.5    24.5    96.6    79.4    91.5 -99.000 -99.000 -99.000 -99.000 -99.000 -9999.0 -9999.0 -9999.0 -9999.0 -9999.0
92827 20180528  2.422  -81.37   27.15    29.7    22.3    26.0    25.5     0.0    14.54 C    33.6    21.8    25.9    94.5    66.8    83.5 -99.000 -99.000 -99.000 -99.000 -99.000 -9999.0 -9999.0 -9999.0 -9999.0 -9999.0
92827 20180529  2.422  -81.37   27.15    29.9    22.0    26.0    25.7     0.0    13.59 C    36.1    21.4    26.3    96.1    65.4    80.9 -99.000 -99.000 -99.000 -99.000 -99.000 -9999.0 -9999.0 -9999.0 -9999.0 -9999.0
92827 20180530  2.422  -81.37   27.15    29.0    21.9    25.5    24.6    15.0     9.92 C    35.1    21.7    25.1    97.8    72.4    91.1 -99.000 -99.000 -99.000 -99.000 -99.000 -9999.0 -9999.0 -9999.0 -9999.0 -9999.0
92827 20180531  2.422  -81.37   27.15    30.6    21.7    26.1    24.9     0.7    13.48 C    36.5    21.1    25.9    97.9    62.1    88.5 -99.000 -99.000 -99.000 -99.000 -99.000 -9999.0 -9999.0 -9999.0 -9999.0 -9999.0
92827 20180601  2.422  -81.37   27.15    30.5    20.8    25.6    24.7     1.7    15.51 C    41.1    20.2    26.1    98.3    61.8    86.3 -99.000 -99.000 -99.000 -99.000 -99.000 -9999.0 -9999.0 -9999.0 -9999.0 -9999.0
92827 20180602  2.422  -81.37   27.15    31.0    21.3    26.1    25.5    18.2    20.82 C    40.0    21.0    26.8    98.3    59.1    84.5 -99.000 -99.000 -99.000 -99.000 -99.000 -9999.0 -9999.0 -9999.0 -9999.0 -9999.0
92827 20180603  2.422  -81.37   27.15    32.4    22.5    27.4    26.9     0.0    24.28 C    39.6    21.6    28.1    98.4    54.6    80.2 -99.000 -99.000 -99.000 -99.000 -99.000 -9999.0 -9999.0 -9999.0 -9999.0 -9999.0
92827 20180604  2.422  -81.37   27.15    32.7    23.8    28.2    27.1     6.1    19.05 C    37.4    22.4    27.8    98.0    57.5    82.1 -99.000 -99.000 -99.000 -99.000 -99.000 -9999.0 -9999.0 -9999.0 -9999.0 -9999.0
92827 20180605  2.422  -81.37   27.15    32.3    23.5    27.9    27.3     0.0    23.09 C    38.5    23.2    28.5    97.7    56.1    79.9 -99.000 -99.000 -99.000 -99.000 -99.000 -9999.0 -9999.0 -9999.0 -9999.0 -9999.0
92827 20180606  2.422  -81.37   27.15    31.2    22.2    26.7    25.2     1.5    17.04 C    36.6    21.6    25.9    97.9    57.1    86.3 -99.000 -99.000 -99.000 -99.000 -99.000 -9999.0 -9999.0 -9999.0 -9999.0 -9999.0
92827 20180607  2.422  -81.37   27.15    31.6    20.4    26.0    24.8    45.8    21.88 C    40.8    19.7    26.4    98.2    52.2    81.8 -99.000 -99.000 -99.000 -99.000 -99.000 -9999.0 -9999.0 -9999.0 -9999.0 -9999.0
92827 20180608  2.422  -81.37   27.15    31.6    20.4    26.0    24.1     1.9    20.03 C    40.1    20.2    25.9    96.8    55.9    85.3 -99.000 -99.000 -99.000 -99.000 -99.000 -9999.0 -9999.0 -9999.0 -9999.0 -9999.0
92827 20180609  2.422  -81.37   27.15    31.7    20.2    25.9    24.5     0.0    17.63 C    39.1    19.6    25.8    97.2    52.2    82.0 -99.000 -99.000 -99.000 -99.000 -99.000 -9999.0 -9999.0 -9999.0 -9999.0 -9999.0
92827 20180610  2.422  -81.37   27.15    31.8    20.9    26.3    24.7     6.7    19.43 C    39.9    20.1    26.2    97.5    53.2    82.9 -99.000 -99.000 -99.000 -99.000 -99.000 -9999.0 -9999.0 -9999.0 -9999.0 -9999.0
92827 20180611  2.422  -81.37   27.15    31.9    20.4    26.1    23.5    37.6    17.30 C    41.3    19.9    24.8    96.6    52.7    85.9 -99.000 -99.000 -99.000 -99.000 -99.000 -9999.0 -9999.0 -9999.0 -9999.0 -9999.0
92827 20180612  2.422  -81.37   27.15    32.0    19.8    25.9    25.8     0.0    24.19 C    38.6    19.2    27.3    97.3    44.3    75.9 -99.000 -99.000 -99.000 -99.000 -99.000 -9999.0 -9999.0 -9999.0 -9999.0 -9999.0
92827 20180613  2.422  -81.37   27.15    31.9    21.3    26.6    25.5    17.7    17.89 C    39.5    21.0    26.6    97.4    57.2    83.7 -99.000 -99.000 -99.000 -99.000 -99.000 -9999.0 -9999.0 -9999.0 -9999.0 -9999.0
92827 20180614  2.422  -81.37   27.15    31.9    21.6    26.7    25.8     9.1    21.92 C    38.8    21.0    27.3    98.2    52.2    80.7 -99.000 -99.000 -99.000 -99.000 -99.000 -9999.0 -9999.0 -9999.0 -9999.0 -9999.0
92827 20180615  2.422  -81.37   27.15    32.0    22.1    27.0    25.0     2.8    18.84 C    41.0    21.9    26.4    96.8    58.2    85.4 -99.000 -99.000 -99.000 -99.000 -99.000 -9999.0 -9999.0 -9999.0 -9999.0 -9999.0
92827 20180616  2.422  -81.37   27.15    31.7    21.4    26.5    26.6     5.1    22.49 C    38.2    21.3    28.2    97.1    52.1    78.7 -99.000 -99.000 -99.000 -99.000 -99.000 -9999.0 -9999.0 -9999.0 -9999.0 -9999.0
92827 20180617  2.422  -81.37   27.15    32.7    22.5    27.6    27.5     0.0    20.23 C    40.1    22.0    28.6    95.1    47.2    75.4 -99.000 -99.000 -99.000 -99.000 -99.000 -9999.0 -9999.0 -9999.0 -9999.0 -9999.0
92827 20180618  2.422  -81.37   27.15    32.4    23.4    27.9    27.2     0.0    21.02 C    39.6    22.7    28.3    97.7    55.4    78.9 -99.000 -99.000 -99.000 -99.000 -99.000 -9999.0 -9999.0 -9999.0 -9999.0 -9999.0
92827 20180619  2.422  -81.37   27.15    32.2    21.8    27.0    27.0     0.0    25.35 C    39.1    21.1    28.4    95.6    43.6    72.9 -99.000 -99.000 -99.000 -99.000 -99.000 -9999.0 -9999.0 -9999.0 -9999.0 -9999.0
92827 20180620  2.422  -81.37   27.15    33.2    22.2    27.7    27.1     0.0    21.24 C    40.6    21.4    28.3    97.0    48.1    77.4 -99.000 -99.000 -99.000 -99.000 -99.000 -9999.0 -9999.0 -9999.0 -9999.0 -9999.0
92827 20180621  2.422  -81.37   27.15    33.2    22.4    27.8    25.9    70.9    17.80 C    39.9    22.2    26.7    96.7    53.8    85.4 -99.000 -99.000 -99.000 -99.000 -99.000 -9999.0 -9999.0 -9999.0 -9999.0 -9999.0
92827 20180622  2.422  -81.37   27.15    32.1    23.3    27.7    26.6     0.5    18.38 C    37.8    23.2    27.4    97.3    55.1    84.2 -99.000 -99.000 -99.000 -99.000 -99.000 -9999.0 -9999.0 -9999.0 -9999.0 -9999.0
92827 20180623  2.422  -81.37   27.15    32.6    22.6    27.6    26.2    39.0    16.91 C    39.2    22.1    27.1    96.9    54.5    86.1 -99.000 -99.000 -99.000 -99.000 -99.000 -9999.0 -9999.0 -9999.0 -9999.0 -9999.0
92827 20180624  2.422  -81.37   27.15    32.8    22.9    27.8    26.0     8.6    19.04 C    39.3    22.4    27.3    98.3    50.4    85.1 -99.000 -99.000 -99.000 -99.000 -99.000 -9999.0 -9999.0 -9999.0 -9999.0 -9999.0
92827 20180625  2.422  -81.37   27.15    31.7    22.5    27.1    26.2     3.3    17.78 C    36.7    22.3    27.1    97.6    58.0    82.9 -99.000 -99.000 -99.000 -99.000 -99.000 -9999.0 -9999.0 -9999.0 -9999.0 -9999.0
92827 20180626  2.422  -81.37   27.15    33.3    23.1    28.2    26.7     5.5    23.04 C    40.0    22.6    28.2    95.9    54.5    81.1 -99.000 -99.000 -99.000 -99.000 -99.000 -9999.0 -9999.0 -9999.0 -9999.0 -9999.0
92827 20180627  2.422  -81.37   27.15    32.6    22.8    27.7    26.8     0.0    24.31 C    38.3    22.4    28.4    98.5    49.8    80.5 -99.000 -99.000 -99.000 -99.000 -99.000 -9999.0 -9999.0 -9999.0 -9999.0 -9999.0
92827 20180628  2.422  -81.37   27.15    33.3    23.4    28.4    26.4     0.0    21.97 C    39.0    22.9    27.9    96.7    50.3    82.9 -99.000 -99.000 -99.000 -99.000 -99.000 -9999.0 -9999.0 -9999.0 -9999.0 -9999.0
92827 20180629  2.422  -81.37   27.15    30.2    23.0    26.6    25.6     4.9    15.62 C    37.0    22.8    26.4    97.7    68.7    89.6 -99.000 -99.000 -99.000 -99.000 -99.000 -9999.0 -9999.0 -9999.0 -9999.0 -9999.0
92827 20180630  2.422  -81.37   27.15    32.2    23.5    27.9    25.6     1.0    15.26 C    39.0    23.0    26.5    97.3    54.9    87.7 -99.000 -99.000 -99.000 -99.000 -99.000 -9999.0 -9999.0 -9999.0 -9999.0 -9999.0
92827 20180701  2.422  -81.37   27.15    32.5    23.2    27.8    26.8     0.0    22.96 C    38.7    22.2    28.2    97.1    54.9    80.6 -99.000 -99.000 -99.000 -99.000 -99.000 -9999.0 -9999.0 -9999.0 -9999.0 -9999.0
92827 20180702  2.422  -81.37   27.15    34.0    22.2    28.1    27.0     0.0    22.54 C    40.6    21.4    28.6    96.5    47.1    78.0 -99.000 -99.000 -99.000 -99.000 -99.000 -9999.0 -9999.0 -9999.0 -9999.0 -9999.0
92827 20180703  2.422  -81.37   27.15    32.3    22.5    27.4    25.5     7.9    14.52 C    38.7    22.1    26.3    97.0    55.9    85.8 -99.000 -99.000 -99.000 -99.000 -99.000 -9999.0 -9999.0 -9999.0 -9999.0 -9999.0
92827 20180704  2.422  -81.37   27.15    30.1    21.4    25.7    24.7    24.0    12.28 C    35.3    21.3    25.3    97.5    62.0    86.0 -99.000 -99.000 -99.000 -99.000 -99.000 -9999.0 -9999.0 -9999.0 -9999.0 -9999.0
92827 20180705  2.422  -81.37   27.15    32.5    21.4    26.9    25.2    19.4    20.82 C    38.3    21.2    26.3    97.4    57.1    83.3 -99.000 -99.000 -99.000 -99.000 -99.000 -9999.0 -9999.0 -9999.0 -9999.0 -9999.0
92827 20180706  2.422  -81.37   27.15    32.1    22.2    27.1    25.2     6.5    17.44 C    38.6    22.2    26.4    96.4    53.7    83.1 -99.000 -99.000 -99.000 -99.000 -99.000 -9999.0 -9999.0 -9999.0 -9999.0 -9999.0
92827 20180707  2.422  -81.37   27.15    32.8    21.8    27.3    25.2     0.0    21.51 C    39.3    21.4    26.7    97.7    47.1    83.1 -99.000 -99.000 -99.000 -99.000 -99.000 -9999.0 -9999.0 -9999.0 -9999.0 -9999.0
92827 20180708  2.422  -81.37   27.15    32.7    22.1    27.4    27.0     0.0    22.40 C    38.5    21.4    28.3    97.9    45.3    76.6 -99.000 -99.000 -99.000 -99.000 -99.000 -9999.0 -9999.0 -9999.0 -9999.0 -9999.0
92827 20180709  2.422  -81.37   27.15    33.1    23.2    28.2    27.3    16.1    22.28 C    39.2    22.3    28.7    97.9    46.6    80.3 -99.000 -99.000 -99.000 -99.000 -99.000 -9999.0 -9999.0 -9999.0 -9999.0 -9999.0
92827 20180710  2.422  -81.37   27.15    32.3    23.0    27.6    26.9     0.0    23.30 C    39.4    22.6    28.5    97.4    52.2    80.8 -99.000 -99.000 -99.000 -99.000 -99.000 -9999.0 -9999.0 -9999.0 -9999.0 -9999.0
92827 20180711  2.422  -81.37   27.15    33.1    22.1    27.6    26.4    40.3    19.64 C    40.4    20.6    27.6    97.3    50.7    80.7 -99.000 -99.000 -99.000 -99.000 -99.000 -9999.0 -9999.0 -9999.0 -9999.0 -9999.0
92827 20180712  2.422  -81.37   27.15    33.0    21.8    27.4    26.3    13.4    21.55 C    39.7    21.6    27.8    97.4    51.0    81.9 -99.000 -99.000 -99.000 -99.000 -99.000 -9999.0 -9999.0 -9999.0 -9999.0 -9999.0
92827 20180713  2.422  -81.37   27.15    32.5    22.3    27.4    25.6    29.1    17.63 C    38.9    21.9    26.6    97.2    55.1    84.7 -99.000 -99.000 -99.000 -99.000 -99.000 -9999.0 -9999.0 -9999.0 -9999.0 -9999.0
92827 20180714  2.422  -81.37   27.15    32.9    22.5    27.7    27.2     0.0    24.91 C    37.7    22.1    28.6    97.9    43.6    77.5 -99.000 -99.000 -99.000 -99.000 -99.000 -9999.0 -9999.0 -9999.0 -9999.0 -9999.0
92827 20180715  2.422  -81.37   27.15    33.8    23.4    28.6    28.1     0.0    22.20 C    40.3    22.7    29.5    97.6    48.2    74.9 -99.000 -99.000 -99.000 -99.000 -99.000 -9999.0 -9999.0 -9999.0 -9999.0 -9999.0
92827 20180716  2.422  -81.37   27.15    34.0    23.8    28.9    27.4     1.4    19.64 C    40.6    23.1    28.5    96.5    48.6    79.1 -99.000 -99.000 -99.000 -99.000 -99.000 -9999.0 -9999.0 -9999.0 -9999.0 -9999.0
92827 20180717  2.422  -81.37   27.15    33.5    24.1    28.8    27.2     1.1    20.06 C    38.6    23.6    28.2    95.8    50.5    83.5 -99.000 -99.000 -99.000 -99.000 -99.000 -9999.0 -9999.0 -9999.0 -9999.0 -9999.0
92827 20180718  2.422  -81.37   27.15    33.4    24.3    28.8    27.8     0.0    20.66 C    36.6    23.7    28.5    96.3    47.6    80.2 -99.000 -99.000 -99.000 -99.000 -99.000 -9999.0 -9999.0 -9999.0 -9999.0 -9999.0
92827 20180719  2.422  -81.37   27.15    32.3    23.7    28.0    27.2     0.0    19.19 C    37.4    23.3    28.0    96.0    56.5    83.0 -99.000 -99.000 -99.000 -99.000 -99.000 -9999.0 -9999.0 -9999.0 -9999.0 -9999.0
92827 20180720  2.422  -81.37   27.15    32.8    24.3    28.5    28.1     0.0    21.82 C    37.3    23.9    28.8    96.4    51.1    77.7 -99.000 -99.000 -99.000 -99.000 -99.000 -9999.0 -9999.0 -9999.0 -9999.0 -9999.0
92827 20180721  2.422  -81.37   27.15    31.4    22.4    26.9    25.8    36.6    14.71 C    36.4    21.4    26.2    97.3    65.1    88.5 -99.000 -99.000 -99.000 -99.000 -99.000 -9999.0 -9999.0 -9999.0 -9999.0 -9999.0
92827 20180722  2.422  -81.37   27.15    33.2    23.8    28.5    27.7     0.0    21.99 C    37.5    23.4    28.6    98.0    56.0    82.5 -99.000 -99.000 -99.000 -99.000 -99.000 -9999.0 -9999.0 -9999.0 -9999.0 -9999.0
92827 20180723  2.422  -81.37   27.15    32.9    21.9    27.4    27.1     8.5    21.46 C    36.5    22.0    27.6    95.3    48.2    76.1 -99.000 -99.000 -99.000 -99.000 -99.000 -9999.0 -9999.0 -9999.0 -9999.0 -9999.0
92827 20180724  2.422  -81.37   27.15    30.9    23.3    27.1    26.7     0.3    18.03 C    36.8    22.7    27.6    95.1    63.0    82.6 -99.000 -99.000 -99.000 -99.000 -99.000 -9999.0 -9999.0 -9999.0 -9999.0 -9999.0
92827 20180725  2.422  -81.37   27.15    33.3    24.1    28.7    27.5     1.7    19.38 C    37.4    23.6    28.2    96.3    57.0    82.0 -99.000 -99.000 -99.000 -99.000 -99.000 -9999.0 -9999.0 -9999.0 -9999.0 -9999.0
92827 20180726  2.422  -81.37   27.15    34.0    23.8    28.9    28.3     0.0    23.78 C    39.0    23.4    29.4    97.0    51.6    77.0 -99.000 -99.000 -99.000 -99.000 -99.000 -9999.0 -9999.0 -9999.0 -9999.0 -9999.0
92827 20180727  2.422  -81.37   27.15    34.2    21.9    28.0    26.6    27.9    23.28 C    40.9    21.2    28.5    96.0    49.7    80.7 -99.000 -99.000 -99.000 -99.000 -99.000 -9999.0 -9999.0 -9999.0 -9999.0 -9999.0
92827 20180728  2.422  -81.37   27.15    34.5    22.7    28.6    26.0     6.8    20.40 C    42.1    22.4    27.7    97.1    53.4    86.1 -99.000 -99.000 -99.000 -99.000 -99.000 -9999.0 -9999.0 -9999.0 -9999.0 -9999.0
92827 20180729  2.422  -81.37   27.15    32.4    23.5    28.0    26.0     0.0    17.31 C    39.6    23.3    27.3    97.9    59.7    86.6 -99.000 -99.000 -99.000 -99.000 -99.000 -9999.0 -9999.0 -9999.0 -9999.0 -9999.0
92827 20180730  2.422  -81.37   27.15    31.7    22.8    27.3    25.1     8.8    13.75 C    38.0    22.6    25.9    96.4    59.5    88.4 -99.000 -99.000 -99.000 -99.000 -99.000 -9999.0 -9999.0 -9999.0 -9999.0 -9999.0
92827 20180731  2.422  -81.37   27.15    31.9    22.8    27.4    26.0     4.1    15.55 C    37.3    22.9    26.6    96.5    56.3    84.3 -99.000 -99.000 -99.000 -99.000 -99.000 -9999.0 -9999.0 -9999.0 -9999.0 -9999.0
92827 20180801  2.422  -81.37   27.15    33.0    23.7    28.3    26.6     5.5    16.86 C    39.6    23.2    27.3    97.4    55.3    85.3 -99.000 -99.000 -99.000 -99.000 -99.000 -9999.0 -9999.0 -9999.0 -9999.0 -9999.0
92827 20180802  2.422  -81.37   27.15    32.5    24.2    28.4    28.0     0.0    23.69 C    37.9    24.0    29.1    96.9    55.1    78.7 -99.000 -99.000 -99.000 -99.000 -99.000 -9999.0 -9999.0 -9999.0 -9999.0 -9999.0
92827 20180803  2.422  -81.37   27.15    33.3    22.9    28.1    27.8     0.0    23.78 C    39.7    22.4    29.2    97.2    51.7    77.3 -99.000 -99.000 -99.000 -99.000 -99.000 -9999.0 -9999.0 -9999.0 -9999.0 -9999.0
92827 20180804  2.422  -81.37   27.15    33.5    23.6    28.5    27.9     0.0    22.83 C    40.6    23.3    29.2    96.8    50.3    76.0 -99.000 -99.000 -99.000 -99.000 -99.000 -9999.0 -9999.0 -9999.0 -9999.0 -9999.0
92827 20180805  2.422  -81.37   27.15    32.6    23.7    28.1    27.1     1.0    19.42 C    40.1    23.4    28.2    96.7    56.0    81.6 -99.000 -99.000 -99.000 -99.000 -99.000 -9999.0 -9999.0 -9999.0 -9999.0 -9999.0
92827 20180806  2.422  -81.37   27.15    32.4    23.1    27.8    27.1     4.0    20.28 C    38.9    22.6    28.1    96.7    54.0    77.9 -99.000 -99.000 -99.000 -99.000 -99.000 -9999.0 -9999.0 -9999.0 -9999.0 -9999.0
92827 20180807  2.422  -81.37   27.15    33.6    23.9    28.8    27.2     0.0    21.60 C    40.7    23.4    28.7    95.9    47.6    77.9 -99.000 -99.000 -99.000 -99.000 -99.000 -9999.0 -9999.0 -9999.0 -9999.0 -9999.0
92827 20180808  2.422  -81.37   27.15    34.2    20.8    27.5    25.7    41.4    19.33 C    41.6    20.4    27.1    97.5    50.7    83.8 -99.000 -99.000 -99.000 -99.000 -99.000 -9999.0 -9999.0 -9999.0 -9999.0 -9999.0
92827 20180809  2.422  -81.37   27.15    33.3    21.9    27.6    27.2     0.0    24.87 C    39.9    21.3    29.0    97.5    49.1    76.1 -99.000 -99.000 -99.000 -99.000 -99.000 -9999.0 -9999.0 -9999.0 -9999.0 -9999.0
92827 20180810  2.422  -81.37   27.15    32.9    22.8    27.8    25.7    13.2    16.83 C    39.4    22.5    26.8    96.5    55.5    84.9 -99.000 -99.000 -99.000 -99.000 -99.000 -9999.0 -9999.0 -9999.0 -9999.0 -9999.0
92827 20180811  2.422  -81.37   27.15    31.4    22.6    27.0    26.5     0.0    23.55 C    37.7    22.3    28.2    96.7    58.6    81.4 -99.000 -99.000 -99.000 -99.000 -99.000 -9999.0 -9999.0 -9999.0 -9999.0 -9999.0
92827 20180812  2.422  -81.37   27.15    31.6    23.2    27.4    25.1    11.8    12.72 C    39.6    23.0    26.3    98.7    58.9    90.2 -99.000 -99.000 -99.000 -99.000 -99.000 -9999.0 -9999.0 -9999.0 -9999.0 -9999.0
92827 20180813  2.422  -81.37   27.15    32.8    22.9    27.9    26.5     0.0    22.49 C    38.9    22.4    28.0    96.7    50.1    79.6 -99.000 -99.000 -99.000 -99.000 -99.000 -9999.0 -9999.0 -9999.0 -9999.0 -9999.0
92827 20180814  2.422  -81.37   27.15    33.0    22.7    27.8    26.3     2.7    20.87 C    40.6    22.1    27.6    96.4    51.3    81.8 -99.000 -99.000 -99.000 -99.000 -99.000 -9999.0 -9999.0 -9999.0 -9999.0 -9999.0
92827 20180815  2.422  -81.37   27.15    33.3    22.5    27.9    27.0     0.8    22.08 C    40.1    21.9    28.6    97.5    48.0    79.6 -99.000 -99.000 -99.000 -99.000 -99.000 -9999.0 -9999.0 -9999.0 -9999.0 -9999.0
92827 20180816  2.422  -81.37   27.15    34.0    22.7    28.3    27.6     1.3    21.74 C    40.3    22.5    28.9    97.5    48.2    79.9 -99.000 -99.000 -99.000 -99.000 -99.000 -9999.0 -9999.0 -9999.0 -9999.0 -9999.0
92827 20180817  2.422  -81.37   27.15    33.5    22.9    28.2    27.9     0.0    22.34 C    40.2    22.1    29.2    98.3    44.8    75.9 -99.000 -99.000 -99.000 -99.000 -99.000 -9999.0 -9999.0 -9999.0 -9999.0 -9999.0
92827 20180818  2.422  -81.37   27.15    32.2    22.1    27.1    26.1     0.0    13.61 C    40.6    21.4    27.1    98.6    57.6    85.6 -99.000 -99.000 -99.000 -99.000 -99.000 -9999.0 -9999.0 -9999.0 -9999.0 -9999.0
92827 20180819  2.422  -81.37   27.15    33.2    22.7    27.9    25.4    12.5    13.42 C    41.4    22.1    26.4    98.4    54.1    87.8 -99.000 -99.000 -99.000 -99.000 -99.000 -9999.0 -9999.0 -9999.0 -9999.0 -9999.0
92827 20180820  2.422  -81.37   27.15    31.6    21.7    26.7    25.7     0.0    14.59 C    38.1    21.4    26.8    97.0    61.3    85.2 -99.000 -99.000 -99.000 -99.000 -99.000 -9999.0 -9999.0 -9999.0 -9999.0 -9999.0
92827 20180821  2.422  -81.37   27.15    33.3    22.4    27.9    27.2     0.0    24.16 C    42.1    22.0    29.3    97.8    46.8    78.1 -99.000 -99.000 -99.000 -99.000 -99.000 -9999.0 -9999.0 -9999.0 -9999.0 -9999.0
92827 20180822  2.422  -81.37   27.15    33.4    23.0    28.2    25.9     1.5    16.32 C    42.3    22.4    27.3    97.6    53.4    84.9 -99.000 -99.000 -99.000 -99.000 -99.000 -9999.0 -9999.0 -9999.0 -9999.0 -9999.0
92827 20180823  2.422  -81.37   27.15    31.6    23.1    27.3    26.1     6.9    16.19 C    37.1    22.6    27.0    95.7    58.1    84.6 -99.000 -99.000 -99.000 -99.000 -99.000 -9999.0 -9999.0 -9999.0 -9999.0 -9999.0
92827 20180824  2.422  -81.37   27.15    34.2    22.3    28.3    26.7     0.0    20.85 C    41.7    22.6    28.6    97.1    44.8    80.0 -99.000 -99.000 -99.000 -99.000 -99.000 -9999.0 -9999.0 -9999.0 -9999.0 -9999.0
92827 20180825  2.422  -81.37   27.15    33.1    22.3    27.7    25.7     1.2    14.83 C    41.2    22.1    26.7    97.7    56.0    86.2 -99.000 -99.000 -99.000 -99.000 -99.000 -9999.0 -9999.0 -9999.0 -9999.0 -9999.0
92827 20180826  2.422  -81.37   27.15    33.2    22.3    27.7    25.9    18.9    14.34 C    38.7    21.8    26.5    98.4    50.8    86.1 -99.000 -99.000 -99.000 -99.000 -99.000 -9999.0 -9999.0 -9999.0 -9999.0 -9999.0
92827 20180827  2.422  -81.37   27.15    32.5    22.8    27.7    25.8     0.3    14.05 C    39.4    22.2    26.8    97.8    56.4    86.3 -99.000 -99.000 -99.000 -99.000 -99.000 -9999.0 -9999.0 -9999.0 -9999.0 -9999.0
92827 20180828  2.422  -81.37   27.15    31.9    22.1    27.0    25.7     0.0    18.55 C    40.0    21.6    27.2    97.8    59.3    84.7 -99.000 -99.000 -99.000 -99.000 -99.000 -9999.0 -9999.0 -9999.0 -9999.0 -9999.0
92827 20180829  2.422  -81.37   27.15    33.3    21.5    27.4    25.4     9.1    15.62 C    41.2    20.7    26.6    96.6    51.3    84.6 -99.000 -99.000 -99.000 -99.000 -99.000 -9999.0 -9999.0 -9999.0 -9999.0 -9999.0
92827 20180830  2.422  -81.37   27.15    31.0    22.7    26.9    26.0     6.0    12.42 C    35.2    21.9    26.4    97.0    65.0    85.5 -99.000 -99.000 -99.000 -99.000 -99.000 -9999.0 -9999.0 -9999.0 -9999.0 -9999.0
92827 20180831  2.422  -81.37   27.15    33.0    23.5    28.3    26.9     0.0    15.78 C    38.9    23.2    27.5    96.8    54.9    82.6 -99.000 -99.000 -99.000 -99.000 -99.000 -9999.0 -9999.0 -9999.0 -9999.0 -9999.0
92827 20180901  2.422  -81.37   27.15    32.8    23.5    28.2    26.9     0.0    21.06 C    39.8    23.3    28.3    96.4    54.2    79.9 -99.000 -99.000 -99.000 -99.000 -99.000 -9999.0 -9999.0 -9999.0 -9999.0 -9999.0
92827 20180902  2.422  -81.37   27.15    31.2    22.6    26.9    25.3     1.2    16.43 C    37.8    22.0    26.3    96.5    59.7    86.0 -99.000 -99.000 -99.000 -99.000 -99.000 -9999.0 -9999.0 -9999.0 -9999.0 -9999.0
92827 20180903  2.422  -81.37   27.15    26.3    23.0    24.6    24.0     7.2     5.63 C    27.3    22.7    24.0    96.7    83.9    93.3 -99.000 -99.000 -99.000 -99.000 -99.000 -9999.0 -9999.0 -9999.0 -9999.0 -9999.0
92827 20180904  2.422  -81.37   27.15    32.7    23.6    28.1    27.3     0.0    21.83 C    38.8    23.4    28.4    97.3    56.3    80.6 -99.000 -99.000 -99.000 -99.000 -99.000 -9999.0 -9999.0 -9999.0 -9999.0 -9999.0
92827 20180905  2.422  -81.37   27.15    32.9    23.5    28.2    27.3     0.8    20.02 C    40.1    22.8    28.5    97.8    55.6    81.7 -99.000 -99.000 -99.000 -99.000 -99.000 -9999.0 -9999.0 -9999.0 -9999.0 -9999.0
92827 20180906  2.422  -81.37   27.15    32.3    22.8    27.6    25.8    16.7    14.86 C    39.6    22.4    26.5    97.6    58.2    86.2 -99.000 -99.000 -99.000 -99.000 -99.000 -9999.0 -9999.0 -9999.0 -9999.0 -9999.0
92827 20180907  2.422  -81.37   27.15    31.9    22.3    27.1    25.4    12.6    16.69 C    38.8    21.7    26.4    97.7    56.3    85.2 -99.000 -99.000 -99.000 -99.000 -99.000 -9999.0 -9999.0 -9999.0 -9999.0 -9999.0
92827 20180908  2.422  -81.37   27.15    31.7    22.2    27.0    25.6    10.9    18.63 C    40.3    21.7    27.1    97.9    54.2    83.4 -99.000 -99.000 -99.000 -99.000 -99.000 -9999.0 -9999.0 -9999.0 -9999.0 -9999.0
92827 20180909  2.422  -81.37   27.15    32.1    21.4    26.8    25.9     0.0    20.09 C    39.3    21.2    27.5    98.9    53.3    83.2 -99.000 -99.000 -99.000 -99.000 -99.000 -9999.0 -9999.0 -9999.0 -9999.0 -9999.0
92827 20180910  2.422  -81.37   27.15    32.3    22.5    27.4    26.1     0.0    16.85 C    40.8    22.0    27.6    98.1    56.7    83.8 -99.000 -99.000 -99.000 -99.000 -99.000 -9999.0 -9999.0 -9999.0 -9999.0 -9999.0
92827 20180911  2.422  -81.37   27.15    33.3    23.3    28.3    27.0     0.0    16.51 C    42.2    22.8    28.7    97.8    54.4    82.1 -99.000 -99.000 -99.000 -99.000 -99.000 -9999.0 -9999.0 -9999.0 -9999.0 -9999.0
92827 20180912  2.422  -81.37   27.15    33.5    24.0    28.8    27.9     0.0    19.07 C    42.4    23.8    29.5    96.9    52.7    80.3 -99.000 -99.000 -99.000 -99.000 -99.000 -9999.0 -9999.0 -9999.0 -9999.0 -9999.0
92827 20180913  2.422  -81.37   27.15    34.1    23.0    28.6    27.0    47.6    19.81 C    42.9    22.4    29.1    98.4    51.9    82.9 -99.000 -99.000 -99.000 -99.000 -99.000 -9999.0 -9999.0 -9999.0 -9999.0 -9999.0
92827 20180914  2.422  -81.37   27.15    31.7    22.9    27.3    25.9     0.0    13.14 C    38.4    22.8    27.1    98.3    60.0    85.4 -99.000 -99.000 -99.000 -99.000 -99.000 -9999.0 -9999.0 -9999.0 -9999.0 -9999.0
92827 20180915  2.422  -81.37   27.15    33.6    23.3    28.4    27.5     0.0    20.14 C    38.8    22.9    28.9    97.6    54.5    80.8 -99.000 -99.000 -99.000 -99.000 -99.000 -9999.0 -9999.0 -9999.0 -9999.0 -9999.0
92827 20180916  2.422  -81.37   27.15    33.7    24.0    28.8    27.0     0.6    17.53 C    40.7    23.6    28.4    97.3    54.0    84.7 -99.000 -99.000 -99.000 -99.000 -99.000 -9999.0 -9999.0 -9999.0 -9999.0 -9999.0
92827 20180917  2.422  -81.37   27.15    33.6    23.2    28.4    28.0     0.0    21.01 C    40.7    22.6    29.6    98.1    48.0    77.1 -99.000 -99.000 -99.000 -99.000 -99.000 -9999.0 -9999.0 -9999.0 -9999.0 -9999.0
92827 20180918  2.422  -81.37   27.15    34.2    22.7    28.4    27.4     0.0    16.78 C    43.4    22.0    28.9    98.3    51.5    79.2 -99.000 -99.000 -99.000 -99.000 -99.000 -9999.0 -9999.0 -9999.0 -9999.0 -9999.0
92827 20180919  2.422  -81.37   27.15    34.1    22.7    28.4    27.8     0.0    20.96 C    42.1    22.0    29.7    97.8    45.0    76.5 -99.000 -99.000 -99.000 -99.000 -99.000 -9999.0 -9999.0 -9999.0 -9999.0 -9999.0
92827 20180920  2.422  -81.37   27.15    33.4    23.2    28.3    26.8     0.0    16.80 C    41.8    22.5    28.4    97.9    53.2    82.4 -99.000 -99.000 -99.000 -99.000 -99.000 -9999.0 -9999.0 -9999.0 -9999.0 -9999.0
92827 20180921  2.422  -81.37   27.15    33.2    22.5    27.8    25.9     0.0    15.92 C    42.6    21.8    27.1    98.0    51.6    83.4 -99.000 -99.000 -99.000 -99.000 -99.000 -9999.0 -9999.0 -9999.0 -9999.0 -9999.0
92827 20180922  2.422  -81.37   27.15    33.0    22.2    27.6    25.7    37.9    15.28 C    41.2    21.4    26.8    96.2    52.7    85.2 -99.000 -99.000 -99.000 -99.000 -99.000 -9999.0 -9999.0 -9999.0 -9999.0 -9999.0
92827 20180923  2.422  -81.37   27.15    33.2    22.6    27.9    26.7     0.0    21.36 C    41.9    21.9    28.5    98.0    53.9    82.2 -99.000 -99.000 -99.000 -99.000 -99.000 -9999.0 -9999.0 -9999.0 -9999.0 -9999.0
92827 20180924  2.422  -81.37   27.15    32.8    23.0    27.9    26.7     0.0    16.57 C    40.9    22.6    28.0    97.1    57.2    82.5 -99.000 -99.000 -99.000 -99.000 -99.000 -9999.0 -9999.0 -9999.0 -9999.0 -9999.0
92827 20180925  2.422  -81.37   27.15    33.4    23.4    28.4    27.0     0.3    15.49 C    41.6    22.8    28.3    97.2    56.0    84.0 -99.000 -99.000 -99.000 -99.000 -99.000 -9999.0 -9999.0 -9999.0 -9999.0 -9999.0
92827 20180926  2.422  -81.37   27.15    34.0    22.8    28.4    27.1     0.0    18.13 C    41.4    22.1    28.6    98.5    45.1    81.7 -99.000 -99.000 -99.000 -99.000 -99.000 -9999.0 -9999.0 -9999.0 -9999.0 -9999.0
92827 20180927  2.422  -81.37   27.15    33.5    22.4    28.0    27.2     0.0    17.00 C    40.1    21.7    28.4    98.5    53.7    81.3 -99.000 -99.000 -99.000 -99.000 -99.000 -9999.0 -9999.0 -9999.0 -9999.0 -9999.0
92827 20180928  2.422  -81.37   27.15    32.9    21.4    27.1    27.0     0.0    18.50 C    40.6    20.7    28.5    98.9    51.7    77.9 -99.000 -99.000 -99.000 -99.000 -99.000 -9999.0 -9999.0 -9999.0 -9999.0 -9999.0
92827 20180929  2.422  -81.37   27.15    33.8    22.8    28.3    27.0     0.8    17.99 C    40.3    22.0    28.0    97.6    50.0    80.1 -99.000 -99.000 -99.000 -99.000 -99.000 -9999.0 -9999.0 -9999.0 -9999.0 -9999.0
92827 20180930  2.422  -81.37   27.15    32.3    22.6    27.5    26.3     1.8    16.50 C    38.0    22.1    26.8    97.0    55.0    79.4 -99.000 -99.000 -99.000 -99.000 -99.000 -9999.0 -9999.0 -9999.0 -9999.0 -9999.0
92827 20181001  2.422  -81.37   27.15    32.2    22.6    27.4    26.4     0.6    15.53 C    38.3    21.9    27.1    96.8    54.3    80.5 -99.000 -99.000 -99.000 -99.000 -99.000 -9999.0 -9999.0 -9999.0 -9999.0 -9999.0
92827 20181002  2.422  -81.37   27.15    31.8    22.7    27.2    25.9     0.0    15.53 C    38.6    21.9    26.7    96.5    55.3    83.0 -99.000 -99.000 -99.000 -99.000 -99.000 -9999.0 -9999.0 -9999.0 -9999.0 -9999.0
92827 20181003  2.422  -81.37   27.15    31.5    20.3    25.9    25.3     0.0    16.77 C    38.3    19.2    26.1    96.1    49.5    77.5 -99.000 -99.000 -99.000 -99.000 -99.000 -9999.0 -9999.0 -9999.0 -9999.0 -9999.0
92827 20181004  2.422  -81.37   27.15    31.6    21.6    26.6    25.7     2.3    14.64 C    38.6    20.9    26.5    95.3    57.2    82.2 -99.000 -99.000 -99.000 -99.000 -99.000 -9999.0 -9999.0 -9999.0 -9999.0 -9999.0
92827 20181005  2.422  -81.37   27.15    33.0    21.6    27.3    26.4     0.0    19.20 C    40.2    21.0    27.9    97.3    41.2    76.0 -99.000 -99.000 -99.000 -99.000 -99.000 -9999.0 -9999.0 -9999.0 -9999.0 -9999.0
92827 20181006  2.422  -81.37   27.15    32.4    21.1    26.7    25.8     0.0    18.01 C    39.7    20.0    27.0    96.5    44.2    75.7 -99.000 -99.000 -99.000 -99.000 -99.000 -9999.0 -9999.0 -9999.0 -9999.0 -9999.0
92827 20181007  2.422  -81.37   27.15    32.1    20.8    26.4    25.4     0.0    15.03 C    37.9    20.3    26.3    94.8    51.6    78.1 -99.000 -99.000 -99.000 -99.000 -99.000 -9999.0 -9999.0 -9999.0 -9999.0 -9999.0
92827 20181008  2.422  -81.37   27.15    29.0    22.6    25.8    25.4     1.7    10.05 C    31.3    22.3    25.6    94.2    64.4    83.4 -99.000 -99.000 -99.000 -99.000 -99.000 -9999.0 -9999.0 -9999.0 -9999.0 -9999.0
92827 20181009  2.422  -81.37   27.15    32.0    23.1    27.6    26.8     0.4    13.63 C    37.4    22.7    27.4    96.8    58.8    82.4 -99.000 -99.000 -99.000 -99.000 -99.000 -9999.0 -9999.0 -9999.0 -9999.0 -9999.0
92827 20181010  2.422  -81.37   27.15    32.8    24.8    28.8    27.8     0.0    11.59 C    37.3    24.4    28.2    94.7    59.6    81.5 -99.000 -99.000 -99.000 -99.000 -99.000 -9999.0 -9999.0 -9999.0 -9999.0 -9999.0
92827 20181011  2.422  -81.37   27.15    27.6    23.8    25.7    25.1     8.7     7.18 C    29.3    23.5    25.3    98.1    78.9    92.5 -99.000 -99.000 -99.000 -99.000 -99.000 -9999.0 -9999.0 -9999.0 -9999.0 -9999.0
92827 20181012  2.422  -81.37   27.15    31.4    20.8    26.1    25.8     0.0    14.89 C    38.3    20.3    27.4    98.8    61.7    85.5 -99.000 -99.000 -99.000 -99.000 -99.000 -9999.0 -9999.0 -9999.0 -9999.0 -9999.0
92827 20181013  2.422  -81.37   27.15    30.9    18.2    24.5    24.2     0.0    17.80 C    38.3    17.8    26.1    96.9    51.2    78.2 -99.000 -99.000 -99.000 -99.000 -99.000 -9999.0 -9999.0 -9999.0 -9999.0 -9999.0
92827 20181014  2.422  -81.37   27.15    33.4    21.5    27.5    26.6     0.0    18.13 C    42.7    20.7    28.6    96.6    50.1    79.3 -99.000 -99.000 -99.000 -99.000 -99.000 -9999.0 -9999.0 -9999.0 -9999.0 -9999.0
92827 20181015  2.422  -81.37   27.15    32.6    21.8    27.2    26.9     0.0    18.26 C    40.4    21.1    28.6    98.7    48.6    79.4 -99.000 -99.000 -99.000 -99.000 -99.000 -9999.0 -9999.0 -9999.0 -9999.0 -9999.0
92827 20181016  2.422  -81.37   27.15    33.0    22.7    27.9    26.8     0.0    16.60 C    40.5    22.2    28.1    97.5    51.6    79.2 -99.000 -99.000 -99.000 -99.000 -99.000 -9999.0 -9999.0 -9999.0 -9999.0 -9999.0
92827 20181017  2.422  -81.37   27.15    33.7    21.9    27.8    26.6     0.0    18.16 C    41.8    20.4    28.3    97.4    45.2    77.8 -99.000 -99.000 -99.000 -99.000 -99.000 -9999.0 -9999.0 -9999.0 -9999.0 -9999.0
92827 20181018  2.422  -81.37   27.15    34.0    21.3    27.6    26.2     0.0    16.30 C    43.5    19.9    27.5    98.0    47.3    78.5 -99.000 -99.000 -99.000 -99.000 -99.000 -9999.0 -9999.0 -9999.0 -9999.0 -9999.0
92827 20181019  2.422  -81.37   27.15    32.7    21.0    26.8    25.8     0.0    14.86 C    40.8    20.0    27.1    98.4    47.0    79.2 -99.000 -99.000 -99.000 -99.000 -99.000 -9999.0 -9999.0 -9999.0 -9999.0 -9999.0
92827 20181020  2.422  -81.37   27.15    32.6    18.5    25.5    24.6     0.0    19.39 C    42.4    17.4    26.8    99.0    44.1    79.5 -99.000 -99.000 -99.000 -99.000 -99.000 -9999.0 -9999.0 -9999.0 -9999.0 -9999.0
92827 20181021  2.422  -81.37   27.15    31.0    19.1    25.0    23.6     0.0    16.19 C    40.0    18.0    25.3    99.1    52.3    77.9 -99.000 -99.000 -99.000 -99.000 -99.000 -9999.0 -9999.0 -9999.0 -9999.0 -9999.0
92827 20181022  2.422  -81.37   27.15    30.2    18.2    24.2    23.1     0.0    14.82 C    38.9    16.3    24.3    84.4    46.1    67.7 -99.000 -99.000 -99.000 -99.000 -99.000 -9999.0 -9999.0 -9999.0 -9999.0 -9999.0
92827 20181023  2.422  -81.37   27.15    31.2    16.4    23.8    23.6     0.0    17.79 C    41.0    14.8    25.4    95.8    36.5    67.6 -99.000 -99.000 -99.000 -99.000 -99.000 -9999.0 -9999.0 -9999.0 -9999.0 -9999.0
92827 20181024  2.422  -81.37   27.15    30.5    20.4    25.5    24.3     0.0    14.43 C    39.8    19.4    25.9    96.5    46.9    74.4 -99.000 -99.000 -99.000 -99.000 -99.000 -9999.0 -9999.0 -9999.0 -9999.0 -9999.0
92827 20181025  2.422  -81.37   27.15    31.2    17.6    24.4    23.7     0.0    15.81 C    40.3    16.2    25.4    98.7    46.7    78.6 -99.000 -99.000 -99.000 -99.000 -99.000 -9999.0 -9999.0 -9999.0 -9999.0 -9999.0
92827 20181026  2.422  -81.37   27.15    32.2    19.3    25.8    24.6     0.0    14.76 C    38.3    18.1    25.5    97.2    48.5    79.4 -99.000 -99.000 -99.000 -99.000 -99.000 -9999.0 -9999.0 -9999.0 -9999.0 -9999.0
92827 20181027  2.422  -81.37   27.15    28.5    15.4    22.0    22.1     0.0    15.33 C    34.5    13.5    23.1    97.2    50.2    78.9 -99.000 -99.000 -99.000 -99.000 -99.000 -9999.0 -9999.0 -9999.0 -9999.0 -9999.0
92827 20181028  2.422  -81.37   27.15    24.7    10.2    17.4    17.1     0.0    18.92 C    33.6     7.6    18.4    95.5    34.6    68.9 -99.000 -99.000 -99.000 -99.000 -99.000 -9999.0 -9999.0 -9999.0 -9999.0 -9999.0
92827 20181029  2.422  -81.37   27.15    28.4     7.9    18.1    18.0     0.0    18.21 C    37.2     5.3    19.1    99.3    38.5    71.8 -99.000 -99.000 -99.000 -99.000 -99.000 -9999.0 -9999.0 -9999.0 -9999.0 -9999.0
92827 20181030  2.422  -81.37   27.15    30.2    12.3    21.2    20.9     0.0    17.68 C    39.0    10.4    21.9    94.4    36.8    66.6 -99.000 -99.000 -99.000 -99.000 -99.000 -9999.0 -9999.0 -9999.0 -9999.0 -9999.0
92827 20181031  2.422  -81.37   27.15    30.1    14.0    22.0    21.3     0.0    14.78 C    39.1    12.1    22.0    97.5    42.0    73.3 -99.000 -99.000 -99.000 -99.000 -99.000 -9999.0 -9999.0 -9999.0 -9999.0 -9999.0
92827 20181101  2.422  -81.37   27.15    30.2    14.7    22.5    22.1     0.0    11.54 C    37.0    12.8    22.0    98.0    50.8    80.1 -99.000 -99.000 -99.000 -99.000 -99.000 -9999.0 -9999.0 -9999.0 -9999.0 -9999.0
92827 20181102  2.422  -81.37   27.15    31.0    18.0    24.5    22.4     3.8    11.87 C    36.0    16.1    22.7    98.8    48.9    86.0 -99.000 -99.000 -99.000 -99.000 -99.000 -9999.0 -9999.0 -9999.0 -9999.0 -9999.0
92827 20181103  2.422  -81.37   27.15    25.2    17.8    21.5    20.6     0.0    13.70 C    32.9    17.6    21.9    98.6    52.8    77.1 -99.000 -99.000 -99.000 -99.000 -99.000 -9999.0 -9999.0 -9999.0 -9999.0 -9999.0
92827 20181104  2.422  -81.37   27.15    30.3    20.1    25.2    23.6    16.7     8.22 C    36.9    19.5    24.3    98.8    61.8    86.5 -99.000 -99.000 -99.000 -99.000 -99.000 -9999.0 -9999.0 -9999.0 -9999.0 -9999.0
92827 20181105  2.422  -81.37   27.15    31.0    19.1    25.0    24.3     0.0    15.19 C    38.2    18.1    25.4    99.0    45.2    80.3 -99.000 -99.000 -99.000 -99.000 -99.000 -9999.0 -9999.0 -9999.0 -9999.0 -9999.0
92827 20181106  2.422  -81.37   27.15    31.4    18.8    25.1    24.6     0.0    15.70 C    40.3    17.4    26.3    98.6    44.9    78.5 -99.000 -99.000 -99.000 -99.000 -99.000 -9999.0 -9999.0 -9999.0 -9999.0 -9999.0
92827 20181107  2.422  -81.37   27.15    31.5    19.2    25.3    24.7     0.0    15.95 C    41.9    18.4    26.3    98.7    47.7    80.0 -99.000 -99.000 -99.000 -99.000 -99.000 -9999.0 -9999.0 -9999.0 -9999.0 -9999.0
92827 20181108  2.422  -81.37   27.15    31.4    17.7    24.5    24.4     0.0    14.17 C    38.9    17.0    25.7    98.9    47.6    81.0 -99.000 -99.000 -99.000 -99.000 -99.000 -9999.0 -9999.0 -9999.0 -9999.0 -9999.0
92827 20181109  2.422  -81.37   27.15    31.9    19.1    25.5    24.6     0.0    12.02 C    41.2    18.0    25.8    98.9    46.3    80.0 -99.000 -99.000 -99.000 -99.000 -99.000 -9999.0 -9999.0 -9999.0 -9999.0 -9999.0
92827 20181110  2.422  -81.37   27.15    31.3    18.9    25.1    24.0     0.0    14.65 C    39.6    17.6    25.7    98.6    50.1    80.0 -99.000 -99.000 -99.000 -99.000 -99.000 -9999.0 -9999.0 -9999.0 -9999.0 -9999.0
92827 20181111  2.422  -81.37   27.15    31.2    18.4    24.8    23.4     0.0    11.89 C    39.1    17.8    24.5    92.8    48.7    79.7 -99.000 -99.000 -99.000 -99.000 -99.000 -9999.0 -9999.0 -9999.0 -9999.0 -9999.0
92827 20181112  2.422  -81.37   27.15    31.4    20.6    26.0    25.1     0.0    13.90 C    39.3    18.7    26.2    95.9    54.6    79.5 -99.000 -99.000 -99.000 -99.000 -99.000 -9999.0 -9999.0 -9999.0 -9999.0 -9999.0
92827 20181113  2.422  -81.37   27.15    32.2    20.9    26.5    24.7     0.0    12.11 C    39.5    19.3    25.4    98.1    48.3    82.5 -99.000 -99.000 -99.000 -99.000 -99.000 -9999.0 -9999.0 -9999.0 -9999.0 -9999.0
92827 20181114  2.422  -81.37   27.15    31.3    18.7    25.0    24.1     0.0    12.17 C    39.0    18.0    25.5    98.9    53.9    85.5 -99.000 -99.000 -99.000 -99.000 -99.000 -9999.0 -9999.0 -9999.0 -9999.0 -9999.0
92827 20181115  2.422  -81.37   27.15    25.9    12.5    19.2    19.9     1.7     9.32 C    30.6    12.0    20.4    98.5    58.6    87.0 -99.000 -99.000 -99.000 -99.000 -99.000 -9999.0 -9999.0 -9999.0 -9999.0 -9999.0
92827 20181116  2.422  -81.37   27.15    21.9     8.2    15.1    14.2     0.0    16.48 C    29.4     7.5    15.7    96.9    33.8    73.0 -99.000 -99.000 -99.000 -99.000 -99.000 -9999.0 -9999.0 -9999.0 -9999.0 -9999.0
92827 20181117  2.422  -81.37   27.15    26.9     8.9    17.9    17.3     0.0    16.19 C    34.4     7.2    18.6    96.8    33.1    70.7 -99.000 -99.000 -99.000 -99.000 -99.000 -9999.0 -9999.0 -9999.0 -9999.0 -9999.0
92827 20181118  2.422  -81.37   27.15    28.0    14.5    21.2    20.8     0.0     9.21 C    36.3    12.9    21.7    96.2    48.7    77.3 -99.000 -99.000 -99.000 -99.000 -99.000 -9999.0 -9999.0 -9999.0 -9999.0 -9999.0
92827 20181119  2.422  -81.37   27.15    29.7    19.1    24.4    22.9     0.0    10.34 C    38.3    18.1    24.3    96.7    50.7    81.4 -99.000 -99.000 -99.000 -99.000 -99.000 -9999.0 -9999.0 -9999.0 -9999.0 -9999.0
92827 20181120  2.422  -81.37   27.15    27.0    16.9    21.9    21.4     0.0     7.88 C    33.7    15.9    21.9    99.0    66.9    89.6 -99.000 -99.000 -99.000 -99.000 -99.000 -9999.0 -9999.0 -9999.0 -9999.0 -9999.0
92827 20181121  2.422  -81.37   27.15    26.2    13.7    19.9    19.4     0.0    15.27 C    34.6    12.4    20.7    97.4    42.0    74.5 -99.000 -99.000 -99.000 -99.000 -99.000 -9999.0 -9999.0 -9999.0 -9999.0 -9999.0
92827 20181122  2.422  -81.37   27.15    23.5    14.6    19.0    18.1     0.0     8.65 C    29.5    13.3    18.6    90.4    49.9    71.8 -99.000 -99.000 -99.000 -99.000 -99.000 -9999.0 -9999.0 -9999.0 -9999.0 -9999.0
92827 20181123  2.422  -81.37   27.15    28.5    14.6    21.5    20.2     0.2    14.02 C    37.3    13.3    21.1    97.3    46.0    78.2 -99.000 -99.000 -99.000 -99.000 -99.000 -9999.0 -9999.0 -9999.0 -9999.0 -9999.0
92827 20181124  2.422  -81.37   27.15    29.1    15.0    22.1    22.0     0.0    12.25 C    33.5    13.6    22.7    98.5    48.0    81.7 -99.000 -99.000 -99.000 -99.000 -99.000 -9999.0 -9999.0 -9999.0 -9999.0 -9999.0
92827 20181125  2.422  -81.37   27.15    28.2    16.7    22.5    21.1     0.0    12.74 C    33.7    15.0    21.8    99.0    51.9    85.2 -99.000 -99.000 -99.000 -99.000 -99.000 -9999.0 -9999.0 -9999.0 -9999.0 -9999.0
92827 20181126  2.422  -81.37   27.15    29.9    16.4    23.1    22.5     1.0    11.30 C    33.6    14.8    23.1    99.1    49.3    85.8 -99.000 -99.000 -99.000 -99.000 -99.000 -9999.0 -9999.0 -9999.0 -9999.0 -9999.0
92827 20181127  2.422  -81.37   27.15    19.8     5.8    12.8    14.6     0.0     9.84 C    24.2     4.3    15.2    97.4    43.1    77.8 -99.000 -99.000 -99.000 -99.000 -99.000 -9999.0 -9999.0 -9999.0 -9999.0 -9999.0
92827 20181128  2.422  -81.37   27.15    15.9     0.4     8.2     7.5     0.0    14.92 C    23.5    -1.8     8.0    93.9    21.8    60.3 -99.000 -99.000 -99.000 -99.000 -99.000 -9999.0 -9999.0 -9999.0 -9999.0 -9999.0
92827 20181129  2.422  -81.37   27.15    20.4     3.6    12.0    12.1     0.0    13.25 C    28.0     1.3    13.6    90.8    24.7    58.4 -99.000 -99.000 -99.000 -99.000 -99.000 -9999.0 -9999.0 -9999.0 -9999.0 -9999.0
92827 20181130  2.422  -81.37   27.15    25.9    11.3    18.6    17.9     0.0    10.60 C    33.3    10.0    18.7    90.9    44.9    71.9 -99.000 -99.000 -99.000 -99.000 -99.000 -9999.0 -9999.0 -9999.0 -9999.0 -9999.0
92827 20181201  2.422  -81.37   27.15    30.3    16.6    23.5    22.9     0.0    10.95 C    37.2    16.1    23.6    91.2    49.9    74.3 -99.000 -99.000 -99.000 -99.000 -99.000 -9999.0 -9999.0 -9999.0 -9999.0 -9999.0
92827 20181202  2.422  -81.37   27.15    31.8    21.0    26.4    24.7     0.0    11.55 C    37.6    20.4    25.4    96.2    49.6    78.1 -99.000 -99.000 -99.000 -99.000 -99.000 -9999.0 -9999.0 -9999.0 -9999.0 -9999.0
92827 20181203  2.422  -81.37   27.15    30.9    20.6    25.7    24.6     0.0    10.81 C    35.8    19.8    25.3    98.7    52.3    83.9 -99.000 -99.000 -99.000 -99.000 -99.000 -9999.0 -9999.0 -9999.0 -9999.0 -9999.0
92827 20181204  2.422  -81.37   27.15    29.0    18.0    23.5    23.0    24.8     7.65 C    32.3    17.4    23.4    98.3    61.8    90.5 -99.000 -99.000 -99.000 -99.000 -99.000 -9999.0 -9999.0 -9999.0 -9999.0 -9999.0
92827 20181205  2.422  -81.37   27.15    18.2     6.9    12.6    13.6     0.0    14.97 C    23.5     3.8    13.9    92.2    26.5    60.9 -99.000 -99.000 -99.000 -99.000 -99.000 -9999.0 -9999.0 -9999.0 -9999.0 -9999.0
92827 20181206  2.422  -81.37   27.15    23.2     5.7    14.5    13.7     0.0    14.86 C    30.5     3.0    14.5    92.3    38.5    65.4 -99.000 -99.000 -99.000 -99.000 -99.000 -9999.0 -9999.0 -9999.0 -9999.0 -9999.0
92827 20181207  2.422  -81.37   27.15    26.3    11.5    18.9    17.4     0.0    14.01 C    34.3    10.3    18.5    96.2    42.2    77.0 -99.000 -99.000 -99.000 -99.000 -99.000 -9999.0 -9999.0 -9999.0 -9999.0 -9999.0
92827 20181208  2.422  -81.37   27.15    27.4    13.3    20.4    19.9     0.0    12.93 C    35.1    11.8    20.9    96.9    50.9    79.4 -99.000 -99.000 -99.000 -99.000 -99.000 -9999.0 -9999.0 -9999.0 -9999.0 -9999.0
92827 20181209  2.422  -81.37   27.15    23.9    18.3    21.1    20.8     1.6     3.17 C    24.8    17.5    20.5    97.1    84.5    92.8 -99.000 -99.000 -99.000 -99.000 -99.000 -9999.0 -9999.0 -9999.0 -9999.0 -9999.0
92827 20181210  2.422  -81.37   27.15    18.8     6.5    12.7    14.2     0.0     7.56 C    23.0     4.2    14.4    97.7    63.5    85.3 -99.000 -99.000 -99.000 -99.000 -99.000 -9999.0 -9999.0 -9999.0 -9999.0 -9999.0
92827 20181211  2.422  -81.37   27.15    16.2     3.2     9.7     8.9     0.0    14.94 C    21.3     1.2     9.1    99.4    47.4    79.0 -99.000 -99.000 -99.000 -99.000 -99.000 -9999.0 -9999.0 -9999.0 -9999.0 -9999.0
92827 20181212  2.422  -81.37   27.15    21.3     1.5    11.4    12.3     0.0    12.26 C    29.0     0.1    13.0    99.3    49.0    77.2 -99.000 -99.000 -99.000 -99.000 -99.000 -9999.0 -9999.0 -9999.0 -9999.0 -9999.0
92827 20181213  2.422  -81.37   27.15    26.1    12.4    19.3    18.9     0.0    11.48 C    32.1    11.8    19.7    96.4    44.5    73.3 -99.000 -99.000 -99.000 -99.000 -99.000 -9999.0 -9999.0 -9999.0 -9999.0 -9999.0
92827 20181214  2.422  -81.37   27.15    29.6    17.7    23.7    23.3     0.0     8.33 C    33.5    17.1    23.5    95.7    53.2    76.8 -99.000 -99.000 -99.000 -99.000 -99.000 -9999.0 -9999.0 -9999.0 -9999.0 -9999.0
92827 20181215  2.422  -81.37   27.15    23.3    15.4    19.4    20.0    13.2     5.82 C    27.9    13.8    20.3    97.9    65.6    87.4 -99.000 -99.000 -99.000 -99.000 -99.000 -9999.0 -9999.0 -9999.0 -9999.0 -9999.0
92827 20181216  2.422  -81.37   27.15    25.6    10.9    18.3    18.1     0.0    12.37 C    30.8     9.2    18.6    99.1    45.0    81.0 -99.000 -99.000 -99.000 -99.000 -99.000 -9999.0 -9999.0 -9999.0 -9999.0 -9999.0
92827 20181217  2.422  -81.37   27.15    19.0     7.2    13.1    11.8     0.0     9.38 C    24.0     5.5    12.1    99.6    51.9    86.6 -99.000 -99.000 -99.000 -99.000 -99.000 -9999.0 -9999.0 -9999.0 -9999.0 -9999.0
92827 20181218  2.422  -81.37   27.15    23.0     7.2    15.1    13.7     0.0    14.65 C    31.4     4.8    14.6    99.7    31.0    72.9 -99.000 -99.000 -99.000 -99.000 -99.000 -9999.0 -9999.0 -9999.0 -9999.0 -9999.0
92827 20181219  2.422  -81.37   27.15    24.1     8.1    16.1    17.3     0.0     8.53 C    30.2     6.5    17.4    90.4    52.5    71.0 -99.000 -99.000 -99.000 -99.000 -99.000 -9999.0 -9999.0 -9999.0 -9999.0 -9999.0
92827 20181220  2.422  -81.37   27.15    27.4    16.8    22.1    19.4    24.9     3.64 C    29.0    16.3    19.1    96.1    64.2    90.6 -99.000 -99.000 -99.000 -99.000 -99.000 -9999.0 -9999.0 -9999.0 -9999.0 -9999.0
92827 20181221  2.422  -81.37   27.15    18.7     9.7    14.2    14.5     4.0     8.46 C    20.4     8.7    14.0    95.0    55.0    82.7 -99.000 -99.000 -99.000 -99.000 -99.000 -9999.0 -9999.0 -9999.0 -9999.0 -9999.0
92827 20181222  2.422  -81.37   27.15    18.1     5.9    12.0    11.4     0.0    14.06 C    23.7     3.2    11.6    97.9    52.5    81.6 -99.000 -99.000 -99.000 -99.000 -99.000 -9999.0 -9999.0 -9999.0 -9999.0 -9999.0
92827 20181223  2.422  -81.37   27.15    20.8     3.5    12.2    11.5     0.0    14.84 C    29.2     1.3    12.0    99.1    34.2    74.8 -99.000 -99.000 -99.000 -99.000 -99.000 -9999.0 -9999.0 -9999.0 -9999.0 -9999.0
92827 20181224  2.422  -81.37   27.15    23.3     5.4    14.4    13.9     0.0    14.85 C    32.0     3.4    14.1    99.3    29.2    69.6 -99.000 -99.000 -99.000 -99.000 -99.000 -9999.0 -9999.0 -9999.0 -9999.0 -9999.0
92827 20181225  2.422  -81.37   27.15    25.7    10.8    18.2    17.4     0.0    11.33 C    34.3     7.9    18.0    97.8    50.3    79.7 -99.000 -99.000 -99.000 -99.000 -99.000 -9999.0 -9999.0 -9999.0 -9999.0 -9999.0
92827 20181226  2.422  -81.37   27.15    26.4    13.8    20.1    19.2     0.0    14.05 C    32.2    12.6    19.8    96.3    42.6    73.3 -99.000 -99.000 -99.000 -99.000 -99.000 -9999.0 -9999.0 -9999.0 -9999.0 -9999.0
92827 20181227  2.422  -81.37   27.15    26.7    16.4    21.5    21.2     0.9     9.52 C    30.2    15.4    21.5    97.0    56.5    82.8 -99.000 -99.000 -99.000 -99.000 -99.000 -9999.0 -9999.0 -9999.0 -9999.0 -9999.0
92827 20181228  2.422  -81.37   27.15    30.3    19.6    25.0    23.4     0.0    11.17 C    36.0    18.8    23.8    98.0    55.4    83.1 -99.000 -99.000 -99.000 -99.000 -99.000 -9999.0 -9999.0 -9999.0 -9999.0 -9999.0
92827 20181229  2.422  -81.37   27.15    30.0    19.1    24.6    23.2     0.0    11.58 C    39.6    18.0    24.5    99.0    51.6    85.1 -99.000 -99.000 -99.000 -99.000 -99.000 -9999.0 -9999.0 -9999.0 -9999.0 -9999.0
92827 20181230  2.422  -81.37   27.15    30.0    16.8    23.4    21.8     0.0    12.12 C    38.9    15.7    22.8    99.1    52.4    84.6 -99.000 -99.000 -99.000 -99.000 -99.000 -9999.0 -9999.0 -9999.0 -9999.0 -9999.0
92827 20181231  2.422  -81.37   27.15    29.1    15.1    22.1    21.4     0.0    11.69 C    36.3    13.9    21.6    99.2    45.5    80.7 -99.000 -99.000 -99.000 -99.000 -99.000 -9999.0 -9999.0 -9999.0 -9999.0 -9999.0
