94078 20180101  2.423 -108.67   42.68    -9.5   -16.4   -13.0   -13.6     0.0     7.26 C   -11.0   -21.2   -15.8    86.6    56.5    80.3 -99.000 -99.000 -99.000 -99.000 -99.000    -1.6    -0.8 -9999.0 -9999.0 -9999.0
94078 20180102  2.423 -108.67   42.68    -4.3   -20.1   -12.2   -13.3     0.0     8.71 C    -8.4   -25.7   -18.4    83.6    40.3    69.4 -99.000 -99.000 -99.000 -99.000 -99.000    -2.6    -1.5 -9999.0 -9999.0 -9999.0
94078 20180103  2.423 -108.67   42.68    -7.1   -16.6   -11.8   -11.3     0.0     4.79 C    -6.3   -20.5   -13.2    82.6    59.2    70.6 -99.000 -99.000 -99.000 -99.000 -99.000    -3.1    -2.0 -9999.0 -9999.0 -9999.0
94078 20180104  2.423 -108.67   42.68    -3.4   -12.6    -8.0    -8.1     0.0     8.22 C    -5.4   -17.2   -12.2    81.3    52.1    69.3 -99.000 -99.000 -99.000 -99.000 -99.000    -3.0    -2.2 -9999.0 -9999.0 -9999.0
94078 20180105  2.423 -108.67   42.68     8.8    -9.0    -0.1    -1.6     0.0     7.04 C     1.3   -11.2    -5.7    83.7    39.1    65.4 -99.000 -99.000 -99.000 -99.000 -99.000    -2.6    -2.1 -9999.0 -9999.0 -9999.0
94078 20180106  2.423 -108.67   42.68     6.6    -4.2     1.2    -0.4     0.0     5.20 C    -1.5    -9.6    -5.2    74.0    41.3    62.9 -99.000 -99.000 -99.000 -99.000 -99.000    -2.0    -1.7 -9999.0 -9999.0 -9999.0
94078 20180107  2.423 -108.67   42.68     6.4    -5.1     0.6     0.1     0.0     8.25 C     0.3   -11.8    -5.8    75.7    32.8    56.5 -99.000 -99.000 -99.000 -99.000 -99.000    -2.1    -1.8 -9999.0 -9999.0 -9999.0
94078 20180108  2.423 -108.67   42.68     3.0    -6.8    -1.9    -1.1     0.0     7.47 C    -0.4    -9.9    -5.9    81.2    40.5    60.1 -99.000 -99.000 -99.000 -99.000 -99.000    -2.0    -1.7 -9999.0 -9999.0 -9999.0
94078 20180109  2.423 -108.67   42.68    10.6    -4.4     3.1     1.7     0.0     6.91 C     1.0    -7.4    -2.5    77.7    43.2    63.4 -99.000 -99.000 -99.000 -99.000 -99.000    -1.7    -1.6 -9999.0 -9999.0 -9999.0
94078 20180110  2.423 -108.67   42.68     9.1    -6.2     1.4     1.3     0.0     7.13 C     1.3    -8.8    -1.9    92.6    26.0    66.7 -99.000 -99.000 -99.000 -99.000 -99.000    -0.9    -1.1 -9999.0 -9999.0 -9999.0
94078 20180111  2.423 -108.67   42.68     4.3    -8.6    -2.2    -3.1     0.0     8.95 C    -1.9   -14.3    -8.0    90.3    34.0    59.0 -99.000 -99.000 -99.000 -99.000 -99.000    -1.0    -1.0 -9999.0 -9999.0 -9999.0
94078 20180112  2.423 -108.67   42.68     6.9    -4.4     1.3     1.6     0.0     8.43 C     0.5    -9.5    -5.0    73.9    30.5    49.8 -99.000 -99.000 -99.000 -99.000 -99.000    -1.5    -1.3 -9999.0 -9999.0 -9999.0
94078 20180113  2.423 -108.67   42.68     7.9    -3.9     2.0     0.9     0.0     8.54 C     0.8   -10.9    -5.9    67.1    31.3    50.4 -99.000 -99.000 -99.000 -99.000 -99.000    -1.7    -1.4 -9999.0 -9999.0 -9999.0
94078 20180114  2.423 -108.67   42.68     5.1    -5.2    -0.1    -0.3     0.0     9.14 C     0.0   -11.9    -6.6    70.9    35.9    54.3 -99.000 -99.000 -99.000 -99.000 -99.000    -1.9    -1.6 -9999.0 -9999.0 -9999.0
94078 20180115  2.423 -108.67   42.68    -2.2   -10.6    -6.4    -5.2     1.0     3.28 C    -1.4   -13.1    -5.9    92.1    67.7    78.9 -99.000 -99.000 -99.000 -99.000 -99.000    -1.9    -1.6 -9999.0 -9999.0 -9999.0
94078 20180116  2.423 -108.67   42.68    -3.7   -12.9    -8.3    -9.1     0.0    10.14 C    -5.3   -18.6   -13.2    88.7    67.0    77.8 -99.000 -99.000 -99.000 -99.000 -99.000    -3.3    -2.4 -9999.0 -9999.0 -9999.0
94078 20180117  2.423 -108.67   42.68     1.0   -12.0    -5.5    -6.1     0.0     8.77 C    -1.5   -16.8   -10.4    86.6    48.3    73.8 -99.000 -99.000 -99.000 -99.000 -99.000    -4.0    -3.2 -9999.0 -9999.0 -9999.0
94078 20180118  2.423 -108.67   42.68    11.7    -6.3     2.7     1.8     0.0     4.99 C     1.3   -10.9    -3.5    79.4    33.5    55.1 -99.000 -99.000 -99.000 -99.000 -99.000    -3.0    -2.8 -9999.0 -9999.0 -9999.0
94078 20180119  2.423 -108.67   42.68     9.9     0.3     5.1     6.3     0.0     6.39 C     1.4    -2.6     0.0    73.7    32.9    47.2 -99.000 -99.000 -99.000 -99.000 -99.000    -0.6    -0.9 -9999.0 -9999.0 -9999.0
94078 20180120  2.423 -108.67   42.68     1.6    -5.4    -1.9    -3.0    14.0     1.65 C    -1.0    -5.7    -3.4    94.4    50.1    84.8 -99.000 -99.000 -99.000 -99.000 -99.000    -0.2    -0.3 -9999.0 -9999.0 -9999.0
94078 20180121  2.423 -108.67   42.68    -3.1   -10.7    -6.9    -6.2     1.2     7.68 C    -3.4   -23.4   -11.2    88.8    41.3    65.9 -99.000 -99.000 -99.000 -99.000 -99.000    -0.2    -0.3 -9999.0 -9999.0 -9999.0
94078 20180122  2.423 -108.67   42.68    -5.5   -12.4    -8.9    -9.6     0.0     5.95 C    -6.5   -25.9   -16.1    78.8    36.5    57.7 -99.000 -99.000 -99.000 -99.000 -99.000    -0.3    -0.3 -9999.0 -9999.0 -9999.0
94078 20180123  2.423 -108.67   42.68    -1.7   -12.6    -7.2    -7.5     0.0    10.35 C    -5.3   -22.2   -15.3    80.3    45.4    58.6 -99.000 -99.000 -99.000 -99.000 -99.000    -0.3    -0.3 -9999.0 -9999.0 -9999.0
94078 20180124  2.423 -108.67   42.68     1.8   -12.0    -5.1    -6.5     0.0     9.73 C    -0.2   -20.2   -12.3    78.4    43.3    63.9 -99.000 -99.000 -99.000 -99.000 -99.000    -0.4    -0.4 -9999.0 -9999.0 -9999.0
94078 20180125  2.423 -108.67   42.68     4.4   -10.9    -3.3     1.3     0.0     5.74 C    -1.4   -18.0    -5.3    77.0    25.9    40.1 -99.000 -99.000 -99.000 -99.000 -99.000    -0.4    -0.4 -9999.0 -9999.0 -9999.0
94078 20180126  2.423 -108.67   42.68     0.8   -10.2    -4.7    -3.9     0.0    10.23 C    -3.5   -20.8   -12.4    51.0    24.2    36.1 -99.000 -99.000 -99.000 -99.000 -99.000    -0.6    -0.5 -9999.0 -9999.0 -9999.0
94078 20180127  2.423 -108.67   42.68    -0.7    -9.4    -5.1    -4.9     0.0     9.16 C    -2.3   -17.2   -11.4    67.5    33.6    47.8 -99.000 -99.000 -99.000 -99.000 -99.000    -0.8    -0.6 -9999.0 -9999.0 -9999.0
94078 20180128  2.423 -108.67   42.68     4.7    -9.6    -2.5    -1.8     0.0    10.37 C     0.0   -16.0    -8.7    76.6    38.1    55.6 -99.000 -99.000 -99.000 -99.000 -99.000    -1.1    -0.8 -9999.0 -9999.0 -9999.0
94078 20180129  2.423 -108.67   42.68     8.1    -4.7     1.7     3.7     0.0     8.55 C     0.8   -10.9    -3.6    72.2    29.7    48.1 -99.000 -99.000 -99.000 -99.000 -99.000    -1.0    -0.8 -9999.0 -9999.0 -9999.0
94078 20180130  2.423 -108.67   42.68    12.3    -0.3     6.0     7.9     0.0     8.67 C     1.6    -2.7    -0.3    73.6    20.8    31.5 -99.000 -99.000 -99.000 -99.000 -99.000    -0.6    -0.6 -9999.0 -9999.0 -9999.0
94078 20180131  2.423 -108.67   42.68     0.7    -6.2    -2.8    -2.6     0.0     7.30 C     1.7    -6.4    -2.6    91.8    67.5    78.1 -99.000 -99.000 -99.000 -99.000 -99.000    -0.7    -0.6 -9999.0 -9999.0 -9999.0
94078 20180201  2.423 -108.67   42.68     0.2    -8.1    -3.9    -3.6     0.0    10.36 C     1.4    -7.9    -4.0    88.3    37.3    60.8 -99.000 -99.000 -99.000 -99.000 -99.000    -1.6    -1.0 -9999.0 -9999.0 -9999.0
94078 20180202  2.423 -108.67   42.68     8.7    -7.2     0.7     1.5     0.0    10.01 C     2.6    -7.6    -2.5    75.8    32.7    50.2 -99.000 -99.000 -99.000 -99.000 -99.000    -2.0    -1.5 -9999.0 -9999.0 -9999.0
94078 20180203  2.423 -108.67   42.68    11.4    -0.4     5.5     5.7     0.0    10.70 C     5.2    -3.9    -0.2    65.7    25.4    43.9 -99.000 -99.000 -99.000 -99.000 -99.000    -0.9    -0.9 -9999.0 -9999.0 -9999.0
94078 20180204  2.423 -108.67   42.68     9.4   -11.3    -0.9    -1.8     0.0     9.96 C     3.8    -4.1    -0.9    85.6    30.1    64.2 -99.000 -99.000 -99.000 -99.000 -99.000    -0.6    -0.7 -9999.0 -9999.0 -9999.0
94078 20180205  2.423 -108.67   42.68     8.9    -6.1     1.4     0.6     1.2     8.96 C     6.5    -2.6    -0.2    91.4    35.3    67.3 -99.000 -99.000 -99.000 -99.000 -99.000    -0.5    -0.6 -9999.0 -9999.0 -9999.0
94078 20180206  2.423 -108.67   42.68     6.0    -7.8    -0.9    -0.7     0.0    10.37 C     6.8    -4.5    -1.0    90.7    29.5    60.3 -99.000 -99.000 -99.000 -99.000 -99.000    -1.0    -0.8 -9999.0 -9999.0 -9999.0
94078 20180207  2.423 -108.67   42.68     9.5    -4.8     2.4     3.8     0.0    11.51 C     8.9    -4.8     0.1    76.0    31.0    44.0 -99.000 -99.000 -99.000 -99.000 -99.000    -1.1    -0.9 -9999.0 -9999.0 -9999.0
94078 20180208  2.423 -108.67   42.68    11.8     3.7     7.8     7.9     0.0     6.08 C     6.2    -1.0     1.4    54.2    25.8    37.9 -99.000 -99.000 -99.000 -99.000 -99.000    -0.3    -0.5 -9999.0 -9999.0 -9999.0
94078 20180209  2.423 -108.67   42.68     8.6   -12.3    -1.9    -7.3     2.3     2.98 C    -0.1   -10.9    -3.2    92.6    30.0    81.4 -99.000 -99.000 -99.000 -99.000 -99.000    -0.3    -0.4 -9999.0 -9999.0 -9999.0
94078 20180210  2.423 -108.67   42.68    -5.2   -14.8   -10.0   -11.2     1.3     8.92 C    -5.2   -19.1   -12.9    88.0    58.2    79.1 -99.000 -99.000 -99.000 -99.000 -99.000    -0.5    -0.5 -9999.0 -9999.0 -9999.0
94078 20180211  2.423 -108.67   42.68    -3.0   -12.6    -7.8    -7.8     0.0     9.96 C    -0.7   -18.1   -10.1    79.0    42.7    62.5 -99.000 -99.000 -99.000 -99.000 -99.000    -1.1    -0.8 -9999.0 -9999.0 -9999.0
94078 20180212  2.423 -108.67   42.68    -9.9   -16.5   -13.2   -12.7     0.5     9.23 C    -6.6   -19.6   -12.7    82.1    61.8    74.8 -99.000 -99.000 -99.000 -99.000 -99.000    -1.7    -1.2 -9999.0 -9999.0 -9999.0
94078 20180213  2.423 -108.67   42.68     3.0   -17.3    -7.1    -6.9     0.0    14.09 C     1.1   -20.4   -10.0    82.5    33.9    60.4 -99.000 -99.000 -99.000 -99.000 -99.000    -2.4    -1.8 -9999.0 -9999.0 -9999.0
94078 20180214  2.423 -108.67   42.68     6.2    -8.0    -0.9     0.4     0.0    14.08 C     4.1   -11.7    -3.8    57.3    23.0    36.7 -99.000 -99.000 -99.000 -99.000 -99.000    -2.4    -2.0 -9999.0 -9999.0 -9999.0
94078 20180215  2.423 -108.67   42.68     1.7   -13.7    -6.0    -4.8     2.3     7.61 C     3.5   -21.2    -7.1    88.1    28.8    59.5 -99.000 -99.000 -99.000 -99.000 -99.000    -2.0    -1.7 -9999.0 -9999.0 -9999.0
94078 20180216  2.423 -108.67   42.68    -0.6   -14.6    -7.6    -6.5     0.0    13.28 C     0.7   -21.4    -9.2    75.6    33.7    50.9 -99.000 -99.000 -99.000 -99.000 -99.000    -2.0    -1.7 -9999.0 -9999.0 -9999.0
94078 20180217  2.423 -108.67   42.68     7.2    -4.4     1.4     2.0     0.0    12.76 C     3.8   -11.0    -3.1    50.6    18.9    31.9 -99.000 -99.000 -99.000 -99.000 -99.000    -2.1    -1.9 -9999.0 -9999.0 -9999.0
94078 20180218  2.423 -108.67   42.68     7.3   -15.5    -4.1    -1.4     4.7     6.29 C     6.9   -14.3    -2.6    86.4    25.2    60.2 -99.000 -99.000 -99.000 -99.000 -99.000    -1.0    -1.1 -9999.0 -9999.0 -9999.0
94078 20180219  2.423 -108.67   42.68   -15.5   -20.3   -17.9   -17.3     5.6     7.84 C   -14.3   -22.2   -16.2    80.6    69.8    76.1 -99.000 -99.000 -99.000 -99.000 -99.000    -1.0    -0.9 -9999.0 -9999.0 -9999.0
94078 20180220  2.423 -108.67   42.68   -14.3   -25.6   -19.9   -20.3     0.0    12.41 C    -8.6   -31.7   -23.3    81.3    61.6    72.8 -99.000 -99.000 -99.000 -99.000 -99.000    -2.3    -1.7 -9999.0 -9999.0 -9999.0
94078 20180221  2.423 -108.67   42.68    -9.1   -24.3   -16.7   -16.5     0.0    16.10 C    -6.6   -31.3   -20.8    79.4    32.2    59.8 -99.000 -99.000 -99.000 -99.000 -99.000    -3.3    -2.7 -9999.0 -9999.0 -9999.0
94078 20180222  2.423 -108.67   42.68    -8.6   -20.8   -14.7   -14.7     0.0    15.57 C    -4.6   -26.7   -17.9    79.3    53.7    67.9 -99.000 -99.000 -99.000 -99.000 -99.000    -3.8    -3.2 -9999.0 -9999.0 -9999.0
94078 20180223  2.423 -108.67   42.68    -6.8   -18.0   -12.4   -12.3     0.0    12.95 C    -4.5   -25.2   -16.5    79.8    46.7    66.1 -99.000 -99.000 -99.000 -99.000 -99.000    -4.0    -3.5 -9999.0 -9999.0 -9999.0
94078 20180224  2.423 -108.67   42.68    -1.4   -17.3    -9.3    -8.1     0.0    12.74 C    -1.6   -25.5   -12.6    77.3    23.7    44.5 -99.000 -99.000 -99.000 -99.000 -99.000    -3.9    -3.5 -9999.0 -9999.0 -9999.0
94078 20180225  2.423 -108.67   42.68     0.9   -11.4    -5.2    -5.5     0.0    15.86 C    -0.9   -20.6   -10.9    57.3    24.8    39.5 -99.000 -99.000 -99.000 -99.000 -99.000    -3.7    -3.4 -9999.0 -9999.0 -9999.0
94078 20180226  2.423 -108.67   42.68     1.5    -8.5    -3.5    -1.8     0.0    12.65 C    -1.1   -16.7    -6.0    62.2    39.5    51.8 -99.000 -99.000 -99.000 -99.000 -99.000    -3.2    -3.1 -9999.0 -9999.0 -9999.0
94078 20180227  2.423 -108.67   42.68     4.6    -9.3    -2.3    -2.0     0.0    15.74 C     1.5   -15.2    -6.3    77.5    33.8    55.3 -99.000 -99.000 -99.000 -99.000 -99.000    -2.7    -2.6 -9999.0 -9999.0 -9999.0
94078 20180228  2.423 -108.67   42.68     0.7    -8.1    -3.7    -3.4     0.0    16.69 C     2.8   -11.3    -4.8    66.2    25.5    44.2 -99.000 -99.000 -99.000 -99.000 -99.000    -2.7    -2.6 -9999.0 -9999.0 -9999.0
94078 20180301  2.423 -108.67   42.68     4.4    -8.9    -2.3    -1.6     0.0    15.47 C     4.7   -10.4    -3.1    62.0    32.0    44.1 -99.000 -99.000 -99.000 -99.000 -99.000    -2.5    -2.5 -9999.0 -9999.0 -9999.0
94078 20180302  2.423 -108.67   42.68     9.2    -5.8     1.7     3.2     0.0    13.16 C     7.6    -6.4    -0.5    73.4    26.4    45.3 -99.000 -99.000 -99.000 -99.000 -99.000    -1.5    -1.7 -9999.0 -9999.0 -9999.0
94078 20180303  2.423 -108.67   42.68    10.6    -2.6     4.0     4.7     0.0    14.94 C     9.6    -2.6     1.4    74.7    24.1    42.2 -99.000 -99.000 -99.000 -99.000 -99.000    -0.5    -1.0 -9999.0 -9999.0 -9999.0
94078 20180304  2.423 -108.67   42.68     1.1    -5.2    -2.1    -2.6     0.0     9.11 C     6.2    -3.8    -0.8    92.2    26.6    71.9 -99.000 -99.000 -99.000 -99.000 -99.000    -0.3    -0.7 -9999.0 -9999.0 -9999.0
94078 20180305  2.423 -108.67   42.68     2.0    -7.9    -3.0    -3.1     0.0    15.87 C     7.9    -7.9    -2.1    71.8    20.6    34.6 -99.000 -99.000 -99.000 -99.000 -99.000    -1.1    -1.0 -9999.0 -9999.0 -9999.0
94078 20180306  2.423 -108.67   42.68     3.2    -9.0    -2.9    -2.5     0.0    17.99 C    11.4    -9.7    -1.4    50.0    23.2    34.0 -99.000 -99.000 -99.000 -99.000 -99.000    -2.0    -1.8 -9999.0 -9999.0 -9999.0
94078 20180307  2.423 -108.67   42.68     7.1    -7.0     0.0     0.3     0.0    18.27 C    14.7    -9.0     0.2    50.2    18.6    33.6 -99.000 -99.000 -99.000 -99.000 -99.000    -1.4    -1.5 -9999.0 -9999.0 -9999.0
94078 20180308  2.423 -108.67   42.68    13.4    -1.7     5.9     5.7     0.0    17.43 C    19.5    -4.5     3.1    50.5    16.2    31.3 -99.000 -99.000 -99.000 -99.000 -99.000    -0.2    -0.8 -9999.0 -9999.0 -9999.0
94078 20180309  2.423 -108.67   42.68    11.7    -0.3     5.7     5.3     0.0    17.26 C    17.1    -4.5     2.0    56.2    15.1    37.5 -99.000 -99.000 -99.000 -99.000 -99.000     0.1    -0.5 -9999.0 -9999.0 -9999.0
94078 20180310  2.423 -108.67   42.68     6.9    -3.7     1.6     1.5     0.0    18.27 C    19.2    -5.9     2.4    80.0    23.9    47.6 -99.000 -99.000 -99.000 -99.000 -99.000     0.5    -0.5 -9999.0 -9999.0 -9999.0
94078 20180311  2.423 -108.67   42.68    10.6    -6.0     2.3     1.7     0.0    19.19 C    20.7    -8.4     2.8    67.2    14.2    45.9 -99.000 -99.000 -99.000 -99.000 -99.000     0.4    -0.4 -9999.0 -9999.0 -9999.0
94078 20180312  2.423 -108.67   42.68     9.9    -2.4     3.8     3.8     0.0    18.72 C    24.7    -5.9     5.1    63.0    28.7    44.0 -99.000 -99.000 -99.000 -99.000 -99.000     1.4    -0.2 -9999.0 -9999.0 -9999.0
94078 20180313  2.423 -108.67   42.68    11.0    -4.0     3.5     3.6     0.0    19.08 C    26.0    -7.3     4.9    69.4    30.4    45.7 -99.000 -99.000 -99.000 -99.000 -99.000     1.5     0.1 -9999.0 -9999.0 -9999.0
94078 20180314  2.423 -108.67   42.68    16.2    -1.2     7.5     7.2     2.3    16.62 C    25.6    -5.4     6.9    75.0    24.0    46.1 -99.000 -99.000 -99.000 -99.000 -99.000     2.1     0.4 -9999.0 -9999.0 -9999.0
94078 20180315  2.423 -108.67   42.68    11.3     0.1     5.7     6.5     0.0    18.24 C    22.0    -2.2     5.2    72.9    24.3    42.2   0.215 -99.000 -99.000 -99.000 -99.000     2.8     1.1 -9999.0 -9999.0 -9999.0
94078 20180316  2.423 -108.67   42.68     9.1    -2.4     3.4     3.4     0.0    16.26 C    24.8    -4.7     4.6    73.2    11.0    42.3 -99.000   0.281 -99.000 -99.000 -99.000     2.5     1.6 -9999.0 -9999.0 -9999.0
94078 20180317  2.423 -108.67   42.68     8.7    -4.0     2.4     2.3     0.0    17.95 C    23.4    -6.2     3.9    79.0    30.5    50.2 -99.000   0.268 -99.000 -99.000 -99.000     2.3     1.7 -9999.0 -9999.0 -9999.0
94078 20180318  2.423 -108.67   42.68     6.4    -2.1     2.1     1.6     0.3    11.55 C    23.3    -5.9     4.4    88.0    27.5    56.1 -99.000   0.263 -99.000 -99.000 -99.000     2.7     2.1 -9999.0 -9999.0 -9999.0
94078 20180319  2.423 -108.67   42.68     6.9    -3.4     1.8     1.7     0.0    19.79 C    31.0    -5.9     6.3    84.3    15.3    43.0   0.199   0.259 -99.000 -99.000 -99.000     4.5     3.3 -9999.0 -9999.0 -9999.0
94078 20180320  2.423 -108.67   42.68     9.7    -5.1     2.3     2.3     0.0    19.98 C    31.2    -8.3     5.8    55.2    16.7    33.2 -99.000   0.255 -99.000 -99.000 -99.000     4.3     3.5 -9999.0 -9999.0 -9999.0
94078 20180321  2.423 -108.67   42.68    14.2    -3.1     5.5     5.8     0.0    20.28 C    33.8    -6.7     9.6    60.0    21.9    39.8   0.196   0.252 -99.000 -99.000 -99.000     5.7     4.4 -9999.0 -9999.0 -9999.0
94078 20180322  2.423 -108.67   42.68    17.3     1.2     9.2     9.3     0.3    18.47 C    34.5    -2.9    11.8    73.4    27.7    52.6   0.197   0.251 -99.000 -99.000 -99.000     8.0     6.5 -9999.0 -9999.0 -9999.0
94078 20180323  2.423 -108.67   42.68    14.8    -1.7     6.6     8.6     0.7    13.85 C    29.1    -6.3     7.8    63.2     7.6    34.5   0.192   0.248 -99.000 -99.000 -99.000     7.5     7.0 -9999.0 -9999.0 -9999.0
94078 20180324  2.423 -108.67   42.68    13.5    -2.3     5.6     6.1     0.0    18.76 C    24.1    -6.5     6.5    63.1    13.9    36.2   0.185   0.242 -99.000 -99.000 -99.000     5.8     5.6 -9999.0 -9999.0 -9999.0
94078 20180325  2.423 -108.67   42.68    11.3    -4.7     3.3     2.7     8.0    16.82 C    28.7    -7.2     6.0    96.1    17.8    57.7   0.182   0.238 -99.000 -99.000 -99.000     5.8     5.4 -9999.0 -9999.0 -9999.0
94078 20180326  2.423 -108.67   42.68     0.7    -5.4    -2.4    -2.0     8.7    13.93 C     1.0    -8.9    -2.9    94.6    56.4    80.1   0.176   0.233 -99.000 -99.000 -99.000     2.8     3.8 -9999.0 -9999.0 -9999.0
94078 20180327  2.423 -108.67   42.68     7.8    -6.6     0.6     0.4     0.0    21.49 C    11.3    -9.9    -0.7    70.1    25.4    51.6   0.214   0.242 -99.000 -99.000 -99.000     1.4     2.2 -9999.0 -9999.0 -9999.0
94078 20180328  2.423 -108.67   42.68     5.8    -2.6     1.6     1.4     0.9    13.16 C    18.6    -3.6     3.4    92.7    42.0    70.5   0.252   0.287 -99.000 -99.000 -99.000     3.1     2.8 -9999.0 -9999.0 -9999.0
94078 20180329  2.423 -108.67   42.68     8.0    -4.1     1.9     1.4     0.0    22.37 C    21.9    -6.0     3.7    76.7    14.6    42.7   0.237   0.292 -99.000 -99.000 -99.000     4.2     3.6 -9999.0 -9999.0 -9999.0
94078 20180330  2.423 -108.67   42.68    12.9    -1.7     5.6     6.4     0.0    16.78 C    27.6    -4.6     5.5    48.9    21.6    32.1   0.226   0.284 -99.000 -99.000 -99.000     4.1     3.9 -9999.0 -9999.0 -9999.0
94078 20180331  2.423 -108.67   42.68     6.6    -6.5     0.1    -1.1     0.0     6.81 C    15.6    -3.3     2.1    88.4    43.4    76.0   0.217   0.275 -99.000 -99.000 -99.000     3.2     3.5 -9999.0 -9999.0 -9999.0
94078 20180401  2.423 -108.67   42.68    13.3    -7.3     3.0     1.8     2.0    22.48 C    25.2    -7.0     6.0    89.3    23.1    60.7   0.215   0.270 -99.000 -99.000 -99.000     5.1     4.1 -9999.0 -9999.0 -9999.0
94078 20180402  2.423 -108.67   42.68    11.9    -7.7     2.1     4.9     1.3    13.03 C    20.1    -6.7     3.2    79.7    23.3    43.7   0.210   0.267 -99.000 -99.000 -99.000     4.3     4.5 -9999.0 -9999.0 -9999.0
94078 20180403  2.423 -108.67   42.68     7.2   -10.6    -1.7    -0.9     0.0    23.83 C    25.4   -10.9     3.7    80.6    12.1    34.8 -99.000   0.261 -99.000 -99.000 -99.000     3.3     3.3 -9999.0 -9999.0 -9999.0
94078 20180404  2.423 -108.67   42.68    13.4    -4.6     4.4     5.6     0.0    23.72 C    35.0    -6.6     9.4    59.5    20.7    33.5   0.204   0.260 -99.000 -99.000 -99.000     6.1     4.9 -9999.0 -9999.0 -9999.0
94078 20180405  2.423 -108.67   42.68    15.4    -1.1     7.1     9.2     0.0    14.03 C    30.8    -1.4    10.2    84.2    22.7    39.3   0.202   0.259 -99.000 -99.000 -99.000     7.4     6.4 -9999.0 -9999.0 -9999.0
94078 20180406  2.423 -108.67   42.68     0.8    -8.0    -3.6    -3.9     0.0    12.17 C    22.4    -7.9     1.7    85.5    48.2    69.5   0.195   0.253 -99.000 -99.000 -99.000     4.7     5.1 -9999.0 -9999.0 -9999.0
94078 20180407  2.423 -108.67   42.68    13.5    -8.0     2.8     2.9     1.5    14.89 C    23.4    -8.6     6.6    84.3    39.0    61.2   0.192   0.249 -99.000 -99.000 -99.000     4.8     4.4 -9999.0 -9999.0 -9999.0
94078 20180408  2.423 -108.67   42.68    11.5    -0.6     5.5     6.3     0.0    22.74 C    28.8    -4.0     8.4    73.0    20.7    42.1   0.193   0.248 -99.000 -99.000 -99.000     6.9     6.1 -9999.0 -9999.0 -9999.0
94078 20180409  2.423 -108.67   42.68    12.7    -0.7     6.0     5.3     0.0    24.92 C    36.7    -3.4    11.5    93.0    21.5    48.9   0.193   0.247 -99.000 -99.000 -99.000     9.1     7.6 -9999.0 -9999.0 -9999.0
94078 20180410  2.423 -108.67   42.68    16.2    -1.7     7.3     8.4     0.0    10.39 C    23.0    -6.0     8.0    57.7    16.3    34.8   0.187   0.243 -99.000 -99.000 -99.000     7.1     6.9 -9999.0 -9999.0 -9999.0
94078 20180411  2.423 -108.67   42.68    18.7     6.8    12.7    13.3     0.0    23.91 C    40.8     2.0    16.3    48.1    13.7    25.6   0.188   0.242 -99.000 -99.000 -99.000    11.0     9.1 -9999.0 -9999.0 -9999.0
94078 20180412  2.423 -108.67   42.68    15.6    -2.0     6.8     7.5     0.0    21.78 C    38.0    -4.5    12.0    62.0    12.0    34.6   0.183   0.239 -99.000 -99.000 -99.000    10.8     9.9 -9999.0 -9999.0 -9999.0
94078 20180413  2.423 -108.67   42.68     5.6    -4.4     0.6     0.5     1.4    11.67 C    21.4    -6.9     3.6    91.6    35.9    63.9   0.172   0.232 -99.000 -99.000 -99.000     6.8     7.4 -9999.0 -9999.0 -9999.0
94078 20180414  2.423 -108.67   42.68    12.8    -3.9     4.4     5.0     0.0    22.42 C    36.0    -8.0     9.9    75.8    22.2    41.0   0.171   0.230 -99.000 -99.000 -99.000     8.1     7.4 -9999.0 -9999.0 -9999.0
94078 20180415  2.423 -108.67   42.68    16.6     0.6     8.6     8.6     0.0    18.10 C    34.6    -3.4    10.5    62.3    18.8    39.5   0.168   0.227 -99.000 -99.000 -99.000     9.1     8.4 -9999.0 -9999.0 -9999.0
94078 20180416  2.423 -108.67   42.68    22.2     0.7    11.4    13.7     0.0    22.06 C    37.6    -3.8    14.6    56.5     5.7    21.9   0.165   0.225 -99.000 -99.000 -99.000    10.7     9.5 -9999.0 -9999.0 -9999.0
94078 20180417  2.423 -108.67   42.68    12.0    -4.6     3.7     2.0    11.7     9.84 C     7.6    -9.3    -0.2    94.9    19.9    63.0   0.154   0.219 -99.000 -99.000 -99.000     6.1     7.5 -9999.0 -9999.0 -9999.0
94078 20180418  2.423 -108.67   42.68    11.1    -6.2     2.5     2.8     0.0    25.62 C    24.2   -10.6     3.5    55.7    18.5    39.6   0.183   0.218 -99.000 -99.000 -99.000     6.2     6.1 -9999.0 -9999.0 -9999.0
94078 20180419  2.423 -108.67   42.68    11.2    -1.7     4.7     5.8     0.0    16.95 C    24.9    -2.3     7.9    70.6    28.1    43.9   0.206   0.227 -99.000 -99.000 -99.000     7.5     7.1 -9999.0 -9999.0 -9999.0
94078 20180420  2.423 -108.67   42.68    14.1     2.3     8.2     7.9     0.0    16.15 C    28.4     0.1    10.0    77.8    30.6    47.7   0.197   0.228 -99.000 -99.000 -99.000     8.8     8.1 -9999.0 -9999.0 -9999.0
94078 20180421  2.423 -108.67   42.68    18.7    -0.9     8.9     9.4     0.0    26.63 C    40.4    -3.8    14.5    87.7    16.0    46.4   0.193   0.228 -99.000 -99.000 -99.000    11.4     9.6 -9999.0 -9999.0 -9999.0
94078 20180422  2.423 -108.67   42.68    21.5     4.7    13.1    13.3     0.0    26.43 C    42.5    -0.2    17.6    48.0    14.4    30.5   0.186   0.228 -99.000 -99.000 -99.000    13.4    11.6 -9999.0 -9999.0 -9999.0
94078 20180423  2.423 -108.67   42.68    11.6     0.0     5.8     4.6     2.2     5.79 C    18.8     0.9     5.9    94.6    27.3    66.3   0.172   0.222 -99.000 -99.000 -99.000     9.0     9.7 -9999.0 -9999.0 -9999.0
94078 20180424  2.423 -108.67   42.68     8.0    -1.4     3.3     1.9     0.2    14.24 C    22.2    -4.5     5.4    86.5    39.3    62.7   0.166   0.217 -99.000 -99.000 -99.000     7.3     7.6 -9999.0 -9999.0 -9999.0
94078 20180425  2.423 -108.67   42.68    20.3    -2.6     8.8     8.7     0.0    22.98 C    43.2    -7.5    11.7    62.3     8.0    32.3   0.165   0.215 -99.000 -99.000 -99.000     9.1     8.2 -9999.0 -9999.0 -9999.0
94078 20180426  2.423 -108.67   42.68    16.7     1.2     8.9     9.3     0.0    27.33 C    42.2    -1.5    16.5    74.6    16.6    41.2   0.166   0.216 -99.000 -99.000 -99.000    12.9    11.1 -9999.0 -9999.0 -9999.0
94078 20180427  2.423 -108.67   42.68    22.8     1.6    12.2    13.2     0.0    27.31 C    46.7    -2.9    18.2    48.0    12.3    26.9   0.161   0.213 -99.000 -99.000 -99.000    13.9    12.2 -9999.0 -9999.0 -9999.0
94078 20180428  2.423 -108.67   42.68    23.0     4.0    13.5    14.2     0.0    14.87 C    44.6    -0.5    15.8    56.8    17.4    32.9   0.152   0.208 -99.000 -99.000 -99.000    13.4    12.4 -9999.0 -9999.0 -9999.0
94078 20180429  2.423 -108.67   42.68    20.5     8.7    14.6    14.9     0.0    22.13 C    36.9     4.8    17.4    49.3     9.8    27.9   0.146   0.204 -99.000 -99.000 -99.000    14.3    13.1 -9999.0 -9999.0 -9999.0
94078 20180430  2.423 -108.67   42.68     9.8     0.4     5.1     3.8    29.1     3.20 C    14.3    -0.2     5.4    94.9    49.4    85.9   0.232   0.258 -99.000 -99.000 -99.000     8.7    10.0 -9999.0 -9999.0 -9999.0
94078 20180501  2.423 -108.67   42.68    12.8    -1.1     5.8     5.7     0.0    24.74 C    25.7    -1.5     9.3    94.4    27.5    64.9   0.256   0.312 -99.000 -99.000 -99.000     9.7     9.1 -9999.0 -9999.0 -9999.0
94078 20180502  2.423 -108.67   42.68     8.3     3.3     5.8     5.2     5.2     7.39 C    17.1     2.1     7.8    88.7    66.9    80.9   0.252   0.303 -99.000 -99.000 -99.000     9.0     9.2 -9999.0 -9999.0 -9999.0
94078 20180503  2.423 -108.67   42.68    15.9     1.4     8.7     9.1     0.0    26.61 C    26.9    -0.4    11.2    87.4    32.6    57.7   0.252   0.307 -99.000 -99.000 -99.000    11.2    10.2 -9999.0 -9999.0 -9999.0
94078 20180504  2.423 -108.67   42.68    20.3     5.8    13.0    13.8     0.0    26.63 C    37.0     2.1    15.9    64.5    20.1    36.5   0.234   0.295 -99.000 -99.000 -99.000    13.7    12.2 -9999.0 -9999.0 -9999.0
94078 20180505  2.423 -108.67   42.68    22.7     8.1    15.4    15.4     0.0    23.18 C    40.6     3.8    18.5    53.5    15.6    32.6   0.221   0.283 -99.000 -99.000 -99.000    15.5    13.9 -9999.0 -9999.0 -9999.0
94078 20180506  2.423 -108.67   42.68    23.0     7.0    15.0    15.9     0.0    20.24 C    44.2     4.4    18.8    66.7    21.6    40.3   0.209   0.272 -99.000 -99.000 -99.000    16.0    14.7 -9999.0 -9999.0 -9999.0
94078 20180507  2.423 -108.67   42.68    25.0     8.6    16.8    18.4     0.0    23.19 C    42.0     6.5    20.1    59.7    12.0    22.8   0.197   0.259 -99.000 -99.000 -99.000    17.0    15.5 -9999.0 -9999.0 -9999.0
94078 20180508  2.423 -108.67   42.68    21.7     6.0    13.8    14.6     0.0    28.53 C    45.9     3.0    21.2    66.6    28.1    43.7   0.184   0.246 -99.000 -99.000 -99.000    18.0    16.3 -9999.0 -9999.0 -9999.0
94078 20180509  2.423 -108.67   42.68    24.3     8.6    16.4    16.9     0.0    21.29 C    47.3     5.4    20.7    55.1    19.8    36.2   0.171   0.234 -99.000 -99.000 -99.000    17.8    16.6 -9999.0 -9999.0 -9999.0
94078 20180510  2.423 -108.67   42.68    18.0     8.0    13.0    15.0     0.6     7.99 C    23.3     6.4    15.1    82.7    29.2    42.9   0.158   0.222 -99.000 -99.000 -99.000    15.5    15.4 -9999.0 -9999.0 -9999.0
94078 20180511  2.423 -108.67   42.68    12.1     2.0     7.1     8.0    33.0     4.91 C    16.9     4.4     9.4    94.7    63.8    81.6   0.194   0.232 -99.000 -99.000 -99.000    12.0    12.9 -9999.0 -9999.0 -9999.0
94078 20180512  2.423 -108.67   42.68     6.8     0.7     3.8     4.0     6.6     7.54 C    13.4     2.7     7.5    95.4    77.9    90.3   0.295   0.347 -99.000 -99.000 -99.000     9.1     9.9 -9999.0 -9999.0 -9999.0
94078 20180513  2.423 -108.67   42.68    15.2     3.2     9.2     9.0     0.0    24.29 C    29.1     3.5    13.4    95.1    47.8    73.1   0.272   0.333 -99.000 -99.000 -99.000    13.2    12.0 -9999.0 -9999.0 -9999.0
94078 20180514  2.423 -108.67   42.68    14.9     3.9     9.4    10.1     0.0    15.95 C    27.6     3.0    11.8    83.7    39.7    64.3   0.252   0.316 -99.000 -99.000 -99.000    12.7    12.4 -9999.0 -9999.0 -9999.0
94078 20180515  2.423 -108.67   42.68    20.8     4.4    12.6    13.1     0.0    25.32 C    34.5     2.4    15.4    81.9    31.1    54.9   0.241   0.303 -99.000 -99.000 -99.000    14.5    13.4 -9999.0 -9999.0 -9999.0
94078 20180516  2.423 -108.67   42.68    23.7     7.3    15.5    16.0     0.0    27.25 C    38.3     3.6    18.2    62.5    16.5    37.4   0.227   0.291 -99.000 -99.000 -99.000    16.4    14.9 -9999.0 -9999.0 -9999.0
94078 20180517  2.423 -108.67   42.68    21.7     6.8    14.3    12.6     6.2    16.15 C    45.8     5.0    14.3    76.1    34.1    54.9   0.216   0.277 -99.000 -99.000 -99.000    14.6    14.5 -9999.0 -9999.0 -9999.0
94078 20180518  2.423 -108.67   42.68    16.0     5.5    10.7    10.1     5.1    16.16 C    28.9     4.1    12.7    92.4    48.3    72.1   0.220   0.270 -99.000 -99.000 -99.000    13.5    13.3 -9999.0 -9999.0 -9999.0
94078 20180519  2.423 -108.67   42.68    10.2     5.5     7.8     7.5     6.8     7.24 C    15.2     7.4    10.4    95.2    71.0    85.3   0.276   0.312 -99.000 -99.000 -99.000    11.8    12.1 -9999.0 -9999.0 -9999.0
94078 20180520  2.423 -108.67   42.68    17.1     6.1    11.6    11.6     0.0    23.72 C    30.2     7.7    15.6    91.4    44.3    69.2   0.257   0.313 -99.000 -99.000 -99.000    15.2    13.7 -9999.0 -9999.0 -9999.0
94078 20180521  2.423 -108.67   42.68    22.1     7.7    14.9    14.3     0.7    23.36 C    38.6     5.0    16.8    77.3    38.5    58.5   0.238   0.299 -99.000 -99.000 -99.000    16.2    15.2 -9999.0 -9999.0 -9999.0
94078 20180522  2.423 -108.67   42.68    18.4     7.4    12.9    11.9    13.2    13.32 C    32.0     5.0    13.7    89.6    48.3    68.4   0.241   0.294 -99.000 -99.000 -99.000    14.3    14.2 -9999.0 -9999.0 -9999.0
94078 20180523  2.423 -108.67   42.68    20.2     4.5    12.4    13.0     0.5    25.08 C    26.2     4.1    13.4    91.5    30.7    59.8   0.270   0.322 -99.000 -99.000 -99.000    14.1    13.8 -9999.0 -9999.0 -9999.0
94078 20180524  2.423 -108.67   42.68    23.4     7.3    15.4    16.5     0.0    23.20 C    33.5     5.3    17.2    74.3    26.8    47.3   0.245   0.304 -99.000 -99.000 -99.000    15.8    14.8 -9999.0 -9999.0 -9999.0
94078 20180525  2.423 -108.67   42.68    25.8     8.2    17.0    17.7     0.0    27.59 C    44.3     5.7    21.1    70.5    24.2    48.3   0.229   0.289 -99.000 -99.000 -99.000    18.7    16.8 -9999.0 -9999.0 -9999.0
94078 20180526  2.423 -108.67   42.68    27.6     9.6    18.6    20.0     0.0    30.37 C    42.8     5.6    22.6    60.2     8.7    29.9   0.211   0.271 -99.000 -99.000 -99.000    19.8    18.1 -9999.0 -9999.0 -9999.0
94078 20180527  2.423 -108.67   42.68    17.3     5.6    11.4    12.1    19.3     2.28 C    17.6     2.7    11.3    88.6    41.1    67.8   0.231   0.286 -99.000 -99.000 -99.000    13.9    15.0 -9999.0 -9999.0 -9999.0
94078 20180528  2.423 -108.67   42.68    18.7     5.6    12.1    12.3     3.9    21.64 C    31.3     5.1    15.1    87.7    50.5    67.3   0.263   0.311 -99.000 -99.000 -99.000    14.9    14.3 -9999.0 -9999.0 -9999.0
94078 20180529  2.423 -108.67   42.68    19.1     9.4    14.3    13.8     0.0    14.58 C    26.5     7.7    14.4    82.0    40.0    62.5   0.257   0.307 -99.000 -99.000 -99.000    15.2    14.8 -9999.0 -9999.0 -9999.0
94078 20180530  2.423 -108.67   42.68    23.7     7.5    15.6    17.2     0.0    26.69 C    37.2     5.2    18.9    74.0    26.1    48.9   0.242   0.296 -99.000 -99.000 -99.000    17.4    16.1 -9999.0 -9999.0 -9999.0
94078 20180531  2.423 -108.67   42.68    26.3     9.4    17.8    18.6     0.0    29.22 C    41.1     7.7    21.4    74.1    12.3    40.7   0.223   0.280 -99.000 -99.000 -99.000    19.6    17.9 -9999.0 -9999.0 -9999.0
94078 20180601  2.423 -108.67   42.68    18.2     9.9    14.0    14.2     0.0    28.94 C    34.7     5.5    17.0    56.8    17.8    33.0   0.202   0.261 -99.000 -99.000 -99.000    18.2    17.5 -9999.0 -9999.0 -9999.0
94078 20180602  2.423 -108.67   42.68    21.3     3.9    12.6    13.8     0.0    31.44 C    43.5     2.6    20.2    58.1    18.8    36.8   0.187   0.244 -99.000 -99.000 -99.000    19.1    17.6 -9999.0 -9999.0 -9999.0
94078 20180603  2.423 -108.67   42.68    23.5     6.3    14.9    16.2     0.0    30.96 C    46.3     4.7    22.8    58.2    28.7    41.3   0.173   0.231 -99.000 -99.000 -99.000    20.7    19.0 -9999.0 -9999.0 -9999.0
94078 20180604  2.423 -108.67   42.68    29.4     9.3    19.3    20.8     0.0    29.39 C    49.7     6.4    24.4    49.9    11.0    25.6   0.158   0.218 -99.000 -99.000 -99.000    21.7    20.1 -9999.0 -9999.0 -9999.0
94078 20180605  2.423 -108.67   42.68    30.4    11.6    21.0    21.8     0.0    29.81 C    47.5     8.3    24.6    46.7     8.0    23.7   0.145   0.204 -99.000 -99.000 -99.000    22.0    20.4 -9999.0 -9999.0 -9999.0
94078 20180606  2.423 -108.67   42.68    25.6    10.2    17.9    18.6     0.0    20.37 C    49.5     8.8    22.7    65.3    33.8    51.2   0.135   0.195 -99.000 -99.000 -99.000    21.5    20.5 -9999.0 -9999.0 -9999.0
94078 20180607  2.423 -108.67   42.68    30.1     9.8    19.9    20.3     0.0    29.31 C    48.3     8.4    24.9    82.5     9.8    40.9   0.131   0.189 -99.000 -99.000 -99.000    22.5    20.8 -9999.0 -9999.0 -9999.0
94078 20180608  2.423 -108.67   42.68    29.8    11.1    20.4    20.3     0.0    29.99 C    51.1     8.8    25.5    69.5     7.5    38.5   0.126   0.183 -99.000 -99.000 -99.000    23.3    21.5 -9999.0 -9999.0 -9999.0
94078 20180609  2.423 -108.67   42.68    31.1     9.6    20.3    21.4     0.0    29.98 C    50.3     7.8    25.7    65.2     7.5    29.7   0.119   0.178 -99.000 -99.000 -99.000    23.5    21.9 -9999.0 -9999.0 -9999.0
94078 20180610  2.423 -108.67   42.68    23.4     7.4    15.4    19.4     0.0    30.57 C    40.2     4.3    22.0    35.2     7.9    16.1   0.109   0.173 -99.000 -99.000 -99.000    22.5    21.6 -9999.0 -9999.0 -9999.0
94078 20180611  2.423 -108.67   42.68    23.9     5.0    14.4    15.6     0.0    31.60 C    44.6     2.2    20.7    42.9    12.4    24.3   0.103   0.168 -99.000 -99.000 -99.000    21.0    20.1 -9999.0 -9999.0 -9999.0
94078 20180612  2.423 -108.67   42.68    24.6     4.3    14.4    14.7     0.0    31.67 C    48.4     1.9    22.7    65.6    14.2    37.3   0.100   0.168 -99.000 -99.000 -99.000    21.9    20.5 -9999.0 -9999.0 -9999.0
94078 20180613  2.423 -108.67   42.68    31.0     7.2    19.1    20.9     0.0    28.82 C    51.7     3.3    24.9    46.4     8.2    20.7   0.096   0.166 -99.000 -99.000 -99.000    22.7    21.1 -9999.0 -9999.0 -9999.0
94078 20180614  2.423 -108.67   42.68    32.1    14.8    23.4    25.4     0.0    30.40 C    49.0    12.6    28.2    36.2     6.9    14.2   0.093   0.166 -99.000 -99.000 -99.000    24.7    22.5 -9999.0 -9999.0 -9999.0
94078 20180615  2.423 -108.67   42.68    31.8    11.4    21.6    18.6     0.3    28.41 C    52.4     9.7    26.5    82.0     6.6    49.7   0.088   0.164 -99.000 -99.000 -99.000    24.8    22.9 -9999.0 -9999.0 -9999.0
94078 20180616  2.423 -108.67   42.68    22.0     9.6    15.8    15.5     1.1    25.77 C    47.0     8.8    24.3    87.4    42.6    66.6   0.085   0.163 -99.000 -99.000 -99.000    23.8    22.5 -9999.0 -9999.0 -9999.0
94078 20180617  2.423 -108.67   42.68    14.2    10.6    12.4    11.4    27.7     2.27 C    15.3    11.9    13.4    94.3    78.2    90.1   0.187   0.163 -99.000 -99.000 -99.000    16.9    18.7 -9999.0 -9999.0 -9999.0
94078 20180618  2.423 -108.67   42.68    20.2     9.7    15.0    13.4     4.7    22.52 C    29.8     9.2    16.2    93.8    29.2    71.3   0.266   0.267 -99.000 -99.000 -99.000    17.5    17.3 -9999.0 -9999.0 -9999.0
94078 20180619  2.423 -108.67   42.68    19.6     8.6    14.1    13.7     1.1    19.05 C    30.0     8.2    15.4    83.0    34.8    60.4   0.232   0.264 -99.000 -99.000 -99.000    17.2    17.3 -9999.0 -9999.0 -9999.0
94078 20180620  2.423 -108.67   42.68    20.1     7.8    13.9    14.2     0.0    21.98 C    32.2     6.8    17.2    84.2    45.4    64.1   0.214   0.247 -99.000 -99.000 -99.000    17.7    17.4 -9999.0 -9999.0 -9999.0
94078 20180621  2.423 -108.67   42.68    29.1     8.3    18.7    17.8     0.0    27.40 C    43.1     6.9    21.0    82.6    12.0    51.2   0.197   0.232 -99.000 -99.000 -99.000    20.1    18.8 -9999.0 -9999.0 -9999.0
94078 20180622  2.423 -108.67   42.68    22.1     9.4    15.7    16.6     2.3    21.10 C    43.3     7.5    18.5    73.7    30.3    45.7   0.177   0.216 -99.000 -99.000 -99.000    19.1    18.9 -9999.0 -9999.0 -9999.0
94078 20180623  2.423 -108.67   42.68    24.4     8.0    16.2    16.5    18.1    15.64 C    38.6     4.1    17.1    84.0    20.7    48.4   0.166   0.206 -99.000 -99.000 -99.000    17.5    17.6 -9999.0 -9999.0 -9999.0
94078 20180624  2.423 -108.67   42.68    20.9     8.6    14.7    14.5     0.6    29.37 C    32.0     8.8    18.4    91.3    35.1    60.9   0.239   0.244 -99.000 -99.000 -99.000    18.5    17.6 -9999.0 -9999.0 -9999.0
94078 20180625  2.423 -108.67   42.68    26.9    10.5    18.7    19.0     0.0    31.28 C    43.1     7.9    23.1    68.4    21.1    44.9   0.211   0.234 -99.000 -99.000 -99.000    21.6    19.8 -9999.0 -9999.0 -9999.0
94078 20180626  2.423 -108.67   42.68    30.7    15.3    23.0    24.5     0.0    30.75 C    45.9    11.4    26.0    42.0     8.5    21.2   0.185   0.218 -99.000 -99.000 -99.000    23.6    21.7 -9999.0 -9999.0 -9999.0
94078 20180627  2.423 -108.67   42.68    32.3    12.6    22.5    22.9     0.0    31.15 C    51.6     9.6    27.4    47.8    10.9    26.0   0.163   0.203 -99.000 -99.000 -99.000    24.6    22.7 -9999.0 -9999.0 -9999.0
94078 20180628  2.423 -108.67   42.68    32.9    15.2    24.1    25.6     0.0    29.95 C    50.3    11.3    27.7    38.1     5.4    16.7   0.146   0.193 -99.000 -99.000 -99.000    25.1    23.5 -9999.0 -9999.0 -9999.0
94078 20180629  2.423 -108.67   42.68    24.2    13.0    18.6    18.9     0.0    22.66 C    40.2    11.0    21.6    62.0    10.5    31.2   0.131   0.182 -99.000 -99.000 -99.000    22.4    22.1 -9999.0 -9999.0 -9999.0
94078 20180630  2.423 -108.67   42.68    18.9     7.9    13.4    13.6     0.0    23.24 C    44.1     6.9    19.8    68.8    31.9    49.7   0.124   0.174 -99.000 -99.000 -99.000    21.1    20.7 -9999.0 -9999.0 -9999.0
94078 20180701  2.423 -108.67   42.68    26.5     7.3    16.9    18.6     0.0    31.18 C    52.5     5.8    25.0    56.6    17.0    31.4   0.122   0.170 -99.000 -99.000 -99.000    22.6    21.2 -9999.0 -9999.0 -9999.0
94078 20180702  2.423 -108.67   42.68    30.5    15.4    23.0    23.3     0.0    30.31 C    49.6    10.6    27.0    39.1     9.9    22.7   0.117   0.168 -99.000 -99.000 -99.000    24.5    22.8 -9999.0 -9999.0 -9999.0
94078 20180703  2.423 -108.67   42.68    27.4    15.1    21.2    21.9     0.0    25.82 C    47.1    12.6    25.9    50.7    14.0    26.5   0.108   0.166 -99.000 -99.000 -99.000    24.4    23.0 -9999.0 -9999.0 -9999.0
94078 20180704  2.423 -108.67   42.68    27.4     8.4    17.9    19.5     0.0    29.37 C    51.9     7.7    27.1    65.2    24.5    40.1   0.101   0.164 -99.000 -99.000 -99.000    24.9    23.1 -9999.0 -9999.0 -9999.0
94078 20180705  2.423 -108.67   42.68    29.6    15.5    22.6    21.5     0.0    24.05 C    52.8    13.5    27.5    69.7    17.5    46.0   0.096   0.164 -99.000 -99.000 -99.000    25.7    24.0 -9999.0 -9999.0 -9999.0
94078 20180706  2.423 -108.67   42.68    35.7    13.5    24.6    24.4     0.0    25.11 C    56.8    10.7    28.9    62.0     9.0    32.8   0.092   0.163 -99.000 -99.000 -99.000    26.0    24.2 -9999.0 -9999.0 -9999.0
94078 20180707  2.423 -108.67   42.68    36.6    19.3    27.9    28.3     0.0    26.74 C    58.8    14.8    32.0    32.8     7.0    18.1   0.090   0.162 -99.000 -99.000 -99.000    27.7    25.4 -9999.0 -9999.0 -9999.0
94078 20180708  2.423 -108.67   42.68    36.1    20.1    28.1    28.4     0.0    27.94 C    60.8    14.6    34.2    30.2     9.4    18.4   0.085   0.163 -99.000 -99.000 -99.000    29.1    26.4 -9999.0 -9999.0 -9999.0
94078 20180709  2.423 -108.67   42.68    33.1    20.5    26.8    25.8     0.2    17.29 C    57.1    18.2    29.4    55.3    19.7    32.7   0.079   0.161 -99.000 -99.000 -99.000    27.9    26.4 -9999.0 -9999.0 -9999.0
94078 20180710  2.423 -108.67   42.68    36.1    17.0    26.6    26.5     0.0    24.76 C    58.4    13.8    31.9    54.6    12.5    32.4   0.079   0.161 -99.000 -99.000 -99.000    28.4    26.2 -9999.0 -9999.0 -9999.0
94078 20180711  2.423 -108.67   42.68    30.0    17.0    23.5    23.1     3.7    15.13 C    54.2    15.2    25.9    75.9    26.9    45.2   0.074   0.159 -99.000 -99.000 -99.000    26.3    25.7 -9999.0 -9999.0 -9999.0
94078 20180712  2.423 -108.67   42.68    29.5    11.5    20.5    21.3     0.5    22.15 C    42.5     9.6    23.5    89.8    21.9    53.0   0.076   0.155 -99.000 -99.000 -99.000    23.7    23.2 -9999.0 -9999.0 -9999.0
94078 20180713  2.423 -108.67   42.68    31.9    14.1    23.0    23.4     0.0    29.84 C    55.0    10.9    29.9    75.2    14.9    40.5   0.087   0.156 -99.000 -99.000 -99.000    26.9    24.8 -9999.0 -9999.0 -9999.0
94078 20180714  2.423 -108.67   42.68    34.2    17.2    25.7    25.4     0.0    22.48 C    59.7    13.2    30.2    42.0     7.1    21.6   0.090   0.156 -99.000 -99.000 -99.000    26.9    25.4 -9999.0 -9999.0 -9999.0
94078 20180715  2.423 -108.67   42.68    31.2    13.5    22.4    23.0     0.0    24.61 C    55.3    12.3    29.1    61.7    17.5    38.7   0.087   0.156 -99.000 -99.000 -99.000    27.2    25.6 -9999.0 -9999.0 -9999.0
94078 20180716  2.423 -108.67   42.68    30.7    14.2    22.5    22.3     0.0    22.79 C    55.3    12.5    27.9    73.1    18.0    42.2   0.081   0.156 -99.000 -99.000 -99.000    26.7    25.4 -9999.0 -9999.0 -9999.0
94078 20180717  2.423 -108.67   42.68    30.9    13.4    22.1    21.1     0.0    25.69 C    56.2    12.0    28.3    73.4    14.4    44.1   0.078   0.155 -99.000 -99.000 -99.000    27.2    25.5 -9999.0 -9999.0 -9999.0
94078 20180718  2.423 -108.67   42.68    31.8    12.6    22.2    23.0     0.0    29.80 C    57.4     9.3    29.7    56.3     7.8    26.2   0.075   0.155 -99.000 -99.000 -99.000    27.6    25.8 -9999.0 -9999.0 -9999.0
94078 20180719  2.423 -108.67   42.68    32.9    12.3    22.6    24.4     0.0    29.96 C    58.1     9.6    31.0    44.8     5.4    19.9   0.073   0.154 -99.000 -99.000 -99.000    28.2    26.2 -9999.0 -9999.0 -9999.0
94078 20180720  2.423 -108.67   42.68    35.7    13.2    24.4    25.6     0.0    26.42 C    59.5    10.2    31.6    34.3     5.7    17.4   0.070   0.154 -99.000 -99.000 -99.000    28.5    26.5 -9999.0 -9999.0 -9999.0
94078 20180721  2.423 -108.67   42.68    33.2    19.2    26.2    26.1     0.0    18.35 C    55.5    14.5    29.2    45.8    16.3    26.0   0.067   0.153 -99.000 -99.000 -99.000    28.1    26.7 -9999.0 -9999.0 -9999.0
94078 20180722  2.423 -108.67   42.68    26.9    14.1    20.5    21.6     2.5     7.83 C    39.3    10.4    21.4    73.3    23.0    42.0   0.063   0.150 -99.000 -99.000 -99.000    24.0    24.5 -9999.0 -9999.0 -9999.0
94078 20180723  2.423 -108.67   42.68    32.0    11.6    21.8    22.4     0.0    27.83 C    55.9     8.6    27.0    74.4    12.5    38.5   0.069   0.148 -99.000 -99.000 -99.000    25.2    23.7 -9999.0 -9999.0 -9999.0
94078 20180724  2.423 -108.67   42.68    34.0    14.5    24.2    24.9     0.0    27.93 C    59.1    10.4    31.0    51.4     8.8    26.5   0.077   0.150 -99.000 -99.000 -99.000    27.6    25.6 -9999.0 -9999.0 -9999.0
94078 20180725  2.423 -108.67   42.68    25.8    13.2    19.5    19.8     4.5    16.66 C    48.4    11.6    21.6    82.2    29.3    48.7   0.070   0.148 -99.000 -99.000 -99.000    24.1    24.5 -9999.0 -9999.0 -9999.0
94078 20180726  2.423 -108.67   42.68    30.7     9.6    20.1    20.6     0.0    27.49 C    50.9     8.2    25.8    85.6    19.4    47.9   0.074   0.146 -99.000 -99.000 -99.000    24.7    23.5 -9999.0 -9999.0 -9999.0
94078 20180727  2.423 -108.67   42.68    28.8    10.4    19.6    19.6     0.0    24.95 C    52.2     9.3    26.3    81.2    24.4    49.6   0.080   0.147 -99.000 -99.000 -99.000    25.3    24.2 -9999.0 -9999.0 -9999.0
94078 20180728  2.423 -108.67   42.68    28.5    10.3    19.4    18.3     0.0    19.17 C    47.1     9.1    23.0    82.9    17.1    50.5   0.079   0.147 -99.000 -99.000 -99.000    23.7    23.4 -9999.0 -9999.0 -9999.0
94078 20180729  2.423 -108.67   42.68    26.8     9.3    18.0    18.1     0.8    23.91 C    54.5     7.7    24.1    70.6    27.5    45.2   0.076   0.146 -99.000 -99.000 -99.000    23.6    23.1 -9999.0 -9999.0 -9999.0
94078 20180730  2.423 -108.67   42.68    28.7    10.2    19.4    19.8     0.0    28.41 C    53.9     7.4    26.5    60.3    16.6    34.2   0.075   0.147 -99.000 -99.000 -99.000    24.7    23.4 -9999.0 -9999.0 -9999.0
94078 20180731  2.423 -108.67   42.68    31.8    12.7    22.2    22.7     0.0    25.88 C    56.6     8.9    28.7    35.5    10.5    20.8   0.074   0.148 -99.000 -99.000 -99.000    25.9    24.4 -9999.0 -9999.0 -9999.0
94078 20180801  2.423 -108.67   42.68    32.0    13.6    22.8    21.0     8.0    16.04 C    53.5    10.8    23.7    73.6    14.9    36.8   0.068   0.147 -99.000 -99.000 -99.000    24.2    23.9 -9999.0 -9999.0 -9999.0
94078 20180802  2.423 -108.67   42.68    30.2    16.4    23.3    22.7     0.7    13.59 C    39.1    11.1    19.7    52.7    12.5    36.2   0.068   0.144 -99.000 -99.000 -99.000    20.8    21.5 -9999.0 -9999.0 -9999.0
94078 20180803  2.423 -108.67   42.68    31.7    13.8    22.7    23.7     0.0    21.04 C    47.8    10.9    24.2    61.3     8.1    28.3   0.077   0.144 -99.000 -99.000 -99.000    22.7    21.7 -9999.0 -9999.0 -9999.0
94078 20180804  2.423 -108.67   42.68    30.6    12.3    21.5    22.3     0.0    25.56 C    49.3     8.8    25.4    48.3     6.5    22.1   0.084   0.145 -99.000 -99.000 -99.000    23.8    22.7 -9999.0 -9999.0 -9999.0
94078 20180805  2.423 -108.67   42.68    24.2    10.7    17.4    18.1     0.0    18.68 C    49.9     8.6    22.3    67.6    24.6    39.8   0.086   0.145 -99.000 -99.000 -99.000    22.8    22.6 -9999.0 -9999.0 -9999.0
94078 20180806  2.423 -108.67   42.68    27.5     9.0    18.3    18.3     0.0    24.90 C    50.7     6.1    24.3    68.8    16.4    39.6   0.085   0.145 -99.000 -99.000 -99.000    22.8    22.0 -9999.0 -9999.0 -9999.0
94078 20180807  2.423 -108.67   42.68    29.3    10.3    19.8    20.5     0.0    26.23 C    54.4     6.6    26.7    48.5    12.7    27.4   0.084   0.146 -99.000 -99.000 -99.000    24.2    22.9 -9999.0 -9999.0 -9999.0
94078 20180808  2.423 -108.67   42.68    31.4    13.6    22.5    22.7     0.0    26.42 C    56.0     8.5    28.2    39.7    10.0    22.2   0.079   0.147 -99.000 -99.000 -99.000    25.4    23.9 -9999.0 -9999.0 -9999.0
94078 20180809  2.423 -108.67   42.68    33.1    13.8    23.4    23.6     0.0    26.43 C    57.5     9.1    28.7    31.7    10.0    18.0   0.074   0.148 -99.000 -99.000 -99.000    25.9    24.4 -9999.0 -9999.0 -9999.0
94078 20180810  2.423 -108.67   42.68    33.9    14.7    24.3    24.9     0.0    26.24 C    58.7    10.1    30.1    34.6     9.0    19.0   0.071   0.148 -99.000 -99.000 -99.000    26.8    24.9 -9999.0 -9999.0 -9999.0
94078 20180811  2.423 -108.67   42.68    36.3    15.2    25.8    27.2     0.0    25.81 C    60.8    10.1    31.5    33.7     6.8    15.4   0.069   0.148 -99.000 -99.000 -99.000    27.8    25.5 -9999.0 -9999.0 -9999.0
94078 20180812  2.423 -108.67   42.68    36.1    16.7    26.4    27.5     0.0    19.86 C    60.1    12.9    30.1    27.0     6.7    13.1   0.066   0.147 -99.000 -99.000 -99.000    27.7    26.0 -9999.0 -9999.0 -9999.0
94078 20180813  2.423 -108.67   42.68    30.3    17.1    23.7    24.2     0.0    15.79 C    50.1    15.2    26.6    54.8    12.9    24.6   0.063   0.146 -99.000 -99.000 -99.000    25.9    25.0 -9999.0 -9999.0 -9999.0
94078 20180814  2.423 -108.67   42.68    31.8    13.9    22.9    21.8     0.0    20.26 C    51.6    11.0    26.3    61.6     4.9    37.7   0.063   0.145 -99.000 -99.000 -99.000    25.7    24.7 -9999.0 -9999.0 -9999.0
94078 20180815  2.423 -108.67   42.68    29.9    10.3    20.1    20.3     0.0    24.58 C    54.3     7.2    26.3    65.2    12.8    35.0   0.063   0.144 -99.000 -99.000 -99.000    25.3    24.3 -9999.0 -9999.0 -9999.0
94078 20180816  2.423 -108.67   42.68    30.9    12.0    21.5    22.3     0.0    22.37 C    51.5     7.2    26.6    34.9     5.8    17.6   0.062   0.143 -99.000 -99.000 -99.000    25.1    24.1 -9999.0 -9999.0 -9999.0
94078 20180817  2.423 -108.67   42.68    32.6    16.4    24.5    24.3     0.0    18.69 C    54.2    14.2    28.5    33.9     9.6    19.4   0.062   0.143 -99.000 -99.000 -99.000    26.4    24.9 -9999.0 -9999.0 -9999.0
94078 20180818  2.423 -108.67   42.68    25.8    12.9    19.4    19.6     1.3    15.68 C    50.5    10.8    23.8    73.7    20.4    41.7   0.060   0.142 -99.000 -99.000 -99.000    24.8    24.4 -9999.0 -9999.0 -9999.0
94078 20180819  2.423 -108.67   42.68    23.8    12.8    18.3    17.2     0.0    19.57 C    45.8    10.0    22.3    79.7    29.6    52.2   0.062   0.140 -99.000 -99.000 -99.000    23.7    23.1 -9999.0 -9999.0 -9999.0
94078 20180820  2.423 -108.67   42.68    24.0     9.1    16.6    16.1     2.5    12.94 C    42.5     6.3    19.6    92.3    35.8    59.9   0.061   0.138 -99.000 -99.000 -99.000    21.3    21.8 -9999.0 -9999.0 -9999.0
94078 20180821  2.423 -108.67   42.68    17.6     9.8    13.7    13.0     0.7    10.16 C    29.0    10.8    16.9    89.8    55.2    74.6   0.060   0.136 -99.000 -99.000 -99.000    19.4    20.2 -9999.0 -9999.0 -9999.0
94078 20180822  2.423 -108.67   42.68    24.2     9.2    16.7    16.8     0.4    14.80 C    41.8     6.9    18.6    90.0    26.0    58.4   0.063   0.136 -99.000 -99.000 -99.000    19.6    19.8 -9999.0 -9999.0 -9999.0
94078 20180823  2.423 -108.67   42.68    26.7    12.0    19.3    20.4     0.0    20.60 C    37.1     8.6    20.9    57.4    15.1    26.5   0.069   0.136 -99.000 -99.000 -99.000    21.0    20.5 -9999.0 -9999.0 -9999.0
94078 20180824  2.423 -108.67   42.68    30.2    14.2    22.2    22.3     0.0    19.52 C    48.2     7.6    24.2    38.9     8.4    22.0   0.073   0.137 -99.000 -99.000 -99.000    21.6    21.0 -9999.0 -9999.0 -9999.0
94078 20180825  2.423 -108.67   42.68    30.8    12.8    21.8    22.7     0.0    23.87 C    52.6     9.3    26.0    46.2     5.7    20.8   0.073   0.139 -99.000 -99.000 -99.000    23.7    22.4 -9999.0 -9999.0 -9999.0
94078 20180826  2.423 -108.67   42.68    29.0    14.7    21.8    21.9     0.0    23.25 C    46.1     9.1    23.6    22.8     6.7    13.4   0.068   0.139 -99.000 -99.000 -99.000    22.8    22.1 -9999.0 -9999.0 -9999.0
94078 20180827  2.423 -108.67   42.68    22.7    10.1    16.4    17.0     0.0    19.06 C    45.6     8.2    21.0    58.7    14.8    31.9   0.064   0.139 -99.000 -99.000 -99.000    21.7    21.6 -9999.0 -9999.0 -9999.0
94078 20180828  2.423 -108.67   42.68    21.5     7.4    14.4    13.6     0.0    23.16 C    47.7     6.6    22.2    77.5    23.2    47.5   0.062   0.138 -99.000 -99.000 -99.000    22.0    21.3 -9999.0 -9999.0 -9999.0
94078 20180829  2.423 -108.67   42.68    28.1     8.5    18.3    18.5     0.0    24.43 C    51.8     3.3    23.0    47.8     5.8    23.5   0.061   0.138 -99.000 -99.000 -99.000    21.8    21.1 -9999.0 -9999.0 -9999.0
94078 20180830  2.423 -108.67   42.68    30.9    15.3    23.1    23.1     0.0    20.69 C    50.5     8.6    23.7    27.7     7.3    14.7   0.061   0.138 -99.000 -99.000 -99.000    22.8    21.8 -9999.0 -9999.0 -9999.0
94078 20180831  2.423 -108.67   42.68    28.6    13.0    20.8    20.7     0.0    19.07 C    50.2     6.9    23.0    36.2     6.5    18.7   0.059   0.138 -99.000 -99.000 -99.000    22.4    21.8 -9999.0 -9999.0 -9999.0
94078 20180901  2.423 -108.67   42.68    28.6     8.3    18.5    19.4     0.0    23.20 C    51.0     4.1    23.0    39.0     6.3    18.7   0.058   0.137 -99.000 -99.000 -99.000    22.0    21.4 -9999.0 -9999.0 -9999.0
94078 20180902  2.423 -108.67   42.68    27.8     9.0    18.4    18.8     0.0    23.32 C    51.5     4.5    23.4    39.3     9.9    21.1   0.058   0.137 -99.000 -99.000 -99.000    22.3    21.5 -9999.0 -9999.0 -9999.0
94078 20180903  2.423 -108.67   42.68    30.4    11.0    20.7    21.2     0.0    23.37 C    53.3     4.1    24.2    24.7     5.3    12.7   0.058   0.136 -99.000 -99.000 -99.000    22.7    21.7 -9999.0 -9999.0 -9999.0
94078 20180904  2.423 -108.67   42.68    26.3    12.0    19.1    18.9     0.0    22.35 C    51.3     6.5    23.9    47.0    15.6    29.4   0.057   0.137 -99.000 -99.000 -99.000    22.8    21.8 -9999.0 -9999.0 -9999.0
94078 20180905  2.423 -108.67   42.68    27.4     7.6    17.5    17.1     0.0    18.62 C    48.2     4.8    21.3    62.6    13.4    36.8   0.055   0.135 -99.000 -99.000 -99.000    21.5    21.2 -9999.0 -9999.0 -9999.0
94078 20180906  2.423 -108.67   42.68    29.3    11.3    20.3    20.6     0.0    19.26 C    50.7     6.9    23.7    41.3     8.3    23.4   0.057   0.135 -99.000 -99.000 -99.000    22.2    21.3 -9999.0 -9999.0 -9999.0
94078 20180907  2.423 -108.67   42.68    29.2    13.2    21.2    20.6     0.0    13.20 C    51.8     9.6    21.3    40.9    11.5    24.1   0.056   0.134 -99.000 -99.000 -99.000    21.5    21.2 -9999.0 -9999.0 -9999.0
94078 20180908  2.423 -108.67   42.68    27.7    10.8    19.2    17.7     3.7     7.70 C    36.4     6.6    15.4    73.8    14.4    37.3   0.053   0.132 -99.000 -99.000 -99.000    18.3    19.3 -9999.0 -9999.0 -9999.0
94078 20180909  2.423 -108.67   42.68    27.0     7.8    17.4    17.6     0.0    21.21 C    42.9     2.9    17.9    75.4    11.5    33.4   0.056   0.131 -99.000 -99.000 -99.000    18.6    18.6 -9999.0 -9999.0 -9999.0
94078 20180910  2.423 -108.67   42.68    30.3     9.5    19.9    21.0     0.0    19.83 C    48.3     4.2    21.3    39.0     4.5    16.0   0.062   0.131 -99.000 -99.000 -99.000    19.4    18.9 -9999.0 -9999.0 -9999.0
94078 20180911  2.423 -108.67   42.68    30.0    14.1    22.0    21.9     0.0    20.54 C    48.5     7.9    22.3    25.0     4.6    11.3   0.067   0.133 -99.000 -99.000 -99.000    20.9    20.2 -9999.0 -9999.0 -9999.0
94078 20180912  2.423 -108.67   42.68    29.6     9.4    19.5    20.2     0.0    20.82 C    44.9     4.1    19.9    25.4     5.2    13.2   0.064   0.133 -99.000 -99.000 -99.000    19.8    19.6 -9999.0 -9999.0 -9999.0
94078 20180913  2.423 -108.67   42.68    26.6     6.0    16.3    16.5     0.0    20.82 C    44.3     1.8    18.6    49.3     7.3    24.9   0.060   0.132 -99.000 -99.000 -99.000    18.9    18.9 -9999.0 -9999.0 -9999.0
94078 20180914  2.423 -108.67   42.68    28.2     7.2    17.7    18.3     0.0    20.46 C    47.6     1.7    19.7    40.0     4.3    19.5   0.058   0.132 -99.000 -99.000 -99.000    19.1    18.8 -9999.0 -9999.0 -9999.0
94078 20180915  2.423 -108.67   42.68    31.7     6.6    19.2    20.5     0.0    20.92 C    48.1     1.6    21.8    47.5     3.5    19.0   0.058   0.132 -99.000 -99.000 -99.000    19.9    19.2 -9999.0 -9999.0 -9999.0
94078 20180916  2.423 -108.67   42.68    29.4    10.6    20.0    22.4     0.0    20.81 C    43.1     6.3    22.6    40.5     7.1    17.0   0.059   0.134 -99.000 -99.000 -99.000    21.3    20.4 -9999.0 -9999.0 -9999.0
94078 20180917  2.423 -108.67   42.68    29.1    11.2    20.1    20.8     0.0    20.98 C    47.3     4.3    21.3    26.9     4.8    14.0   0.057   0.134 -99.000 -99.000 -99.000    20.8    20.2 -9999.0 -9999.0 -9999.0
94078 20180918  2.423 -108.67   42.68    29.1     8.3    18.7    19.2     0.0    20.64 C    47.5     4.7    20.4    54.8     4.2    23.2   0.055   0.132 -99.000 -99.000 -99.000    19.9    19.6 -9999.0 -9999.0 -9999.0
94078 20180919  2.423 -108.67   42.68    23.8     7.4    15.6    15.8     0.0    19.59 C    46.0     3.9    21.0    63.3    26.9    43.3   0.054   0.132 -99.000 -99.000 -99.000    19.8    19.3 -9999.0 -9999.0 -9999.0
94078 20180920  2.423 -108.67   42.68    20.7     6.0    13.4    13.3     0.0    18.79 C    40.6     2.7    17.4    79.1     8.0    43.2   0.054   0.132 -99.000 -99.000 -99.000    19.1    19.3 -9999.0 -9999.0 -9999.0
94078 20180921  2.423 -108.67   42.68    24.7     1.7    13.2    13.4     0.0    19.84 C    43.4    -2.1    16.2    61.7     6.1    30.3   0.053   0.128 -99.000 -99.000 -99.000    17.0    17.5 -9999.0 -9999.0 -9999.0
94078 20180922  2.423 -108.67   42.68    28.0    11.0    19.5    18.9     0.0    15.95 C    45.8     5.2    17.3    24.3     4.4    12.0   0.052   0.129 -99.000 -99.000 -99.000    17.5    17.6 -9999.0 -9999.0 -9999.0
94078 20180923  2.423 -108.67   42.68    27.4    14.4    20.9    20.4     0.0    17.60 C    45.3     8.0    20.9    33.3     6.5    15.6   0.054   0.131 -99.000 -99.000 -99.000    19.2    18.5 -9999.0 -9999.0 -9999.0
94078 20180924  2.423 -108.67   42.68    18.2     3.7    11.0    10.3     0.0    16.48 C    40.4     0.3    15.2    74.0    22.1    48.8   0.052   0.129 -99.000 -99.000 -99.000    17.5    17.8 -9999.0 -9999.0 -9999.0
94078 20180925  2.423 -108.67   42.68    16.1    -0.7     7.7     7.9     0.0    19.12 C    38.7    -3.6    12.9    76.7    22.2    44.5   0.050   0.127 -99.000 -99.000 -99.000    15.3    16.1 -9999.0 -9999.0 -9999.0
94078 20180926  2.623 -108.67   42.68 -9999.0 -9999.0 -9999.0 -9999.0 -9999.0 -9999.00 U -9999.0 -9999.0 -9999.0 -9999.0 -9999.0 -9999.0 -99.000 -99.000 -99.000 -99.000 -99.000 -9999.0 -9999.0 -9999.0 -9999.0 -9999.0
94078 20180927  2.623 -108.67   42.68    22.7     7.2    14.9    13.9     0.0    17.48 C    43.7     0.8    16.3    57.5    11.8    23.8   0.050   0.121 -99.000 -99.000 -99.000    15.7    15.6 -9999.0 -9999.0 -9999.0
94078 20180928  2.623 -108.67   42.68    12.4     3.0     7.7     6.5     0.0    13.06 C    34.1     0.5    12.0    75.7    40.5    61.2   0.048   0.121 -99.000 -99.000 -99.000    14.6    15.3 -9999.0 -9999.0 -9999.0
94078 20180929  2.623 -108.67   42.68    14.5     0.7     7.6     6.8     0.0    10.08 C    27.8    -1.9     9.8    79.5    37.1    61.8   0.047   0.119 -99.000 -99.000 -99.000    12.3    13.6 -9999.0 -9999.0 -9999.0
94078 20180930  2.623 -108.67   42.68    12.2     4.2     8.2     7.3     0.0    11.35 C    34.4     2.7    12.3    80.4    47.5    64.0   0.049   0.119 -99.000 -99.000 -99.000    13.7    14.0 -9999.0 -9999.0 -9999.0
94078 20181001  2.623 -108.67   42.68    23.7     1.4    12.6    12.5     0.0    17.15 C    41.6    -2.1    15.0    82.1    10.5    44.6   0.050   0.119 -99.000 -99.000 -99.000    14.0    14.0 -9999.0 -9999.0 -9999.0
94078 20181002  2.623 -108.67   42.68    26.1     9.4    17.8    18.3     3.0    17.67 C    42.8     7.5    20.4    71.1    20.9    38.0   0.053   0.122 -99.000 -99.000 -99.000    17.5    16.2 -9999.0 -9999.0 -9999.0
94078 20181003  2.623 -108.67   42.68    22.3     5.4    13.9    13.9     0.0    12.83 C    37.8     3.9    12.8    67.4    20.8    46.5   0.051   0.121 -99.000 -99.000 -99.000    14.8    15.6 -9999.0 -9999.0 -9999.0
94078 20181004  2.623 -108.67   42.68    18.4     3.6    11.0    10.1     0.7    10.52 C    29.0     2.9    10.7    86.9    34.0    59.9   0.053   0.119 -99.000 -99.000 -99.000    12.6    13.8 -9999.0 -9999.0 -9999.0
94078 20181005  2.623 -108.67   42.68    12.1     1.5     6.8     6.0     1.5     8.04 C    20.5    -2.3     7.4    93.1    48.3    70.8   0.055   0.117 -99.000 -99.000 -99.000    11.0    12.7 -9999.0 -9999.0 -9999.0
94078 20181006  2.623 -108.67   42.68     8.7    -0.7     4.0     5.0     0.0     7.95 C    20.0    -3.3     6.4    83.4    44.3    58.2   0.054   0.115 -99.000 -99.000 -99.000     8.8    10.6 -9999.0 -9999.0 -9999.0
94078 20181007  2.623 -108.67   42.68     6.3     2.1     4.2     3.9     7.9     1.58 C     7.4     2.9     4.9    92.5    51.8    81.9   0.059   0.115 -99.000 -99.000 -99.000     7.7     9.9 -9999.0 -9999.0 -9999.0
94078 20181008  2.623 -108.67   42.68     3.1     0.1     1.6     1.6     4.6     1.93 C     6.8     0.2     2.9    96.1    79.2    88.6   0.117   0.112 -99.000 -99.000 -99.000     5.3     8.0 -9999.0 -9999.0 -9999.0
94078 20181009  2.623 -108.67   42.68     5.4    -1.4     2.0     1.8     0.0     5.98 C    17.9    -1.4     4.4    96.2    58.2    80.0   0.192   0.111 -99.000 -99.000 -99.000     5.8     7.3 -9999.0 -9999.0 -9999.0
94078 20181010  2.623 -108.67   42.68     1.7    -2.5    -0.4    -0.4     2.7     6.07 C    13.0    -2.2     1.2    89.7    62.1    77.7   0.189   0.111 -99.000 -99.000 -99.000     4.2     6.2 -9999.0 -9999.0 -9999.0
94078 20181011  2.623 -108.67   42.68     9.1    -3.9     2.6     2.3     0.0    15.04 C    23.5    -3.6     4.5    87.6    40.9    66.7   0.187   0.112 -99.000 -99.000 -99.000     5.3     6.2 -9999.0 -9999.0 -9999.0
94078 20181012  2.623 -108.67   42.68    15.9    -2.4     6.7     6.6     0.0    16.50 C    25.7    -3.8     6.6    85.6    23.4    47.0   0.175   0.115 -99.000 -99.000 -99.000     6.4     7.0 -9999.0 -9999.0 -9999.0
94078 20181013  2.623 -108.67   42.68     9.5    -6.1     1.7     1.3     9.8     8.25 C    23.2    -6.3     1.3    92.1    41.5    69.1   0.163   0.116 -99.000 -99.000 -99.000     4.9     6.4 -9999.0 -9999.0 -9999.0
94078 20181014  2.623 -108.67   42.68    -2.6    -8.5    -5.6    -5.9     1.0    14.50 C     0.4   -13.3    -5.9    88.5    51.4    70.9   0.203   0.115 -99.000 -99.000 -99.000     2.8     4.7 -9999.0 -9999.0 -9999.0
94078 20181015  2.623 -108.67   42.68     7.9   -10.5    -1.3    -1.5     0.0    14.13 C    13.6   -12.4    -1.7    74.1    28.5    56.8   0.223   0.125 -99.000 -99.000 -99.000     2.1     3.5 -9999.0 -9999.0 -9999.0
94078 20181016  2.623 -108.67   42.68    12.6    -3.3     4.7     4.5     0.0    15.64 C    21.4    -4.4     4.2    77.1    31.4    53.0   0.218   0.148 -99.000 -99.000 -99.000     3.9     4.3 -9999.0 -9999.0 -9999.0
94078 20181017  2.623 -108.67   42.68    13.1     0.0     6.6     6.2     0.0    15.53 C    22.9    -3.2     5.9    71.5    31.3    52.3   0.208   0.154 -99.000 -99.000 -99.000     5.2     5.4 -9999.0 -9999.0 -9999.0
94078 20181018  2.623 -108.67   42.68    17.9     1.0     9.5     9.5     0.0    14.70 C    29.8    -3.1     8.0    68.6    20.2    42.3   0.196   0.157 -99.000 -99.000 -99.000     6.1     6.2 -9999.0 -9999.0 -9999.0
94078 20181019  2.623 -108.67   42.68    17.4     3.5    10.4     9.9     0.0    15.12 C    30.3    -2.9     8.5    48.7    19.1    34.4   0.186   0.160 -99.000 -99.000 -99.000     6.5     6.7 -9999.0 -9999.0 -9999.0
94078 20181020  2.623 -108.67   42.68    18.2     2.8    10.5    10.7     0.0    14.87 C    32.5    -3.3     9.7    54.1    21.1    36.0   0.178   0.161 -99.000 -99.000 -99.000     6.9     7.0 -9999.0 -9999.0 -9999.0
94078 20181021  2.623 -108.67   42.68    19.4     2.1    10.7    11.6     0.0    14.50 C    32.9    -1.8    10.3    58.6    18.7    34.3   0.171   0.162 -99.000 -99.000 -99.000     7.5     7.6 -9999.0 -9999.0 -9999.0
94078 20181022  2.623 -108.67   42.68    16.9     3.4    10.1     9.8     0.0    14.35 C    31.4    -2.0     9.8    70.0    26.9    43.2   0.165   0.163 -99.000 -99.000 -99.000     7.6     7.8 -9999.0 -9999.0 -9999.0
94078 20181023  2.623 -108.67   42.68    17.7     3.2    10.5    10.1     0.0    12.70 C    32.3    -0.9    10.4    71.6    23.5    48.7   0.159   0.162 -99.000 -99.000 -99.000     7.9     7.9 -9999.0 -9999.0 -9999.0
94078 20181024  2.623 -108.67   42.68    17.1     3.0    10.1    10.6     0.0    13.73 C    33.3    -2.3    10.5    65.3    25.4    42.5   0.155   0.162 -99.000 -99.000 -99.000     8.2     8.3 -9999.0 -9999.0 -9999.0
94078 20181025  2.623 -108.67   42.68    14.9     1.9     8.4     8.5     0.0     8.03 C    30.0    -2.9     6.7    61.6    23.1    42.9   0.148   0.160 -99.000 -99.000 -99.000     6.9     7.6 -9999.0 -9999.0 -9999.0
94078 20181026  2.623 -108.67   42.68    18.2     0.1     9.2    10.2     0.0    12.70 C    32.7    -4.7     9.6    59.6    19.7    37.8   0.145   0.159 -99.000 -99.000 -99.000     7.0     7.1 -9999.0 -9999.0 -9999.0
94078 20181027  2.623 -108.67   42.68    20.1     3.0    11.5    12.2     0.0     5.83 C    31.9    -2.0     8.8    77.0    21.5    44.5   0.143   0.160 -99.000 -99.000 -99.000     8.3     8.5 -9999.0 -9999.0 -9999.0
94078 20181028  2.623 -108.67   42.68    21.9     0.2    11.0    10.7     0.0    12.07 C    32.3    -4.4     8.6    86.1    14.2    46.0   0.138   0.158 -99.000 -99.000 -99.000     7.0     7.4 -9999.0 -9999.0 -9999.0
94078 20181029  2.623 -108.67   42.68    17.0    -0.2     8.4    10.4     0.0    12.77 C    27.8    -5.0     9.0    66.1    17.6    32.2   0.136   0.158 -99.000 -99.000 -99.000     7.9     8.2 -9999.0 -9999.0 -9999.0
94078 20181030  2.623 -108.67   42.68     7.1    -4.4     1.4     1.5     0.0    12.29 C    26.4    -7.9     2.8    74.1    30.4    51.6   0.130   0.155 -99.000 -99.000 -99.000     4.6     6.0 -9999.0 -9999.0 -9999.0
94078 20181031  2.623 -108.67   42.68     8.6    -5.7     1.4     1.7     0.0    10.61 C    25.0   -11.4     1.6    66.0    19.9    40.9   0.126   0.151 -99.000 -99.000 -99.000     2.9     4.3 -9999.0 -9999.0 -9999.0
94078 20181101  2.623 -108.67   42.68    13.8    -3.4     5.2     5.0     0.0    10.78 C    29.0    -8.6     3.3    61.4    18.6    39.8   0.126   0.151 -99.000 -99.000 -99.000     3.4     4.2 -9999.0 -9999.0 -9999.0
94078 20181102  2.623 -108.67   42.68    16.4     0.0     8.2     8.0     0.8    10.39 C    28.7    -5.7     6.3    76.7    21.9    46.8   0.126   0.151 -99.000 -99.000 -99.000     4.7     4.9 -9999.0 -9999.0 -9999.0
94078 20181103  2.623 -108.67   42.68     8.8    -0.5     4.2     4.3     0.0     7.18 C    17.5    -6.1     3.0    79.0    32.2    52.2   0.124   0.151 -99.000 -99.000 -99.000     4.7     5.5 -9999.0 -9999.0 -9999.0
94078 20181104  2.623 -108.67   42.68    12.4    -0.7     5.8     4.6     0.0     7.32 C    22.1    -7.0     2.7    66.2    25.7    45.6   0.121   0.149 -99.000 -99.000 -99.000     3.6     4.4 -9999.0 -9999.0 -9999.0
94078 20181105  2.623 -108.67   42.68     9.8    -2.9     3.4     3.1     0.0    10.71 C    26.8    -8.9     1.8    60.0    18.3    36.5   0.119   0.148 -99.000 -99.000 -99.000     2.7     3.8 -9999.0 -9999.0 -9999.0
94078 20181106  2.623 -108.67   42.68     7.6    -6.5     0.6     0.3     0.0    10.68 C    23.1   -11.0     0.1    79.6    18.6    47.3 -99.000   0.147 -99.000 -99.000 -99.000     1.6     3.0 -9999.0 -9999.0 -9999.0
94078 20181107  2.623 -108.67   42.68     2.3    -6.9    -2.3    -2.6     0.0     7.79 C    22.4   -12.3    -1.6    82.3    49.4    66.4 -99.000   0.145 -99.000 -99.000 -99.000     0.7     2.2 -9999.0 -9999.0 -9999.0
94078 20181108  2.623 -108.67   42.68     2.3    -9.4    -3.6    -3.8     0.0    11.32 C    17.7   -14.4    -3.5    85.4    33.8    54.7 -99.000 -99.000 -99.000 -99.000 -99.000    -0.8     0.8 -9999.0 -9999.0 -9999.0
94078 20181109  2.623 -108.67   42.68     7.5    -6.4     0.5     0.0     0.0    11.15 C    21.2   -13.1    -0.8    47.6    15.6    29.3 -99.000 -99.000 -99.000 -99.000 -99.000    -1.1     0.2 -9999.0 -9999.0 -9999.0
94078 20181110  2.623 -108.67   42.68     5.2    -4.2     0.5    -0.7     7.4     7.34 C    20.2    -9.5    -0.5    94.2    22.1    52.2 -99.000 -99.000 -99.000 -99.000 -99.000    -0.1     0.6 -9999.0 -9999.0 -9999.0
94078 20181111  2.623 -108.67   42.68    -3.7    -7.3    -5.5    -5.3     2.6     9.28 C    -3.2   -13.5    -6.4    90.8    61.5    77.0   0.116   0.145 -99.000 -99.000 -99.000     1.1     1.6 -9999.0 -9999.0 -9999.0
94078 20181112  2.623 -108.67   42.68    -3.4   -14.0    -8.7    -7.3     0.2    11.64 C    -5.8   -21.5   -11.6    89.2    45.6    62.3   0.115   0.145 -99.000 -99.000 -99.000     1.1     1.7 -9999.0 -9999.0 -9999.0
94078 20181113  2.623 -108.67   42.68     3.9    -9.4    -2.7    -2.6     0.0    10.82 C     0.2   -16.8    -8.6    78.5    44.8    62.5   0.113   0.144 -99.000 -99.000 -99.000     0.8     1.5 -9999.0 -9999.0 -9999.0
94078 20181114  2.623 -108.67   42.68     9.1    -6.2     1.5     1.5     0.0    10.65 C     3.7   -12.4    -4.8    77.2    34.9    53.5 -99.000   0.143 -99.000 -99.000 -99.000     0.4     1.2 -9999.0 -9999.0 -9999.0
94078 20181115  2.623 -108.67   42.68     9.7    -1.6     4.0     3.8     0.0     9.59 C     7.2    -5.8    -1.4    62.3    28.0    42.3 -99.000   0.143 -99.000 -99.000 -99.000     0.3     1.1 -9999.0 -9999.0 -9999.0
94078 20181116  2.623 -108.67   42.68    11.0    -3.1     4.0     2.7     5.4     7.06 C    10.8    -6.4    -0.7    95.1    25.7    56.1 -99.000   0.142 -99.000 -99.000 -99.000     0.0     0.9 -9999.0 -9999.0 -9999.0
94078 20181117  2.623 -108.67   42.68    -3.1   -15.3    -9.2    -8.0     7.8     2.29 C    -3.0   -25.9   -10.2    93.2    76.2    84.5   0.119   0.142 -99.000 -99.000 -99.000     0.5     1.1 -9999.0 -9999.0 -9999.0
94078 20181118  2.623 -108.67   42.68    -6.6   -21.0   -13.8   -13.9     0.0     5.31 C    -7.3   -27.3   -16.6    89.4    57.0    82.9   0.129   0.142 -99.000 -99.000 -99.000     0.6     1.2 -9999.0 -9999.0 -9999.0
94078 20181119  2.623 -108.67   42.68    -1.5   -12.7    -7.1    -7.5     0.0     9.85 C    -3.8   -18.4   -13.1    92.0    52.1    77.9   0.137   0.142 -99.000 -99.000 -99.000     0.5     1.1 -9999.0 -9999.0 -9999.0
94078 20181120  2.623 -108.67   42.68    -1.1   -10.8    -6.0    -6.5     0.0     9.89 C    -2.3   -18.1   -12.6    91.1    69.6    83.9 -99.000   0.142 -99.000 -99.000 -99.000     0.3     0.9 -9999.0 -9999.0 -9999.0
94078 20181121  2.623 -108.67   42.68     0.7   -11.3    -5.3    -5.9     0.0    10.15 C    -1.6   -17.9   -11.6    91.9    67.8    83.4 -99.000   0.141 -99.000 -99.000 -99.000     0.0     0.7 -9999.0 -9999.0 -9999.0
94078 20181122  2.623 -108.67   42.68     7.7    -8.8    -0.6    -0.3     0.0     7.59 C     1.0   -13.3    -4.4    91.5    25.1    65.8 -99.000   0.141 -99.000 -99.000 -99.000    -0.1     0.6 -9999.0 -9999.0 -9999.0
94078 20181123  2.623 -108.67   42.68     6.1    -2.5     1.8     2.3     0.0     9.34 C     0.9    -7.7    -3.2    73.7    21.4    43.3 -99.000   0.141 -99.000 -99.000 -99.000     0.1     0.6 -9999.0 -9999.0 -9999.0
94078 20181124  2.623 -108.67   42.68     4.6    -5.7    -0.6     0.0     1.9     4.27 C     0.6   -11.7    -2.6    90.3    25.6    67.7 -99.000   0.140 -99.000 -99.000 -99.000     0.1     0.6 -9999.0 -9999.0 -9999.0
94078 20181125  2.623 -108.67   42.68     0.9    -9.5    -4.3    -4.5     0.0    10.10 C    -3.7   -17.7   -11.5    73.1    36.4    52.5 -99.000   0.141 -99.000 -99.000 -99.000    -0.2     0.5 -9999.0 -9999.0 -9999.0
94078 20181126  2.623 -108.67   42.68    -1.5   -10.4    -6.0    -6.1     0.0     9.69 C    -2.8   -17.3   -11.4    86.6    43.7    62.8 -99.000 -99.000 -99.000 -99.000 -99.000    -0.9     0.0 -9999.0 -9999.0 -9999.0
94078 20181127  2.623 -108.67   42.68     9.7    -9.0     0.3     0.2     0.0     3.62 C     0.9   -13.8    -4.0    83.5    26.5    58.9 -99.000 -99.000 -99.000 -99.000 -99.000    -1.0    -0.3 -9999.0 -9999.0 -9999.0
94078 20181128  2.623 -108.67   42.68     8.4    -0.4     4.0     3.7     0.0     7.61 C     1.2    -8.0    -2.8    64.1    26.5    47.2 -99.000 -99.000 -99.000 -99.000 -99.000    -0.6     0.0 -9999.0 -9999.0 -9999.0
94078 20181129  2.623 -108.67   42.68     4.7    -3.6     0.5     0.0     0.0     8.51 C     1.2    -9.5    -4.2    78.3    34.9    55.5 -99.000 -99.000 -99.000 -99.000 -99.000    -0.7     0.0 -9999.0 -9999.0 -9999.0
94078 20181130  2.623 -108.67   42.68     2.3    -5.2    -1.4    -1.9     0.0     6.54 C     0.7    -9.6    -4.4    92.3    49.5    71.2 -99.000 -99.000 -99.000 -99.000 -99.000    -0.7    -0.1 -9999.0 -9999.0 -9999.0
94078 20181201  2.623 -108.67   42.68     2.0    -7.3    -2.7    -3.2     0.0     9.15 C    -0.2   -11.5    -6.7    92.0    34.6    64.7 -99.000 -99.000 -99.000 -99.000 -99.000    -1.4    -0.4 -9999.0 -9999.0 -9999.0
94078 20181202  2.623 -108.67   42.68    -2.6   -10.2    -6.4    -5.9     0.0     5.02 C    -0.8   -14.5    -8.2    89.3    54.9    70.5 -99.000 -99.000 -99.000 -99.000 -99.000    -2.2    -1.1 -9999.0 -9999.0 -9999.0
94078 20181203  2.623 -108.67   42.68    -3.0    -9.0    -6.0    -5.9     0.2     5.80 C    -1.0   -15.3    -7.9    87.0    52.0    71.8 -99.000 -99.000 -99.000 -99.000 -99.000    -2.5    -1.5 -9999.0 -9999.0 -9999.0
94078 20181204  2.623 -108.67   42.68    -1.9   -11.6    -6.7    -7.1     0.0     9.34 C    -4.7   -19.1   -13.1    66.6    32.9    47.5 -99.000 -99.000 -99.000 -99.000 -99.000    -3.7    -2.3 -9999.0 -9999.0 -9999.0
94078 20181205  2.623 -108.67   42.68    -6.6   -13.2    -9.9    -9.6     0.0     3.21 C    -7.7   -18.4   -13.3    71.5    37.7    55.0 -99.000 -99.000 -99.000 -99.000 -99.000    -5.1    -3.6 -9999.0 -9999.0 -9999.0
94078 20181206  2.623 -108.67   42.68    -4.0   -14.2    -9.1   -10.1     0.0     8.79 C    -4.8   -21.0   -13.8    79.9    46.1    67.0 -99.000 -99.000 -99.000 -99.000 -99.000    -5.5    -4.2 -9999.0 -9999.0 -9999.0
94078 20181207  2.623 -108.67   42.68    -3.8   -17.0   -10.4   -11.0     0.0     9.30 C    -5.8   -22.6   -16.1    83.2    45.8    69.1 -99.000 -99.000 -99.000 -99.000 -99.000    -7.2    -5.5 -9999.0 -9999.0 -9999.0
94078 20181208  2.623 -108.67   42.68     3.4   -14.7    -5.7    -4.7     0.0     6.82 C     0.2   -18.7   -11.6    77.8    34.3    55.2 -99.000 -99.000 -99.000 -99.000 -99.000    -6.8    -5.7 -9999.0 -9999.0 -9999.0
94078 20181209  2.623 -108.67   42.68     1.6   -12.1    -5.2    -5.5     0.0     9.07 C    -1.7   -19.7   -13.0    68.9    22.7    48.0 -99.000 -99.000 -99.000 -99.000 -99.000    -6.7    -5.6 -9999.0 -9999.0 -9999.0
94078 20181210  2.623 -108.67   42.68    -3.7   -14.8    -9.2    -9.7     0.0     6.11 C    -2.5   -20.5   -13.7    77.7    50.4    67.0 -99.000 -99.000 -99.000 -99.000 -99.000    -7.6    -6.3 -9999.0 -9999.0 -9999.0
94078 20181211  2.623 -108.67   42.68     4.6   -11.1    -3.3    -3.0     0.0     8.79 C    -1.3   -16.7    -9.5    76.4    29.3    47.9 -99.000 -99.000 -99.000 -99.000 -99.000    -6.8    -6.0 -9999.0 -9999.0 -9999.0
94078 20181212  2.623 -108.67   42.68     5.8    -7.4    -0.8     0.2     0.0     6.54 C     3.4   -15.2    -5.4    54.0    18.1    35.8 -99.000 -99.000 -99.000 -99.000 -99.000    -4.7    -4.5 -9999.0 -9999.0 -9999.0
94078 20181213  2.623 -108.67   42.68     3.6   -10.1    -3.3    -3.9     0.0     7.91 C    -0.6   -17.5   -10.8    57.8    14.3    34.1 -99.000 -99.000 -99.000 -99.000 -99.000    -6.1    -5.2 -9999.0 -9999.0 -9999.0
94078 20181214  2.623 -108.67   42.68     1.5   -11.2    -4.9    -5.5     0.0     7.89 C    -0.3   -17.2   -10.7    73.4    37.5    57.8 -99.000 -99.000 -99.000 -99.000 -99.000    -6.7    -5.7 -9999.0 -9999.0 -9999.0
94078 20181215  2.623 -108.67   42.68     8.6    -8.8    -0.1    -0.1     0.0     6.43 C     2.3   -13.2    -7.0    71.5    20.7    46.0 -99.000 -99.000 -99.000 -99.000 -99.000    -5.8    -5.3 -9999.0 -9999.0 -9999.0
94078 20181216  2.623 -108.67   42.68     8.5    -7.0     0.7    -0.4     0.0     8.44 C     3.1   -13.2    -7.8    73.4    23.6    48.5 -99.000 -99.000 -99.000 -99.000 -99.000    -5.4    -4.9 -9999.0 -9999.0 -9999.0
94078 20181217  2.623 -108.67   42.68     6.0    -8.1    -1.0    -1.4     0.0     9.02 C     4.5   -13.5    -6.5    76.3    36.6    58.4 -99.000 -99.000 -99.000 -99.000 -99.000    -5.4    -4.9 -9999.0 -9999.0 -9999.0
94078 20181218  2.623 -108.67   42.68     8.9    -5.2     1.8     3.0     0.0     5.91 C     3.4   -11.9    -4.2    71.0    33.3    48.4 -99.000 -99.000 -99.000 -99.000 -99.000    -4.3    -4.1 -9999.0 -9999.0 -9999.0
94078 20181219  2.623 -108.67   42.68     7.4    -4.4     1.5     1.2     0.0     7.56 C     3.9   -10.5    -4.1    84.3    25.2    50.4 -99.000 -99.000 -99.000 -99.000 -99.000    -3.1    -3.1 -9999.0 -9999.0 -9999.0
94078 20181220  2.623 -108.67   42.68     6.9    -7.7    -0.4    -2.0     0.0     5.79 C     1.0   -13.4    -7.6    64.8    31.7    46.2 -99.000 -99.000 -99.000 -99.000 -99.000    -4.6    -3.9 -9999.0 -9999.0 -9999.0
94078 20181221  2.623 -108.67   42.68     9.3    -6.0     1.6     2.1     0.0     8.99 C     5.7   -11.5    -4.2    63.9    15.0    38.3 -99.000 -99.000 -99.000 -99.000 -99.000    -3.5    -3.5 -9999.0 -9999.0 -9999.0
94078 20181222  2.623 -108.67   42.68    -0.2   -10.4    -5.3    -5.2     0.0     7.86 C     0.2   -16.0    -9.8    62.8    34.2    48.5 -99.000 -99.000 -99.000 -99.000 -99.000    -4.6    -3.8 -9999.0 -9999.0 -9999.0
94078 20181223  2.623 -108.67   42.68     3.0   -11.6    -4.3    -4.5     0.0     5.76 C     0.7   -15.7    -9.1    68.3    19.1    46.2 -99.000 -99.000 -99.000 -99.000 -99.000    -6.1    -5.1 -9999.0 -9999.0 -9999.0
94078 20181224  2.623 -108.67   42.68     4.8    -7.4    -1.3    -1.6     0.0     7.34 C     2.6   -13.1    -7.3    72.0    34.5    50.4 -99.000 -99.000 -99.000 -99.000 -99.000    -5.5    -5.0 -9999.0 -9999.0 -9999.0
94078 20181225  2.623 -108.67   42.68    -2.1    -7.8    -4.9    -4.3     0.3     3.43 C     1.2   -11.0    -5.3    90.4    48.3    72.5 -99.000 -99.000 -99.000 -99.000 -99.000    -4.7    -4.5 -9999.0 -9999.0 -9999.0
94078 20181226  2.623 -108.67   42.68    -3.8    -7.9    -5.8    -5.2     1.0     2.61 C    -4.0   -12.1    -6.0    93.8    69.9    83.2 -99.000 -99.000 -99.000 -99.000 -99.000    -3.8    -3.6 -9999.0 -9999.0 -9999.0
94078 20181227  2.623 -108.67   42.68    -5.9    -9.6    -7.8    -8.0     0.0     4.43 C    -5.3   -13.9    -8.5    89.3    61.4    78.1 -99.000 -99.000 -99.000 -99.000 -99.000    -4.0    -3.7 -9999.0 -9999.0 -9999.0
94078 20181228  2.623 -108.67   42.68    -7.3   -14.6   -10.9   -10.4     0.0     4.18 C    -7.2   -22.3   -13.1    84.9    43.3    65.6 -99.000 -99.000 -99.000 -99.000 -99.000    -4.7    -4.0 -9999.0 -9999.0 -9999.0
94078 20181229  2.623 -108.67   42.68     2.5   -18.6    -8.1    -9.5     0.0     7.66 C    -5.0   -22.0   -13.4    80.3    45.5    61.1 -99.000 -99.000 -99.000 -99.000 -99.000    -6.4    -5.4 -9999.0 -9999.0 -9999.0
94078 20181230  2.623 -108.67   42.68     6.1    -7.7    -0.8    -0.8     5.6     6.94 C     0.9   -11.0    -5.2    91.9    30.3    55.2 -99.000 -99.000 -99.000 -99.000 -99.000    -4.7    -4.6 -9999.0 -9999.0 -9999.0
94078 20181231  2.623 -108.67   42.68    -7.7   -19.0   -13.4   -13.6     8.4     4.22 C    -7.9   -24.9   -14.4    87.9    70.9    79.9 -99.000 -99.000 -99.000 -99.000 -99.000    -4.2    -4.0 -9999.0 -9999.0 -9999.0
