23907 20180101  2.423  -98.08   30.62    -2.0    -7.5    -4.7    -5.1     0.0     5.93 C     3.1    -3.3    -1.0    87.4    51.6    65.8   0.364   0.413 -99.000 -99.000 -99.000     5.0     7.0 -9999.0 -9999.0 -9999.0
23907 20180102  2.423  -98.08   30.62    -3.3    -5.7    -4.5    -4.4     0.0     2.39 C     1.1    -4.1    -1.2    92.8    53.9    73.2   0.358   0.407 -99.000 -99.000 -99.000     4.6     6.2 -9999.0 -9999.0 -9999.0
23907 20180103  2.423  -98.08   30.62    12.9    -6.9     3.0     2.2     0.2    13.76 C    13.7    -5.1     1.8    85.2    17.2    52.9   0.355   0.402 -99.000 -99.000 -99.000     4.7     5.8 -9999.0 -9999.0 -9999.0
23907 20180104  2.423  -98.08   30.62    11.8     1.2     6.5     6.6     0.0    10.75 C    16.5    -2.3     5.3    54.2    27.6    40.8   0.355   0.399 -99.000 -99.000 -99.000     5.7     6.4 -9999.0 -9999.0 -9999.0
23907 20180105  2.423  -98.08   30.62    15.2     4.2     9.7     9.0     0.0    13.49 C    19.8     3.3     9.4    64.5    26.8    42.3   0.357   0.400 -99.000 -99.000 -99.000     7.8     7.8 -9999.0 -9999.0 -9999.0
23907 20180106  2.423  -98.08   30.62    15.6     4.7    10.2     9.5     0.0     6.31 C    19.8     3.3     9.5    96.9    51.1    78.8   0.356   0.400 -99.000 -99.000 -99.000     8.9     8.8 -9999.0 -9999.0 -9999.0
23907 20180107  2.423  -98.08   30.62    17.4    10.9    14.2    13.7     0.0     1.81 C    17.2     8.4    12.6    94.7    54.5    85.1   0.359   0.402 -99.000 -99.000 -99.000    11.0    10.4 -9999.0 -9999.0 -9999.0
23907 20180108  2.423  -98.08   30.62    18.4     7.1    12.8    12.1     0.0    14.04 C    22.7     5.3    11.5    62.9    27.7    45.9   0.355   0.400 -99.000 -99.000 -99.000    10.6    10.6 -9999.0 -9999.0 -9999.0
23907 20180109  2.423  -98.08   30.62    20.0     5.2    12.6    11.8     0.0    14.03 C    24.1     3.0    11.4    77.0    33.4    53.9   0.351   0.397 -99.000 -99.000 -99.000    10.2    10.3 -9999.0 -9999.0 -9999.0
23907 20180110  2.423  -98.08   30.62    18.0     5.9    11.9    11.8     0.0     7.74 C    19.9     5.9    12.0    96.8    57.5    79.8   0.349   0.396 -99.000 -99.000 -99.000    11.0    10.9 -9999.0 -9999.0 -9999.0
23907 20180111  2.423  -98.08   30.62    20.2     3.7    11.9    11.4     0.0    10.55 C    25.1     3.3    12.4    96.4    28.6    63.0   0.348   0.396 -99.000 -99.000 -99.000    11.9    11.8 -9999.0 -9999.0 -9999.0
23907 20180112  2.423  -98.08   30.62    12.5    -2.1     5.2     4.3     0.0    14.52 C    18.6    -1.2     6.2    52.8    15.8    34.6   0.335   0.390 -99.000 -99.000 -99.000     8.6     9.6 -9999.0 -9999.0 -9999.0
23907 20180113  2.423  -98.08   30.62    11.0    -3.0     4.0     2.9     0.0    14.60 C    17.1    -1.8     5.2    57.7    16.2    37.9   0.328   0.385 -99.000 -99.000 -99.000     7.5     8.6 -9999.0 -9999.0 -9999.0
23907 20180114  2.423  -98.08   30.62    15.1    -0.4     7.4     6.9     0.0    14.20 C    20.0    -0.4     7.5    77.0    30.9    46.1   0.325   0.382 -99.000 -99.000 -99.000     7.7     8.3 -9999.0 -9999.0 -9999.0
23907 20180115  2.423  -98.08   30.62    17.7     0.9     9.3     9.7     0.4     6.89 C    20.7     3.4    10.5    97.6    52.3    79.2   0.327   0.382 -99.000 -99.000 -99.000     9.7     9.6 -9999.0 -9999.0 -9999.0
23907 20180116  2.423  -98.08   30.62     0.9    -6.7    -2.9    -4.2     0.3     3.39 C     3.4    -4.3    -0.4    91.5    28.6    45.4   0.322   0.377 -99.000 -99.000 -99.000     5.9     7.6 -9999.0 -9999.0 -9999.0
23907 20180117  2.423  -98.08   30.62     3.6   -11.2    -3.8    -4.4     0.0    15.30 C    10.7    -7.4    -0.9    60.3    18.9    40.5   0.310   0.371 -99.000 -99.000 -99.000     4.1     5.7 -9999.0 -9999.0 -9999.0
23907 20180118  2.423  -98.08   30.62     6.9    -4.7     1.1     1.1     0.0     7.52 C    13.1    -3.3     4.0    53.3    29.2    41.8   0.309   0.369 -99.000 -99.000 -99.000     5.0     5.7 -9999.0 -9999.0 -9999.0
23907 20180119  2.423  -98.08   30.62     9.2     3.2     6.2     6.0     0.4     2.77 C    10.6     4.5     7.2    97.6    40.1    80.9   0.312   0.370 -99.000 -99.000 -99.000     7.0     7.1 -9999.0 -9999.0 -9999.0
23907 20180120  2.423  -98.08   30.62    20.5     9.1    14.8    13.7     0.0    12.18 C    24.2     8.9    14.0    97.5    55.9    84.7   0.321   0.373 -99.000 -99.000 -99.000    10.4     9.5 -9999.0 -9999.0 -9999.0
23907 20180121  2.423  -98.08   30.62    20.4    13.1    16.8    17.3     0.0     2.31 C    19.8     9.9    15.9    95.9    61.5    84.7   0.328   0.378 -99.000 -99.000 -99.000    12.9    11.8 -9999.0 -9999.0 -9999.0
23907 20180122  2.423  -98.08   30.62    15.8     5.8    10.8    11.1     0.0    15.72 C    21.3     4.4    10.8    60.1    17.4    26.4   0.322   0.378 -99.000 -99.000 -99.000    10.8    11.1 -9999.0 -9999.0 -9999.0
23907 20180123  2.423  -98.08   30.62    17.9     3.2    10.5    10.5     0.0    15.51 C    23.6     1.4    10.3    39.2    10.2    23.0   0.315   0.374 -99.000 -99.000 -99.000     9.6    10.1 -9999.0 -9999.0 -9999.0
23907 20180124  2.423  -98.08   30.62    17.6     4.5    11.1    10.5     0.0    15.73 C    23.9     1.3     9.5    36.2    14.9    25.5   0.310   0.371 -99.000 -99.000 -99.000     8.9     9.4 -9999.0 -9999.0 -9999.0
23907 20180125  2.423  -98.08   30.62    17.0     5.4    11.2    10.9     0.0    14.05 C    23.1     1.0    10.8    57.0    18.5    33.4   0.307   0.369 -99.000 -99.000 -99.000     8.9     9.2 -9999.0 -9999.0 -9999.0
23907 20180126  2.423  -98.08   30.62    16.3     8.4    12.3    12.2     0.2     2.39 C    16.6     9.8    12.8    97.0    57.4    87.5   0.310   0.371 -99.000 -99.000 -99.000    11.1    10.7 -9999.0 -9999.0 -9999.0
23907 20180127  2.423  -98.08   30.62    17.5    11.2    14.3    14.9     0.5     6.93 C    21.7    10.6    15.4    96.9    60.5    84.6   0.323   0.374 -99.000 -99.000 -99.000    13.1    12.3 -9999.0 -9999.0 -9999.0
23907 20180128  2.423  -98.08   30.62    19.8     6.1    12.9    12.3     0.0    15.78 C    25.6     6.3    13.5    83.3    20.7    47.2   0.320   0.372 -99.000 -99.000 -99.000    12.1    12.1 -9999.0 -9999.0 -9999.0
23907 20180129  2.423  -98.08   30.62    17.8     5.6    11.7    10.6     0.0    16.29 C    24.0     5.1    11.4    44.8    16.0    32.0   0.311   0.370 -99.000 -99.000 -99.000    10.9    11.4 -9999.0 -9999.0 -9999.0
23907 20180130  2.423  -98.08   30.62    18.7     2.6    10.7     9.8     0.0    15.77 C    24.7     2.6    10.9    54.7    19.8    36.8   0.305   0.367 -99.000 -99.000 -99.000    10.3    10.7 -9999.0 -9999.0 -9999.0
23907 20180131  2.423  -98.08   30.62    21.4     6.5    13.9    13.2     0.0    15.88 C    25.2     5.7    13.4    95.9    24.0    59.5   0.305   0.367 -99.000 -99.000 -99.000    11.6    11.4 -9999.0 -9999.0 -9999.0
23907 20180201  2.423  -98.08   30.62    21.2     8.8    15.0    14.1     0.0    12.62 C    25.8     8.8    14.4    92.5    26.2    59.0   0.305   0.370 -99.000 -99.000 -99.000    12.7    12.5 -9999.0 -9999.0 -9999.0
23907 20180202  2.423  -98.08   30.62    14.9     3.5     9.2     8.9     0.0    14.71 C    23.1     5.0    12.1    50.7    23.1    39.8   0.299   0.366 -99.000 -99.000 -99.000    11.4    11.8 -9999.0 -9999.0 -9999.0
23907 20180203  2.423  -98.08   30.62    16.8     4.9    10.9    10.3     0.0     9.20 C    23.0     7.4    12.5    94.1    50.1    72.2   0.296   0.365 -99.000 -99.000 -99.000    11.8    11.9 -9999.0 -9999.0 -9999.0
23907 20180204  2.423  -98.08   30.62    22.7     5.8    14.2    13.5     0.0    16.46 C    29.7     7.0    14.7    94.5    38.5    73.3   0.296   0.366 -99.000 -99.000 -99.000    12.9    12.7 -9999.0 -9999.0 -9999.0
23907 20180205  2.423  -98.08   30.62    11.8     1.5     6.7     6.2     0.0     5.91 C    16.3     4.8     9.8    95.5    55.2    65.0   0.288   0.363 -99.000 -99.000 -99.000    11.2    11.8 -9999.0 -9999.0 -9999.0
23907 20180206  2.423  -98.08   30.62    10.2     1.4     5.8     6.1     1.6     1.43 C    11.2     3.8     8.1    97.6    95.8    97.1   0.309   0.362 -99.000 -99.000 -99.000    11.0    11.6 -9999.0 -9999.0 -9999.0
23907 20180207  2.423  -98.08   30.62     8.7    -0.2     4.3     2.6     0.0     6.66 C    11.1     1.5     4.9    97.5    39.5    68.5   0.316   0.363 -99.000 -99.000 -99.000     8.7     9.9 -9999.0 -9999.0 -9999.0
23907 20180208  2.423  -98.08   30.62    15.5    -1.2     7.1     6.4     0.0    15.72 C    22.6    -0.6     8.5    92.9    36.5    66.8   0.308   0.362 -99.000 -99.000 -99.000     9.0     9.6 -9999.0 -9999.0 -9999.0
23907 20180209  2.423  -98.08   30.62    18.3     8.8    13.6    12.8     0.0     6.89 C    23.3     8.8    13.8    96.3    61.7    79.1   0.310   0.364 -99.000 -99.000 -99.000    11.5    11.1 -9999.0 -9999.0 -9999.0
23907 20180210  2.423  -98.08   30.62    14.9     1.5     8.2     9.4     1.1     4.30 C    15.5     5.2    11.8    96.7    62.5    84.8   0.317   0.367 -99.000 -99.000 -99.000    12.1    12.2 -9999.0 -9999.0 -9999.0
23907 20180211  2.423  -98.08   30.62     6.5    -3.5     1.5     0.5     0.0     6.26 C    11.0     0.2     3.4    96.6    38.6    67.8   0.307   0.363 -99.000 -99.000 -99.000     8.3     9.8 -9999.0 -9999.0 -9999.0
23907 20180212  2.423  -98.08   30.62     9.5    -3.4     3.0     2.1     0.0    17.47 C    19.0    -1.9     6.0    88.6    40.5    63.2   0.301   0.360 -99.000 -99.000 -99.000     7.9     8.8 -9999.0 -9999.0 -9999.0
23907 20180213  2.423  -98.08   30.62     7.1     2.0     4.6     5.0     0.5     2.32 C     9.7     5.3     7.3    97.6    80.3    93.9   0.308   0.360 -99.000 -99.000 -99.000     8.8     9.3 -9999.0 -9999.0 -9999.0
23907 20180214  2.423  -98.08   30.62    22.6     7.0    14.8    13.5     0.6     7.56 C    22.4     8.0    13.6    97.7    66.7    91.1   0.326   0.362 -99.000 -99.000 -99.000    11.4    10.8 -9999.0 -9999.0 -9999.0
23907 20180215  2.423  -98.08   30.62    23.6    16.0    19.8    19.1     0.0     5.13 C    23.9    15.4    18.2    96.5    64.2    84.5   0.334   0.370 -99.000 -99.000 -99.000    14.6    13.4 -9999.0 -9999.0 -9999.0
23907 20180216  2.423  -98.08   30.62    21.0    11.6    16.3    17.3     0.0    13.16 C    27.1    14.1    19.0    95.7    33.8    63.3   0.333   0.372 -99.000 -99.000 -99.000    15.2    14.6 -9999.0 -9999.0 -9999.0
23907 20180217  2.423  -98.08   30.62    19.1     7.8    13.4    12.5     0.0     8.25 C    24.1     9.7    15.1    87.9    44.7    62.4   0.324   0.373 -99.000 -99.000 -99.000    13.8    13.9 -9999.0 -9999.0 -9999.0
23907 20180218  2.423  -98.08   30.62    20.3     8.2    14.3    13.8     0.2     4.56 C    23.0     9.3    14.5    97.2    70.5    88.5   0.319   0.372 -99.000 -99.000 -99.000    13.8    13.7 -9999.0 -9999.0 -9999.0
23907 20180219  2.423  -98.08   30.62    24.3    18.0    21.2    20.8     0.0     4.46 C    25.7    16.5    19.7    86.6    56.2    77.0   0.322   0.375 -99.000 -99.000 -99.000    16.4    15.5 -9999.0 -9999.0 -9999.0
23907 20180220  2.423  -98.08   30.62    21.0    14.2    17.6    20.0     3.5     1.59 C    20.7    16.9    19.4    95.7    78.0    89.2   0.356   0.327 -99.000 -99.000 -99.000    17.3    16.4 -9999.0 -9999.0 -9999.0
23907 20180221  2.423  -98.08   30.62    14.2     1.3     7.7     3.4     8.5     1.85 C    16.9     3.9     6.5    97.2    93.4    96.0   0.408   0.363 -99.000 -99.000 -99.000    12.4    13.5 -9999.0 -9999.0 -9999.0
23907 20180222  2.423  -98.08   30.62     4.7     0.1     2.4     2.5    10.0     2.56 C     7.6     2.7     5.0    97.7    96.7    97.3   0.416   0.418 -99.000 -99.000 -99.000     9.8    10.7 -9999.0 -9999.0 -9999.0
23907 20180223  2.423  -98.08   30.62    17.0     4.3    10.7    11.1     3.4     4.04 C    16.3     5.8    11.5    97.6    96.2    97.0   0.477   0.535 -99.000 -99.000 -99.000    11.0    10.9 -9999.0 -9999.0 -9999.0
23907 20180224  2.423  -98.08   30.62    25.1    13.9    19.5    19.4     0.0     6.22 C    26.2    13.9    18.9    96.7    62.1    83.0   0.456   0.470 -99.000 -99.000 -99.000    15.1    14.0 -9999.0 -9999.0 -9999.0
23907 20180225  2.423  -98.08   30.62    18.5    10.3    14.4    13.2     1.5    11.74 C    25.5     9.1    14.9    96.3    54.7    77.3   0.442   0.462 -99.000 -99.000 -99.000    14.2    14.0 -9999.0 -9999.0 -9999.0
23907 20180226  2.423  -98.08   30.62    23.1     7.8    15.5    14.9     0.0    19.12 C    30.1     7.0    16.2    96.4    23.3    54.2   0.428   0.448 -99.000 -99.000 -99.000    13.7    13.5 -9999.0 -9999.0 -9999.0
23907 20180227  2.623  -98.08   30.62 -9999.0 -9999.0 -9999.0 -9999.0 -9999.0 -9999.00 U -9999.0 -9999.0 -9999.0 -9999.0 -9999.0 -9999.0 -99.000 -99.000 -99.000 -99.000 -99.000 -9999.0 -9999.0 -9999.0 -9999.0 -9999.0
23907 20180228  2.623  -98.08   30.62    23.2    18.7    21.0    20.0     0.0     3.71 C    24.0    17.9    19.5    92.3    71.1    85.9   0.428   0.442 -99.000 -99.000 -99.000    16.9    16.1 -9999.0 -9999.0 -9999.0
23907 20180301  2.623  -98.08   30.62    20.1     9.2    14.7    13.8     0.4    16.68 C    27.4     9.9    16.6    91.3    54.5    72.0   0.420   0.433 -99.000 -99.000 -99.000    15.8    15.7 -9999.0 -9999.0 -9999.0
23907 20180302  2.623  -98.08   30.62    22.6     7.6    15.1    14.1     0.0    16.43 C    32.9     8.0    16.6    89.2    42.1    70.0   0.408   0.420 -99.000 -99.000 -99.000    14.9    14.8 -9999.0 -9999.0 -9999.0
23907 20180303  2.623  -98.08   30.62    19.9    10.9    15.4    15.1     1.1     6.05 C    23.7    10.8    16.4    96.7    67.8    87.2   0.404   0.413 -99.000 -99.000 -99.000    15.4    15.1 -9999.0 -9999.0 -9999.0
23907 20180304  2.623  -98.08   30.62    24.1    15.6    19.9    19.2     0.5     6.41 C    25.8    16.1    19.3    96.7    62.5    84.9   0.413   0.416 -99.000 -99.000 -99.000    16.9    16.2 -9999.0 -9999.0 -9999.0
23907 20180305  2.623  -98.08   30.62    27.3    12.3    19.8    19.9     0.0    15.23 C    33.4    13.1    21.5    89.5    21.7    56.7   0.409   0.415 -99.000 -99.000 -99.000    17.8    17.2 -9999.0 -9999.0 -9999.0
23907 20180306  2.623  -98.08   30.62    21.3     7.7    14.5    14.1     0.0    18.86 C    31.7     7.9    16.5    39.1     8.3    24.8   0.390   0.402 -99.000 -99.000 -99.000    15.1    15.3 -9999.0 -9999.0 -9999.0
23907 20180307  2.623  -98.08   30.62    18.5     4.6    11.6    11.1     0.0    21.23 C    30.4     5.0    15.0    41.8    14.2    27.4   0.376   0.390 -99.000 -99.000 -99.000    13.6    14.0 -9999.0 -9999.0 -9999.0
23907 20180308  2.623  -98.08   30.62    20.5     7.5    14.0    12.8     0.0    16.09 C    30.2     9.0    16.0    70.0    15.6    37.1   0.368   0.383 -99.000 -99.000 -99.000    13.8    13.9 -9999.0 -9999.0 -9999.0
23907 20180309  2.623  -98.08   30.62    22.1    10.8    16.4    16.1     0.0    10.00 C    27.1    10.8    17.8    90.6    51.6    72.6   0.364   0.379 -99.000 -99.000 -99.000    15.2    14.8 -9999.0 -9999.0 -9999.0
23907 20180310  2.623  -98.08   30.62    32.8    16.5    24.6    23.4     0.0    18.56 C    40.3    15.0    24.6    91.3    13.3    52.0   0.367   0.379 -99.000 -99.000 -99.000    17.9    16.9 -9999.0 -9999.0 -9999.0
23907 20180311  2.623  -98.08   30.62    19.9     9.4    14.6    16.5     0.0     8.15 C    22.9     9.8    17.8    85.1    23.3    47.9   0.358   0.373 -99.000 -99.000 -99.000    16.6    16.6 -9999.0 -9999.0 -9999.0
23907 20180312  2.623  -98.08   30.62    18.4     4.2    11.3    10.9     0.0    21.08 C    31.3     5.2    15.6    68.4    22.3    43.7   0.345   0.363 -99.000 -99.000 -99.000    14.4    14.8 -9999.0 -9999.0 -9999.0
23907 20180313  2.623  -98.08   30.62    20.3     7.3    13.8    12.9     0.0    20.22 C    34.2     8.7    17.6    61.4    18.6    36.9   0.339   0.356 -99.000 -99.000 -99.000    14.6    14.6 -9999.0 -9999.0 -9999.0
23907 20180314  2.623  -98.08   30.62    21.0     5.2    13.1    13.0     0.0    20.30 C    34.1     5.6    17.1    52.2    15.7    33.0   0.331   0.350 -99.000 -99.000 -99.000    14.4    14.4 -9999.0 -9999.0 -9999.0
23907 20180315  2.623  -98.08   30.62    23.1    10.2    16.6    16.0     0.0    13.65 C    31.4    10.2    18.3    88.8    41.8    65.9   0.328   0.345 -99.000 -99.000 -99.000    15.5    15.1 -9999.0 -9999.0 -9999.0
23907 20180316  2.623  -98.08   30.62    29.4    16.1    22.8    22.3     0.0    19.20 C    39.1    16.7    24.3    92.6    12.2    49.5   0.329   0.343 -99.000 -99.000 -99.000    18.0    17.1 -9999.0 -9999.0 -9999.0
23907 20180317  2.623  -98.08   30.62    27.8    17.2    22.5    21.8     0.0    11.94 C    36.1    16.2    23.8    93.7    45.5    72.6   0.325   0.338 -99.000 -99.000 -99.000    18.9    18.0 -9999.0 -9999.0 -9999.0
23907 20180318  2.623  -98.08   30.62    29.8    18.2    24.0    21.4     3.9    13.25 C    39.7    18.0    24.0    94.7    31.2    77.5   0.340   0.343 -99.000 -99.000 -99.000    20.0    19.1 -9999.0 -9999.0 -9999.0
23907 20180319  2.623  -98.08   30.62    24.8    12.8    18.8    18.9     0.0    21.03 C    32.0    11.8    20.6    94.8     9.2    34.9   0.365   0.358 -99.000 -99.000 -99.000    18.0    18.0 -9999.0 -9999.0 -9999.0
23907 20180320  2.623  -98.08   30.62    21.1     6.0    13.6    13.5     0.0    23.06 C    33.6     7.5    17.9    68.1    20.9    41.0   0.345   0.348 -99.000 -99.000 -99.000    16.4    16.6 -9999.0 -9999.0 -9999.0
23907 20180321  2.623  -98.08   30.62    23.8     9.3    16.5    16.1     0.0    21.63 C    35.8     8.4    19.3    58.9    16.8    35.1   0.334   0.338 -99.000 -99.000 -99.000    16.2    16.2 -9999.0 -9999.0 -9999.0
23907 20180322  2.623  -98.08   30.62    25.6    11.4    18.5    17.9     0.0    19.92 C    36.2    11.9    20.9    86.9    37.1    61.8   0.327   0.330 -99.000 -99.000 -99.000    17.5    17.1 -9999.0 -9999.0 -9999.0
23907 20180323  2.623  -98.08   30.62    24.7    15.3    20.0    19.2     0.0     7.50 C    28.9    15.9    20.4    87.5    53.8    75.4   0.320   0.323 -99.000 -99.000 -99.000    18.4    17.9 -9999.0 -9999.0 -9999.0
23907 20180324  2.623  -98.08   30.62    29.5    17.9    23.7    22.2     0.0    16.14 C    40.2    17.8    25.2    89.0    43.9    72.0   0.315   0.317 -99.000 -99.000 -99.000    20.0    19.1 -9999.0 -9999.0 -9999.0
23907 20180325  2.623  -98.08   30.62    24.1    19.0    21.6    21.1     0.0     7.61 C    31.4    20.4    23.6    95.8    68.4    83.0   0.308   0.309 -99.000 -99.000 -99.000    20.6    19.8 -9999.0 -9999.0 -9999.0
23907 20180326  2.623  -98.08   30.62    29.4    19.0    24.2    22.7     0.0    19.48 C    40.4    19.3    26.2    87.0    37.9    66.3   0.301   0.302 -99.000 -99.000 -99.000    21.1    20.3 -9999.0 -9999.0 -9999.0
23907 20180327  2.623  -98.08   30.62    26.3    14.7    20.5    19.0     4.9     6.69 C    33.7    16.1    21.2    94.2    54.9    81.0   0.315   0.304 -99.000 -99.000 -99.000    20.4    20.1 -9999.0 -9999.0 -9999.0
23907 20180328  2.623  -98.08   30.62    20.2    13.6    16.9    16.1    29.6     6.28 C    25.6    14.5    18.0    96.6    74.0    89.2   0.506   0.538 -99.000 -99.000 -99.000    18.1    18.2 -9999.0 -9999.0 -9999.0
23907 20180329  2.623  -98.08   30.62    27.8    11.7    19.7    18.5     0.0    23.89 C    35.9    11.8    21.4    96.9    17.7    63.4   0.463   0.475 -99.000 -99.000 -99.000    18.5    18.3 -9999.0 -9999.0 -9999.0
23907 20180330  2.623  -98.08   30.62    22.9     9.7    16.3    15.9     0.0    23.80 C    35.1    10.8    20.3    87.5    31.9    59.2   0.432   0.443 -99.000 -99.000 -99.000    18.1    18.0 -9999.0 -9999.0 -9999.0
23907 20180331  2.623  -98.08   30.62    26.9    13.6    20.3    19.6     0.0    21.13 C    35.6    13.7    22.2    93.4    35.5    65.4   0.413   0.421 -99.000 -99.000 -99.000    18.6    18.3 -9999.0 -9999.0 -9999.0
23907 20180401  2.623  -98.08   30.62    26.1    16.3    21.2    20.7     0.0    17.05 C    37.5    16.8    24.0    86.4    52.1    70.3   0.400   0.409 -99.000 -99.000 -99.000    19.8    19.3 -9999.0 -9999.0 -9999.0
23907 20180402  2.623  -98.08   30.62    25.7    10.5    18.1    17.5     0.0    11.80 C    35.0    14.9    21.6    94.3    58.4    80.3   0.386   0.398 -99.000 -99.000 -99.000    19.6    19.3 -9999.0 -9999.0 -9999.0
23907 20180403  2.623  -98.08   30.62    25.3    12.5    18.9    20.2     0.0     7.34 C    30.4    13.6    21.7    83.7    37.1    68.2   0.378   0.389 -99.000 -99.000 -99.000    19.9    19.6 -9999.0 -9999.0 -9999.0
23907 20180404  2.623  -98.08   30.62    20.0     6.1    13.0    13.1     0.0    21.56 C    33.7     7.7    18.2    51.9    16.9    36.6   0.358   0.374 -99.000 -99.000 -99.000    17.1    17.5 -9999.0 -9999.0 -9999.0
23907 20180405  2.623  -98.08   30.62    25.5    11.1    18.3    18.2     0.0    17.16 C    38.2    11.9    21.8    88.0    46.4    60.9   0.345   0.361 -99.000 -99.000 -99.000    17.9    17.6 -9999.0 -9999.0 -9999.0
23907 20180406  2.623  -98.08   30.62    29.7    14.2    22.0    23.1     0.0    17.69 C    39.5    17.9    26.1    90.1    46.4    71.5   0.339   0.351 -99.000 -99.000 -99.000    20.7    19.8 -9999.0 -9999.0 -9999.0
23907 20180407  2.623  -98.08   30.62    14.2     2.3     8.3     5.0     0.0     5.36 C    17.9     7.0    10.3    94.0    69.7    81.8   0.318   0.337 -99.000 -99.000 -99.000    15.8    17.1 -9999.0 -9999.0 -9999.0
23907 20180408  2.623  -98.08   30.62    20.5     2.8    11.6    10.4     0.0    20.50 C    33.3     6.9    16.8    89.6    42.9    67.9   0.307   0.326 -99.000 -99.000 -99.000    15.3    15.6 -9999.0 -9999.0 -9999.0
23907 20180409  2.623  -98.08   30.62    16.8     9.5    13.2    13.2     0.0     8.30 C    23.6    11.8    16.6    96.5    67.2    80.7   0.302   0.319 -99.000 -99.000 -99.000    16.4    16.4 -9999.0 -9999.0 -9999.0
23907 20180410  2.623  -98.08   30.62    23.5     9.2    16.4    16.1     0.0    25.15 C    38.0     9.4    20.8    80.3    26.3    50.9   0.295   0.310 -99.000 -99.000 -99.000    17.1    16.9 -9999.0 -9999.0 -9999.0
23907 20180411  2.623  -98.08   30.62    27.2    10.9    19.1    19.2     0.0    24.60 C    39.2    10.9    22.8    74.6    26.9    45.7   0.282   0.299 -99.000 -99.000 -99.000    17.7    17.3 -9999.0 -9999.0 -9999.0
23907 20180412  2.623  -98.08   30.62    28.7    15.5    22.1    21.3     0.0    21.32 C    39.6    15.4    25.0    89.6    46.5    71.5   0.273   0.290 -99.000 -99.000 -99.000    19.8    19.0 -9999.0 -9999.0 -9999.0
23907 20180413  2.623  -98.08   30.62    29.8    13.7    21.8    23.1     6.4    16.37 C    41.5    15.1    26.2    88.3    17.5    66.5   0.278   0.283 -99.000 -99.000 -99.000    21.2    20.4 -9999.0 -9999.0 -9999.0
23907 20180414  2.623  -98.08   30.62    19.9    10.4    15.1    14.3     0.0    22.10 C    30.0    11.7    17.8    46.3    15.9    29.9   0.339   0.298 -99.000 -99.000 -99.000    17.1    17.7 -9999.0 -9999.0 -9999.0
23907 20180415  2.623  -98.08   30.62    22.9     5.1    14.0    14.5     0.0    26.26 C    36.2     7.0    19.2    49.3    13.9    28.4   0.310   0.291 -99.000 -99.000 -99.000    16.5    16.7 -9999.0 -9999.0 -9999.0
23907 20180416  2.623  -98.08   30.62    27.8     9.9    18.9    19.2     0.0    25.83 C    38.1    10.6    22.5    66.7    22.9    41.9   0.292   0.284 -99.000 -99.000 -99.000    17.7    17.4 -9999.0 -9999.0 -9999.0
23907 20180417  2.623  -98.08   30.62    29.3    14.9    22.1    21.2     0.0    25.22 C    40.3    14.3    24.6    84.3    32.9    59.3   0.276   0.276 -99.000 -99.000 -99.000    19.6    18.9 -9999.0 -9999.0 -9999.0
23907 20180418  2.623  -98.08   30.62    27.3    15.0    21.2    20.9     0.0    20.90 C    39.0    16.1    25.0    85.8    16.4    47.9   0.260   0.268 -99.000 -99.000 -99.000    20.3    19.8 -9999.0 -9999.0 -9999.0
23907 20180419  2.623  -98.08   30.62    24.5    11.1    17.8    17.1     0.0    24.49 C    39.2    12.0    22.2    51.4    17.2    31.8   0.241   0.258 -99.000 -99.000 -99.000    19.0    18.9 -9999.0 -9999.0 -9999.0
23907 20180420  2.623  -98.08   30.62    21.0    11.8    16.4    15.5     0.0    19.79 C    36.5    14.1    21.4    70.4    38.5    52.2   0.228   0.250 -99.000 -99.000 -99.000    18.7    18.5 -9999.0 -9999.0 -9999.0
23907 20180421  2.623  -98.08   30.62    23.4    12.7    18.0    16.2     1.4     7.05 C    29.0    13.5    18.3    97.0    69.3    87.5   0.221   0.246 -99.000 -99.000 -99.000    18.7    18.6 -9999.0 -9999.0 -9999.0
23907 20180422  2.623  -98.08   30.62    24.2     9.1    16.6    15.8     0.0    24.83 C    36.4     9.7    20.4    90.4    30.1    57.8   0.214   0.243 -99.000 -99.000 -99.000    18.3    18.2 -9999.0 -9999.0 -9999.0
23907 20180423  2.623  -98.08   30.62    28.2    11.3    19.8    19.8     0.0    26.38 C    41.3    11.2    24.2    65.3    23.3    42.4   0.208   0.235 -99.000 -99.000 -99.000    19.0    18.5 -9999.0 -9999.0 -9999.0
23907 20180424  2.623  -98.08   30.62    30.0    15.7    22.8    22.5     0.0    25.31 C    44.4    15.8    27.4    64.1    34.1    48.2   0.203   0.228 -99.000 -99.000 -99.000    20.8    19.9 -9999.0 -9999.0 -9999.0
23907 20180425  2.623  -98.08   30.62    27.9    10.0    18.9    17.8     1.4    16.13 C    38.7    12.9    21.6    92.1    20.9    63.8   0.194   0.222 -99.000 -99.000 -99.000    20.0    19.9 -9999.0 -9999.0 -9999.0
23907 20180426  2.623  -98.08   30.62    25.9     7.1    16.5    16.3     0.0    26.77 C    40.3     9.4    22.3    95.2    26.4    57.9   0.189   0.217 -99.000 -99.000 -99.000    18.8    18.9 -9999.0 -9999.0 -9999.0
23907 20180427  2.623  -98.08   30.62    26.2    12.4    19.3    19.3     0.0    20.81 C    39.3    14.2    24.0    69.9    29.1    45.6   0.188   0.213 -99.000 -99.000 -99.000    19.6    19.3 -9999.0 -9999.0 -9999.0
23907 20180428  2.623  -98.08   30.62    29.1    15.2    22.2    21.6     0.0    25.57 C    45.5    14.5    26.5    68.3    24.0    45.5   0.186   0.210 -99.000 -99.000 -99.000    20.5    19.9 -9999.0 -9999.0 -9999.0
23907 20180429  2.623  -98.08   30.62    26.6    15.2    20.9    20.7     0.0    22.76 C    40.4    15.9    25.4    79.9    22.3    54.5   0.183   0.207 -99.000 -99.000 -99.000    21.2    20.5 -9999.0 -9999.0 -9999.0
23907 20180430  2.623  -98.08   30.62    25.5    16.0    20.7    19.7     0.0     8.01 C    33.7    17.7    22.7    91.7    52.6    80.0   0.179   0.205 -99.000 -99.000 -99.000    21.2    20.8 -9999.0 -9999.0 -9999.0
23907 20180501  2.623  -98.08   30.62    24.8    19.4    22.1    21.4     0.8     4.73 C    26.2    20.2    22.6    95.2    75.2    86.9   0.176   0.205 -99.000 -99.000 -99.000    21.7    21.1 -9999.0 -9999.0 -9999.0
23907 20180502  2.623  -98.08   30.62    29.5    20.7    25.1    24.0     0.6    13.46 C    35.5    20.8    25.6    95.8    52.1    79.0   0.177   0.206 -99.000 -99.000 -99.000    22.6    21.8 -9999.0 -9999.0 -9999.0
23907 20180503  2.623  -98.08   30.62    30.3    22.1    26.2    25.1     0.0    12.65 C    38.0    23.1    27.3    84.9    53.2    72.8   0.177   0.205 -99.000 -99.000 -99.000    23.5    22.5 -9999.0 -9999.0 -9999.0
23907 20180504  2.623  -98.08   30.62    22.1    15.6    18.8    18.1    61.6     3.71 C    23.5    16.4    19.3    95.6    83.2    93.5   0.498   0.498 -99.000 -99.000 -99.000    20.5    20.6 -9999.0 -9999.0 -9999.0
23907 20180505  2.623  -98.08   30.62    28.2    14.5    21.3    21.0     0.0    27.53 C    38.2    14.6    24.4    96.6    27.2    62.7   0.497   0.485 -99.000 -99.000 -99.000    20.5    20.2 -9999.0 -9999.0 -9999.0
23907 20180506  2.623  -98.08   30.62    30.7    16.7    23.7    23.3     0.0    27.63 C    42.6    15.1    26.8    67.5    23.7    46.2   0.443   0.431 -99.000 -99.000 -99.000    20.9    20.5 -9999.0 -9999.0 -9999.0
23907 20180507  2.623  -98.08   30.62    32.5    17.6    25.1    24.6     0.0    26.78 C    45.1    16.7    28.7    64.8    21.6    44.3   0.407   0.401 -99.000 -99.000 -99.000    21.8    21.2 -9999.0 -9999.0 -9999.0
23907 20180508  2.623  -98.08   30.62    31.1    18.1    24.6    24.3     0.0    26.17 C    43.3    18.3    28.5    61.7    23.7    43.0   0.369   0.373 -99.000 -99.000 -99.000    22.2    21.7 -9999.0 -9999.0 -9999.0
23907 20180509  2.623  -98.08   30.62    29.2    17.0    23.1    23.0     0.0    26.70 C    43.8    17.7    28.2    90.9    34.4    57.4   0.334   0.344 -99.000 -99.000 -99.000    22.6    22.1 -9999.0 -9999.0 -9999.0
23907 20180510  2.623  -98.08   30.62    29.2    18.1    23.7    23.4     0.0    26.04 C    43.8    19.0    28.7    89.4    35.9    61.5   0.305   0.318 -99.000 -99.000 -99.000    23.0    22.5 -9999.0 -9999.0 -9999.0
23907 20180511  2.623  -98.08   30.62    30.0    18.9    24.4    24.2     0.0    26.18 C    43.9    19.9    29.4    88.2    36.4    62.2   0.284   0.294 -99.000 -99.000 -99.000    23.6    23.0 -9999.0 -9999.0 -9999.0
23907 20180512  2.623  -98.08   30.62    30.7    20.0    25.3    25.1     0.0    23.28 C    45.1    20.6    30.0    88.0    39.4    63.3   0.264   0.271 -99.000 -99.000 -99.000    24.3    23.6 -9999.0 -9999.0 -9999.0
23907 20180513  2.623  -98.08   30.62    30.7    20.9    25.8    25.5     0.0    18.10 C    43.5    21.9    29.8    91.3    44.9    67.2   0.248   0.252 -99.000 -99.000 -99.000    24.8    24.1 -9999.0 -9999.0 -9999.0
23907 20180514  2.623  -98.08   30.62    30.8    21.7    26.3    25.6     0.0    19.65 C    44.6    23.2    30.2    87.9    45.1    65.5   0.236   0.240 -99.000 -99.000 -99.000    25.1    24.4 -9999.0 -9999.0 -9999.0
23907 20180515  2.623  -98.08   30.62    32.3    19.0    25.7    24.2    34.7    23.34 C    50.5    17.9    29.8    94.0    43.3    72.0   0.319   0.324 -99.000 -99.000 -99.000    24.2    23.7 -9999.0 -9999.0 -9999.0
23907 20180516  2.623  -98.08   30.62    33.4    17.2    25.3    25.4     0.0    27.10 C    44.7    18.6    30.0    94.9    31.2    62.2   0.482   0.480 -99.000 -99.000 -99.000    23.9    23.3 -9999.0 -9999.0 -9999.0
23907 20180517  2.623  -98.08   30.62    34.1    21.3    27.7    27.4     0.0    26.37 C    46.6    21.5    32.0    75.3    32.4    52.4   0.424   0.426 -99.000 -99.000 -99.000    25.1    24.3 -9999.0 -9999.0 -9999.0
23907 20180518  2.623  -98.08   30.62    32.5    19.3    25.9    26.3     0.0    23.84 C    46.5    21.0    30.7    85.4    31.6    55.4   0.374   0.387 -99.000 -99.000 -99.000    25.0    24.5 -9999.0 -9999.0 -9999.0
23907 20180519  2.623  -98.08   30.62    31.4    20.7    26.0    25.5     0.0    19.95 C    43.5    21.1    29.4    87.2    41.3    63.8   0.333   0.351 -99.000 -99.000 -99.000    24.9    24.5 -9999.0 -9999.0 -9999.0
23907 20180520  2.623  -98.08   30.62    25.5    17.3    21.4    21.7    47.3    11.99 C    35.8    19.1    25.0    95.2    66.7    85.7   0.503   0.492 -99.000 -99.000 -99.000    23.9    23.8 -9999.0 -9999.0 -9999.0
23907 20180521  2.623  -98.08   30.62    29.1    18.7    23.9    22.5     0.0    18.77 C    40.9    20.3    27.0    96.2    52.0    79.5   0.506   0.487 -99.000 -99.000 -99.000    24.1    23.7 -9999.0 -9999.0 -9999.0
23907 20180522  2.623  -98.08   30.62    30.6    19.8    25.2    24.6     0.0    22.43 C    42.2    21.5    29.1    94.8    44.5    70.9   0.458   0.446 -99.000 -99.000 -99.000    24.8    24.3 -9999.0 -9999.0 -9999.0
23907 20180523  2.623  -98.08   30.62    31.9    20.4    26.1    24.9     0.0    24.55 C    46.1    21.7    30.5    93.4    37.2    68.8   0.415   0.414 -99.000 -99.000 -99.000    25.2    24.7 -9999.0 -9999.0 -9999.0
23907 20180524  2.623  -98.08   30.62    32.0    20.6    26.3    25.7     0.0    23.53 C    48.9    22.0    31.7    95.0    39.7    67.8   0.368   0.385 -99.000 -99.000 -99.000    25.6    25.0 -9999.0 -9999.0 -9999.0
23907 20180525  2.623  -98.08   30.62    33.5    21.1    27.3    27.0     0.0    25.12 C    50.9    22.6    33.0    94.8    39.4    65.2   0.320   0.345 -99.000 -99.000 -99.000    26.2    25.5 -9999.0 -9999.0 -9999.0
23907 20180526  2.623  -98.08   30.62    35.5    21.8    28.7    28.7     0.0    26.71 C    52.0    23.3    34.9    74.8    31.9    53.6   0.281   0.300 -99.000 -99.000 -99.000    26.6    25.9 -9999.0 -9999.0 -9999.0
23907 20180527  2.623  -98.08   30.62    34.6    22.4    28.5    28.5     0.0    27.57 C    51.0    24.1    35.3    71.5    34.4    52.9   0.253   0.263 -99.000 -99.000 -99.000    27.0    26.4 -9999.0 -9999.0 -9999.0
23907 20180528  2.623  -98.08   30.62    34.7    22.6    28.7    28.1     0.0    24.44 C    51.7    24.2    34.5    74.9    34.6    54.8   0.233   0.240 -99.000 -99.000 -99.000    27.1    26.6 -9999.0 -9999.0 -9999.0
23907 20180529  2.623  -98.08   30.62    33.9    22.3    28.1    28.1     0.0    27.52 C    50.3    23.8    34.8    78.5    36.3    55.4   0.218   0.226 -99.000 -99.000 -99.000    27.4    26.7 -9999.0 -9999.0 -9999.0
23907 20180530  2.623  -98.08   30.62    33.8    21.5    27.7    27.6     0.0    27.66 C    49.5    23.4    34.1    90.0    36.4    60.7   0.206   0.216 -99.000 -99.000 -99.000    27.7    27.0 -9999.0 -9999.0 -9999.0
23907 20180531  2.623  -98.08   30.62    34.7    22.8    28.7    28.0     0.0    27.14 C    48.4    24.1    34.0    83.6    36.7    60.4   0.198   0.209 -99.000 -99.000 -99.000    27.9    27.3 -9999.0 -9999.0 -9999.0
23907 20180601  2.623  -98.08   30.62    35.0    22.5    28.7    28.3     0.0    26.09 C    49.6    24.3    34.3    86.4    38.3    61.4   0.190   0.202 -99.000 -99.000 -99.000    28.2    27.6 -9999.0 -9999.0 -9999.0
23907 20180602  2.623  -98.08   30.62    36.8    22.5    29.6    29.3     0.0    26.98 C    51.7    24.0    35.5    89.8    29.1    58.0   0.184   0.198 -99.000 -99.000 -99.000    28.8    28.0 -9999.0 -9999.0 -9999.0
23907 20180603  2.623  -98.08   30.62    35.4    21.1    28.2    28.5     0.4    15.67 C    50.2    23.6    33.7    89.4    43.8    66.1   0.178   0.195 -99.000 -99.000 -99.000    28.9    28.2 -9999.0 -9999.0 -9999.0
23907 20180604  2.623  -98.08   30.62    28.9    19.9    24.4    23.7    29.6    14.73 C    38.0    21.2    27.1    93.2    54.7    73.3   0.474   0.506 -99.000 -99.000 -99.000    26.0    26.1 -9999.0 -9999.0 -9999.0
23907 20180605  2.623  -98.08   30.62    35.5    21.6    28.6    28.4     0.0    26.81 C    46.8    22.2    32.5    92.3    32.2    61.3   0.423   0.444 -99.000 -99.000 -99.000    27.0    26.5 -9999.0 -9999.0 -9999.0
23907 20180606  2.623  -98.08   30.62    35.5    22.9    29.2    29.0     0.0    26.55 C    49.1    24.7    34.2    88.4    35.1    59.8   0.366   0.399 -99.000 -99.000 -99.000    27.8    27.3 -9999.0 -9999.0 -9999.0
23907 20180607  2.623  -98.08   30.62    33.8    22.3    28.0    28.0     0.0    25.48 C    47.4    24.0    33.4    91.1    35.3    60.3   0.312   0.353 -99.000 -99.000 -99.000    27.7    27.3 -9999.0 -9999.0 -9999.0
23907 20180608  2.623  -98.08   30.62    33.7    22.7    28.2    27.6     0.0    22.72 C    48.3    25.0    33.5    89.7    33.5    61.8   0.273   0.307 -99.000 -99.000 -99.000    27.8    27.3 -9999.0 -9999.0 -9999.0
23907 20180609  2.623  -98.08   30.62    33.9    22.5    28.2    27.0     0.0    24.67 C    49.8    24.1    33.7    90.8    34.9    66.2   0.245   0.268 -99.000 -99.000 -99.000    27.8    27.4 -9999.0 -9999.0 -9999.0
23907 20180610  2.623  -98.08   30.62    34.1    22.9    28.5    28.1     0.0    23.80 C    48.3    24.3    33.4    91.1    32.8    61.4   0.224   0.243 -99.000 -99.000 -99.000    27.9    27.5 -9999.0 -9999.0 -9999.0
23907 20180611  2.623  -98.08   30.62    34.1    23.8    29.0    28.4     0.0    25.16 C    47.2    25.4    34.1    82.2    37.5    59.0   0.211   0.228 -99.000 -99.000 -99.000    28.1    27.7 -9999.0 -9999.0 -9999.0
23907 20180612  2.623  -98.08   30.62    34.6    23.8    29.2    28.6     0.0    22.37 C    48.0    25.2    33.9    84.4    33.3    59.2   0.201   0.217 -99.000 -99.000 -99.000    28.3    27.9 -9999.0 -9999.0 -9999.0
23907 20180613  2.623  -98.08   30.62    35.1    23.3    29.2    28.6     0.0    25.86 C    51.1    24.9    35.0    89.1    30.3    58.4   0.192   0.207 -99.000 -99.000 -99.000    28.7    28.1 -9999.0 -9999.0 -9999.0
23907 20180614  2.623  -98.08   30.62    34.2    22.0    28.1    27.6     0.0    22.58 C    50.0    24.0    33.3    89.1    33.2    60.2   0.184   0.201 -99.000 -99.000 -99.000    28.5    28.1 -9999.0 -9999.0 -9999.0
23907 20180615  2.623  -98.08   30.62    34.8    22.5    28.6    27.4     0.0    23.51 C    48.6    24.1    33.3    87.8    34.9    63.1   0.179   0.197 -99.000 -99.000 -99.000    28.6    28.1 -9999.0 -9999.0 -9999.0
23907 20180616  2.623  -98.08   30.62    34.0    22.9    28.4    27.4     0.0    24.48 C    49.6    24.4    33.7    86.4    40.3    64.9   0.174   0.194 -99.000 -99.000 -99.000    28.9    28.3 -9999.0 -9999.0 -9999.0
23907 20180617  2.623  -98.08   30.62    34.4    22.7    28.6    27.0     0.0    20.59 C    49.2    25.3    33.3    88.9    40.0    68.4   0.170   0.191 -99.000 -99.000 -99.000    29.0    28.3 -9999.0 -9999.0 -9999.0
23907 20180618  2.623  -98.08   30.62    32.3    22.4    27.4    26.0     1.4    16.90 C    43.4    24.1    30.1    94.9    47.1    75.3   0.166   0.188 -99.000 -99.000 -99.000    28.4    28.1 -9999.0 -9999.0 -9999.0
23907 20180619  2.623  -98.08   30.62    27.9    21.8    24.8    23.4     2.7    11.86 C    35.0    22.9    26.3    95.2    71.7    88.7   0.167   0.187 -99.000 -99.000 -99.000    27.2    27.2 -9999.0 -9999.0 -9999.0
23907 20180620  2.623  -98.08   30.62    30.7    22.1    26.4    25.0     1.2    15.42 C    38.9    23.0    28.2    94.1    50.0    79.8   0.174   0.186 -99.000 -99.000 -99.000    26.8    26.8 -9999.0 -9999.0 -9999.0
23907 20180621  2.623  -98.08   30.62    33.4    21.6    27.5    27.2     0.0    19.93 C    43.5    23.2    31.4    94.8    44.8    69.2   0.174   0.185 -99.000 -99.000 -99.000    27.3    26.9 -9999.0 -9999.0 -9999.0
23907 20180622  2.623  -98.08   30.62    37.3    22.5    29.9    29.2     0.0    26.55 C    50.1    23.3    34.2    91.5    33.3    62.0   0.174   0.185 -99.000 -99.000 -99.000    28.3    27.6 -9999.0 -9999.0 -9999.0
23907 20180623  2.623  -98.08   30.62    35.3    24.0    29.7    29.3     0.0    27.63 C    49.4    25.3    35.2    85.2    37.7    62.0   0.173   0.185 -99.000 -99.000 -99.000    29.1    28.3 -9999.0 -9999.0 -9999.0
23907 20180624  2.623  -98.08   30.62    35.4    23.8    29.6    28.9     0.0    27.58 C    49.6    24.7    34.6    86.1    35.5    61.0   0.169   0.183 -99.000 -99.000 -99.000    29.3    28.6 -9999.0 -9999.0 -9999.0
23907 20180625  2.623  -98.08   30.62    33.5    24.1    28.8    27.9     0.0    18.82 C    45.1    25.6    32.9    82.2    42.2    63.8   0.165   0.182 -99.000 -99.000 -99.000    29.2    28.5 -9999.0 -9999.0 -9999.0
23907 20180626  2.623  -98.08   30.62    35.4    23.6    29.5    28.7     2.7    24.72 C    46.4    24.8    33.1    93.7    33.7    63.3   0.174   0.181 -99.000 -99.000 -99.000    28.9    28.5 -9999.0 -9999.0 -9999.0
23907 20180627  2.623  -98.08   30.62    36.7    22.5    29.6    29.1     0.0    27.92 C    50.2    23.8    34.7    87.0    27.6    56.8   0.172   0.180 -99.000 -99.000 -99.000    29.0    28.5 -9999.0 -9999.0 -9999.0
23907 20180628  2.623  -98.08   30.62    35.8    22.2    29.0    28.7     0.0    26.35 C    50.1    24.0    34.7    89.8    33.0    59.4   0.169   0.179 -99.000 -99.000 -99.000    29.4    28.8 -9999.0 -9999.0 -9999.0
23907 20180629  2.623  -98.08   30.62    35.9    23.1    29.5    28.5     0.0    22.28 C    49.5    24.6    33.6    84.9    33.8    61.6   0.165   0.178 -99.000 -99.000 -99.000    29.6    28.9 -9999.0 -9999.0 -9999.0
23907 20180630  2.623  -98.08   30.62    36.2    24.5    30.3    29.2     0.0    26.07 C    49.7    26.0    34.8    82.4    30.4    58.2   0.161   0.177 -99.000 -99.000 -99.000    29.9    29.1 -9999.0 -9999.0 -9999.0
23907 20180701  2.623  -98.08   30.62    38.2    23.0    30.6    29.6     0.0    26.17 C    50.7    24.4    35.0    84.3    19.1    54.4   0.158   0.175 -99.000 -99.000 -99.000    30.0    29.3 -9999.0 -9999.0 -9999.0
23907 20180702  2.623  -98.08   30.62    37.1    22.6    29.8    29.4     0.0    28.16 C    52.2    24.3    35.9    87.3    23.9    54.8   0.155   0.174 -99.000 -99.000 -99.000    30.4    29.6 -9999.0 -9999.0 -9999.0
23907 20180703  2.623  -98.08   30.62    38.2    22.1    30.1    30.0     0.0    28.05 C    53.3    24.3    36.6    91.2    21.2    52.8   0.152   0.173 -99.000 -99.000 -99.000    30.7    29.8 -9999.0 -9999.0 -9999.0
23907 20180704  2.623  -98.08   30.62    34.8    20.2    27.5    25.4    13.0    12.06 C    49.8    22.5    29.9    95.3    37.9    78.8   0.214   0.172 -99.000 -99.000 -99.000    29.4    29.3 -9999.0 -9999.0 -9999.0
23907 20180705  2.623  -98.08   30.62    33.1    20.0    26.5    26.0     0.0    21.52 C    42.9    21.3    30.1    94.9    35.7    66.8   0.330   0.171 -99.000 -99.000 -99.000    27.8    27.7 -9999.0 -9999.0 -9999.0
23907 20180706  2.623  -98.08   30.62    35.2    22.4    28.8    27.9     3.3    22.86 C    44.3    23.8    31.8    93.2    34.5    61.9   0.312   0.173 -99.000 -99.000 -99.000    27.9    27.7 -9999.0 -9999.0 -9999.0
23907 20180707  2.623  -98.08   30.62    29.7    21.4    25.6    23.6     4.2    10.15 C    36.9    22.5    26.3    92.7    60.1    83.8   0.315   0.176 -99.000 -99.000 -99.000    26.9    27.0 -9999.0 -9999.0 -9999.0
23907 20180708  2.623  -98.08   30.62    31.7    20.7    26.2    25.0    10.3    18.29 C    41.9    21.6    28.3    95.9    46.4    77.1   0.371   0.246 -99.000 -99.000 -99.000    26.4    26.5 -9999.0 -9999.0 -9999.0
23907 20180709  2.623  -98.08   30.62    29.0    21.3    25.2    23.2    15.5    12.88 C    39.8    22.6    26.3    95.2    61.5    89.0   0.434   0.441 -99.000 -99.000 -99.000    26.1    26.1 -9999.0 -9999.0 -9999.0
23907 20180710  2.623  -98.08   30.62    32.9    21.4    27.2    26.8     0.0    25.82 C    45.0    22.6    31.3    95.1    40.5    67.5   0.408   0.435 -99.000 -99.000 -99.000    26.9    26.5 -9999.0 -9999.0 -9999.0
23907 20180711  2.623  -98.08   30.62    34.4    22.2    28.3    27.9     0.0    26.30 C    46.7    23.5    33.0    91.9    34.8    62.3   0.357   0.397 -99.000 -99.000 -99.000    27.5    27.1 -9999.0 -9999.0 -9999.0
23907 20180712  2.623  -98.08   30.62    34.4    22.3    28.3    28.1     0.0    26.22 C    47.5    24.0    33.9    84.9    34.5    56.9   0.305   0.359 -99.000 -99.000 -99.000    27.7    27.3 -9999.0 -9999.0 -9999.0
23907 20180713  2.623  -98.08   30.62    34.2    22.7    28.4    28.0     0.0    25.90 C    49.4    24.4    34.1    86.8    34.5    59.9   0.265   0.316 -99.000 -99.000 -99.000    28.0    27.5 -9999.0 -9999.0 -9999.0
23907 20180714  2.623  -98.08   30.62    34.7    22.7    28.7    28.4     0.0    25.70 C    50.2    24.5    34.4    90.0    35.0    60.8   0.237   0.275 -99.000 -99.000 -99.000    28.3    27.8 -9999.0 -9999.0 -9999.0
23907 20180715  2.623  -98.08   30.62    35.0    23.6    29.3    28.5     0.0    23.94 C    49.0    25.4    34.3    87.8    35.4    61.8   0.219   0.248 -99.000 -99.000 -99.000    28.7    28.2 -9999.0 -9999.0 -9999.0
23907 20180716  2.623  -98.08   30.62    36.7    23.0    29.8    29.3     0.0    26.13 C    49.6    24.7    34.8    88.1    22.8    54.7   0.204   0.228 -99.000 -99.000 -99.000    28.7    28.3 -9999.0 -9999.0 -9999.0
23907 20180717  2.623  -98.08   30.62    37.5    21.5    29.5    29.1     0.0    27.04 C    51.3    23.3    35.0    90.6    21.1    53.0   0.193   0.213 -99.000 -99.000 -99.000    28.9    28.4 -9999.0 -9999.0 -9999.0
23907 20180718  2.623  -98.08   30.62    38.5    23.4    30.9    30.3     0.0    26.75 C    52.9    25.2    36.2    90.5    18.4    51.7   0.184   0.204 -99.000 -99.000 -99.000    29.5    28.8 -9999.0 -9999.0 -9999.0
23907 20180719  2.623  -98.08   30.62    39.1    23.8    31.5    31.2     0.0    26.94 C    53.3    25.7    37.1    86.2    20.2    48.3   0.177   0.197 -99.000 -99.000 -99.000    30.0    29.2 -9999.0 -9999.0 -9999.0
23907 20180720  2.623  -98.08   30.62    39.6    23.5    31.5    31.1     0.0    27.42 C    53.6    25.6    37.0    88.0    16.5    48.5   0.170   0.191 -99.000 -99.000 -99.000    30.3    29.5 -9999.0 -9999.0 -9999.0
23907 20180721  2.623  -98.08   30.62    39.4    23.2    31.3    30.8     0.0    27.21 C    53.2    25.1    36.7    89.6    16.4    50.1   0.164   0.188 -99.000 -99.000 -99.000    30.4    29.7 -9999.0 -9999.0 -9999.0
23907 20180722  2.623  -98.08   30.62    40.4    23.4    31.9    31.6     0.0    27.16 C    54.7    25.3    37.4    90.3    15.2    46.8   0.160   0.185 -99.000 -99.000 -99.000    30.8    29.9 -9999.0 -9999.0 -9999.0
23907 20180723  2.623  -98.08   30.62    42.7    25.3    34.0    33.6     0.0    26.19 C    55.9    26.5    39.0    72.4    11.6    39.1   0.156   0.182 -99.000 -99.000 -99.000    31.3    30.3 -9999.0 -9999.0 -9999.0
23907 20180724  2.623  -98.08   30.62    38.4    27.1    32.8    32.0     0.0    24.33 C    52.0    29.1    37.8    49.6    26.4    39.7   0.152   0.213 -99.000 -99.000 -99.000    31.5    30.8 -9999.0 -9999.0 -9999.0
23907 20180725  2.623  -98.08   30.62    37.0    24.5    30.7    30.1     0.0    22.72 C    52.7    26.8    36.2    79.9    22.9    45.4   0.149   0.243 -99.000 -99.000 -99.000    30.9    30.4 -9999.0 -9999.0 -9999.0
23907 20180726  2.623  -98.08   30.62    37.2    23.9    30.5    30.2     0.0    25.37 C    51.3    25.5    36.0    64.1    14.3    38.0   0.147   0.241 -99.000 -99.000 -99.000    30.6    30.0 -9999.0 -9999.0 -9999.0
23907 20180727  2.623  -98.08   30.62    37.5    23.5    30.5    30.4     0.0    25.19 C    51.5    25.1    36.0    56.0    17.0    35.5   0.145   0.239 -99.000 -99.000 -99.000    30.5    30.0 -9999.0 -9999.0 -9999.0
23907 20180728  2.623  -98.08   30.62    37.6    22.3    29.9    29.8     0.0    26.83 C    52.2    24.5    36.5    85.4    20.0    47.7   0.143   0.239 -99.000 -99.000 -99.000    30.9    30.3 -9999.0 -9999.0 -9999.0
23907 20180729  2.623  -98.08   30.62    38.6    23.8    31.2    30.8     0.0    26.40 C    53.3    26.0    37.2    83.5    21.0    48.1   0.142   0.238 -99.000 -99.000 -99.000    31.4    30.7 -9999.0 -9999.0 -9999.0
23907 20180730  2.623  -98.08   30.62    37.2    24.0    30.6    30.3     0.0    23.54 C    50.9    26.1    36.2    79.7    26.3    48.6   0.141   0.238 -99.000 -99.000 -99.000    31.4    30.9 -9999.0 -9999.0 -9999.0
23907 20180731  2.623  -98.08   30.62    36.4    21.9    29.2    28.6     2.1    18.58 C    44.4    24.4    32.0    92.6    20.4    51.6   0.145   0.236 -99.000 -99.000 -99.000    29.8    30.0 -9999.0 -9999.0 -9999.0
23907 20180801  2.623  -98.08   30.62    36.5    21.0    28.7    28.5     0.0    27.23 C    48.8    22.2    33.5    57.2    20.0    34.7   0.142   0.234 -99.000 -99.000 -99.000    29.0    29.1 -9999.0 -9999.0 -9999.0
23907 20180802  2.623  -98.08   30.62    36.8    22.0    29.4    29.0     0.0    22.30 C    49.9    23.1    33.8    58.1    23.3    36.4   0.140   0.234 -99.000 -99.000 -99.000    29.5    29.1 -9999.0 -9999.0 -9999.0
23907 20180803  2.623  -98.08   30.62    36.0    23.0    29.5    29.1     0.0    25.87 C    50.2    24.4    34.8    65.8    20.0    42.7   0.139   0.233 -99.000 -99.000 -99.000    30.2    29.5 -9999.0 -9999.0 -9999.0
23907 20180804  2.623  -98.08   30.62    36.1    21.8    28.9    28.2     0.0    23.94 C    50.2    24.0    34.4    90.5    25.7    57.6   0.139   0.233 -99.000 -99.000 -99.000    30.6    30.2 -9999.0 -9999.0 -9999.0
23907 20180805  2.623  -98.08   30.62    35.4    22.4    28.9    28.2     0.0    22.27 C    49.9    24.2    33.7    91.4    26.8    57.3   0.138   0.233 -99.000 -99.000 -99.000    30.4    30.3 -9999.0 -9999.0 -9999.0
23907 20180806  2.623  -98.08   30.62    35.9    22.4    29.1    28.2     0.0    20.34 C    49.8    24.5    33.9    92.9    32.1    62.0   0.138   0.233 -99.000 -99.000 -99.000    30.5    30.3 -9999.0 -9999.0 -9999.0
23907 20180807  2.623  -98.08   30.62    35.8    22.4    29.1    28.6     0.0    22.00 C    49.8    24.5    34.3    91.5    32.2    59.3   0.137   0.232 -99.000 -99.000 -99.000    30.6    30.3 -9999.0 -9999.0 -9999.0
23907 20180808  2.623  -98.08   30.62    36.4    23.1    29.7    29.3     0.0    23.59 C    51.7    24.8    35.0    88.6    28.3    55.5   0.137   0.232 -99.000 -99.000 -99.000    30.8    30.5 -9999.0 -9999.0 -9999.0
23907 20180809  2.623  -98.08   30.62    37.1    22.5    29.8    28.0    11.0    23.56 C    53.5    24.2    34.2    88.5    27.2    60.3   0.166   0.232 -99.000 -99.000 -99.000    30.4    30.3 -9999.0 -9999.0 -9999.0
23907 20180810  2.623  -98.08   30.62    32.8    21.2    27.0    26.1    99.8    14.71 C    41.8    22.2    29.8    95.1    39.2    67.9   0.332   0.266 -99.000 -99.000 -99.000    28.3    28.9 -9999.0 -9999.0 -9999.0
23907 20180811  2.623  -98.08   30.62    32.2    21.2    26.7    24.3    10.1    16.74 C    43.5    23.2    28.7    95.2    45.2    81.2   0.529   0.582 -99.000 -99.000 -99.000    26.8    26.9 -9999.0 -9999.0 -9999.0
23907 20180812  2.623  -98.08   30.62    30.8    22.3    26.6    24.1    10.9    13.37 C    40.9    23.5    27.3    95.7    52.7    87.7   0.557   0.596 -99.000 -99.000 -99.000    26.9    27.2 -9999.0 -9999.0 -9999.0
23907 20180813  2.623  -98.08   30.62    33.3    22.4    27.8    27.3     3.0    19.49 C    39.6    23.5    29.7    95.9    36.1    67.0   0.520   0.573 -99.000 -99.000 -99.000    27.0    27.3 -9999.0 -9999.0 -9999.0
23907 20180814  2.623  -98.08   30.62    34.2    22.4    28.3    27.6     0.0    19.47 C    43.5    23.1    30.3    87.9    39.1    63.8   0.460   0.505 -99.000 -99.000 -99.000    27.1    27.5 -9999.0 -9999.0 -9999.0
23907 20180815  2.623  -98.08   30.62    35.1    23.0    29.0    28.4     0.0    24.88 C    46.0    23.4    32.5    85.5    36.1    59.7   0.418   0.468 -99.000 -99.000 -99.000    27.6    27.8 -9999.0 -9999.0 -9999.0
23907 20180816  2.623  -98.08   30.62    35.3    23.6    29.5    29.0     0.0    22.74 C    47.7    24.7    33.4    86.6    37.5    60.0   0.371   0.434 -99.000 -99.000 -99.000    28.1    28.2 -9999.0 -9999.0 -9999.0
23907 20180817  2.623  -98.08   30.62    36.1    22.7    29.4    29.2     0.0    25.40 C    49.0    24.1    34.2    86.9    26.2    54.2   0.320   0.392 -99.000 -99.000 -99.000    28.1    28.3 -9999.0 -9999.0 -9999.0
23907 20180818  2.623  -98.08   30.62    36.5    23.2    29.9    29.3     0.0    23.88 C    51.0    24.7    34.8    83.8    28.0    52.8   0.277   0.347 -99.000 -99.000 -99.000    28.3    28.4 -9999.0 -9999.0 -9999.0
23907 20180819  2.623  -98.08   30.62    35.7    23.1    29.4    28.9     0.0    22.99 C    49.7    24.6    34.5    84.6    31.4    56.7   0.248   0.312 -99.000 -99.000 -99.000    28.5    28.6 -9999.0 -9999.0 -9999.0
23907 20180820  2.623  -98.08   30.62    36.5    23.7    30.1    28.7     0.0    22.01 C    52.8    25.5    34.8    84.9    33.3    59.9   0.228   0.293 -99.000 -99.000 -99.000    28.8    28.9 -9999.0 -9999.0 -9999.0
23907 20180821  2.623  -98.08   30.62    37.1    23.6    30.3    29.2     0.0    24.55 C    53.1    25.5    35.9    83.0    30.9    58.1   0.212   0.283 -99.000 -99.000 -99.000    29.1    28.9 -9999.0 -9999.0 -9999.0
23907 20180822  2.623  -98.08   30.62    37.0    24.6    30.8    29.4     0.0    23.28 C    52.9    27.1    36.2    75.0    27.9    55.0   0.200   0.274 -99.000 -99.000 -99.000    29.4    28.9 -9999.0 -9999.0 -9999.0
23907 20180823  2.623  -98.08   30.62    36.6    23.7    30.1    30.0     0.0    23.85 C    50.6    25.4    35.6    71.5    26.8    48.0   0.189   0.266 -99.000 -99.000 -99.000    29.3    29.0 -9999.0 -9999.0 -9999.0
23907 20180824  2.623  -98.08   30.62    36.7    22.5    29.6    29.3     0.0    24.86 C    50.3    24.6    34.9    86.0    24.8    50.7   0.181   0.261 -99.000 -99.000 -99.000    29.3    29.4 -9999.0 -9999.0 -9999.0
23907 20180825  2.623  -98.08   30.62    35.4    23.2    29.3    29.0     0.0    23.88 C    50.3    25.0    35.0    86.3    33.9    56.0   0.175   0.257 -99.000 -99.000 -99.000    29.7    29.5 -9999.0 -9999.0 -9999.0
23907 20180826  2.623  -98.08   30.62    34.8    23.3    29.0    28.8     0.0    18.19 C    48.8    25.3    33.4    89.7    32.5    58.0   0.169   0.254 -99.000 -99.000 -99.000    29.6    29.6 -9999.0 -9999.0 -9999.0
23907 20180827  2.623  -98.08   30.62    35.2    23.1    29.1    28.9     0.0    22.30 C    50.0    24.6    33.9    90.0    32.9    58.3   0.164   0.253 -99.000 -99.000 -99.000    29.6    29.6 -9999.0 -9999.0 -9999.0
23907 20180828  2.623  -98.08   30.62    35.9    23.6    29.7    29.2     0.0    23.35 C    49.5    24.8    34.4    86.2    27.8    56.5   0.161   0.251 -99.000 -99.000 -99.000    29.7    29.6 -9999.0 -9999.0 -9999.0
23907 20180829  2.623  -98.08   30.62    36.4    23.5    29.9    28.5     0.0    23.79 C    51.6    25.0    34.7    88.1    29.3    61.6   0.158   0.248 -99.000 -99.000 -99.000    30.0    29.8 -9999.0 -9999.0 -9999.0
23907 20180830  2.623  -98.08   30.62    35.0    22.8    28.9    28.2     0.0    20.43 C    50.5    25.0    34.0    88.7    35.2    61.9   0.155   0.246 -99.000 -99.000 -99.000    29.9    29.7 -9999.0 -9999.0 -9999.0
23907 20180831  2.623  -98.08   30.62    35.2    21.5    28.3    28.2     0.0    23.24 C    50.0    23.2    34.2    84.3    31.6    57.3   0.152   0.245 -99.000 -99.000 -99.000    29.7    29.5 -9999.0 -9999.0 -9999.0
23907 20180901  2.623  -98.08   30.62    35.3    22.4    28.8    28.5     0.0    21.64 C    49.6    24.4    34.3    87.4    33.6    59.1   0.151   0.243 -99.000 -99.000 -99.000    29.9    29.6 -9999.0 -9999.0 -9999.0
23907 20180902  2.623  -98.08   30.62    33.9    22.8    28.4    26.9    12.8    17.31 C    48.3    24.9    32.1    88.4    41.1    69.9   0.195   0.279 -99.000 -99.000 -99.000    29.6    29.5 -9999.0 -9999.0 -9999.0
23907 20180903  2.623  -98.08   30.62    30.5    22.5    26.5    24.8     3.9    12.81 C    40.5    24.7    28.8    95.2    56.3    83.5   0.300   0.345 -99.000 -99.000 -99.000    28.2    28.7 -9999.0 -9999.0 -9999.0
23907 20180904  2.623  -98.08   30.62    31.0    21.4    26.2    24.7    14.4    13.26 C    39.2    23.0    27.9    95.9    49.0    84.1   0.414   0.416 -99.000 -99.000 -99.000    27.5    28.1 -9999.0 -9999.0 -9999.0
23907 20180905  2.623  -98.08   30.62    31.0    22.0    26.5    24.8    47.6    12.90 C    40.6    23.7    27.6    95.2    56.2    84.6   0.461   0.463 -99.000 -99.000 -99.000    27.1    27.7 -9999.0 -9999.0 -9999.0
23907 20180906  2.623  -98.08   30.62    31.2    22.1    26.7    24.8     1.7    14.37 C    39.9    22.8    28.0    95.3    49.9    82.6   0.536   0.587 -99.000 -99.000 -99.000    26.7    27.1 -9999.0 -9999.0 -9999.0
23907 20180907  2.623  -98.08   30.62    30.2    22.0    26.1    24.1    37.2    13.35 C    39.3    23.0    27.4    95.3    59.9    86.6   0.498   0.563 -99.000 -99.000 -99.000    26.7    27.1 -9999.0 -9999.0 -9999.0
23907 20180908  2.623  -98.08   30.62    27.0    21.5    24.2    22.9 -9999.0     8.58 C    32.9    22.7    24.9    95.9    74.4    90.7   0.615   0.631 -99.000 -99.000 -99.000    25.9    26.4 -9999.0 -9999.0 -9999.0
23907 20180909  2.623  -98.08   30.62    22.4    20.5    21.4    21.5 -9999.0     4.62 C    25.0    21.4    23.0    95.6    85.2    93.3   0.614   0.631 -99.000 -99.000 -99.000    24.8    25.5 -9999.0 -9999.0 -9999.0
23907 20180910  2.623  -98.08   30.62    23.4    18.9    21.2    21.1 -9999.0     8.38 C    27.8    20.1    23.4    94.7    73.5    86.3   0.568   0.614 -99.000 -99.000 -99.000    24.5    25.1 -9999.0 -9999.0 -9999.0
23907 20180911  2.623  -98.08   30.62    28.3    19.9    24.1    22.7     0.6    13.85 C    37.6    21.4    25.7    95.9    60.2    86.7   0.508   0.550 -99.000 -99.000 -99.000    24.9    25.2 -9999.0 -9999.0 -9999.0
23907 20180912  2.623  -98.08   30.62    30.5    21.8    26.2    24.5     1.4    15.01 C    37.4    22.9    27.3    94.6    55.6    81.3   0.483   0.514 -99.000 -99.000 -99.000    25.6    25.8 -9999.0 -9999.0 -9999.0
23907 20180913  2.623  -98.08   30.62    30.4    21.3    25.9    24.6     0.4    14.39 C    38.8    22.7    27.5    95.4    54.0    79.6   0.462   0.493 -99.000 -99.000 -99.000    25.9    26.1 -9999.0 -9999.0 -9999.0
23907 20180914  2.623  -98.08   30.62    29.4    20.8    25.1    22.9    16.9     8.52 C    36.3    21.8    24.8    95.5    60.5    90.4   0.484   0.512 -99.000 -99.000 -99.000    25.4    25.7 -9999.0 -9999.0 -9999.0
23907 20180915  2.623  -98.08   30.62    29.1    21.5    25.3    23.2     7.8     9.51 C    35.1    22.1    24.4    95.5    65.2    89.8   0.585   0.630 -99.000 -99.000 -99.000    25.2    25.6 -9999.0 -9999.0 -9999.0
23907 20180916  2.623  -98.08   30.62    29.1    21.3    25.2    23.6     6.1    13.04 C    37.0    21.4    25.8    95.7    59.6    86.2   0.575   0.615 -99.000 -99.000 -99.000    25.2    25.5 -9999.0 -9999.0 -9999.0
23907 20180917  2.623  -98.08   30.62    31.1    20.9    26.0    25.6     0.0    20.38 C    41.5    20.6    28.4    91.1    48.2    70.6   0.539   0.578 -99.000 -99.000 -99.000    25.2    25.3 -9999.0 -9999.0 -9999.0
23907 20180918  2.623  -98.08   30.62    32.3    22.3    27.3    26.5     0.0    20.33 C    41.8    22.7    29.7    92.3    40.9    69.5   0.486   0.512 -99.000 -99.000 -99.000    25.8    25.7 -9999.0 -9999.0 -9999.0
23907 20180919  2.623  -98.08   30.62    31.9    21.7    26.8    26.1     0.0    19.29 C    41.3    22.2    29.3    94.4    47.7    71.4   0.451   0.481 -99.000 -99.000 -99.000    26.0    25.7 -9999.0 -9999.0 -9999.0
23907 20180920  2.623  -98.08   30.62    28.1    20.8    24.4    23.6    16.3     8.78 C    34.0    22.9    25.7    95.5    67.5    89.0   0.497   0.529 -99.000 -99.000 -99.000    25.8    25.9 -9999.0 -9999.0 -9999.0
23907 20180921  2.623  -98.08   30.62    29.0    22.8    25.9    25.5    20.5    10.13 C    33.6    23.4    26.9    95.3    63.0    82.7   0.551   0.602 -99.000 -99.000 -99.000    25.8    25.7 -9999.0 -9999.0 -9999.0
23907 20180922  2.623  -98.08   30.62    23.8    17.8    20.8    19.8    46.4     8.03 C    28.1    19.8    22.6    95.1    74.6    87.4   0.597   0.611 -99.000 -99.000 -99.000    24.1    24.3 -9999.0 -9999.0 -9999.0
23907 20180923  2.623  -98.08   30.62    22.2    18.1    20.2    20.0     0.0     5.82 C    25.7    19.6    22.2    95.2    76.9    86.7   0.529   0.566 -99.000 -99.000 -99.000    23.4    23.5 -9999.0 -9999.0 -9999.0
23907 20180924  2.623  -98.08   30.62    28.5    19.7    24.1    23.0     0.0    12.15 C    34.6    20.8    25.2    94.5    57.5    79.8   0.494   0.525 -99.000 -99.000 -99.000    24.1    23.9 -9999.0 -9999.0 -9999.0
23907 20180925  2.623  -98.08   30.62    32.3    22.0    27.2    26.1     0.0    19.27 C    40.0    22.1    28.6    94.5    43.0    73.5   0.467   0.496 -99.000 -99.000 -99.000    25.1    24.7 -9999.0 -9999.0 -9999.0
23907 20180926  2.623  -98.08   30.62    29.2    16.5    22.8    22.8     0.0    18.19 C    36.1    20.1    26.9    93.5    60.9    76.7   0.440   0.473 -99.000 -99.000 -99.000    25.0    24.9 -9999.0 -9999.0 -9999.0
23907 20180927  2.623  -98.08   30.62    25.6    13.0    19.3    19.0     0.0    19.60 C    37.1    16.0    24.1    86.4    49.8    65.3   0.408   0.450 -99.000 -99.000 -99.000    22.9    23.2 -9999.0 -9999.0 -9999.0
23907 20180928  2.623  -98.08   30.62    26.9    16.5    21.7    21.7     0.0    13.73 C    34.9    17.1    24.5    91.8    59.7    78.1   0.386   0.432 -99.000 -99.000 -99.000    23.1    23.1 -9999.0 -9999.0 -9999.0
23907 20180929  2.623  -98.08   30.62    26.9    20.8    23.8    22.4     6.0     8.77 C    34.8    22.2    24.9    95.1    67.3    89.0   0.409   0.443 -99.000 -99.000 -99.000    24.3    24.1 -9999.0 -9999.0 -9999.0
23907 20180930  2.623  -98.08   30.62    28.7    20.1    24.4    22.9     0.0    13.62 C    37.0    21.2    25.8    95.6    55.8    82.4   0.436   0.461 -99.000 -99.000 -99.000    24.4    24.2 -9999.0 -9999.0 -9999.0
23907 20181001  2.623  -98.08   30.62    30.1    20.1    25.1    23.5     0.0    13.55 C    37.0    21.3    26.3    95.7    53.8    82.3   0.410   0.441 -99.000 -99.000 -99.000    24.7    24.4 -9999.0 -9999.0 -9999.0
23907 20181002  2.623  -98.08   30.62    30.2    21.6    25.9    24.2     2.5    13.96 C    38.8    22.4    26.8    95.0    57.3    84.3   0.400   0.426 -99.000 -99.000 -99.000    25.2    24.8 -9999.0 -9999.0 -9999.0
23907 20181003  2.623  -98.08   30.62    30.5    21.9    26.2    25.3     0.0    13.82 C    36.5    22.1    27.1    94.9    49.2    76.5   0.395   0.422 -99.000 -99.000 -99.000    25.3    25.0 -9999.0 -9999.0 -9999.0
23907 20181004  2.623  -98.08   30.62    30.4    21.3    25.8    25.0     0.0    15.80 C    38.0    21.4    27.3    95.2    48.6    74.4   0.362   0.404 -99.000 -99.000 -99.000    25.2    25.0 -9999.0 -9999.0 -9999.0
23907 20181005  2.623  -98.08   30.62    30.7    21.7    26.2    25.2     0.0    14.24 C    38.0    22.2    27.5    95.3    54.0    77.0   0.332   0.385 -99.000 -99.000 -99.000    25.4    25.1 -9999.0 -9999.0 -9999.0
23907 20181006  2.623  -98.08   30.62    30.3    22.1    26.2    25.0     8.6    16.57 C    38.9    22.6    28.1    95.3    55.8    80.7   0.342   0.384 -99.000 -99.000 -99.000    25.7    25.6 -9999.0 -9999.0 -9999.0
23907 20181007  2.623  -98.08   30.62    29.3    21.7    25.5    24.0     5.2    13.19 C    34.2    22.8    26.0    95.6    55.1    84.7   0.447   0.451 -99.000 -99.000 -99.000    25.4    25.4 -9999.0 -9999.0 -9999.0
23907 20181008  2.623  -98.08   30.62    25.0    20.5    22.7    22.0    28.6     3.99 C    26.9    20.9    23.0    95.1    80.1    92.5   0.532   0.547 -99.000 -99.000 -99.000    24.6    24.6 -9999.0 -9999.0 -9999.0
23907 20181009  2.623  -98.08   30.62    24.2    18.3    21.2    21.2    25.6     5.95 C    26.6    17.7    21.9    95.8    69.3    91.2   0.615   0.617 -99.000 -99.000 -99.000    23.7    23.8 -9999.0 -9999.0 -9999.0
23907 20181010  2.623  -98.08   30.62    24.8    15.0    19.9    19.0     0.0    17.08 C    32.6    16.2    21.7    96.2    47.1    76.9   0.544   0.528 -99.000 -99.000 -99.000    21.9    22.3 -9999.0 -9999.0 -9999.0
23907 20181011  2.623  -98.08   30.62    23.0    13.8    18.4    18.0     0.0    15.37 C    31.0    14.9    20.8    86.3    46.1    67.7   0.490   0.482 -99.000 -99.000 -99.000    21.3    21.5 -9999.0 -9999.0 -9999.0
23907 20181012  2.623  -98.08   30.62    27.9    15.7    21.8    21.5     1.5    13.80 C    34.5    16.4    23.3    89.9    50.4    71.9   0.466   0.461 -99.000 -99.000 -99.000    21.9    21.8 -9999.0 -9999.0 -9999.0
23907 20181013  2.623  -98.08   30.62    30.6    19.1    24.8    23.8     6.6    11.40 C    34.1    20.6    25.1    95.5    53.1    81.7   0.468   0.464 -99.000 -99.000 -99.000    23.3    23.0 -9999.0 -9999.0 -9999.0
23907 20181014  2.623  -98.08   30.62    30.7    11.8    21.3    23.1     6.0    14.55 C    36.2    15.1    25.6    95.8    57.3    82.0   0.502   0.519 -99.000 -99.000 -99.000    23.7    23.4 -9999.0 -9999.0 -9999.0
23907 20181015  2.623  -98.08   30.62    11.8     4.1     8.0     5.8    53.0     1.99 C    15.1     6.5     8.4    95.1    92.7    94.0   0.592   0.619 -99.000 -99.000 -99.000    16.2    17.7 -9999.0 -9999.0 -9999.0
23907 20181016  2.623  -98.08   30.62     8.0     5.9     6.9     7.0    67.7     2.40 C     9.8     7.3     8.5    95.5    93.6    94.8   0.612   0.634 -99.000 -99.000 -99.000    13.0    13.7 -9999.0 -9999.0 -9999.0
23907 20181017  2.623  -98.08   30.62    11.6     7.5     9.5     9.2     2.2     3.53 C    13.6     8.8    10.6    95.9    94.9    95.5   0.568   0.491 -99.000 -99.000 -99.000    14.2    14.6 -9999.0 -9999.0 -9999.0
23907 20181018  2.623  -98.08   30.62    13.9     8.5    11.2    11.7     3.6     3.55 C    16.0     9.6    12.6    95.6    80.6    91.3   0.556   0.482 -99.000 -99.000 -99.000    14.9    15.0 -9999.0 -9999.0 -9999.0
23907 20181019  2.623  -98.08   30.62    15.6    13.3    14.4    14.4    27.8     2.86 C    17.4    13.6    15.0    95.9    94.3    95.1   0.598   0.598 -99.000 -99.000 -99.000    16.2    16.0 -9999.0 -9999.0 -9999.0
23907 20181020  2.623  -98.08   30.62    18.7    14.1    16.4    15.8     0.0     4.36 C    19.5    13.8    16.1    96.0    72.2    86.6   0.566   0.495 -99.000 -99.000 -99.000    16.9    16.8 -9999.0 -9999.0 -9999.0
23907 20181021  2.623  -98.08   30.62    21.8    10.5    16.2    15.3     0.0    17.64 C    28.1    10.1    16.9    77.7    32.9    58.7   0.511   0.442 -99.000 -99.000 -99.000    16.5    16.5 -9999.0 -9999.0 -9999.0
23907 20181022  2.623  -98.08   30.62    16.6    11.3    14.0    13.5     2.1     5.28 C    20.0    12.8    15.4    93.4    52.8    72.1   0.483   0.431 -99.000 -99.000 -99.000    16.4    16.3 -9999.0 -9999.0 -9999.0
23907 20181023  2.623  -98.08   30.62    19.8    10.7    15.3    14.4     0.5     7.61 C    23.5    12.4    16.2    94.7    34.2    68.2   0.483   0.435 -99.000 -99.000 -99.000    16.5    16.4 -9999.0 -9999.0 -9999.0
23907 20181024  2.623  -98.08   30.62    14.8    11.9    13.4    13.2    16.0     1.59 C    16.1    13.0    14.3    96.1    82.9    94.2   0.527   0.530 -99.000 -99.000 -99.000    16.5    16.4 -9999.0 -9999.0 -9999.0
23907 20181025  2.623  -98.08   30.62    18.9    12.3    15.6    14.2     0.0     9.22 C    24.5    12.5    15.4    95.9    58.5    82.4   0.555   0.497 -99.000 -99.000 -99.000    16.4    16.3 -9999.0 -9999.0 -9999.0
23907 20181026  2.623  -98.08   30.62    25.1    11.5    18.3    18.1     0.0    17.29 C    30.2    10.5    18.2    93.6    37.6    66.3   0.513   0.446 -99.000 -99.000 -99.000    16.5    16.3 -9999.0 -9999.0 -9999.0
23907 20181027  2.623  -98.08   30.62    28.7    13.8    21.2    20.7     0.0    17.02 C    32.6    12.6    20.5    84.4    30.6    59.1   0.483   0.431 -99.000 -99.000 -99.000    17.5    17.1 -9999.0 -9999.0 -9999.0
23907 20181028  2.623  -98.08   30.62    28.4    16.5    22.4    21.6     0.0    17.02 C    33.1    15.0    21.7    78.1    34.4    56.9   0.464   0.419 -99.000 -99.000 -99.000    18.7    18.2 -9999.0 -9999.0 -9999.0
23907 20181029  2.623  -98.08   30.62    27.7    15.2    21.4    21.3     0.0    14.63 C    33.1    14.5    21.6    91.0    48.0    70.4   0.448   0.408 -99.000 -99.000 -99.000    19.2    18.7 -9999.0 -9999.0 -9999.0
23907 20181030  2.623  -98.08   30.62    27.1    19.3    23.2    22.3     0.0    12.66 C    32.7    18.7    23.5    86.8    54.5    75.6   0.438   0.400 -99.000 -99.000 -99.000    20.4    19.7 -9999.0 -9999.0 -9999.0
23907 20181031  2.623  -98.08   30.62    25.4    11.0    18.2    19.1     0.6     6.19 C    28.6    13.8    20.5    92.3    63.8    84.3   0.425   0.391 -99.000 -99.000 -99.000    20.5    20.2 -9999.0 -9999.0 -9999.0
23907 20181101  2.623  -98.08   30.62    18.4     7.6    13.0    12.3     0.0    15.30 C    25.9     8.8    15.0    88.7    31.6    60.8   0.408   0.376 -99.000 -99.000 -99.000    17.2    17.6 -9999.0 -9999.0 -9999.0
23907 20181102  2.623  -98.08   30.62    22.8     7.1    15.0    14.8     0.0    16.57 C    28.6     7.9    15.8    83.1    21.3    51.6   0.393   0.362 -99.000 -99.000 -99.000    16.1    16.2 -9999.0 -9999.0 -9999.0
23907 20181103  2.623  -98.08   30.62    23.8    11.4    17.6    17.7     0.0    15.59 C    29.0    10.9    18.4    86.7    43.0    60.9   0.379   0.351 -99.000 -99.000 -99.000    17.0    16.7 -9999.0 -9999.0 -9999.0
23907 20181104  2.623  -98.08   30.62    20.9    11.6    16.3    15.1     1.8    15.83 C    28.0    12.0    17.4    91.4    39.9    63.7   0.382   0.341 -99.000 -99.000 -99.000    17.1    17.0 -9999.0 -9999.0 -9999.0
23907 20181105  2.623  -98.08   30.62    26.8    12.5    19.6    19.7     0.0    12.23 C    30.3    12.9    20.3    93.1    51.7    75.0   0.373   0.333 -99.000 -99.000 -99.000    18.0    17.5 -9999.0 -9999.0 -9999.0
23907 20181106  2.623  -98.08   30.62    26.4    15.3    20.9    20.7     0.0    11.90 C    33.2    14.9    21.3    95.8    70.4    87.8   0.367   0.326 -99.000 -99.000 -99.000    19.1    18.5 -9999.0 -9999.0 -9999.0
23907 20181107  2.623  -98.08   30.62    29.0    14.5    21.8    21.7     0.3    11.70 C    34.6    17.5    23.9    95.9    48.6    84.7   0.362   0.321 -99.000 -99.000 -99.000    20.8    20.1 -9999.0 -9999.0 -9999.0
23907 20181108  2.623  -98.08   30.62    14.5    11.2    12.9    13.0     1.6     3.03 C    18.0    12.5    15.6    96.4    90.5    94.9   0.350   0.311 -99.000 -99.000 -99.000    18.6    18.7 -9999.0 -9999.0 -9999.0
23907 20181109  2.623  -98.08   30.62    14.2     7.5    10.9     9.7     0.6    11.53 C    19.8     9.5    12.4    94.3    43.5    71.2   0.372   0.305 -99.000 -99.000 -99.000    15.5    16.1 -9999.0 -9999.0 -9999.0
23907 20181110  2.623  -98.08   30.62    10.3     5.4     7.8     7.4     0.0     6.14 C    16.2     7.5    10.9    72.4    43.0    60.2   0.358   0.312 -99.000 -99.000 -99.000    14.4    14.7 -9999.0 -9999.0 -9999.0
23907 20181111  2.623  -98.08   30.62    11.9     6.3     9.1     8.7     5.0     4.56 C    17.3     8.7    11.6    95.9    59.7    77.9   0.360   0.303 -99.000 -99.000 -99.000    14.3    14.4 -9999.0 -9999.0 -9999.0
23907 20181112  2.623  -98.08   30.62     8.9     0.3     4.6     5.5     1.6     1.97 C    10.3     2.5     7.4    96.2    72.1    88.2   0.434   0.444 -99.000 -99.000 -99.000    12.9    13.5 -9999.0 -9999.0 -9999.0
23907 20181113  2.623  -98.08   30.62     5.8    -2.1     1.9     1.0     0.0    12.29 C    12.4    -1.0     4.0    76.4    37.7    59.6   0.405   0.420 -99.000 -99.000 -99.000     9.9    11.0 -9999.0 -9999.0 -9999.0
23907 20181114  2.623  -98.08   30.62    11.4    -3.0     4.2     3.7     0.0    15.50 C    17.1    -2.4     5.3    66.8    25.1    45.3   0.391   0.404 -99.000 -99.000 -99.000     9.3    10.1 -9999.0 -9999.0 -9999.0
23907 20181115  2.623  -98.08   30.62    18.2     1.4     9.8     9.3     0.0    14.12 C    22.3     1.0     9.6    62.9    24.1    44.9   0.385   0.385 -99.000 -99.000 -99.000    10.2    10.5 -9999.0 -9999.0 -9999.0
23907 20181116  2.623  -98.08   30.62    19.9     6.9    13.4    12.7     0.0    14.98 C    23.9     4.4    12.1    52.6    23.8    40.7   0.381   0.385 -99.000 -99.000 -99.000    11.5    11.6 -9999.0 -9999.0 -9999.0
23907 20181117  2.623  -98.08   30.62    22.7     8.5    15.6    14.9     0.0    13.38 C    26.8     7.2    15.0    93.1    44.7    71.9   0.378   0.388 -99.000 -99.000 -99.000    13.1    12.9 -9999.0 -9999.0 -9999.0
23907 20181118  2.623  -98.08   30.62    15.7     5.9    10.8     8.9     0.0     4.20 C    15.7     8.8    11.7    90.5    61.3    72.4   0.372   0.387 -99.000 -99.000 -99.000    13.2    13.3 -9999.0 -9999.0 -9999.0
23907 20181119  2.623  -98.08   30.62    10.2     4.5     7.4     7.1     0.0     3.73 C    14.9     5.9     9.6    80.6    55.3    66.7   0.363   0.378 -99.000 -99.000 -99.000    11.9    12.1 -9999.0 -9999.0 -9999.0
23907 20181120  2.623  -98.08   30.62    15.8     3.2     9.5     8.7     0.0    14.52 C    21.6     3.3    10.0    82.2    33.5    59.8   0.358   0.371 -99.000 -99.000 -99.000    11.6    11.8 -9999.0 -9999.0 -9999.0
23907 20181121  2.623  -98.08   30.62    12.2     3.7     7.9     8.2     0.4     6.83 C    17.2     3.9     9.6    91.8    49.5    69.1   0.352   0.362 -99.000 -99.000 -99.000    11.4    11.5 -9999.0 -9999.0 -9999.0
23907 20181122  2.623  -98.08   30.62    15.6     7.4    11.5    11.5     0.0     9.25 C    21.3     7.4    13.5    87.7    46.5    69.7   0.353   0.360 -99.000 -99.000 -99.000    12.8    12.6 -9999.0 -9999.0 -9999.0
23907 20181123  2.623  -98.08   30.62    24.0    11.2    17.6    16.0     0.0    11.38 C    26.4     9.7    15.8    96.2    22.8    60.6   0.352   0.358 -99.000 -99.000 -99.000    13.9    13.7 -9999.0 -9999.0 -9999.0
23907 20181124  2.623  -98.08   30.62    24.0    10.7    17.3    16.9     0.0    11.03 C    25.3     7.1    15.1    78.0    21.9    40.2   0.347   0.349 -99.000 -99.000 -99.000    13.4    13.3 -9999.0 -9999.0 -9999.0
23907 20181125  2.623  -98.08   30.62    17.8     5.9    11.8    13.2     0.0     8.19 C    21.8     6.4    13.6    92.0    22.3    53.9   0.344   0.343 -99.000 -99.000 -99.000    13.9    13.9 -9999.0 -9999.0 -9999.0
23907 20181126  2.623  -98.08   30.62    14.0     2.4     8.2     7.0     0.0    13.83 C    19.8     3.8     9.2    61.7    20.9    43.4   0.333   0.332 -99.000 -99.000 -99.000    11.4    12.0 -9999.0 -9999.0 -9999.0
23907 20181127  2.623  -98.08   30.62    16.6     2.6     9.6     9.1     0.0    11.85 C    20.4     2.2     9.2    60.6    23.7    41.5   0.327   0.322 -99.000 -99.000 -99.000    10.6    11.0 -9999.0 -9999.0 -9999.0
23907 20181128  2.623  -98.08   30.62    20.2     8.1    14.1    13.5     0.0    11.26 C    23.6     6.8    13.2    87.7    36.7    59.9   0.327   0.318 -99.000 -99.000 -99.000    12.4    12.2 -9999.0 -9999.0 -9999.0
23907 20181129  2.623  -98.08   30.62    24.6    11.6    18.1    17.3     0.0    13.45 C    27.9    10.4    17.1    94.6    50.2    79.3   0.329   0.316 -99.000 -99.000 -99.000    14.6    14.1 -9999.0 -9999.0 -9999.0
23907 20181130  2.623  -98.08   30.62    23.6    15.8    19.7    19.4     4.7     5.29 C    25.0    15.7    19.1    92.2    62.9    82.2   0.334   0.316 -99.000 -99.000 -99.000    16.5    15.9 -9999.0 -9999.0 -9999.0
23907 20181201  2.623  -98.08   30.62    23.5    13.0    18.3    17.4     0.0    13.70 C    25.1     9.8    15.8    88.0    16.2    32.5   0.396   0.328 -99.000 -99.000 -99.000    15.0    15.0 -9999.0 -9999.0 -9999.0
23907 20181202  2.623  -98.08   30.62    19.1     8.6    13.8    13.3     0.0    12.68 C    24.2     8.2    13.4    63.9    29.4    43.4   0.377   0.335 -99.000 -99.000 -99.000    13.5    13.5 -9999.0 -9999.0 -9999.0
23907 20181203  2.623  -98.08   30.62    15.5     5.3    10.4     9.4     0.0    11.25 C    20.6     6.1    11.1    68.9    35.3    56.6   0.366   0.333 -99.000 -99.000 -99.000    12.8    12.9 -9999.0 -9999.0 -9999.0
23907 20181204  2.623  -98.08   30.62    12.7     0.9     6.8     6.1     0.0    13.00 C    19.0     2.3     8.6    82.5    40.0    63.7   0.357   0.328 -99.000 -99.000 -99.000    11.6    11.9 -9999.0 -9999.0 -9999.0
23907 20181205  2.623  -98.08   30.62    11.7     1.9     6.8     6.6     0.0     8.55 C    16.3     2.7     8.5    76.0    38.4    59.3   0.350   0.325 -99.000 -99.000 -99.000    11.0    11.2 -9999.0 -9999.0 -9999.0
23907 20181206  2.623  -98.08   30.62    11.1     8.5     9.8    10.0     8.4     0.96 C    11.9     9.2    10.7    96.3    54.2    88.3   0.379   0.338 -99.000 -99.000 -99.000    12.0    11.8 -9999.0 -9999.0 -9999.0
23907 20181207  2.623  -98.08   30.62    10.6     5.6     8.1     7.7    60.5     1.23 C    11.0     6.5     8.7    96.2    94.7    95.5   0.555   0.585 -99.000 -99.000 -99.000    11.1    11.3 -9999.0 -9999.0 -9999.0
23907 20181208  2.623  -98.08   30.62     5.6     2.5     4.0     4.1     0.7     3.41 C     7.9     3.9     5.7    95.8    84.7    91.6   0.574   0.569 -99.000 -99.000 -99.000     9.7    10.0 -9999.0 -9999.0 -9999.0
23907 20181209  2.623  -98.08   30.62     9.2     0.1     4.6     4.3     0.0     9.24 C    13.7     0.8     5.4    88.3    60.3    74.9   0.516   0.474 -99.000 -99.000 -99.000     8.9     9.3 -9999.0 -9999.0 -9999.0
23907 20181210  2.623  -98.08   30.62    13.8    -0.2     6.8     6.7     0.0    13.34 C    18.1    -0.2     6.7    84.2    24.2    50.8   0.479   0.457 -99.000 -99.000 -99.000     8.7     9.0 -9999.0 -9999.0 -9999.0
23907 20181211  2.623  -98.08   30.62    14.7     4.4     9.6     9.0     0.0     9.98 C    16.3     2.0     8.1    84.2    39.7    61.8   0.461   0.449 -99.000 -99.000 -99.000     8.9     9.1 -9999.0 -9999.0 -9999.0
23907 20181212  2.623  -98.08   30.62    17.9     9.9    13.9    13.8     0.0     6.01 C    18.7     8.7    12.7    92.3    64.6    80.9   0.457   0.448 -99.000 -99.000 -99.000    11.4    11.0 -9999.0 -9999.0 -9999.0
23907 20181213  2.623  -98.08   30.62    17.7     4.2    10.9    11.8     0.0    12.51 C    20.6     6.0    12.7    94.9    21.7    73.0   0.452   0.447 -99.000 -99.000 -99.000    12.1    12.0 -9999.0 -9999.0 -9999.0
23907 20181214  2.623  -98.08   30.62    10.2     3.2     6.7     6.5     0.0     3.56 C    10.6     4.6     7.1    87.8    36.0    66.3   0.437   0.435 -99.000 -99.000 -99.000     9.5     9.9 -9999.0 -9999.0 -9999.0
23907 20181215  2.623  -98.08   30.62    18.1     2.4    10.3    10.2     0.0    13.42 C    20.8     1.5     8.9    47.5    12.0    29.9   0.428   0.428 -99.000 -99.000 -99.000     9.5     9.7 -9999.0 -9999.0 -9999.0
23907 20181216  2.623  -98.08   30.62    17.4     7.3    12.4    12.3     0.0     7.05 C    18.2     3.8    10.0    56.4    22.1    36.7   0.421   0.423 -99.000 -99.000 -99.000     9.7     9.8 -9999.0 -9999.0 -9999.0
23907 20181217  2.623  -98.08   30.62    18.7     9.2    13.9    12.7     0.0     8.39 C    21.4     6.0    11.9    64.7    21.5    45.4   0.419   0.421 -99.000 -99.000 -99.000    11.0    10.8 -9999.0 -9999.0 -9999.0
23907 20181218  2.623  -98.08   30.62    17.7     7.4    12.6    11.6     0.0     9.99 C    21.7     4.8    11.6    95.9    47.2    75.1   0.414   0.417 -99.000 -99.000 -99.000    10.9    10.8 -9999.0 -9999.0 -9999.0
23907 20181219  2.623  -98.08   30.62    15.4    10.1    12.7    12.6     4.6     3.94 C    17.8     9.3    13.2    96.9    83.0    94.5   0.436   0.440 -99.000 -99.000 -99.000    12.5    12.1 -9999.0 -9999.0 -9999.0
23907 20181220  2.623  -98.08   30.62    15.7     7.6    11.7    11.4     0.0    13.04 C    18.4     5.9    10.7    96.1    22.9    47.5   0.451   0.457 -99.000 -99.000 -99.000    11.3    11.4 -9999.0 -9999.0 -9999.0
23907 20181221  2.623  -98.08   30.62    17.9     3.5    10.7    10.6     0.0    13.04 C    20.9     2.9    10.2    52.1    19.7    36.4   0.435   0.441 -99.000 -99.000 -99.000    10.5    10.6 -9999.0 -9999.0 -9999.0
23907 20181222  2.623  -98.08   30.62    26.1     8.2    17.1    16.4     0.0    13.00 C    26.7     5.6    13.9    51.5    15.1    32.4   0.428   0.434 -99.000 -99.000 -99.000    11.4    11.2 -9999.0 -9999.0 -9999.0
23907 20181223  2.623  -98.08   30.62    15.3     5.3    10.3    10.0     0.0    12.69 C    19.8     5.6    10.7    65.9    34.7    50.5   0.419   0.427 -99.000 -99.000 -99.000    11.0    11.1 -9999.0 -9999.0 -9999.0
23907 20181224  2.623  -98.08   30.62    14.1     4.0     9.0     9.4     0.0     6.44 C    16.2     3.7     9.7    92.4    51.9    68.6   0.412   0.420 -99.000 -99.000 -99.000    10.6    10.6 -9999.0 -9999.0 -9999.0
23907 20181225  2.623  -98.08   30.62    21.5    12.4    17.0    16.4     0.0     4.88 C    22.2    10.8    15.8    94.9    64.2    86.1   0.415   0.422 -99.000 -99.000 -99.000    13.1    12.5 -9999.0 -9999.0 -9999.0
23907 20181226  2.623  -98.08   30.62    19.3    10.2    14.8    16.7    27.5     1.00 C    18.6    11.6    16.4    95.5    85.0    92.4   0.470   0.474 -99.000 -99.000 -99.000    14.7    14.0 -9999.0 -9999.0 -9999.0
23907 20181227  2.623  -98.08   30.62    18.2     5.8    12.0    12.2     2.2    13.17 C    21.3     6.3    12.7    94.9    34.2    62.2   0.573   0.577 -99.000 -99.000 -99.000    13.2    13.0 -9999.0 -9999.0 -9999.0
23907 20181228  2.623  -98.08   30.62    10.5     1.0     5.7     5.4     0.0    12.88 C    16.2     2.1     7.7    83.1    40.4    63.5   0.512   0.477 -99.000 -99.000 -99.000    10.7    11.0 -9999.0 -9999.0 -9999.0
23907 20181229  2.623  -98.08   30.62     5.9     2.5     4.2     4.0     0.0     4.44 C     9.9     4.6     6.5    68.9    57.8    64.5   0.474   0.458 -99.000 -99.000 -99.000     9.3     9.7 -9999.0 -9999.0 -9999.0
23907 20181230  2.623  -98.08   30.62     4.1     1.1     2.6     2.8     2.3     1.81 C     6.8     3.5     5.0    96.7    66.5    87.3   0.460   0.451 -99.000 -99.000 -99.000     8.8     9.1 -9999.0 -9999.0 -9999.0
23907 20181231  2.623  -98.08   30.62    17.0     3.5    10.3     9.5     4.8     9.05 C    17.4     4.0     8.2    97.5    33.1    68.5   0.514   0.516 -99.000 -99.000 -99.000     9.2     9.3 -9999.0 -9999.0 -9999.0
