63849 20180101  2.422  -86.23   37.25    -7.6   -16.9   -12.2   -13.2     0.0    10.49 C     2.7   -15.5   -10.0    78.6    32.4    58.1   0.317   0.319 -99.000 -99.000 -99.000     0.6     1.4 -9999.0     6.8     9.2
63849 20180102  2.422  -86.23   37.25    -5.5   -18.7   -12.1   -12.4     0.0    10.71 C     4.8   -17.1   -10.2    77.8    30.1    51.9 -99.000   0.301 -99.000 -99.000 -99.000     0.1     0.9 -9999.0     6.4     9.0
63849 20180103  2.422  -86.23   37.25     0.0   -13.8    -6.9    -6.6     0.0     9.32 C     8.8   -13.3    -4.4    77.7    22.6    49.8 -99.000   0.276 -99.000 -99.000 -99.000    -0.1     0.7 -9999.0     6.0     8.6
63849 20180104  2.422  -86.23   37.25    -6.4   -14.5   -10.4   -10.3     0.0    10.53 C     4.2   -15.0    -7.8    77.3    39.0    58.3 -99.000   0.276 -99.000 -99.000 -99.000     0.0     0.6 -9999.0     5.7     8.4
63849 20180105  2.422  -86.23   37.25    -5.8   -12.5    -9.2    -9.8     0.0     4.96 C     1.7   -14.6    -8.0    74.8    40.9    56.3 -99.000   0.275 -99.000 -99.000 -99.000    -0.2     0.5 -9999.0     5.5     8.1
63849 20180106  2.422  -86.23   37.25    -5.1   -16.5   -10.8   -10.4     0.0    10.77 C     5.5   -16.9    -9.2    77.7    24.1    49.7 -99.000   0.260 -99.000 -99.000 -99.000    -0.4     0.3 -9999.0     5.2     7.9
63849 20180107  2.422  -86.23   37.25     6.3   -10.2    -1.9    -0.8     0.0     6.59 C    12.8   -12.0    -0.7    48.8    19.4    34.2 -99.000   0.241 -99.000 -99.000 -99.000    -0.4     0.2 -9999.0     5.0     7.6
63849 20180108  2.422  -86.23   37.25     3.9     0.9     2.4     2.5    11.0     1.23 C     4.6     0.2     1.6    89.9    37.9    80.9 -99.000   0.271 -99.000 -99.000 -99.000    -0.1     0.3 -9999.0     4.7     7.0
63849 20180109  2.422  -86.23   37.25     8.2     2.4     5.3     5.3     0.4     4.32 C    12.1     1.5     4.6    90.0    77.7    87.2 -99.000   0.310 -99.000 -99.000 -99.000     0.0     0.4 -9999.0     4.6     6.9
63849 20180110  2.422  -86.23   37.25    17.3     7.5    12.4    13.4     0.0     4.62 C    17.3     5.2    10.6    88.2    61.0    71.5   0.358   0.336 -99.000 -99.000 -99.000     3.2     2.7 -9999.0     4.6     6.9
63849 20180111  2.422  -86.23   37.25    18.6    12.8    15.7    15.6     8.4     3.98 C    18.9    10.9    13.4    89.0    62.3    74.9   0.364   0.357 -99.000 -99.000 -99.000     7.4     6.7 -9999.0     5.2     6.9
63849 20180112  2.422  -86.23   37.25    14.2    -4.5     4.8    -0.6    21.9     1.11 C    12.8    -5.3     0.7    90.1    78.8    87.7   0.380   0.363 -99.000 -99.000 -99.000     6.1     6.4 -9999.0     6.3     7.0
63849 20180113  2.422  -86.23   37.25    -4.5   -11.7    -8.1    -7.7     0.0    10.20 C    -4.2   -20.2   -10.6    82.4    59.4    71.2   0.361   0.347 -99.000 -99.000 -99.000     4.1     4.5 -9999.0     6.7     7.4
63849 20180114  2.422  -86.23   37.25    -4.6   -14.2    -9.4    -8.5     0.0    12.08 C    -4.4   -21.4   -11.8    82.6    41.7    63.5   0.350   0.339 -99.000 -99.000 -99.000     3.6     4.0 -9999.0     6.6     7.6
63849 20180115  2.422  -86.23   37.25     2.2    -8.7    -3.2    -2.8     2.0     5.50 C     0.2    -9.1    -3.8    86.9    48.9    67.1   0.352   0.334 -99.000 -99.000 -99.000     3.5     3.8 -9999.0     6.3     7.7
63849 20180116  2.422  -86.23   37.25    -8.7   -16.2   -12.4   -12.7     3.0     3.58 C    -8.4   -26.3   -14.1    82.8    52.3    69.3   0.353   0.335 -99.000 -99.000 -99.000     3.5     3.7 -9999.0     6.2     7.6
63849 20180117  2.422  -86.23   37.25    -7.6   -15.0   -11.3   -12.0     0.2     5.50 C    -7.3   -20.4   -14.2    83.5    59.3    73.3   0.348   0.333 -99.000 -99.000 -99.000     3.5     3.7 -9999.0     6.0     7.6
63849 20180118  2.422  -86.23   37.25    -1.5   -15.1    -8.3    -7.9     0.0    11.39 C    -2.7   -20.2   -11.8    82.6    46.6    64.3   0.346   0.332 -99.000 -99.000 -99.000     3.3     3.6 -9999.0     5.9     7.6
63849 20180119  2.422  -86.23   37.25     5.1    -7.0    -1.0    -0.1     0.0    11.56 C     2.8   -13.7    -4.5    63.9    33.6    47.5   0.358   0.336 -99.000 -99.000 -99.000     3.0     3.2 -9999.0     5.8     7.5
63849 20180120  2.422  -86.23   37.25    12.4     4.4     8.4     8.5     0.0     6.20 C    18.2     0.5     6.8    59.6    40.5    48.1   0.368   0.343 -99.000 -99.000 -99.000     4.3     4.2 -9999.0     5.8     7.4
63849 20180121  2.422  -86.23   37.25    17.0    10.3    13.7    13.4     0.0     3.53 C    19.7     5.9    10.9    68.5    50.4    58.0   0.349   0.335 -99.000 -99.000 -99.000     6.6     6.2 -9999.0     6.2     7.3
63849 20180122  2.422  -86.23   37.25    15.4     7.9    11.6    13.1     7.1     1.78 C    13.5     4.1    10.1    82.5    40.7    61.4   0.362   0.341 -99.000 -99.000 -99.000     7.8     7.6 -9999.0     6.7     7.4
63849 20180123  2.422  -86.23   37.25     8.1     0.9     4.5     4.3     0.0     2.71 C     9.8     1.1     4.4    84.0    45.5    59.8   0.350   0.337 -99.000 -99.000 -99.000     6.6     6.8 -9999.0     7.1     7.6
63849 20180124  2.422  -86.23   37.25     6.8    -2.4     2.2     1.7     0.0     7.51 C    17.0    -6.2     1.9    75.8    41.5    62.7   0.339   0.329 -99.000 -99.000 -99.000     5.5     5.8 -9999.0     7.1     7.9
63849 20180125  2.422  -86.23   37.25    12.0    -4.2     3.9     4.3     0.0    11.90 C    18.6    -6.9     2.9    81.8    31.7    53.9   0.333   0.324 -99.000 -99.000 -99.000     4.5     4.9 -9999.0     7.0     8.0
63849 20180126  2.422  -86.23   37.25    15.3     4.5     9.9     9.4     0.0    11.76 C    21.8     0.1     7.1    49.9    18.5    31.8   0.328   0.321 -99.000 -99.000 -99.000     5.5     5.6 -9999.0     6.9     8.0
63849 20180127  2.422  -86.23   37.25    14.7     8.5    11.6    11.3    25.4     1.82 C    14.3     4.2    10.0    91.3    28.1    68.2   0.371   0.341 -99.000 -99.000 -99.000     7.0     6.9 -9999.0     7.1     7.9
63849 20180128  2.422  -86.23   37.25    12.6     1.7     7.2     8.1     0.8    12.44 C    21.0    -2.8     7.2    90.8    22.9    58.3   0.369   0.347 -99.000 -99.000 -99.000     8.1     8.0 -9999.0     7.4     8.0
63849 20180129  2.422  -86.23   37.25     6.7    -2.0     2.3     1.4     0.0     5.72 C    16.2    -2.8     2.0    80.9    50.3    64.1   0.346   0.333 -99.000 -99.000 -99.000     5.9     6.3 -9999.0     7.7     8.2
63849 20180130  2.422  -86.23   37.25     2.8    -4.5    -0.8    -1.5     0.0    12.87 C    13.7    -5.9     0.6    63.0    32.3    49.3   0.337   0.326 -99.000 -99.000 -99.000     4.9     5.4 -9999.0     7.5     8.3
63849 20180131  2.422  -86.23   37.25    13.6    -1.9     5.9     6.1     0.0    12.07 C    18.6    -3.7     5.2    53.9    24.3    38.5   0.330   0.322 -99.000 -99.000 -99.000     4.7     5.0 -9999.0     7.2     8.3
63849 20180201  2.422  -86.23   37.25     9.7    -7.3     1.2     3.9     4.1     1.19 C    11.3   -11.8     2.2    91.6    38.1    65.8   0.335   0.321 -99.000 -99.000 -99.000     5.2     5.5 -9999.0     7.1     8.2
63849 20180202  2.422  -86.23   37.25    -3.7   -12.0    -7.8    -7.7     0.0     8.53 C     5.3   -16.7    -7.6    76.4    42.7    60.4   0.346   0.324 -99.000 -99.000 -99.000     3.2     4.0 -9999.0     7.0     8.1
63849 20180203  2.422  -86.23   37.25     6.7    -8.6    -1.0    -0.8     0.0     5.45 C     6.9    -9.2    -0.4    80.0    30.1    46.0   0.337   0.322 -99.000 -99.000 -99.000     2.3     2.9 -9999.0     6.6     8.0
63849 20180204  2.422  -86.23   37.25     8.3    -5.8     1.3     2.1     5.7     4.74 C    18.2    -3.7     3.1    90.3    45.0    76.2   0.364   0.337 -99.000 -99.000 -99.000     4.0     4.1 -9999.0     6.3     7.8
63849 20180205  2.422  -86.23   37.25     0.9    -7.7    -3.4    -3.8     0.2     9.98 C    12.6    -5.3    -0.9    75.7    45.1    63.5   0.346   0.331 -99.000 -99.000 -99.000     3.1     3.6 -9999.0     6.2     7.7
63849 20180206  2.422  -86.23   37.25     3.9    -0.4     1.7     1.2     7.9     5.35 C    10.0     0.1     3.0    88.9    51.6    63.8   0.344   0.326 -99.000 -99.000 -99.000     3.8     4.0 -9999.0     6.1     7.6
63849 20180207  2.422  -86.23   37.25     1.5    -2.6    -0.5    -0.7    18.1     1.95 C     3.7    -2.4     0.7    92.1    70.6    83.5   0.410   0.365 -99.000 -99.000 -99.000     3.5     3.8 -9999.0     5.2     7.1
63849 20180208  2.422  -86.23   37.25     5.9    -6.8    -0.4    -0.4     0.0    14.18 C    15.5    -7.7     0.5    84.5    33.8    58.1   0.356   0.337 -99.000 -99.000 -99.000     3.1     3.5 -9999.0     6.0     7.1
63849 20180209  2.422  -86.23   37.25    16.3     0.9     8.6     9.0     0.0    10.82 C    21.8    -4.4     6.9    57.2    25.1    41.0   0.343   0.329 -99.000 -99.000 -99.000     4.5     4.5 -9999.0     5.9     7.1
63849 20180210  2.422  -86.23   37.25    12.7     5.4     9.0     9.5    29.0     0.93 C    12.5     5.9     9.0    91.1    40.0    86.2   0.421   0.365 -99.000 -99.000 -99.000     7.0     6.8 -9999.0     6.4     7.0
63849 20180211  2.422  -86.23   37.25     9.8    -1.4     4.2     3.2    10.5     1.84 C     9.1     0.1     4.6    92.3    81.6    88.4   0.427   0.361 -99.000 -99.000 -99.000     6.8     6.8 -9999.0     6.8     7.2
63849 20180212  2.422  -86.23   37.25     4.8    -3.4     0.7     0.2     0.5    11.87 C    12.5    -3.7     1.6    87.2    47.2    66.6   0.365   0.335 -99.000 -99.000 -99.000     5.2     5.5 -9999.0     6.9     7.5
63849 20180213  2.422  -86.23   37.25    10.2    -1.4     4.4     4.6     0.0     7.87 C    16.5    -3.3     5.1    80.4    59.9    70.0   0.349   0.325 -99.000 -99.000 -99.000     5.1     5.3 -9999.0     6.8     7.6
63849 20180214  2.422  -86.23   37.25    16.3    10.2    13.2    13.7     4.4     1.76 C    15.5     8.8    12.6    91.1    77.1    88.1   0.361   0.326 -99.000 -99.000 -99.000     8.1     7.5 -9999.0     6.8     7.6
63849 20180215  2.422  -86.23   37.25    24.3    16.3    20.3    19.9     0.9     7.13 C    27.0    15.1    18.3    89.9    51.2    71.0   0.365   0.331 -99.000 -99.000 -99.000    11.8    10.7 -9999.0     7.3     7.7
63849 20180216  2.422  -86.23   37.25    20.8     3.3    12.0     9.5    12.8     1.89 C    18.2     4.2    10.0    89.6    62.7    77.1   0.376   0.341 -99.000 -99.000 -99.000    11.4    11.2 -9999.0     8.5     8.2
63849 20180217  2.422  -86.23   37.25     5.3     1.4     3.3     3.2    17.4     1.45 C     7.7    -0.7     3.9    91.8    70.0    84.7   0.401   0.355 -99.000 -99.000 -99.000     7.9     8.2 -9999.0     8.5     8.6
63849 20180218  2.422  -86.23   37.25    12.9    -0.5     6.2     7.0     0.0    14.61 C    21.5    -3.6     7.2    91.9    32.3    60.3   0.366   0.336 -99.000 -99.000 -99.000     7.7     7.7 -9999.0     8.5     8.8
63849 20180219  2.422  -86.23   37.25    24.2    12.9    18.5    18.6     0.0    11.42 C    29.8    11.2    17.2    84.5    43.9    63.2   0.347   0.325 -99.000 -99.000 -99.000    11.3    10.4 -9999.0     8.5     8.9
63849 20180220  2.422  -86.23   37.25    25.8    17.5    21.6    21.3     0.0    12.38 C    29.8    13.9    19.4    70.7    41.7    57.2   0.339   0.319 -99.000 -99.000 -99.000    13.5    12.7 -9999.0     9.0     9.0
63849 20180221  2.422  -86.23   37.25    21.3     8.4    14.8    13.2    20.2     2.16 C    18.8     8.9    13.4    90.9    64.2    83.9   0.372   0.330 -99.000 -99.000 -99.000    13.4    13.1 -9999.0     9.9     9.3
63849 20180222  2.422  -86.23   37.25    14.6     7.6    11.1    11.2    36.0     3.22 C    16.7     8.1    11.9    92.0    86.8    90.6   0.409   0.370 -99.000 -99.000 -99.000    11.5    11.3 -9999.0    10.4     9.9
63849 20180223  2.422  -86.23   37.25    24.0    12.9    18.4    17.3    18.5     8.46 C    29.4    12.4    17.0    92.1    54.4    81.6   0.403   0.359 -99.000 -99.000 -99.000    14.4    13.7 -9999.0    11.1    10.4
63849 20180224  2.422  -86.23   37.25    19.4    12.9    16.2    15.6    32.1     3.05 C    21.8    12.9    15.6    92.5    77.5    89.1   0.418   0.371 -99.000 -99.000 -99.000    14.6    14.1 -9999.0    12.1    10.8
63849 20180225  2.422  -86.23   37.25    14.9     6.0    10.4     9.2     1.6     7.32 C    19.1     5.7    10.5    89.3    47.3    70.6   0.391   0.351 -99.000 -99.000 -99.000    13.4    13.4 -9999.0    11.9    11.3
63849 20180226  2.422  -86.23   37.25    15.4     3.9     9.6     9.5     0.0    17.23 C    25.1     1.0    10.0    76.3    20.8    47.0   0.353   0.328 -99.000 -99.000 -99.000    12.2    12.2 -9999.0    11.6    11.4
63849 20180227  2.422  -86.23   37.25    18.8     6.0    12.4    12.7     0.0    17.25 C    27.1     0.7    11.8    63.7    21.7    39.1   0.344   0.321 -99.000 -99.000 -99.000    11.6    11.6 -9999.0    11.5    11.4
63849 20180228  2.422  -86.23   37.25    15.7    10.8    13.3    13.3     5.1     3.19 C    18.6    10.7    13.0    91.2    44.6    79.3   0.361   0.321 -99.000 -99.000 -99.000    12.3    12.1 -9999.0    11.4    11.4
63849 20180301  2.422  -86.23   37.25    14.7     5.5    10.1    11.9    10.5     3.67 C    16.7     2.6    11.8    91.3    63.2    81.0   0.394   0.339 -99.000 -99.000 -99.000    12.7    12.6 -9999.0    11.5    11.4
63849 20180302  2.422  -86.23   37.25    11.2     0.7     6.0     5.9     0.0    17.96 C    22.1    -1.6     6.6    92.1    28.0    55.5   0.360   0.329 -99.000 -99.000 -99.000    10.9    11.1 -9999.0    11.4    11.5
63849 20180303  2.422  -86.23   37.25    12.2     0.8     6.5     6.3     0.0    18.31 C    22.6    -2.3     6.6    61.0    23.1    40.2   0.361   0.321 -99.000 -99.000 -99.000     9.7    10.0 -9999.0    11.2    11.5
63849 20180304  2.422  -86.23   37.25    14.3    -0.2     7.0     7.1     0.0    18.65 C    24.1    -2.2     8.1    64.0    13.7    36.8   0.354   0.317 -99.000 -99.000 -99.000     9.6     9.8 -9999.0    10.9    11.4
63849 20180305  2.422  -86.23   37.25    13.8     5.1     9.4     8.6     1.5     5.84 C    21.2     3.6     8.7    83.5    32.7    49.4   0.344   0.314 -99.000 -99.000 -99.000     9.2     9.5 -9999.0    10.8    11.2
63849 20180306  2.422  -86.23   37.25    16.4     0.9     8.6     9.5     0.4    18.06 C    24.3    -0.1    10.3    86.8    14.1    47.6   0.343   0.313 -99.000 -99.000 -99.000    10.6    10.5 -9999.0    10.6    11.1
63849 20180307  2.422  -86.23   37.25     5.9    -0.7     2.6     2.1     0.7     6.99 C    15.7    -2.9     3.5    86.5    39.3    61.5   0.348   0.312 -99.000 -99.000 -99.000     8.6     9.1 -9999.0    10.6    11.0
63849 20180308  2.422  -86.23   37.25     3.9    -3.7     0.1     0.0     0.8    12.53 C    16.4    -6.2     1.6    87.4    35.0    56.7   0.349   0.311 -99.000 -99.000 -99.000     7.5     8.1 -9999.0    10.3    10.9
63849 20180309  2.422  -86.23   37.25    10.8    -4.3     3.3     3.6     0.0    12.58 C    19.3    -6.7     4.4    67.2    31.2    47.8   0.345   0.309 -99.000 -99.000 -99.000     6.7     7.1 -9999.0     9.9    10.8
63849 20180310  2.422  -86.23   37.25    14.1     3.1     8.6     7.5     0.8    14.86 C    25.4     3.0     9.6    84.1    45.4    66.2   0.346   0.308 -99.000 -99.000 -99.000     9.2     9.0 -9999.0     9.6    10.6
63849 20180311  2.422  -86.23   37.25    12.7     0.1     6.4     5.0    17.9     9.84 C    21.9    -0.1     6.6    91.4    42.4    72.6   0.365   0.314 -99.000 -99.000 -99.000     9.0     9.2 -9999.0     9.7    10.4
63849 20180312  2.422  -86.23   37.25     4.7    -2.1     1.3     1.0     5.3    12.58 C    10.5   -10.4    -0.1    91.5    57.8    80.4   0.406   0.341 -99.000 -99.000 -99.000     6.9     7.5 -9999.0     9.4    10.2
63849 20180313  2.422  -86.23   37.25     7.4    -2.8     2.3     1.7     0.6    14.04 C    19.9    -6.0     2.8    90.1    34.3    67.7   0.385   0.332 -99.000 -99.000 -99.000     6.5     6.9 -9999.0     9.3    10.1
63849 20180314  2.422  -86.23   37.25     6.6    -5.3     0.6     1.0     0.0    20.04 C    19.0    -8.9     2.2    84.9    26.0    52.1   0.371   0.323 -99.000 -99.000 -99.000     6.7     7.0 -9999.0     9.1    10.0
63849 20180315  2.422  -86.23   37.25    20.7     1.7    11.2    11.4     0.0    19.58 C    27.9    -1.6     9.9    51.2    19.2    35.3   0.361   0.318 -99.000 -99.000 -99.000     8.3     8.1 -9999.0     8.9     9.8
63849 20180316  2.422  -86.23   37.25    13.4     3.3     8.3     9.0     0.0    12.82 C    20.9     1.6     8.7    50.8    20.3    34.5   0.353   0.314 -99.000 -99.000 -99.000     8.7     8.8 -9999.0     9.0     9.8
63849 20180317  2.422  -86.23   37.25    24.9     6.9    15.9    14.3     3.1    16.57 C    30.4     7.2    14.9    90.7    33.8    66.8   0.363   0.315 -99.000 -99.000 -99.000    11.5    10.8 -9999.0     9.3     9.8
63849 20180318  2.422  -86.23   37.25    14.6     5.8    10.2     9.0     0.0    11.69 C    25.9     4.1    10.5    84.6    45.5    68.2   0.356   0.313 -99.000 -99.000 -99.000    11.3    11.2 -9999.0     9.8     9.9
63849 20180319  2.422  -86.23   37.25    15.3     5.9    10.6     9.9     8.7     5.32 C    19.6     3.3     9.8    90.8    48.5    73.8   0.369   0.319 -99.000 -99.000 -99.000    10.6    10.6 -9999.0    10.1    10.1
63849 20180320  2.422  -86.23   37.25     8.4    -0.2     4.1     3.0     5.4     1.96 C     8.6     0.5     4.4    91.8    83.3    88.7   0.391   0.331 -99.000 -99.000 -99.000     9.0     9.5 -9999.0    10.2    10.3
63849 20180321  2.422  -86.23   37.25     5.5    -0.9     2.3     1.1     3.2     6.02 C    11.7    -4.0     1.3    91.6    52.3    76.6   0.398   0.337 -99.000 -99.000 -99.000     7.1     7.7 -9999.0    10.0    10.4
63849 20180322  2.422  -86.23   37.25    11.1    -2.0     4.6     4.6     0.0    21.79 C    22.9    -5.5     5.6    81.0    26.6    50.8   0.377   0.328 -99.000 -99.000 -99.000     7.7     7.8 -9999.0     9.5    10.3
63849 20180323  2.422  -86.23   37.25    10.9     2.3     6.6     6.2     2.3     5.63 C    16.8    -0.9     6.8    84.1    34.0    54.6   0.365   0.319 -99.000 -99.000 -99.000     8.1     8.3 -9999.0     9.4    10.1
63849 20180324  2.422  -86.23   37.25     5.4     3.1     4.2     4.5    31.4     0.94 C     6.6     3.5     5.0    90.6    83.2    88.7   0.416   0.357 -99.000 -99.000 -99.000     7.3     7.6 -9999.0     9.1     9.9
63849 20180325  2.422  -86.23   37.25    11.0     2.7     6.8     6.4     0.0     5.34 C    13.3     2.0     6.6    88.1    43.4    58.7   0.403   0.343 -99.000 -99.000 -99.000     7.1     7.3 -9999.0     9.1     9.6
63849 20180326  2.422  -86.23   37.25    15.7     6.7    11.2    11.0     3.8     8.17 C    21.1     5.9    10.9    83.3    45.1    58.9   0.385   0.329 -99.000 -99.000 -99.000     8.9     8.7 -9999.0     9.0     9.7
63849 20180327  2.622  -86.23   37.25 -9999.0 -9999.0 -9999.0 -9999.0 -9999.0 -9999.00 U -9999.0 -9999.0 -9999.0 -9999.0 -9999.0 -9999.0 -99.000 -99.000 -99.000 -99.000 -99.000 -9999.0 -9999.0 -9999.0 -9999.0 -9999.0
63849 20180328  2.622  -86.23   37.25    18.7    13.6    16.1    15.5    23.0     4.34 C    20.7    12.5    15.0    98.6    76.5    93.2   0.407   0.353 -99.000 -99.000 -99.000    13.1    12.6 -9999.0 -9999.0 -9999.0
63849 20180329  2.622  -86.23   37.25    15.8     9.2    12.5    14.5    18.9     2.83 C    17.0    10.0    14.3    97.2    88.6    94.2   0.422   0.363 -99.000 -99.000 -99.000    13.6    13.3 -9999.0 -9999.0 -9999.0
63849 20180330  2.622  -86.23   37.25    14.3     5.0     9.7     8.9     0.3    11.61 C    24.0     1.5     9.7    94.2    38.8    69.1   0.399   0.341 -99.000 -99.000 -99.000    12.4    12.6 -9999.0 -9999.0 -9999.0
63849 20180331  2.622  -86.23   37.25    19.0     2.8    10.9    11.9     0.5    20.53 C    26.9     0.5    12.3    95.3    28.9    52.8   0.376   0.325 -99.000 -99.000 -99.000    12.0    12.0 -9999.0 -9999.0 -9999.0
63849 20180401  2.622  -86.23   37.25    11.1     4.1     7.6     8.8     3.4     4.46 C    16.3     5.6    10.4    97.4    72.6    90.9   0.375   0.321 -99.000 -99.000 -99.000    12.2    12.3 -9999.0 -9999.0 -9999.0
63849 20180402  2.622  -86.23   37.25    12.1     3.5     7.8     7.1     3.3     6.28 C    16.0     5.0     9.0    96.2    75.6    88.6   0.396   0.331 -99.000 -99.000 -99.000    10.9    11.2 -9999.0 -9999.0 -9999.0
63849 20180403  2.622  -86.23   37.25    25.2     7.1    16.2    17.8    21.0    11.77 C    29.5     8.0    17.1    92.6    49.0    73.4   0.389   0.338 -99.000 -99.000 -99.000    13.5    12.9 -9999.0 -9999.0 -9999.0
63849 20180404  2.622  -86.23   37.25     8.3    -1.3     3.5     4.0     0.0    21.04 C    22.4    -1.9     7.7    87.7    39.5    59.9   0.393   0.337 -99.000 -99.000 -99.000    12.5    12.8 -9999.0 -9999.0 -9999.0
63849 20180405  2.622  -86.23   37.25    13.2    -2.5     5.3     5.9     0.0    22.94 C    24.1    -3.4     7.7    90.2    25.9    51.9   0.372   0.322 -99.000 -99.000 -99.000    11.0    11.5 -9999.0 -9999.0 -9999.0
63849 20180406  2.622  -86.23   37.25    17.3     3.7    10.5    10.7     0.0    12.73 C    24.9     1.8    10.9    86.0    40.0    54.5   0.362   0.318 -99.000 -99.000 -99.000    11.5    11.6 -9999.0 -9999.0 -9999.0
63849 20180407  2.622  -86.23   37.25     5.7    -1.7     2.0     1.2     2.0    10.31 C    15.7    -3.9     2.8    90.6    43.2    69.9   0.363   0.316 -99.000 -99.000 -99.000     9.3    10.3 -9999.0 -9999.0 -9999.0
63849 20180408  2.622  -86.23   37.25     7.7    -1.8     3.0     3.6     0.0    13.30 C    18.6    -4.4     5.3    70.9    32.0    50.1   0.363   0.315 -99.000 -99.000 -99.000     8.3     9.0 -9999.0 -9999.0 -9999.0
63849 20180409  2.622  -86.23   37.25    13.6     1.2     7.4     7.6     0.0    23.97 C    26.6     0.0    10.1    87.9    33.8    54.9   0.356   0.313 -99.000 -99.000 -99.000    10.7    10.7 -9999.0 -9999.0 -9999.0
63849 20180410  2.622  -86.23   37.25    10.4     1.5     6.0     6.5     0.0    11.71 C    22.9    -1.5     7.9    76.3    47.9    60.2   0.349   0.311 -99.000 -99.000 -99.000    10.5    10.9 -9999.0 -9999.0 -9999.0
63849 20180411  2.622  -86.23   37.25    18.8    -1.6     8.6    10.3     0.0    22.38 C    26.6    -2.5    11.2    85.8    29.8    52.0   0.344   0.308 -99.000 -99.000 -99.000    10.9    10.9 -9999.0 -9999.0 -9999.0
63849 20180412  2.622  -86.23   37.25    27.1    12.9    20.0    20.4     0.0    24.11 C    31.4     8.3    18.8    46.7    19.1    32.4   0.330   0.305 -99.000 -99.000 -99.000    13.7    13.2 -9999.0 -9999.0 -9999.0
63849 20180413  2.622  -86.23   37.25    26.8    16.9    21.8    21.6     0.0    19.94 C    31.6    13.1    19.6    57.4    31.7    40.3   0.311   0.300 -99.000 -99.000 -99.000    15.2    14.7 -9999.0 -9999.0 -9999.0
63849 20180414  2.622  -86.23   37.25    20.7    15.2    18.0    17.5    20.1     4.31 C    20.4    15.0    16.6    96.0    40.6    79.4   0.358   0.309 -99.000 -99.000 -99.000    15.1    14.9 -9999.0 -9999.0 -9999.0
63849 20180415  2.622  -86.23   37.25    15.6     3.3     9.4     8.2    18.1     3.06 C    15.2     4.3     9.5    97.8    69.7    89.1   0.412   0.352 -99.000 -99.000 -99.000    13.2    13.5 -9999.0 -9999.0 -9999.0
63849 20180416  2.622  -86.23   37.25     3.3    -1.6     0.8     0.9     0.3     4.46 C     6.1    -3.2     2.2    91.0    58.3    73.0   0.378   0.330 -99.000 -99.000 -99.000     9.5    10.6 -9999.0 -9999.0 -9999.0
63849 20180417  2.622  -86.23   37.25    19.6    -1.8     8.9     9.3     0.0    25.25 C    27.5    -3.1    10.6    82.5    32.7    55.7   0.358   0.322 -99.000 -99.000 -99.000    10.7    10.8 -9999.0 -9999.0 -9999.0
63849 20180418  2.622  -86.23   37.25    24.8     7.7    16.2    16.7     0.0    20.76 C    31.0     5.3    16.2    70.4    41.7    55.2   0.341   0.315 -99.000 -99.000 -99.000    13.9    13.4 -9999.0 -9999.0 -9999.0
63849 20180419  2.622  -86.23   37.25    10.9     3.5     7.2     6.5     0.0    12.85 C    22.4     0.2     8.0    72.4    44.5    55.6   0.325   0.311 -99.000 -99.000 -99.000    12.3    12.9 -9999.0 -9999.0 -9999.0
63849 20180420  2.622  -86.23   37.25    17.9     1.9     9.9    10.4     0.0    26.46 C    29.1    -1.3    11.0    77.1    16.1    41.5   0.314   0.308 -99.000 -99.000 -99.000    12.3    12.5 -9999.0 -9999.0 -9999.0
63849 20180421  2.622  -86.23   37.25    22.6     6.8    14.7    15.2     0.0    24.79 C    30.9     3.0    15.0    46.6    19.3    30.9   0.315   0.304 -99.000 -99.000 -99.000    13.8    13.7 -9999.0 -9999.0 -9999.0
63849 20180422  2.622  -86.23   37.25    19.1    11.5    15.3    14.7     7.9     6.52 C    21.9     9.3    13.6    93.0    37.2    58.9   0.308   0.301 -99.000 -99.000 -99.000    13.5    13.8 -9999.0 -9999.0 -9999.0
63849 20180423  2.622  -86.23   37.25    20.4    12.3    16.3    14.7     6.7    11.94 C    27.5    12.0    15.5    95.1    56.6    82.9   0.374   0.330 -99.000 -99.000 -99.000    14.6    14.5 -9999.0 -9999.0 -9999.0
63849 20180424  2.622  -86.23   37.25    15.5    12.0    13.8    13.1     0.6     4.14 C    18.2    12.2    14.2    98.2    82.0    93.6   0.358   0.319 -99.000 -99.000 -99.000    14.5    14.6 -9999.0 -9999.0 -9999.0
63849 20180425  2.622  -86.23   37.25    19.9    11.2    15.5    15.2     0.0    12.32 C    27.9    10.5    15.9    97.9    46.4    72.5   0.352   0.333 -99.000 -99.000 -99.000    15.3    15.1 -9999.0 -9999.0 -9999.0
63849 20180426  2.622  -86.23   37.25    18.0     9.8    13.9    14.0     0.0    10.61 C    22.5     5.5    13.6    98.5    57.1    73.6   0.341   0.339 -99.000 -99.000 -99.000    15.0    15.2 -9999.0 -9999.0 -9999.0
63849 20180427  2.622  -86.23   37.25    23.4     6.5    14.9    14.9     0.0    24.55 C    32.0     2.9    14.2    95.9    23.0    54.7   0.331   0.336 -99.000 -99.000 -99.000    15.2    15.2 -9999.0 -9999.0 -9999.0
63849 20180428  2.622  -86.23   37.25    19.2     7.6    13.4    13.3     0.0    27.00 C    29.7     3.9    13.8    68.3    26.0    45.2   0.316   0.330 -99.000 -99.000 -99.000    15.5    15.7 -9999.0 -9999.0 -9999.0
63849 20180429  2.622  -86.23   37.25    18.2     1.9    10.1    10.8     0.0    27.89 C    29.0    -0.8    11.5    70.5    17.5    35.3   0.303   0.325 -99.000 -99.000 -99.000    14.7    15.2 -9999.0 -9999.0 -9999.0
63849 20180430  2.622  -86.23   37.25    23.9     3.7    13.8    15.9     0.0    27.97 C    31.7     0.8    14.4    70.6    13.2    29.8   0.290   0.319 -99.000 -99.000 -99.000    15.2    15.5 -9999.0 -9999.0 -9999.0
63849 20180501  2.622  -86.23   37.25    27.5    12.7    20.1    20.7     0.0    26.69 C    34.0     7.3    19.1    54.0    25.0    38.8   0.275   0.311 -99.000 -99.000 -99.000    16.9    16.7 -9999.0 -9999.0 -9999.0
63849 20180502  2.622  -86.23   37.25    28.5    17.2    22.8    23.0     0.0    20.86 C    34.3    13.9    21.8    66.6    43.6    55.7   0.262   0.303 -99.000 -99.000 -99.000    18.8    18.2 -9999.0 -9999.0 -9999.0
63849 20180503  2.622  -86.23   37.25    29.1    18.9    24.0    23.7     0.0    16.39 C    34.0    15.4    22.1    69.9    35.2    55.5   0.252   0.297 -99.000 -99.000 -99.000    19.3    18.9 -9999.0 -9999.0 -9999.0
63849 20180504  2.622  -86.23   37.25    23.2    16.9    20.1    21.1    15.6     6.01 C    25.2    16.8    20.0    95.4    56.7    78.8   0.249   0.294 -99.000 -99.000 -99.000    18.9    18.7 -9999.0 -9999.0 -9999.0
63849 20180505  2.622  -86.23   37.25    17.4    13.2    15.3    16.0    26.4     3.20 C    19.6    13.4    16.7    98.6    94.2    96.9   0.390   0.358 -99.000 -99.000 -99.000    18.0    18.1 -9999.0 -9999.0 -9999.0
63849 20180506  2.622  -86.23   37.25    27.6    11.3    19.5    17.8     0.0    21.86 C    32.3     9.4    18.9    99.4    34.0    77.0   0.367   0.348 -99.000 -99.000 -99.000    19.1    18.7 -9999.0 -9999.0 -9999.0
63849 20180507  2.622  -86.23   37.25    25.0    12.2    18.6    18.5     0.0    26.14 C    32.2    10.2    18.7    97.8    34.4    64.7   0.338   0.331 -99.000 -99.000 -99.000    19.6    19.4 -9999.0 -9999.0 -9999.0
63849 20180508  2.622  -86.23   37.25    25.6    11.6    18.6    18.4     0.0    24.04 C    32.7     9.5    18.3    85.9    36.8    59.9   0.321   0.322 -99.000 -99.000 -99.000    19.4    19.4 -9999.0 -9999.0 -9999.0
63849 20180509  2.622  -86.23   37.25    29.5    14.0    21.7    22.4     0.0    19.56 C    33.3     9.8    20.7    74.6    39.4    55.9   0.307   0.316 -99.000 -99.000 -99.000    19.6    19.4 -9999.0 -9999.0 -9999.0
63849 20180510  2.622  -86.23   37.25    30.1    17.6    23.8    23.5     6.2    25.62 C    33.9    16.2    23.6    97.5    36.2    67.3   0.300   0.311 -99.000 -99.000 -99.000    21.9    21.1 -9999.0 -9999.0 -9999.0
63849 20180511  2.622  -86.23   37.25    30.0    18.2    24.1    24.2     0.0    25.03 C    33.1    15.9    23.3    95.2    38.9    63.4   0.305   0.309 -99.000 -99.000 -99.000    22.6    22.0 -9999.0 -9999.0 -9999.0
63849 20180512  2.622  -86.23   37.25    30.2    18.7    24.4    24.3     0.0    24.88 C    34.0    15.4    23.2    80.6    42.6    61.2   0.299   0.303 -99.000 -99.000 -99.000    22.9    22.4 -9999.0 -9999.0 -9999.0
63849 20180513  2.622  -86.23   37.25    30.5    17.9    24.2    24.4     0.0    26.03 C    34.5    14.6    23.2    85.3    41.7    63.9   0.285   0.296 -99.000 -99.000 -99.000    23.1    22.6 -9999.0 -9999.0 -9999.0
63849 20180514  2.622  -86.23   37.25    31.5    19.7    25.6    25.6     0.0    24.35 C    35.1    16.3    24.4    83.4    44.2    64.7   0.271   0.289 -99.000 -99.000 -99.000    23.5    23.1 -9999.0 -9999.0 -9999.0
63849 20180515  2.622  -86.23   37.25    30.9    19.6    25.2    25.2     0.0    25.65 C    35.3    17.6    24.7    91.0    41.9    66.7   0.257   0.281 -99.000 -99.000 -99.000    23.9    23.5 -9999.0 -9999.0 -9999.0
63849 20180516  2.622  -86.23   37.25    27.7    17.7    22.7    22.4     0.0    20.79 C    33.1    16.5    22.9    94.8    54.0    76.0   0.246   0.274 -99.000 -99.000 -99.000    23.5    23.3 -9999.0 -9999.0 -9999.0
63849 20180517  2.622  -86.23   37.25    27.3    17.6    22.5    22.3     0.0    22.78 C    32.3    16.7    23.2    97.6    54.7    78.8   0.236   0.267 -99.000 -99.000 -99.000    23.3    23.1 -9999.0 -9999.0 -9999.0
63849 20180518  2.622  -86.23   37.25    25.8    18.6    22.2    21.0    13.3    11.41 C    31.2    18.4    21.7    98.3    73.8    91.9   0.269   0.265 -99.000 -99.000 -99.000    22.9    22.9 -9999.0 -9999.0 -9999.0
63849 20180519  2.622  -86.23   37.25    27.4    18.3    22.9    22.0     3.4    14.58 C    31.2    18.0    22.4    97.9    65.3    88.6   0.328   0.274 -99.000 -99.000 -99.000    22.8    22.7 -9999.0 -9999.0 -9999.0
63849 20180520  2.622  -86.23   37.25    29.6    17.2    23.4    22.9    15.6    23.76 C    33.5    15.7    23.5    97.1    50.7    77.2   0.323   0.286 -99.000 -99.000 -99.000    23.4    23.2 -9999.0 -9999.0 -9999.0
63849 20180521  2.622  -86.23   37.25    28.7    17.7    23.2    21.9     8.9    24.11 C    33.0    17.0    23.4    98.9    58.2    85.3   0.356   0.316 -99.000 -99.000 -99.000    23.7    23.5 -9999.0 -9999.0 -9999.0
63849 20180522  2.622  -86.23   37.25    26.8    18.4    22.6    21.5     3.9    16.15 C    31.8    17.4    22.1    98.5    70.3    90.6   0.362   0.322 -99.000 -99.000 -99.000    23.3    23.3 -9999.0 -9999.0 -9999.0
63849 20180523  2.622  -86.23   37.25    28.4    18.3    23.4    22.9     0.0    22.59 C    32.1    16.4    22.9   100.0    52.4    78.6   0.341   0.313 -99.000 -99.000 -99.000    23.4    23.3 -9999.0 -9999.0 -9999.0
63849 20180524  2.622  -86.23   37.25    28.3    16.7    22.5    22.7     0.0    27.82 C    33.1    15.6    22.6    89.8    45.1    67.9   0.319   0.304 -99.000 -99.000 -99.000    23.5    23.5 -9999.0 -9999.0 -9999.0
63849 20180525  2.622  -86.23   37.25    29.9    16.4    23.2    23.7     0.0    26.19 C    33.1    15.0    23.7    95.5    39.6    71.0   0.301   0.296 -99.000 -99.000 -99.000    23.6    23.5 -9999.0 -9999.0 -9999.0
63849 20180526  2.622  -86.23   37.25    28.7    19.8    24.2    23.3     0.0    20.01 C    34.2    18.4    23.8    96.2    62.0    82.4   0.290   0.290 -99.000 -99.000 -99.000    24.1    23.9 -9999.0 -9999.0 -9999.0
63849 20180527  2.622  -86.23   37.25    30.4    19.7    25.0    23.5     0.0    19.55 C    35.3    18.0    23.9    98.3    56.3    83.5   0.283   0.285 -99.000 -99.000 -99.000    24.1    24.0 -9999.0 -9999.0 -9999.0
63849 20180528  2.622  -86.23   37.25    29.2    19.0    24.1    22.7     2.9    16.95 C    34.5    18.3    23.5    97.9    61.9    87.3   0.281   0.280 -99.000 -99.000 -99.000    24.1    23.9 -9999.0 -9999.0 -9999.0
63849 20180529  2.622  -86.23   37.25    28.2    19.2    23.7    23.4     0.3    17.35 C    31.6    18.9    23.9    97.6    63.2    84.2   0.283   0.280 -99.000 -99.000 -99.000    24.2    24.0 -9999.0 -9999.0 -9999.0
63849 20180530  2.622  -86.23   37.25    28.9    21.0    24.9    24.1     7.7    13.67 C    32.4    19.8    24.0    95.8    65.5    83.7   0.315   0.274 -99.000 -99.000 -99.000    24.4    24.1 -9999.0 -9999.0 -9999.0
63849 20180531  2.622  -86.23   37.25    30.6    18.8    24.7    22.5     2.9    17.01 C    34.5    18.4    23.2    97.8    65.3    87.0   0.316   0.243 -99.000 -99.000 -99.000    24.7    24.3 -9999.0 -9999.0 -9999.0
63849 20180601  2.622  -86.23   37.25    28.2    18.7    23.4    22.9     0.0    18.10 C    32.9    18.3    23.4    97.1    64.7    84.4   0.314   0.243 -99.000 -99.000 -99.000    24.3    24.0 -9999.0 -9999.0 -9999.0
63849 20180602  2.622  -86.23   37.25    30.5    20.4    25.4    25.0    18.5    25.03 C    34.9    18.5    25.8    99.2    53.4    83.3   0.346   0.289 -99.000 -99.000 -99.000    24.8    24.4 -9999.0 -9999.0 -9999.0
63849 20180603  2.622  -86.23   37.25    27.1    16.4    21.7    22.7     0.0    24.36 C    32.7    13.7    23.0    98.5    40.9    75.1   0.320   0.268 -99.000 -99.000 -99.000    24.8    24.7 -9999.0 -9999.0 -9999.0
63849 20180604  2.622  -86.23   37.25    25.9    13.1    19.5    19.7     0.0    28.47 C    31.3    11.0    20.2    94.6    36.9    66.4   0.303   0.258 -99.000 -99.000 -99.000    23.2    23.5 -9999.0 -9999.0 -9999.0
63849 20180605  2.622  -86.23   37.25    27.1    13.1    20.1    20.5     0.0    28.63 C    31.6    12.3    20.8    96.5    37.9    66.2   0.289   0.250 -99.000 -99.000 -99.000    22.8    23.0 -9999.0 -9999.0 -9999.0
63849 20180606  2.622  -86.23   37.25    29.0    15.1    22.0    22.6     0.0    27.44 C    37.5    12.8    23.0    90.8    50.1    66.6   0.279   0.243 -99.000 -99.000 -99.000    23.1    23.1 -9999.0 -9999.0 -9999.0
63849 20180607  2.622  -86.23   37.25    29.5    17.1    23.3    24.0     0.0    26.91 C    39.9    14.7    25.6    82.6    48.3    63.9   0.271   0.238 -99.000 -99.000 -99.000    23.7    23.8 -9999.0 -9999.0 -9999.0
63849 20180608  2.622  -86.23   37.25    31.0    18.9    25.0    25.6     0.0    26.59 C    40.8    16.0    26.5    76.4    44.3    59.7   0.264   0.233 -99.000 -99.000 -99.000    24.2    24.4 -9999.0 -9999.0 -9999.0
63849 20180609  2.622  -86.23   37.25    32.1    19.8    25.9    24.0    10.0    22.30 C    41.5    17.5    25.7    98.4    42.8    76.6   0.279   0.230 -99.000 -99.000 -99.000    24.4    24.6 -9999.0 -9999.0 -9999.0
63849 20180610  2.622  -86.23   37.25    28.8    18.4    23.6    22.0    13.6    15.69 C    38.5    17.9    23.7    98.6    65.9    89.4   0.326   0.247 -99.000 -99.000 -99.000    24.0    24.3 -9999.0 -9999.0 -9999.0
63849 20180611  2.622  -86.23   37.25    31.5    17.0    24.3    24.1    11.7    24.74 C    41.3    16.7    26.4    98.5    51.4    78.1   0.350   0.285 -99.000 -99.000 -99.000    24.3    24.5 -9999.0 -9999.0 -9999.0
63849 20180612  2.622  -86.23   37.25    30.5    20.2    25.3    24.0     4.2    17.91 C    40.2    19.1    26.0    98.2    62.8    83.8   0.332   0.265 -99.000 -99.000 -99.000    24.8    25.0 -9999.0 -9999.0 -9999.0
63849 20180613  2.622  -86.23   37.25    28.2    20.4    24.3    23.9     0.0    18.09 C    38.7    20.5    25.9    98.7    71.6    87.9   0.336   0.264 -99.000 -99.000 -99.000    24.9    25.1 -9999.0 -9999.0 -9999.0
63849 20180614  2.622  -86.23   37.25    30.5    19.4    25.0    24.6     0.0    24.59 C    40.1    17.5    26.4    98.1    47.9    77.8   0.316   0.258 -99.000 -99.000 -99.000    25.1    25.3 -9999.0 -9999.0 -9999.0
63849 20180615  2.622  -86.23   37.25    31.1    18.9    25.0    25.3     0.0    25.98 C    40.5    16.7    27.0    94.0    51.0    72.6   0.302   0.251 -99.000 -99.000 -99.000    25.2    25.3 -9999.0 -9999.0 -9999.0
63849 20180616  2.622  -86.23   37.25    32.4    21.0    26.7    26.9     0.0    25.92 C    41.7    18.8    28.2    93.6    46.9    71.6   0.289   0.244 -99.000 -99.000 -99.000    25.7    25.8 -9999.0 -9999.0 -9999.0
63849 20180617  2.622  -86.23   37.25    33.4    21.3    27.4    27.3     0.0    26.94 C    41.7    19.2    28.8    93.9    45.7    73.0   0.278   0.238 -99.000 -99.000 -99.000    26.1    26.2 -9999.0 -9999.0 -9999.0
63849 20180618  2.622  -86.23   37.25    31.7    21.7    26.7    25.8     0.0    20.83 C    42.2    19.5    27.5    93.5    59.2    81.6   0.270   0.233 -99.000 -99.000 -99.000    26.0    26.2 -9999.0 -9999.0 -9999.0
63849 20180619  2.622  -86.23   37.25    31.8    22.3    27.1    26.8     0.0    26.87 C    41.0    20.4    28.6    96.4    45.8    71.8   0.262   0.228 -99.000 -99.000 -99.000    26.3    26.5 -9999.0 -9999.0 -9999.0
63849 20180620  2.622  -86.23   37.25    30.8    21.7    26.3    26.2     0.0    24.83 C    40.7    20.1    28.3    88.5    53.3    71.8   0.252   0.222 -99.000 -99.000 -99.000    26.2    26.5 -9999.0 -9999.0 -9999.0
63849 20180621  2.622  -86.23   37.25    27.1    18.9    23.0    22.7     9.9    12.17 C    33.8    18.0    24.0    98.3    74.6    91.2   0.277   0.221 -99.000 -99.000 -99.000    25.4    25.8 -9999.0 -9999.0 -9999.0
63849 20180622  2.622  -86.23   37.25    26.1    18.1    22.1    21.4     7.7    16.20 C    34.9    17.3    22.9    98.4    63.4    87.1   0.309   0.228 -99.000 -99.000 -99.000    24.6    25.1 -9999.0 -9999.0 -9999.0
63849 20180623  2.622  -86.23   37.25    28.4    17.9    23.1    23.3     0.0    19.49 C    37.4    16.7    25.0    98.2    58.7    82.4   0.303   0.232 -99.000 -99.000 -99.000    24.5    24.9 -9999.0 -9999.0 -9999.0
63849 20180624  2.622  -86.23   37.25    29.9    21.5    25.7    25.1     8.2    17.92 C    38.5    20.5    26.9    98.9    62.3    86.2   0.290   0.229 -99.000 -99.000 -99.000    25.4    25.6 -9999.0 -9999.0 -9999.0
63849 20180625  2.622  -86.23   37.25    29.2    20.3    24.8    24.2    20.9    18.33 C    36.6    20.4    25.8    98.2    66.8    87.6   0.361   0.276 -99.000 -99.000 -99.000    25.4    25.5 -9999.0 -9999.0 -9999.0
63849 20180626  2.622  -86.23   37.25    29.2    20.0    24.6    23.0    32.8    12.02 C    37.0    19.7    24.1    96.7    76.7    90.6   0.359   0.295 -99.000 -99.000 -99.000    24.9    25.2 -9999.0 -9999.0 -9999.0
63849 20180627  2.622  -86.23   37.25    28.3    20.1    24.2    23.9     6.9    14.29 C    35.5    20.1    25.5    97.8    79.5    91.9   0.363   0.303 -99.000 -99.000 -99.000    24.8    24.9 -9999.0 -9999.0 -9999.0
63849 20180628  2.622  -86.23   37.25    30.6    22.5    26.5    25.9    13.1    18.86 C    39.1    22.8    28.3    98.9    70.0    88.8   0.363   0.307 -99.000 -99.000 -99.000    25.8    25.7 -9999.0 -9999.0 -9999.0
63849 20180629  2.622  -86.23   37.25    30.9    21.0    25.9    25.4     0.0    22.71 C    39.7    20.4    27.2    97.8    59.6    83.5   0.333   0.283 -99.000 -99.000 -99.000    26.3    26.3 -9999.0 -9999.0 -9999.0
63849 20180630  2.622  -86.23   37.25    32.3    22.4    27.4    27.4     0.0    27.27 C    39.9    20.5    28.6    91.2    53.3    74.9   0.318   0.272 -99.000 -99.000 -99.000    26.6    26.6 -9999.0 -9999.0 -9999.0
63849 20180701  2.622  -86.23   37.25    32.2    23.8    28.0    27.6     0.0    23.36 C    40.1    22.2    28.6    93.2    57.6    76.6   0.305   0.264 -99.000 -99.000 -99.000    27.0    27.0 -9999.0 -9999.0 -9999.0
63849 20180702  2.622  -86.23   37.25    31.7    23.4    27.6    26.3    10.4    18.21 C    40.3    22.6    27.7    96.9    63.4    86.1   0.325   0.268 -99.000 -99.000 -99.000    27.0    27.0 -9999.0 -9999.0 -9999.0
63849 20180703  2.622  -86.23   37.25    31.4    22.9    27.1    26.3     0.0    16.75 C    39.1    22.5    27.5    98.4    63.1    86.5   0.329   0.271 -99.000 -99.000 -99.000    27.0    26.9 -9999.0 -9999.0 -9999.0
63849 20180704  2.622  -86.23   37.25    34.0    23.3    28.6    28.6     0.0    26.35 C    40.3    22.3    29.6    95.4    54.2    77.4   0.312   0.264 -99.000 -99.000 -99.000    27.6    27.4 -9999.0 -9999.0 -9999.0
63849 20180705  2.622  -86.23   37.25    34.3    21.1    27.7    27.1    10.1    25.70 C    40.2    21.4    29.0    98.2    53.1    81.4   0.317   0.260 -99.000 -99.000 -99.000    27.8    27.8 -9999.0 -9999.0 -9999.0
63849 20180706  2.622  -86.23   37.25    30.4    21.2    25.8    25.0     0.0    21.42 C    37.9    20.7    26.8    98.7    64.2    81.4   0.327   0.264 -99.000 -99.000 -99.000    27.2    27.3 -9999.0 -9999.0 -9999.0
63849 20180707  2.622  -86.23   37.25    28.1    17.7    22.9    23.1     0.0    27.77 C    36.0    16.6    25.0    82.3    57.0    70.1   0.307   0.257 -99.000 -99.000 -99.000    26.7    26.7 -9999.0 -9999.0 -9999.0
63849 20180708  2.622  -86.23   37.25    30.3    20.0    25.2    25.1     0.0    25.34 C    39.0    18.8    26.6    93.4    58.4    77.9   0.293   0.251 -99.000 -99.000 -99.000    26.4    26.6 -9999.0 -9999.0 -9999.0
63849 20180709  2.622  -86.23   37.25    30.7    21.4    26.0    25.6     0.0    21.70 C    38.8    20.2    26.7    97.8    59.5    81.6   0.283   0.246 -99.000 -99.000 -99.000    26.4    26.6 -9999.0 -9999.0 -9999.0
63849 20180710  2.622  -86.23   37.25    31.8    21.8    26.8    26.5     0.0    26.24 C    38.9    20.6    27.8    97.3    51.8    79.1   0.274   0.241 -99.000 -99.000 -99.000    26.7    26.8 -9999.0 -9999.0 -9999.0
63849 20180711  2.622  -86.23   37.25    32.4    22.4    27.4    26.7     0.0    25.18 C    39.3    20.1    27.7    97.9    55.0    77.4   0.265   0.236 -99.000 -99.000 -99.000    26.9    27.1 -9999.0 -9999.0 -9999.0
63849 20180712  2.622  -86.23   37.25    29.7    19.4    24.6    24.5     0.0    27.43 C    36.9    17.5    25.4    84.0    48.2    68.6   0.255   0.230 -99.000 -99.000 -99.000    26.4    26.7 -9999.0 -9999.0 -9999.0
63849 20180713  2.622  -86.23   37.25    30.4    17.7    24.1    24.6     0.0    26.95 C    37.6    16.0    25.5    93.0    49.3    70.9   0.244   0.225 -99.000 -99.000 -99.000    25.7    26.1 -9999.0 -9999.0 -9999.0
63849 20180714  2.622  -86.23   37.25    31.8    20.2    26.0    26.1     0.0    24.39 C    39.3    18.0    26.8    95.1    45.5    72.5   0.235   0.220 -99.000 -99.000 -99.000    25.9    26.2 -9999.0 -9999.0 -9999.0
63849 20180715  2.622  -86.23   37.25    25.2    21.5    23.4    23.6     5.3     5.69 C    27.3    20.7    23.7    98.4    81.5    93.3   0.235   0.218 -99.000 -99.000 -99.000    25.5    25.8 -9999.0 -9999.0 -9999.0
63849 20180716  2.622  -86.23   37.25    31.0    21.2    26.1    25.1     0.4    16.60 C    36.5    20.8    25.8    98.6    60.5    86.7   0.242   0.219 -99.000 -99.000 -99.000    25.6    25.7 -9999.0 -9999.0 -9999.0
63849 20180717  2.622  -86.23   37.25    31.9    21.4    26.6    25.8     0.0    23.55 C    39.4    19.0    26.6    99.0    59.7    79.5   0.237   0.217 -99.000 -99.000 -99.000    26.1    26.2 -9999.0 -9999.0 -9999.0
63849 20180718  2.622  -86.23   37.25    29.8    19.0    24.4    23.9     0.0    27.13 C    36.6    16.2    24.4    91.6    41.8    67.4   0.229   0.213 -99.000 -99.000 -99.000    25.4    25.7 -9999.0 -9999.0 -9999.0
63849 20180719  2.622  -86.23   37.25    30.8    18.1    24.5    24.9     0.0    25.72 C    37.1    15.5    25.3    85.7    43.4    63.6   0.220   0.207 -99.000 -99.000 -99.000    25.0    25.3 -9999.0 -9999.0 -9999.0
63849 20180720  2.622  -86.23   37.25    32.2    17.8    25.0    26.8    63.5    20.71 C    38.7    17.5    27.4    97.5    57.9    72.5   0.217   0.207 -99.000 -99.000 -99.000    25.8    25.8 -9999.0 -9999.0 -9999.0
63849 20180721  2.622  -86.23   37.25    28.6    17.8    23.2    22.6     6.3    21.57 C    36.1    15.9    23.9    99.6    56.1    82.7   0.348   0.297 -99.000 -99.000 -99.000    24.0    24.0 -9999.0 -9999.0 -9999.0
63849 20180722  2.622  -86.23   37.25    24.2    19.5    21.9    21.0     4.4     9.35 C    29.2    18.2    21.8    99.0    81.3    93.6   0.331   0.278 -99.000 -99.000 -99.000    24.2    24.3 -9999.0 -9999.0 -9999.0
63849 20180723  2.622  -86.23   37.25    26.0    18.4    22.2    21.9     0.0    20.73 C    35.2    16.9    23.7    98.2    59.8    83.0   0.324   0.275 -99.000 -99.000 -99.000    24.5    24.6 -9999.0 -9999.0 -9999.0
63849 20180724  2.622  -86.23   37.25    28.5    17.8    23.2    23.1     0.0    23.27 C    36.4    16.3    24.2    99.1    54.1    80.4   0.305   0.266 -99.000 -99.000 -99.000    24.4    24.6 -9999.0 -9999.0 -9999.0
63849 20180725  2.622  -86.23   37.25    29.5    19.0    24.3    23.7     0.0    23.27 C    36.9    16.3    24.1    99.1    51.1    77.8   0.291   0.259 -99.000 -99.000 -99.000    24.4    24.7 -9999.0 -9999.0 -9999.0
63849 20180726  2.622  -86.23   37.25    30.3    17.8    24.1    24.0     0.0    24.97 C    36.6    15.0    24.9    97.9    43.3    77.5   0.280   0.253 -99.000 -99.000 -99.000    24.4    24.7 -9999.0 -9999.0 -9999.0
63849 20180727  2.622  -86.23   37.25    28.2    18.6    23.4    23.2     0.0    25.23 C    36.1    16.0    24.5    94.6    46.5    72.9   0.271   0.247 -99.000 -99.000 -99.000    24.9    25.2 -9999.0 -9999.0 -9999.0
63849 20180728  2.622  -86.23   37.25    26.9    16.4    21.6    21.3     0.0    23.05 C    34.8    14.1    22.3    98.1    48.5    78.6   0.262   0.242 -99.000 -99.000 -99.000    23.8    24.3 -9999.0 -9999.0 -9999.0
63849 20180729  2.622  -86.23   37.25    28.5    16.9    22.7    23.1     0.0    24.42 C    36.0    14.7    24.0    96.8    47.6    71.2   0.254   0.237 -99.000 -99.000 -99.000    23.8    24.2 -9999.0 -9999.0 -9999.0
63849 20180730  2.622  -86.23   37.25    29.2    20.2    24.7    23.5     0.0    16.28 C    35.0    19.0    24.6    97.6    61.8    78.7   0.248   0.234 -99.000 -99.000 -99.000    24.4    24.6 -9999.0 -9999.0 -9999.0
63849 20180731  2.622  -86.23   37.25    27.2    20.3    23.8    22.9     0.0    15.84 C    34.6    19.2    24.2    99.1    61.8    86.1   0.244   0.231 -99.000 -99.000 -99.000    24.5    24.7 -9999.0 -9999.0 -9999.0
63849 20180801  2.622  -86.23   37.25    27.1    19.0    23.1    21.8    15.9    14.95 C    35.5    18.1    23.1    99.2    63.5    89.7   0.271   0.237 -99.000 -99.000 -99.000    24.1    24.4 -9999.0 -9999.0 -9999.0
63849 20180802  2.622  -86.23   37.25    28.5    18.3    23.4    22.8     0.0    21.37 C    35.0    17.1    23.4    99.7    55.8    82.9   0.299   0.249 -99.000 -99.000 -99.000    23.9    24.2 -9999.0 -9999.0 -9999.0
63849 20180803  2.622  -86.23   37.25    30.7    19.0    24.9    24.4     0.0    25.67 C    44.7    16.1    26.3    99.1    46.9    75.5   0.280   0.241 -99.000 -99.000 -99.000    24.4    24.6 -9999.0 -9999.0 -9999.0
63849 20180804  2.622  -86.23   37.25    32.0    19.7    25.8    25.9     0.0    25.22 C    45.3    17.7    28.3    94.2    46.9    69.1   0.270   0.237 -99.000 -99.000 -99.000    25.7    25.4 -9999.0 -9999.0 -9999.0
63849 20180805  2.622  -86.23   37.25    31.9    21.5    26.7    24.3     0.2    13.72 C    46.1    19.6    25.9    96.9    54.9    83.8   0.262   0.233 -99.000 -99.000 -99.000    25.8    25.6 -9999.0 -9999.0 -9999.0
63849 20180806  2.622  -86.23   37.25    33.1    20.6    26.9    26.3     0.0    22.97 C    46.1    19.5    28.6    98.6    46.8    75.4   0.256   0.231 -99.000 -99.000 -99.000    26.4    26.0 -9999.0 -9999.0 -9999.0
63849 20180807  2.622  -86.23   37.25    33.1    21.8    27.5    26.1     0.0    22.66 C    45.3    20.0    28.7    91.5    43.1    74.6   0.249   0.227 -99.000 -99.000 -99.000    26.7    26.4 -9999.0 -9999.0 -9999.0
63849 20180808  2.622  -86.23   37.25    28.6    21.0    24.8    23.6    10.4    14.80 C    40.2    19.8    25.7    98.3    71.5    90.0   0.261   0.227 -99.000 -99.000 -99.000    26.4    26.2 -9999.0 -9999.0 -9999.0
63849 20180809  2.622  -86.23   37.25    27.5    20.4    24.0    23.3     0.0    11.08 C    35.6    19.6    24.7    99.3    74.5    93.4   0.279   0.232 -99.000 -99.000 -99.000    25.7    25.6 -9999.0 -9999.0 -9999.0
63849 20180810  2.622  -86.23   37.25    27.7    19.2    23.4    22.8     0.3    12.35 C    37.0    18.0    24.3    98.9    55.8    86.5   0.272   0.231 -99.000 -99.000 -99.000    25.4    25.3 -9999.0 -9999.0 -9999.0
63849 20180811  2.622  -86.23   37.25    31.5    18.3    24.9    23.5     0.0    19.88 C    43.3    16.7    25.7    99.0    50.3    82.8   0.265   0.229 -99.000 -99.000 -99.000    25.5    25.2 -9999.0 -9999.0 -9999.0
63849 20180812  2.622  -86.23   37.25    28.8    18.7    23.7    22.9     0.0    22.37 C    42.1    17.4    26.1    99.5    53.4    82.4   0.257   0.226 -99.000 -99.000 -99.000    25.7    25.5 -9999.0 -9999.0 -9999.0
63849 20180813  2.622  -86.23   37.25    30.3    17.8    24.1    23.6     0.0    21.89 C    42.9    16.1    25.6    98.9    42.1    74.1   0.249   0.223 -99.000 -99.000 -99.000    25.5    25.5 -9999.0 -9999.0 -9999.0
63849 20180814  2.622  -86.23   37.25    31.2    17.2    24.2    24.2     0.0    21.39 C    43.2    16.2    26.5    95.4    38.8    71.7   0.241   0.220 -99.000 -99.000 -99.000    25.6    25.4 -9999.0 -9999.0 -9999.0
63849 20180815  2.622  -86.23   37.25    29.8    20.8    25.3    24.7     4.9    15.46 C    39.1    20.8    26.2    96.7    63.3    82.0   0.240   0.218 -99.000 -99.000 -99.000    26.0    25.8 -9999.0 -9999.0 -9999.0
63849 20180816  2.622  -86.23   37.25    29.7    21.0    25.4    24.5    47.8    13.46 C    36.9    20.8    25.6    98.4    62.7    86.0   0.335   0.293 -99.000 -99.000 -99.000    25.2    25.2 -9999.0 -9999.0 -9999.0
63849 20180817  2.622  -86.23   37.25    29.1    21.6    25.4    24.8     5.2    15.46 C    37.3    21.7    26.5    96.8    67.3    85.5   0.337   0.287 -99.000 -99.000 -99.000    26.0    25.8 -9999.0 -9999.0 -9999.0
63849 20180818  2.622  -86.23   37.25    27.9    21.4    24.6    23.4    18.1    11.66 C    38.5    20.2    24.7    99.2    74.9    92.8   0.340   0.298 -99.000 -99.000 -99.000    25.8    25.7 -9999.0 -9999.0 -9999.0
63849 20180819  2.622  -86.23   37.25    29.6    19.4    24.5    24.1     0.0    18.75 C    39.0    19.3    26.6   100.0    59.9    87.1   0.325   0.284 -99.000 -99.000 -99.000    26.0    25.8 -9999.0 -9999.0 -9999.0
63849 20180820  2.622  -86.23   37.25    29.5    20.6    25.1    25.0    18.2    14.51 C    38.4    21.0    26.2    97.5    67.2    84.7   0.315   0.286 -99.000 -99.000 -99.000    26.2    26.0 -9999.0 -9999.0 -9999.0
63849 20180821  2.622  -86.23   37.25    26.5    20.1    23.3    22.9     3.7    12.79 C    32.8    20.8    24.6    98.4    66.7    87.0   0.345   0.326 -99.000 -99.000 -99.000    25.7    25.6 -9999.0 -9999.0 -9999.0
63849 20180822  2.622  -86.23   37.25    25.4    15.3    20.4    20.7     0.0    17.62 C    36.4    13.9    23.1    99.0    64.7    84.6   0.327   0.298 -99.000 -99.000 -99.000    25.3    25.4 -9999.0 -9999.0 -9999.0
63849 20180823  2.622  -86.23   37.25    25.8    13.4    19.6    19.6     0.0    24.18 C    36.7    12.2    21.4    98.6    42.4    70.9   0.315   0.288 -99.000 -99.000 -99.000    24.1    24.3 -9999.0 -9999.0 -9999.0
63849 20180824  2.622  -86.23   37.25    25.2    15.3    20.2    21.2     0.0    13.67 C    31.5    13.0    21.4    84.7    60.6    73.1   0.304   0.282 -99.000 -99.000 -99.000    23.5    23.7 -9999.0 -9999.0 -9999.0
63849 20180825  2.622  -86.23   37.25    30.4    20.4    25.4    25.1     0.0    20.23 C    38.9    19.7    26.1    86.8    58.1    72.7   0.297   0.276 -99.000 -99.000 -99.000    25.0    24.7 -9999.0 -9999.0 -9999.0
63849 20180826  2.622  -86.23   37.25    32.1    21.4    26.7    26.5     0.0    20.32 C    40.3    19.7    27.2    94.1    56.1    77.2   0.287   0.269 -99.000 -99.000 -99.000    26.0    25.7 -9999.0 -9999.0 -9999.0
63849 20180827  2.622  -86.23   37.25    31.8    22.1    26.9    26.8     0.0    21.31 C    38.6    20.3    27.3    88.6    51.4    71.1   0.278   0.264 -99.000 -99.000 -99.000    26.4    26.2 -9999.0 -9999.0 -9999.0
63849 20180828  2.622  -86.23   37.25    32.6    22.4    27.5    27.4     0.0    21.41 C    39.0    20.7    27.8    85.4    50.1    69.2   0.269   0.258 -99.000 -99.000 -99.000    26.7    26.5 -9999.0 -9999.0 -9999.0
63849 20180829  2.622  -86.23   37.25    32.4    22.6    27.5    26.7     0.0    21.12 C    39.2    21.0    27.8    94.6    50.9    76.6   0.261   0.252 -99.000 -99.000 -99.000    27.0    26.8 -9999.0 -9999.0 -9999.0
63849 20180830  2.622  -86.23   37.25    30.4    20.2    25.3    24.6    17.6    20.90 C    37.5    19.9    26.5    99.5    57.4    84.3   0.324   0.278 -99.000 -99.000 -99.000    26.6    26.5 -9999.0 -9999.0 -9999.0
63849 20180831  2.622  -86.23   37.25    29.3    20.2    24.8    23.7     0.0    13.10 C    37.2    19.6    24.8    98.4    61.8    87.0   0.300   0.269 -99.000 -99.000 -99.000    26.2    26.2 -9999.0 -9999.0 -9999.0
63849 20180901  2.622  -86.23   37.25    30.9    21.1    26.0    24.9     0.0    17.27 C    36.9    20.0    25.5    93.9    52.4    78.4   0.290   0.264 -99.000 -99.000 -99.000    26.2    26.2 -9999.0 -9999.0 -9999.0
63849 20180902  2.622  -86.23   37.25    32.2    21.7    26.9    26.7     0.0    21.89 C    38.9    21.0    27.2    91.3    53.3    72.9   0.279   0.258 -99.000 -99.000 -99.000    26.6    26.5 -9999.0 -9999.0 -9999.0
63849 20180903  2.622  -86.23   37.25    32.4    22.0    27.2    26.5     3.7    22.73 C    38.2    21.0    27.2    98.5    48.5    74.9   0.270   0.252 -99.000 -99.000 -99.000    26.9    26.8 -9999.0 -9999.0 -9999.0
63849 20180904  2.622  -86.23   37.25    32.5    21.4    27.0    26.6     0.0    20.97 C    37.7    20.0    26.7    95.1    49.3    74.6   0.269   0.249 -99.000 -99.000 -99.000    26.8    26.8 -9999.0 -9999.0 -9999.0
63849 20180905  2.622  -86.23   37.25    30.7    21.6    26.2    25.2     0.0    12.07 C    36.2    20.4    25.5    96.1    62.0    84.1   0.265   0.246 -99.000 -99.000 -99.000    26.5    26.5 -9999.0 -9999.0 -9999.0
63849 20180906  2.622  -86.23   37.25    29.9    20.2    25.0    23.3    37.5     7.08 C    38.1    19.9    23.9   100.0    70.4    92.7   0.309   0.286 -99.000 -99.000 -99.000    25.3    25.6 -9999.0 -9999.0 -9999.0
63849 20180907  2.622  -86.23   37.25    31.1    20.8    25.9    25.2     0.0    17.07 C    35.6    20.3    26.1    99.4    54.5    83.8   0.330   0.299 -99.000 -99.000 -99.000    25.8    25.7 -9999.0 -9999.0 -9999.0
63849 20180908  2.622  -86.23   37.25    27.7    20.5    24.1    24.1     1.9     8.71 C    29.4    20.6    24.8    98.4    73.7    88.8   0.317   0.288 -99.000 -99.000 -99.000    25.9    25.9 -9999.0 -9999.0 -9999.0
63849 20180909  2.622  -86.23   37.25    22.3    16.0    19.2    19.8    10.6     3.23 C    25.5    17.5    21.3    98.9    94.4    97.9   0.346   0.299 -99.000 -99.000 -99.000    25.0    25.2 -9999.0 -9999.0 -9999.0
63849 20180910  2.622  -86.23   37.25    19.1    13.5    16.3    16.2     0.3     6.39 C    22.5    12.3    17.6    99.3    80.1    93.5   0.343   0.304 -99.000 -99.000 -99.000    23.3    23.7 -9999.0 -9999.0 -9999.0
63849 20180911  2.622  -86.23   37.25    22.0    12.4    17.2    17.0     0.0    11.99 C    26.0    11.5    18.7   100.0    63.4    88.4   0.329   0.294 -99.000 -99.000 -99.000    22.1    22.6 -9999.0 -9999.0 -9999.0
63849 20180912  2.622  -86.23   37.25    25.6    15.8    20.7    19.7     0.0    13.34 C    31.7    15.9    20.9    98.5    66.0    88.4   0.320   0.288 -99.000 -99.000 -99.000    22.6    22.9 -9999.0 -9999.0 -9999.0
63849 20180913  2.622  -86.23   37.25    30.4    17.5    24.0    23.6     0.0    20.70 C    35.9    16.7    24.6    99.1    43.4    80.4   0.310   0.281 -99.000 -99.000 -99.000    23.6    23.7 -9999.0 -9999.0 -9999.0
63849 20180914  2.622  -86.23   37.25    31.2    20.5    25.8    24.7     0.0    17.31 C    36.9    19.9    25.5    94.6    54.3    78.2   0.301   0.275 -99.000 -99.000 -99.000    24.6    24.6 -9999.0 -9999.0 -9999.0
63849 20180915  2.622  -86.23   37.25    31.4    21.0    26.2    25.7     0.0    21.24 C    38.3    20.0    26.0    91.3    56.2    75.0   0.291   0.270 -99.000 -99.000 -99.000    25.2    25.2 -9999.0 -9999.0 -9999.0
63849 20180916  2.622  -86.23   37.25    28.2    20.6    24.4    23.5     0.0     9.79 C    32.9    19.6    23.5    94.0    65.1    82.6   0.286   0.267 -99.000 -99.000 -99.000    24.8    25.0 -9999.0 -9999.0 -9999.0
63849 20180917  2.622  -86.23   37.25    27.7    20.9    24.3    22.9     2.3    11.32 C    34.3    19.2    23.6    98.2    69.5    90.1   0.287   0.266 -99.000 -99.000 -99.000    24.8    24.9 -9999.0 -9999.0 -9999.0
63849 20180918  2.622  -86.23   37.25    32.4    20.0    26.2    25.0     0.0    17.38 C    36.5    17.9    24.5    99.2    47.4    80.2   0.287   0.265 -99.000 -99.000 -99.000    24.9    24.9 -9999.0 -9999.0 -9999.0
63849 20180919  2.622  -86.23   37.25    32.9    20.4    26.7    25.6     0.0    18.18 C    36.2    18.3    25.4    98.1    46.8    77.4   0.281   0.261 -99.000 -99.000 -99.000    25.1    25.1 -9999.0 -9999.0 -9999.0
63849 20180920  2.622  -86.23   37.25    33.6    20.7    27.1    27.0     0.0    19.26 C    36.4    19.0    26.6    95.9    42.7    69.7   0.274   0.257 -99.000 -99.000 -99.000    25.5    25.5 -9999.0 -9999.0 -9999.0
63849 20180921  2.622  -86.23   37.25    31.7    21.2    26.5    24.6     6.1    14.11 C    36.0    20.9    25.3    98.9    55.9    81.6   0.282   0.254 -99.000 -99.000 -99.000    25.6    25.6 -9999.0 -9999.0 -9999.0
63849 20180922  2.622  -86.23   37.25    22.1    16.2    19.1    17.6    34.5     2.79 C    22.4    16.3    18.0    98.7    75.7    94.3   0.346   0.301 -99.000 -99.000 -99.000    23.4    23.9 -9999.0 -9999.0 -9999.0
63849 20180923  2.622  -86.23   37.25    20.4    16.8    18.6    18.7     7.2     3.99 C    23.6    17.4    19.9    99.6    91.6    97.3   0.366   0.325 -99.000 -99.000 -99.000    22.5    22.8 -9999.0 -9999.0 -9999.0
63849 20180924  2.622  -86.23   37.25    22.8    20.0    21.4    21.2    45.8     2.86 C    25.0    20.1    21.9    98.3    94.3    96.7   0.411   0.359 -99.000 -99.000 -99.000    22.5    22.7 -9999.0 -9999.0 -9999.0
63849 20180925  2.622  -86.23   37.25    26.1    21.4    23.7    22.8     5.2     5.91 C    29.2    21.6    23.8    98.5    78.5    92.6   0.358   0.318 -99.000 -99.000 -99.000    23.3    23.2 -9999.0 -9999.0 -9999.0
63849 20180926  2.622  -86.23   37.25    23.2    15.9    19.5    20.0     2.8     8.17 C    28.1    15.9    21.4    98.9    72.5    88.6   0.350   0.310 -99.000 -99.000 -99.000    23.3    23.4 -9999.0 -9999.0 -9999.0
63849 20180927  2.622  -86.23   37.25    16.9    11.1    14.0    14.6    11.4     3.00 C    21.8    10.5    15.7   100.0    76.8    90.4   0.353   0.315 -99.000 -99.000 -99.000    21.3    21.9 -9999.0 -9999.0 -9999.0
63849 20180928  2.622  -86.23   37.25    20.9    11.0    15.9    14.5     0.0    11.64 C    27.1    10.9    15.7   100.0    65.7    93.4   0.341   0.306 -99.000 -99.000 -99.000    20.1    20.7 -9999.0 -9999.0 -9999.0
63849 20180929  2.622  -86.23   37.25    24.5    12.0    18.2    17.8     0.0    18.67 C    30.5    10.5    17.8   100.0    50.9    79.3   0.330   0.296 -99.000 -99.000 -99.000    20.1    20.6 -9999.0 -9999.0 -9999.0
63849 20180930  2.622  -86.23   37.25    27.4    13.6    20.5    20.3     0.0    18.58 C    32.7    12.2    20.0    98.0    46.8    79.0   0.320   0.289 -99.000 -99.000 -99.000    20.7    21.0 -9999.0 -9999.0 -9999.0
63849 20181001  2.622  -86.23   37.25    29.2    17.9    23.6    22.7     5.3    12.31 C    35.0    16.1    23.4    97.6    60.7    86.3   0.326   0.287 -99.000 -99.000 -99.000    21.8    21.9 -9999.0 -9999.0 -9999.0
63849 20181002  2.622  -86.23   37.25    27.6    20.6    24.1    22.6     0.0     8.04 C    32.3    19.7    23.2    97.1    67.8    90.8   0.333   0.288 -99.000 -99.000 -99.000    22.6    22.6 -9999.0 -9999.0 -9999.0
63849 20181003  2.622  -86.23   37.25    30.3    19.7    25.0    24.1     0.0    16.82 C    34.3    18.9    24.1    97.6    54.8    80.9   0.321   0.284 -99.000 -99.000 -99.000    23.1    23.1 -9999.0 -9999.0 -9999.0
63849 20181004  2.622  -86.23   37.25    31.3    20.4    25.8    24.6     0.0    15.30 C    34.1    19.2    24.5    98.6    53.2    81.3   0.310   0.280 -99.000 -99.000 -99.000    23.5    23.6 -9999.0 -9999.0 -9999.0
63849 20181005  2.622  -86.23   37.25    31.4    20.2    25.8    24.5     0.0    14.29 C    35.5    18.7    24.0    99.3    55.5    82.4   0.303   0.275 -99.000 -99.000 -99.000    23.7    23.8 -9999.0 -9999.0 -9999.0
63849 20181006  2.622  -86.23   37.25    30.5    20.7    25.6    24.4     0.0    12.71 C    33.8    18.6    23.4    94.8    51.3    81.4   0.298   0.272 -99.000 -99.000 -99.000    23.6    23.8 -9999.0 -9999.0 -9999.0
63849 20181007  2.622  -86.23   37.25    31.1    20.3    25.7    24.6     0.0    15.52 C    35.3    18.4    24.1    97.1    52.3    80.5   0.292   0.269 -99.000 -99.000 -99.000    23.7    23.8 -9999.0 -9999.0 -9999.0
63849 20181008  2.622  -86.23   37.25    29.9    21.6    25.8    25.0     0.0    12.39 C    34.0    19.7    23.9    87.7    57.4    76.2   0.287   0.266 -99.000 -99.000 -99.000    23.8    24.0 -9999.0 -9999.0 -9999.0
63849 20181009  2.622  -86.23   37.25    29.2    21.0    25.1    24.1     0.0    13.36 C    33.0    18.8    23.3    85.8    48.3    70.1   0.283   0.263 -99.000 -99.000 -99.000    23.8    23.9 -9999.0 -9999.0 -9999.0
63849 20181010  2.622  -86.23   37.25    29.0    20.4    24.7    23.1     0.0     8.33 C    31.7    19.5    23.0    97.9    63.0    82.3   0.280   0.261 -99.000 -99.000 -99.000    23.7    23.8 -9999.0 -9999.0 -9999.0
63849 20181011  2.622  -86.23   37.25    21.3     6.1    13.7    13.2     0.0    14.19 C    25.0     4.4    14.3    95.8    53.3    77.0   0.277   0.259 -99.000 -99.000 -99.000    22.0    22.7 -9999.0 -9999.0 -9999.0
63849 20181012  2.622  -86.23   37.25    16.7     3.7    10.2     9.3     2.2    15.12 C    22.9     2.3    10.8    98.7    41.1    76.7   0.274   0.257 -99.000 -99.000 -99.000    18.6    19.7 -9999.0 -9999.0 -9999.0
63849 20181013  2.622  -86.23   37.25    12.6     5.8     9.2     8.6     0.0     9.76 C    21.1     5.9    10.4    98.2    62.0    83.4   0.275   0.257 -99.000 -99.000 -99.000    17.8    18.8 -9999.0 -9999.0 -9999.0
63849 20181014  2.622  -86.23   37.25    18.0     8.7    13.3    13.6    18.8     1.90 C    17.9     9.5    14.1    98.9    91.1    97.7   0.340   0.271 -99.000 -99.000 -99.000    17.5    18.2 -9999.0 -9999.0 -9999.0
63849 20181015  2.622  -86.23   37.25    17.9     6.2    12.0    12.5    31.1     1.34 C    18.0     6.8    13.4    99.2    92.5    97.6   0.413   0.342 -99.000 -99.000 -99.000    17.9    18.4 -9999.0 -9999.0 -9999.0
63849 20181016  2.622  -86.23   37.25    10.8     5.3     8.1     7.7     0.0     5.65 C    16.0     4.3     9.0    99.6    74.6    89.2   0.356   0.319 -99.000 -99.000 -99.000    16.0    17.1 -9999.0 -9999.0 -9999.0
63849 20181017  2.622  -86.23   37.25    18.6     3.1    10.9     9.7     0.0    16.31 C    24.8     1.8    10.1   100.0    44.0    78.9   0.344   0.305 -99.000 -99.000 -99.000    15.4    16.3 -9999.0 -9999.0 -9999.0
63849 20181018  2.622  -86.23   37.25    14.9     4.1     9.5     8.7     0.0    16.50 C    21.7     2.4     8.6    87.6    33.2    63.0   0.341   0.297 -99.000 -99.000 -99.000    14.8    15.8 -9999.0 -9999.0 -9999.0
63849 20181019  2.622  -86.23   37.25    21.6     3.8    12.7    11.8    11.6    12.52 C    25.8     1.7    11.9    98.2    36.3    72.7   0.346   0.296 -99.000 -99.000 -99.000    14.8    15.5 -9999.0 -9999.0 -9999.0
63849 20181020  2.622  -86.23   37.25    18.0     1.6     9.8    11.6     0.2    13.55 C    23.7    -0.3    11.8    99.8    36.4    70.3   0.371   0.314 -99.000 -99.000 -99.000    15.9    16.4 -9999.0 -9999.0 -9999.0
63849 20181021  2.622  -86.23   37.25    12.6    -0.9     5.8     5.2     0.0    16.08 C    18.7    -2.0     5.5    91.4    34.1    64.2   0.349   0.300 -99.000 -99.000 -99.000    13.7    14.8 -9999.0 -9999.0 -9999.0
63849 20181022  2.622  -86.23   37.25    18.0     1.1     9.5     8.6     0.0    12.45 C    21.9    -0.8     7.1    93.4    32.5    67.0   0.340   0.294 -99.000 -99.000 -99.000    12.9    13.9 -9999.0 -9999.0 -9999.0
63849 20181023  2.622  -86.23   37.25    21.0     5.3    13.2    11.0     0.0    14.99 C    24.8     1.4     9.3    86.7    28.8    64.6   0.334   0.290 -99.000 -99.000 -99.000    13.2    14.0 -9999.0 -9999.0 -9999.0
63849 20181024  2.622  -86.23   37.25    15.5     3.5     9.5     9.1     0.0    14.96 C    21.7     0.9     8.3    90.0    37.8    63.7   0.329   0.286 -99.000 -99.000 -99.000    12.9    13.7 -9999.0 -9999.0 -9999.0
63849 20181025  2.622  -86.23   37.25    14.8     6.6    10.7    10.3     0.8     5.36 C    18.2     4.6    10.1    95.4    58.4    71.7   0.325   0.284 -99.000 -99.000 -99.000    13.3    13.9 -9999.0 -9999.0 -9999.0
63849 20181026  2.622  -86.23   37.25    12.2     8.4    10.3    10.5    12.3     1.94 C    14.0     8.9    11.1    99.2    94.2    98.2   0.376   0.298 -99.000 -99.000 -99.000    14.0    14.4 -9999.0 -9999.0 -9999.0
63849 20181027  2.622  -86.23   37.25    12.8     5.3     9.1     8.4     0.0     5.79 C    18.9     2.6     8.6    99.4    63.2    88.4   0.365   0.304 -99.000 -99.000 -99.000    13.9    14.5 -9999.0 -9999.0 -9999.0
63849 20181028  2.622  -86.23   37.25    19.4     5.3    12.3    11.5     0.0     9.57 C    22.6     2.0     9.6    99.8    27.1    71.0   0.350   0.297 -99.000 -99.000 -99.000    13.3    13.9 -9999.0 -9999.0 -9999.0
63849 20181029  2.622  -86.23   37.25    17.5     2.9    10.2     9.8     0.0    14.31 C    22.6    -0.1     8.2    97.5    34.6    68.3   0.342   0.293 -99.000 -99.000 -99.000    12.6    13.4 -9999.0 -9999.0 -9999.0
63849 20181030  2.622  -86.23   37.25    22.9     7.6    15.2    15.4     0.0    12.20 C    26.2     3.7    13.8    76.1    41.0    62.1   0.336   0.289 -99.000 -99.000 -99.000    13.4    13.8 -9999.0 -9999.0 -9999.0
63849 20181031  2.622  -86.23   37.25    21.8    15.8    18.8    18.2    20.1     3.17 C    21.9    13.4    17.0    98.5    72.1    82.6   0.343   0.302 -99.000 -99.000 -99.000    15.1    15.2 -9999.0 -9999.0 -9999.0
63849 20181101  2.622  -86.23   37.25    18.8     6.8    12.8    15.0    13.3     1.68 C    18.8     7.6    14.6    96.7    79.1    89.6   0.405   0.370 -99.000 -99.000 -99.000    15.9    16.1 -9999.0 -9999.0 -9999.0
63849 20181102  2.622  -86.23   37.25    10.1     2.9     6.5     6.2     0.3     2.93 C    15.4     0.5     6.4    99.1    67.6    90.9   0.372   0.349 -99.000 -99.000 -99.000    13.9    14.7 -9999.0 -9999.0 -9999.0
63849 20181103  2.622  -86.23   37.25    15.7     1.0     8.3     8.5     0.0    12.78 C    20.3    -0.2     7.9    99.9    46.2    74.7   0.355   0.337 -99.000 -99.000 -99.000    12.3    13.1 -9999.0 -9999.0 -9999.0
63849 20181104  2.622  -86.23   37.25    16.7     9.3    13.0    11.5     9.1     6.36 C    19.9     7.2    10.9    97.5    42.8    70.7   0.361   0.338 -99.000 -99.000 -99.000    13.0    13.5 -9999.0 -9999.0 -9999.0
63849 20181105  2.622  -86.23   37.25    18.3    11.4    14.8    14.3    44.4     7.80 C    23.4    10.7    14.7    97.9    63.5    86.6   0.391   0.361 -99.000 -99.000 -99.000    14.1    14.2 -9999.0 -9999.0 -9999.0
63849 20181106  2.622  -86.23   37.25    18.8     7.8    13.3    13.5     0.4    13.16 C    22.7     4.1    12.3    98.0    32.7    69.8   0.394   0.367 -99.000 -99.000 -99.000    14.5    14.8 -9999.0 -9999.0 -9999.0
63849 20181107  2.622  -86.23   37.25    12.6     3.8     8.2     8.0     1.6     4.91 C    15.5     0.8     7.3    96.7    51.1    81.1   0.364   0.342 -99.000 -99.000 -99.000    12.7    13.5 -9999.0 -9999.0 -9999.0
63849 20181108  2.622  -86.23   37.25    12.0     3.9     8.0     6.4     0.0     9.98 C    19.8     1.0     7.6    88.4    50.2    69.6   0.355   0.336 -99.000 -99.000 -99.000    11.8    12.6 -9999.0 -9999.0 -9999.0
63849 20181109  2.622  -86.23   37.25     8.3     0.1     4.2     4.0     8.8     2.89 C    15.2    -1.5     5.1    99.7    63.7    85.5   0.378   0.349 -99.000 -99.000 -99.000    11.3    12.1 -9999.0 -9999.0 -9999.0
63849 20181110  2.622  -86.23   37.25     3.3    -4.4    -0.6    -0.8     0.0    13.01 C    11.0    -5.9     0.3    90.0    32.6    56.9   0.361   0.341 -99.000 -99.000 -99.000     9.4    10.7 -9999.0 -9999.0 -9999.0
63849 20181111  2.622  -86.23   37.25    10.5    -4.3     3.1     3.2     0.0     9.79 C    16.5    -6.3     3.3    77.9    36.2    56.2   0.351   0.335 -99.000 -99.000 -99.000     8.3     9.3 -9999.0 -9999.0 -9999.0
63849 20181112  2.622  -86.23   37.25     7.3     3.4     5.4     5.7     2.9     1.05 C     9.0     3.4     6.4    99.1    64.1    86.2   0.349   0.332 -99.000 -99.000 -99.000     9.4    10.1 -9999.0 -9999.0 -9999.0
63849 20181113  2.622  -86.23   37.25     3.4    -1.8     0.8     1.0     7.5     0.93 C     5.0    -0.7     2.5    99.7    85.0    95.1   0.383   0.352 -99.000 -99.000 -99.000     9.0     9.9 -9999.0 -9999.0 -9999.0
63849 20181114  2.622  -86.23   37.25     0.8    -2.3    -0.8    -1.0    33.8     1.59 C     3.2    -1.4     0.4    98.6    72.7    87.9   0.380   0.357 -99.000 -99.000 -99.000     7.6     8.5 -9999.0 -9999.0 -9999.0
63849 20181115  2.622  -86.23   37.25     0.4    -1.5    -0.6    -0.6     3.4     0.85 C     1.5    -1.1     0.1    99.9    93.6    97.3   0.411   0.381 -99.000 -99.000 -99.000     6.4     7.1 -9999.0 -9999.0 -9999.0
63849 20181116  2.622  -86.23   37.25    10.1    -2.1     4.0     3.0     0.0    11.99 C    15.2    -3.0     2.5    99.9    58.0    86.0   0.370   0.349 -99.000 -99.000 -99.000     7.1     7.6 -9999.0 -9999.0 -9999.0
63849 20181117  2.622  -86.23   37.25    14.9     0.0     7.4     7.6     0.0    11.42 C    20.0    -2.4     5.7    99.7    43.2    72.9   0.361   0.340 -99.000 -99.000 -99.000     7.3     7.9 -9999.0 -9999.0 -9999.0
63849 20181118  2.622  -86.23   37.25    17.5     4.6    11.1     9.7     0.0     8.27 C    23.7     1.8     7.6    99.3    48.6    76.7   0.354   0.335 -99.000 -99.000 -99.000     8.4     8.9 -9999.0 -9999.0 -9999.0
63849 20181119  2.622  -86.23   37.25     9.9     4.2     7.1     7.1     0.0     1.26 C    11.6     2.7     7.3    98.6    77.9    91.7   0.351   0.332 -99.000 -99.000 -99.000     8.8     9.2 -9999.0 -9999.0 -9999.0
63849 20181120  2.622  -86.23   37.25     4.8    -0.6     2.1     2.4     0.0     1.95 C     7.2    -0.5     3.3    98.7    70.6    85.3   0.349   0.330 -99.000 -99.000 -99.000     8.5     9.2 -9999.0 -9999.0 -9999.0
63849 20181121  2.622  -86.23   37.25    10.6    -4.0     3.3     2.9     0.0    11.15 C    16.0    -5.4     2.1    96.8    46.2    74.4   0.346   0.329 -99.000 -99.000 -99.000     7.2     8.2 -9999.0 -9999.0 -9999.0
63849 20181122  2.622  -86.23   37.25    15.2    -0.7     7.2     7.1     0.0    11.00 C    20.4    -3.0     4.7    99.2    41.0    69.6   0.349   0.327 -99.000 -99.000 -99.000     7.1     7.9 -9999.0 -9999.0 -9999.0
63849 20181123  2.622  -86.23   37.25    12.1     7.2     9.6     9.3     4.9     4.17 C    16.1     1.6     7.8    95.9    52.4    64.5   0.347   0.327 -99.000 -99.000 -99.000     8.0     8.4 -9999.0 -9999.0 -9999.0
63849 20181124  2.622  -86.23   37.25    15.9     8.0    12.0    10.5     2.7     6.57 C    20.2     3.3     9.0    97.6    58.6    85.8   0.392   0.346 -99.000 -99.000 -99.000     9.3     9.5 -9999.0 -9999.0 -9999.0
63849 20181125  2.622  -86.23   37.25    15.2     7.2    11.2    10.9     2.2     5.25 C    17.0     3.5    10.0   100.0    43.1    78.3   0.373   0.339 -99.000 -99.000 -99.000     9.4     9.7 -9999.0 -9999.0 -9999.0
63849 20181126  2.622  -86.23   37.25     7.7    -2.2     2.7     0.5     0.6     0.75 C     6.3    -1.2     1.2    92.6    68.9    82.2   0.382   0.343 -99.000 -99.000 -99.000     8.5     9.2 -9999.0 -9999.0 -9999.0
63849 20181127  2.622  -86.23   37.25    -2.2    -8.7    -5.5    -4.7     0.0     1.97 C     1.0    -9.2    -3.4    91.2    63.3    74.3   0.370   0.341 -99.000 -99.000 -99.000     6.4     7.6 -9999.0 -9999.0 -9999.0
63849 20181128  2.622  -86.23   37.25     1.0   -10.1    -4.6    -3.9     0.0     7.66 C     7.6   -10.6    -3.0    93.8    49.6    71.1   0.363   0.338 -99.000 -99.000 -99.000     4.3     5.6 -9999.0 -9999.0 -9999.0
63849 20181129  2.622  -86.23   37.25    11.6    -0.6     5.5     6.6     0.8     2.14 C    12.6    -3.2     6.4    98.7    54.0    74.0   0.361   0.336 -99.000 -99.000 -99.000     6.1     6.5 -9999.0 -9999.0 -9999.0
63849 20181130  2.622  -86.23   37.25    14.9    11.6    13.3    13.2    25.3     1.95 C    16.1    10.9    13.3    99.5    92.6    97.3   0.408   0.370 -99.000 -99.000 -99.000     9.2     9.0 -9999.0 -9999.0 -9999.0
63849 20181201  2.622  -86.23   37.25    15.4    12.0    13.7    14.2    23.3     1.42 C    16.6    12.3    14.0    98.7    85.2    92.6   0.421   0.385 -99.000 -99.000 -99.000    10.8    10.7 -9999.0 -9999.0 -9999.0
63849 20181202  2.622  -86.23   37.25    19.1     4.9    12.0    12.6     0.0    10.03 C    22.2     0.7    10.5    89.9    30.2    61.8   0.392   0.361 -99.000 -99.000 -99.000    10.6    10.8 -9999.0 -9999.0 -9999.0
63849 20181203  2.622  -86.23   37.25     6.6     1.1     3.9     3.6     0.0     2.63 C    10.4    -1.7     3.5    90.7    61.4    80.2   0.374   0.346 -99.000 -99.000 -99.000     8.6     9.3 -9999.0 -9999.0 -9999.0
63849 20181204  2.622  -86.23   37.25     2.4    -0.1     1.1     1.1     3.5     1.27 C     5.4     0.2     1.9    99.9    82.6    94.7   0.374   0.343 -99.000 -99.000 -99.000     7.4     8.3 -9999.0 -9999.0 -9999.0
63849 20181205  2.622  -86.23   37.25     1.9    -3.0    -0.6    -1.3     0.2     3.96 C     7.7    -5.8    -1.1    98.4    52.7    77.0   0.382   0.345 -99.000 -99.000 -99.000     6.3     7.3 -9999.0 -9999.0 -9999.0
63849 20181206  2.622  -86.23   37.25     7.3    -3.2     2.1     2.0     0.0     7.05 C    12.9    -5.1     2.1    83.4    42.9    65.2   0.371   0.341 -99.000 -99.000 -99.000     5.6     6.4 -9999.0 -9999.0 -9999.0
63849 20181207  2.622  -86.23   37.25     3.9     0.9     2.4     2.3     0.0     2.88 C     7.9     0.4     3.3    87.1    68.8    79.6   0.365   0.338 -99.000 -99.000 -99.000     6.4     7.1 -9999.0 -9999.0 -9999.0
63849 20181208  2.622  -86.23   37.25     1.4    -1.5     0.0    -0.7     0.0     2.68 C     3.7    -1.2     0.3    70.2    59.6    65.5   0.361   0.336 -99.000 -99.000 -99.000     5.7     6.6 -9999.0 -9999.0 -9999.0
63849 20181209  2.622  -86.23   37.25     4.3    -1.2     1.5     1.1     0.2     3.84 C     8.8    -2.6     1.7    80.0    61.9    68.7   0.357   0.334 -99.000 -99.000 -99.000     5.6     6.4 -9999.0 -9999.0 -9999.0
63849 20181210  2.622  -86.23   37.25     6.6    -3.8     1.4     0.4     0.0    10.80 C    12.4    -8.4    -0.8    77.0    33.8    56.5   0.355   0.333 -99.000 -99.000 -99.000     5.0     5.9 -9999.0 -9999.0 -9999.0
63849 20181211  2.622  -86.23   37.25     8.8    -6.2     1.3     1.0     0.0    10.17 C    13.9    -9.7    -0.8    89.2    32.1    60.2   0.353   0.332 -99.000 -99.000 -99.000     3.6     4.6 -9999.0 -9999.0 -9999.0
63849 20181212  2.622  -86.23   37.25    12.6     1.4     7.0     7.0     0.0     7.22 C    17.3    -1.3     6.4    64.2    45.0    57.2   0.351   0.331 -99.000 -99.000 -99.000     5.2     5.6 -9999.0 -9999.0 -9999.0
63849 20181213  2.622  -86.23   37.25    16.6     6.3    11.4    11.0     0.0     5.96 C    21.7     5.6    10.2    86.3    50.6    65.5   0.349   0.329 -99.000 -99.000 -99.000     7.3     7.3 -9999.0 -9999.0 -9999.0
63849 20181214  2.622  -86.23   37.25    10.9     8.2     9.5     9.8    11.6     1.02 C    11.5     7.4     9.1    98.5    62.0    86.2   0.375   0.338 -99.000 -99.000 -99.000     8.2     8.2 -9999.0 -9999.0 -9999.0
63849 20181215  2.622  -86.23   37.25    13.4     7.8    10.6    10.5     9.5     4.71 C    17.3     5.1    10.7    98.8    58.3    88.3   0.404   0.368 -99.000 -99.000 -99.000     9.2     9.2 -9999.0 -9999.0 -9999.0
63849 20181216  2.622  -86.23   37.25    12.8     3.3     8.1     6.7     0.3     6.48 C    18.0    -1.3     6.0    99.5    68.1    92.3   0.383   0.352 -99.000 -99.000 -99.000     8.8     9.2 -9999.0 -9999.0 -9999.0
63849 20181217  2.622  -86.23   37.25    13.1     0.0     6.5     5.5     0.0    10.12 C    17.7    -3.0     2.9    99.7    37.5    72.7   0.372   0.344 -99.000 -99.000 -99.000     6.8     7.6 -9999.0 -9999.0 -9999.0
63849 20181218  2.622  -86.23   37.25     9.6    -1.5     4.1     4.1     0.0     8.24 C    16.1    -4.3     1.7    89.7    41.6    66.3   0.366   0.340 -99.000 -99.000 -99.000     5.9     6.7 -9999.0 -9999.0 -9999.0
63849 20181219  2.622  -86.23   37.25    15.2     0.5     7.8     8.2     0.0     8.81 C    20.8    -3.4     6.1    82.9    31.5    56.6   0.361   0.338 -99.000 -99.000 -99.000     6.1     6.6 -9999.0 -9999.0 -9999.0
63849 20181220  2.622  -86.23   37.25    10.5     6.8     8.6     7.8    19.2     0.64 C     8.5     6.8     7.5    99.4    60.6    90.8   0.396   0.357 -99.000 -99.000 -99.000     7.5     7.7 -9999.0 -9999.0 -9999.0
63849 20181221  2.622  -86.23   37.25     6.8     1.6     4.2     4.1     3.3     0.25 C     6.8     2.0     4.7    99.3    89.1    96.2   0.412   0.369 -99.000 -99.000 -99.000     7.5     7.8 -9999.0 -9999.0 -9999.0
63849 20181222  2.622  -86.23   37.25     7.6     0.1     3.8     3.2     0.0     7.71 C    14.1    -1.9     3.0    92.5    57.9    75.1   0.381   0.352 -99.000 -99.000 -99.000     6.7     7.3 -9999.0 -9999.0 -9999.0
63849 20181223  2.622  -86.23   37.25     5.3    -1.6     1.9     2.4    16.2     0.33 C     6.3    -4.6     1.6   100.0    72.5    90.6   0.401   0.367 -99.000 -99.000 -99.000     5.9     6.6 -9999.0 -9999.0 -9999.0
63849 20181224  2.622  -86.23   37.25     7.2    -3.0     2.1     1.5     0.0     9.54 C    11.6    -6.0     0.2    99.9    61.8    85.8   0.395   0.360 -99.000 -99.000 -99.000     4.8     5.6 -9999.0 -9999.0 -9999.0
63849 20181225  2.622  -86.23   37.25     9.7     1.0     5.4     4.3     0.0     6.46 C    15.1    -3.3     2.6    85.4    44.7    67.0   0.378   0.349 -99.000 -99.000 -99.000     5.2     5.7 -9999.0 -9999.0 -9999.0
63849 20181226  2.622  -86.23   37.25    13.2    -0.6     6.3     6.6     0.0     9.63 C    18.7    -4.2     4.7    92.4    50.2    70.6   0.370   0.343 -99.000 -99.000 -99.000     5.0     5.5 -9999.0 -9999.0 -9999.0
63849 20181227  2.622  -86.23   37.25    15.7     7.8    11.7    11.9    11.4     1.91 C    14.7     4.6    10.4    94.6    65.7    76.5   0.383   0.352 -99.000 -99.000 -99.000     7.1     7.1 -9999.0 -9999.0 -9999.0
63849 20181228  2.622  -86.23   37.25    16.7     0.6     8.6    10.7     0.2     5.27 C    20.5    -1.3     9.9    95.7    59.3    83.1   0.392   0.358 -99.000 -99.000 -99.000     8.9     8.8 -9999.0 -9999.0 -9999.0
63849 20181229  2.622  -86.23   37.25     3.5    -1.3     1.1     0.8     0.0     3.38 C     6.7    -3.4     1.3    88.8    64.4    79.3   0.375   0.346 -99.000 -99.000 -99.000     6.5     7.3 -9999.0 -9999.0 -9999.0
63849 20181230  2.622  -86.23   37.25    11.3    -0.8     5.2     5.6     0.0     7.17 C    15.2    -2.0     6.0    91.6    42.2    67.0   0.368   0.341 -99.000 -99.000 -99.000     6.4     6.9 -9999.0 -9999.0 -9999.0
63849 20181231  2.622  -86.23   37.25    18.2     7.5    12.9    13.6    40.6     0.67 C    18.0     7.2    13.0    98.8    66.9    90.1   0.412   0.380 -99.000 -99.000 -99.000     9.3     9.2 -9999.0 -9999.0 -9999.0
