96404 20180101  2.514 -141.21   62.74   -22.5   -28.3   -25.4   -24.6     0.0     0.00 C   -19.6   -30.0   -25.0    78.5    73.6    76.8 -99.000 -99.000 -99.000 -99.000 -99.000 -9999.0 -9999.0 -9999.0 -9999.0 -9999.0
96404 20180102  2.514 -141.21   62.74   -19.0   -27.5   -23.2   -22.9     0.0     0.01 C   -17.9   -28.7   -23.9    83.1    74.6    78.2 -99.000 -99.000 -99.000 -99.000 -99.000 -9999.0 -9999.0 -9999.0 -9999.0 -9999.0
96404 20180103  2.514 -141.21   62.74    -9.4   -20.3   -14.9   -15.6     0.0     0.00 C   -11.0   -22.7   -16.6    88.8    79.2    83.8 -99.000 -99.000 -99.000 -99.000 -99.000 -9999.0 -9999.0 -9999.0 -9999.0 -9999.0
96404 20180104  2.514 -141.21   62.74   -12.0   -25.4   -18.7   -17.7     0.0     0.00 C   -11.5   -27.2   -19.0    87.2    76.5    82.5 -99.000 -99.000 -99.000 -99.000 -99.000 -9999.0 -9999.0 -9999.0 -9999.0 -9999.0
96404 20180105  2.514 -141.21   62.74   -10.9   -14.0   -12.4   -11.9     0.0     0.00 C   -10.5   -14.6   -11.7    87.8    84.9    86.8 -99.000 -99.000 -99.000 -99.000 -99.000 -9999.0 -9999.0 -9999.0 -9999.0 -9999.0
96404 20180106  2.514 -141.21   62.74   -12.0   -15.4   -13.7   -13.7     0.0     0.00 C   -12.2   -15.8   -13.7    87.0    84.0    85.5 -99.000 -99.000 -99.000 -99.000 -99.000 -9999.0 -9999.0 -9999.0 -9999.0 -9999.0
96404 20180107  2.514 -141.21   62.74   -15.4   -26.2   -20.8   -19.2     0.0     0.00 C   -14.9   -28.0   -19.4    84.2    75.9    81.4 -99.000 -99.000 -99.000 -99.000 -99.000 -9999.0 -9999.0 -9999.0 -9999.0 -9999.0
96404 20180108  2.514 -141.21   62.74   -15.1   -31.2   -23.1   -19.1     0.0     0.00 C   -15.2   -36.0   -20.7    84.9    71.6    81.5 -99.000 -99.000 -99.000 -99.000 -99.000 -9999.0 -9999.0 -9999.0 -9999.0 -9999.0
96404 20180109  2.514 -141.21   62.74   -25.2   -38.1   -31.7   -32.3     0.0     0.01 C   -29.5   -40.9   -36.4    78.8    67.6    72.0 -99.000 -99.000 -99.000 -99.000 -99.000 -9999.0 -9999.0 -9999.0 -9999.0 -9999.0
96404 20180110  2.514 -141.21   62.74   -29.5   -39.7   -34.6   -36.1     0.0     0.01 C   -35.0   -42.5   -40.0    74.9    66.6    69.2 -99.000 -99.000 -99.000 -99.000 -99.000 -9999.0 -9999.0 -9999.0 -9999.0 -9999.0
96404 20180111  2.514 -141.21   62.74   -29.4   -37.8   -33.6   -33.2     0.0     0.00 C   -31.4   -40.2   -35.7    73.8    67.7    70.9 -99.000 -99.000 -99.000 -99.000 -99.000 -9999.0 -9999.0 -9999.0 -9999.0 -9999.0
96404 20180112  2.514 -141.21   62.74   -26.9   -34.8   -30.8   -30.7     0.0     0.00 C   -23.9   -36.2   -30.9    75.4    69.6    72.4 -99.000 -99.000 -99.000 -99.000 -99.000 -9999.0 -9999.0 -9999.0 -9999.0 -9999.0
96404 20180113  2.514 -141.21   62.74   -22.5   -29.9   -26.2   -25.6     0.0     0.00 C   -20.7   -31.4   -25.2    78.7    72.2    76.0 -99.000 -99.000 -99.000 -99.000 -99.000 -9999.0 -9999.0 -9999.0 -9999.0 -9999.0
96404 20180114  2.514 -141.21   62.74   -15.4   -22.5   -18.9   -18.7     0.0     0.00 C   -13.1   -21.4   -17.4    84.3    78.4    81.5 -99.000 -99.000 -99.000 -99.000 -99.000 -9999.0 -9999.0 -9999.0 -9999.0 -9999.0
96404 20180115  2.514 -141.21   62.74   -12.0   -17.7   -14.8   -15.3     0.0     0.06 C   -13.1   -19.6   -16.5    87.1    81.8    84.3 -99.000 -99.000 -99.000 -99.000 -99.000 -9999.0 -9999.0 -9999.0 -9999.0 -9999.0
96404 20180116  2.514 -141.21   62.74    -5.4   -19.0   -12.2   -10.6     0.2     0.00 C    -6.2   -20.4   -10.8    92.9    81.0    87.6 -99.000 -99.000 -99.000 -99.000 -99.000 -9999.0 -9999.0 -9999.0 -9999.0 -9999.0
96404 20180117  2.514 -141.21   62.74    -9.3   -22.7   -16.0   -15.5     0.0     0.00 C   -12.1   -24.8   -17.8    89.6    78.2    84.6 -99.000 -99.000 -99.000 -99.000 -99.000 -9999.0 -9999.0 -9999.0 -9999.0 -9999.0
96404 20180118  2.514 -141.21   62.74   -15.2   -24.0   -19.6   -18.4     0.0     0.05 C   -14.8   -25.7   -19.2    84.2    77.2    81.7 -99.000 -99.000 -99.000 -99.000 -99.000 -9999.0 -9999.0 -9999.0 -9999.0 -9999.0
96404 20180119  2.514 -141.21   62.74   -12.3   -15.2   -13.8   -13.4     0.2     0.00 C   -11.9   -16.4   -13.1    86.5    83.7    85.4 -99.000 -99.000 -99.000 -99.000 -99.000 -9999.0 -9999.0 -9999.0 -9999.0 -9999.0
96404 20180120  2.514 -141.21   62.74   -13.2   -18.3   -15.8   -14.9     0.4     0.00 C   -13.5   -17.9   -14.7    85.8    81.7    84.4 -99.000 -99.000 -99.000 -99.000 -99.000 -9999.0 -9999.0 -9999.0 -9999.0 -9999.0
96404 20180121  2.514 -141.21   62.74   -18.3   -20.1   -19.2   -19.8     0.4     0.00 C   -17.9   -19.4   -19.0    81.8    80.0    80.6 -99.000 -99.000 -99.000 -99.000 -99.000 -9999.0 -9999.0 -9999.0 -9999.0 -9999.0
96404 20180122  2.514 -141.21   62.74   -19.3   -20.4   -19.9   -19.8     0.2     0.00 C   -18.4   -20.8   -19.2    80.9    79.7    80.3 -99.000 -99.000 -99.000 -99.000 -99.000 -9999.0 -9999.0 -9999.0 -9999.0 -9999.0
96404 20180123  2.514 -141.21   62.74   -20.1   -24.1   -22.1   -21.9     0.9     0.09 C   -18.9   -26.2   -21.8    80.4    76.9    78.7 -99.000 -99.000 -99.000 -99.000 -99.000 -9999.0 -9999.0 -9999.0 -9999.0 -9999.0
96404 20180124  2.514 -141.21   62.74   -23.8   -27.5   -25.6   -24.8     1.1     0.00 C   -22.4   -28.7   -24.0    77.5    74.1    76.5 -99.000 -99.000 -99.000 -99.000 -99.000 -9999.0 -9999.0 -9999.0 -9999.0 -9999.0
96404 20180125  2.514 -141.21   62.74   -25.8   -27.7   -26.7   -26.4     0.3     0.03 C   -23.9   -29.3   -25.2    76.0    74.0    75.4 -99.000 -99.000 -99.000 -99.000 -99.000 -9999.0 -9999.0 -9999.0 -9999.0 -9999.0
96404 20180126  2.514 -141.21   62.74   -22.5   -31.2   -26.8   -26.6     0.6     0.13 C   -21.5   -33.7   -28.1    78.6    71.1    75.3 -99.000 -99.000 -99.000 -99.000 -99.000 -9999.0 -9999.0 -9999.0 -9999.0 -9999.0
96404 20180127  2.514 -141.21   62.74   -25.1   -34.3   -29.7   -30.9     0.7     0.05 C   -22.9   -36.1   -32.4    76.2    69.7    72.4 -99.000 -99.000 -99.000 -99.000 -99.000 -9999.0 -9999.0 -9999.0 -9999.0 -9999.0
96404 20180128  2.514 -141.21   62.74   -20.8   -25.4   -23.1   -22.3     0.0     0.00 C   -19.5   -23.0   -20.8    79.7    75.9    78.3 -99.000 -99.000 -99.000 -99.000 -99.000 -9999.0 -9999.0 -9999.0 -9999.0 -9999.0
96404 20180129  2.514 -141.21   62.74   -19.8   -25.8   -22.8   -21.6     0.3     0.01 C   -19.4   -29.7   -21.4    80.6    74.3    79.1 -99.000 -99.000 -99.000 -99.000 -99.000 -9999.0 -9999.0 -9999.0 -9999.0 -9999.0
96404 20180130  2.514 -141.21   62.74   -21.1   -26.4   -23.7   -23.0     0.8     0.11 C   -22.0   -28.3   -23.8    79.8    75.7    78.2 -99.000 -99.000 -99.000 -99.000 -99.000 -9999.0 -9999.0 -9999.0 -9999.0 -9999.0
96404 20180131  2.514 -141.21   62.74   -23.7   -36.7   -30.2   -31.7     0.0     0.26 C   -23.9   -40.0   -36.3    77.5    68.0    72.1 -99.000 -99.000 -99.000 -99.000 -99.000 -9999.0 -9999.0 -9999.0 -9999.0 -9999.0
96404 20180201  2.514 -141.21   62.74   -27.7   -41.0   -34.4   -34.8     0.6     0.43 C   -32.3   -42.9   -39.2    78.4    66.2    70.0 -99.000 -99.000 -99.000 -99.000 -99.000 -9999.0 -9999.0 -9999.0 -9999.0 -9999.0
96404 20180202  2.514 -141.21   62.74   -30.7   -41.4   -36.0   -38.1     0.0     0.45 C   -33.8   -42.9   -40.7    72.4    65.6    67.8 -99.000 -99.000 -99.000 -99.000 -99.000 -9999.0 -9999.0 -9999.0 -9999.0 -9999.0
96404 20180203  2.514 -141.21   62.74   -30.8   -40.9   -35.9   -37.1     0.9     0.54 C   -33.8   -42.1   -39.9    77.6    65.8    68.2 -99.000 -99.000 -99.000 -99.000 -99.000 -9999.0 -9999.0 -9999.0 -9999.0 -9999.0
96404 20180204  2.514 -141.21   62.74   -29.4   -40.0   -34.7   -36.1     0.0     0.59 C   -30.8   -40.7   -37.7    72.7    66.3    68.7 -99.000 -99.000 -99.000 -99.000 -99.000 -9999.0 -9999.0 -9999.0 -9999.0 -9999.0
96404 20180205  2.514 -141.21   62.74   -27.5   -37.5   -32.5   -34.3     0.0     0.64 C   -30.0   -38.1   -36.2    74.3    67.6    69.8 -99.000 -99.000 -99.000 -99.000 -99.000 -9999.0 -9999.0 -9999.0 -9999.0 -9999.0
96404 20180206  2.514 -141.21   62.74   -26.5   -39.0   -32.7   -33.3     0.0     0.55 C   -30.6   -40.7   -35.4    75.0    67.3    70.7 -99.000 -99.000 -99.000 -99.000 -99.000 -9999.0 -9999.0 -9999.0 -9999.0 -9999.0
96404 20180207  2.514 -141.21   62.74   -26.8   -40.8   -33.8   -36.0     0.0     0.87 C   -31.3   -42.2   -39.5    74.8    66.1    69.2 -99.000 -99.000 -99.000 -99.000 -99.000 -9999.0 -9999.0 -9999.0 -9999.0 -9999.0
96404 20180208  2.514 -141.21   62.74   -23.8   -39.5   -31.7   -33.7     0.0     0.99 C   -26.9   -40.6   -36.8    77.1    66.6    70.5 -99.000 -99.000 -99.000 -99.000 -99.000 -9999.0 -9999.0 -9999.0 -9999.0 -9999.0
96404 20180209  2.514 -141.21   62.74   -22.5   -37.1   -29.8   -32.1     0.0     1.05 C   -27.4   -38.5   -35.1    81.7    67.8    71.4 -99.000 -99.000 -99.000 -99.000 -99.000 -9999.0 -9999.0 -9999.0 -9999.0 -9999.0
96404 20180210  2.514 -141.21   62.74   -20.6   -34.1   -27.4   -29.4     0.0     1.16 C   -23.7   -35.9   -32.9    83.6    68.9    72.9 -99.000 -99.000 -99.000 -99.000 -99.000 -9999.0 -9999.0 -9999.0 -9999.0 -9999.0
96404 20180211  2.514 -141.21   62.74   -14.7   -34.5   -24.6   -21.7     0.3     0.72 C   -13.7   -35.9   -22.5    81.9    70.6    76.0 -99.000 -99.000 -99.000 -99.000 -99.000 -9999.0 -9999.0 -9999.0 -9999.0 -9999.0
96404 20180212  2.514 -141.21   62.74    -6.5   -16.3   -11.4   -11.1     0.8     0.60 C    -7.4   -16.3   -11.3    88.5    70.4    79.6 -99.000 -99.000 -99.000 -99.000 -99.000 -9999.0 -9999.0 -9999.0 -9999.0 -9999.0
96404 20180213  2.514 -141.21   62.74    -3.0   -12.5    -7.8    -6.9     1.4     0.10 C    -5.0   -16.2    -8.6    89.8    71.8    82.7 -99.000 -99.000 -99.000 -99.000 -99.000 -9999.0 -9999.0 -9999.0 -9999.0 -9999.0
96404 20180214  2.514 -141.21   62.74    -5.5   -14.0    -9.8    -8.3     0.5     0.26 C    -6.5   -16.7    -9.8    92.6    75.4    84.8 -99.000 -99.000 -99.000 -99.000 -99.000 -9999.0 -9999.0 -9999.0 -9999.0 -9999.0
96404 20180215  2.514 -141.21   62.74    -4.5   -12.1    -8.3    -6.8     4.7     0.43 C    -5.3   -19.2    -8.6    91.4    67.6    84.0 -99.000 -99.000 -99.000 -99.000 -99.000 -9999.0 -9999.0 -9999.0 -9999.0 -9999.0
96404 20180216  2.514 -141.21   62.74    -7.1   -23.8   -15.4   -14.7     0.3     3.60 C   -11.1   -28.3   -18.9    89.8    71.7    81.4 -99.000 -99.000 -99.000 -99.000 -99.000 -9999.0 -9999.0 -9999.0 -9999.0 -9999.0
96404 20180217  2.514 -141.21   62.74    -6.6   -23.9   -15.3   -14.3     0.0     2.53 C    -6.2   -28.1   -16.9    90.4    75.7    82.9 -99.000 -99.000 -99.000 -99.000 -99.000 -9999.0 -9999.0 -9999.0 -9999.0 -9999.0
96404 20180218  2.514 -141.21   62.74    -7.2   -18.3   -12.8   -11.0     0.8     3.61 C   -10.8   -22.4   -14.6    89.9    65.6    79.7 -99.000 -99.000 -99.000 -99.000 -99.000 -9999.0 -9999.0 -9999.0 -9999.0 -9999.0
96404 20180219  2.514 -141.21   62.74    -2.5   -16.0    -9.3    -8.6     3.3     2.56 C    -3.7   -21.2   -12.4    93.3    74.8    86.4 -99.000 -99.000 -99.000 -99.000 -99.000 -9999.0 -9999.0 -9999.0 -9999.0 -9999.0
96404 20180220  2.514 -141.21   62.74    -2.6   -22.3   -12.5    -9.6     0.0     2.25 C    -5.0   -26.3   -13.2    92.0    72.7    84.6 -99.000 -99.000 -99.000 -99.000 -99.000 -9999.0 -9999.0 -9999.0 -9999.0 -9999.0
96404 20180221  2.514 -141.21   62.74    -6.6   -22.6   -14.6   -12.3     0.0     3.52 C    -9.0   -26.4   -17.0    91.7    73.1    81.7 -99.000 -99.000 -99.000 -99.000 -99.000 -9999.0 -9999.0 -9999.0 -9999.0 -9999.0
96404 20180222  2.514 -141.21   62.74    -6.3   -10.5    -8.4    -8.4     7.3     0.92 C    -7.1   -16.3   -10.4    89.5    59.0    77.7 -99.000 -99.000 -99.000 -99.000 -99.000 -9999.0 -9999.0 -9999.0 -9999.0 -9999.0
96404 20180223  2.514 -141.21   62.74    -7.8   -22.7   -15.2   -11.6     0.8     3.45 C    -8.6   -29.1   -15.5    90.4    60.4    76.0 -99.000 -99.000 -99.000 -99.000 -99.000 -9999.0 -9999.0 -9999.0 -9999.0 -9999.0
96404 20180224  2.514 -141.21   62.74   -10.1   -19.4   -14.7   -14.7     0.0     4.42 C   -11.1   -26.7   -17.6    85.1    60.0    78.1 -99.000 -99.000 -99.000 -99.000 -99.000 -9999.0 -9999.0 -9999.0 -9999.0 -9999.0
96404 20180225  2.514 -141.21   62.74   -12.5   -29.3   -20.9   -18.1     0.0     4.13 C   -13.3   -33.2   -22.5    84.2    59.8    73.8 -99.000 -99.000 -99.000 -99.000 -99.000 -9999.0 -9999.0 -9999.0 -9999.0 -9999.0
96404 20180226  2.514 -141.21   62.74    -7.7   -16.8   -12.3   -12.2     0.4     5.73 C   -11.2   -21.2   -15.0    79.2    46.7    63.5 -99.000 -99.000 -99.000 -99.000 -99.000 -9999.0 -9999.0 -9999.0 -9999.0 -9999.0
96404 20180227  2.514 -141.21   62.74   -10.5   -20.2   -15.3   -15.5     1.4     2.61 C   -11.5   -22.0   -16.7    83.3    58.7    76.7 -99.000 -99.000 -99.000 -99.000 -99.000 -9999.0 -9999.0 -9999.0 -9999.0 -9999.0
96404 20180228  2.514 -141.21   62.74   -15.0   -34.3   -24.6   -21.0     0.8     6.10 C   -17.1   -38.1   -24.5    82.9    51.9    69.3 -99.000 -99.000 -99.000 -99.000 -99.000 -9999.0 -9999.0 -9999.0 -9999.0 -9999.0
96404 20180301  2.514 -141.21   62.74   -14.9   -36.4   -25.7   -25.5     0.0     8.43 C   -18.5   -39.7   -31.3    79.9    47.9    67.2 -99.000 -99.000 -99.000 -99.000 -99.000 -9999.0 -9999.0 -9999.0 -9999.0 -9999.0
96404 20180302  2.514 -141.21   62.74   -13.7   -29.1   -21.4   -21.2     0.0     6.17 C   -14.4   -34.5   -24.0    79.2    40.3    63.8 -99.000 -99.000 -99.000 -99.000 -99.000 -9999.0 -9999.0 -9999.0 -9999.0 -9999.0
96404 20180303  2.514 -141.21   62.74   -10.8   -24.1   -17.5   -16.5     2.3     4.69 C   -10.4   -26.8   -17.2    85.3    42.1    67.2 -99.000 -99.000 -99.000 -99.000 -99.000 -9999.0 -9999.0 -9999.0 -9999.0 -9999.0
96404 20180304  2.514 -141.21   62.74    -5.7   -20.8   -13.2   -13.4     3.1     5.64 C    -5.6   -27.7   -17.5    88.5    59.1    79.1 -99.000 -99.000 -99.000 -99.000 -99.000 -9999.0 -9999.0 -9999.0 -9999.0 -9999.0
96404 20180305  2.514 -141.21   62.74    -6.6   -24.2   -15.4   -15.7     0.0     7.54 C   -10.5   -30.6   -21.4    87.1    45.6    73.4 -99.000 -99.000 -99.000 -99.000 -99.000 -9999.0 -9999.0 -9999.0 -9999.0 -9999.0
96404 20180306  2.514 -141.21   62.74    -5.7   -21.6   -13.7   -12.1     0.0     7.36 C    -8.9   -25.8   -15.3    86.9    49.4    69.8 -99.000 -99.000 -99.000 -99.000 -99.000 -9999.0 -9999.0 -9999.0 -9999.0 -9999.0
96404 20180307  2.514 -141.21   62.74    -4.2   -22.7   -13.5   -12.6     0.0     8.41 C    -8.5   -27.1   -18.0    86.8    42.1    67.0 -99.000 -99.000 -99.000 -99.000 -99.000 -9999.0 -9999.0 -9999.0 -9999.0 -9999.0
96404 20180308  2.514 -141.21   62.74    -4.2   -21.7   -13.0   -11.1     0.2     6.89 C    -8.1   -27.8   -16.8    86.8    45.3    64.2 -99.000 -99.000 -99.000 -99.000 -99.000 -9999.0 -9999.0 -9999.0 -9999.0 -9999.0
96404 20180309  2.514 -141.21   62.74    -4.2   -20.5   -12.4    -9.2     0.3     5.67 C    -8.2   -24.0   -13.6    86.9    57.4    69.3 -99.000 -99.000 -99.000 -99.000 -99.000 -9999.0 -9999.0 -9999.0 -9999.0 -9999.0
96404 20180310  2.514 -141.21   62.74     1.0   -16.7    -7.8    -7.3     0.3     7.30 C    -4.2   -23.1   -14.6    74.2    27.5    51.9 -99.000 -99.000 -99.000 -99.000 -99.000 -9999.0 -9999.0 -9999.0 -9999.0 -9999.0
96404 20180311  2.514 -141.21   62.74    -2.3   -19.0   -10.6   -10.3     0.0     4.39 C    -5.7   -23.0   -14.0    91.2    48.7    68.3 -99.000 -99.000 -99.000 -99.000 -99.000 -9999.0 -9999.0 -9999.0 -9999.0 -9999.0
96404 20180312  2.514 -141.21   62.74     4.3   -12.6    -4.1    -3.5     0.0     9.52 C    -2.5   -19.4   -10.5    81.2    20.7    52.4 -99.000 -99.000 -99.000 -99.000 -99.000 -9999.0 -9999.0 -9999.0 -9999.0 -9999.0
96404 20180313  2.514 -141.21   62.74     2.2   -17.4    -7.6    -6.7     0.0     7.50 C    -1.2   -20.4   -10.5    86.6    36.2    62.1 -99.000 -99.000 -99.000 -99.000 -99.000 -9999.0 -9999.0 -9999.0 -9999.0 -9999.0
96404 20180314  2.514 -141.21   62.74     0.1   -11.9    -5.9    -4.7     0.0     4.11 C    -1.6   -15.9    -7.1    94.0    51.2    76.2 -99.000 -99.000 -99.000 -99.000 -99.000 -9999.0 -9999.0 -9999.0 -9999.0 -9999.0
96404 20180315  2.514 -141.21   62.74     1.0   -13.6    -6.3    -6.2     0.0     9.03 C    -2.8   -17.1    -8.9    94.3    57.2    79.3 -99.000 -99.000 -99.000 -99.000 -99.000 -9999.0 -9999.0 -9999.0 -9999.0 -9999.0
96404 20180316  2.514 -141.21   62.74     6.3   -16.5    -5.1    -5.0     0.0    10.59 C    -0.9   -18.9    -9.9    93.1    42.3    73.5 -99.000 -99.000 -99.000 -99.000 -99.000 -9999.0 -9999.0 -9999.0 -9999.0 -9999.0
96404 20180317  2.514 -141.21   62.74     6.8   -12.5    -2.8    -3.2     0.0    10.01 C    -1.0   -16.4    -8.6    93.1    41.2    71.4 -99.000 -99.000 -99.000 -99.000 -99.000 -9999.0 -9999.0 -9999.0 -9999.0 -9999.0
96404 20180318  2.514 -141.21   62.74     4.1   -10.5    -3.2    -2.4     0.0     6.86 C    -0.3   -14.8    -6.0    92.2    44.9    71.7 -99.000 -99.000 -99.000 -99.000 -99.000 -9999.0 -9999.0 -9999.0 -9999.0 -9999.0
96404 20180319  2.514 -141.21   62.74     3.2    -8.0    -2.4    -3.7     7.3     4.73 C     0.0   -13.4    -6.3    94.0    49.7    83.6 -99.000 -99.000 -99.000 -99.000 -99.000 -9999.0 -9999.0 -9999.0 -9999.0 -9999.0
96404 20180320  2.514 -141.21   62.74    -3.9   -15.9    -9.9    -7.5     0.0     7.51 C    -5.6   -22.1   -11.2    87.1    46.8    68.3 -99.000 -99.000 -99.000 -99.000 -99.000 -9999.0 -9999.0 -9999.0 -9999.0 -9999.0
96404 20180321  2.514 -141.21   62.74    -6.0   -18.3   -12.1   -10.2     0.4     5.55 C    -7.2   -24.0   -13.2    90.9    44.8    65.9 -99.000 -99.000 -99.000 -99.000 -99.000 -9999.0 -9999.0 -9999.0 -9999.0 -9999.0
96404 20180322  2.514 -141.21   62.74    -6.5   -28.4   -17.5   -17.2     0.0    13.17 C    -9.6   -32.0   -22.7    84.2    41.0    65.3 -99.000 -99.000 -99.000 -99.000 -99.000 -9999.0 -9999.0 -9999.0 -9999.0 -9999.0
96404 20180323  2.514 -141.21   62.74    -4.4   -26.9   -15.7   -16.0     0.0    13.37 C    -8.3   -30.8   -21.8    85.0    35.7    63.0 -99.000 -99.000 -99.000 -99.000 -99.000 -9999.0 -9999.0 -9999.0 -9999.0 -9999.0
96404 20180324  2.514 -141.21   62.74    -5.6   -30.8   -18.2   -18.4     0.0    13.93 C   -10.0   -34.2   -23.9    78.1    21.9    55.7 -99.000 -99.000 -99.000 -99.000 -99.000 -9999.0 -9999.0 -9999.0 -9999.0 -9999.0
96404 20180325  2.514 -141.21   62.74    -5.2   -30.3   -17.8   -16.3     0.0    14.21 C    -9.7   -34.1   -23.4    78.1    26.2    49.4 -99.000 -99.000 -99.000 -99.000 -99.000 -9999.0 -9999.0 -9999.0 -9999.0 -9999.0
96404 20180326  2.514 -141.21   62.74    -4.6   -28.0   -16.3   -14.6     0.0    14.63 C    -8.9   -33.3   -22.3    78.9    23.3    46.1 -99.000 -99.000 -99.000 -99.000 -99.000 -9999.0 -9999.0 -9999.0 -9999.0 -9999.0
96404 20180327  2.514 -141.21   62.74    -2.4   -29.7   -16.1   -15.1     0.0    14.81 C    -7.2   -33.2   -21.1    78.7    23.6    51.0 -99.000 -99.000 -99.000 -99.000 -99.000 -9999.0 -9999.0 -9999.0 -9999.0 -9999.0
96404 20180328  2.514 -141.21   62.74     2.2   -21.2    -9.5    -8.3     0.0    14.68 C    -3.0   -26.6   -15.1    85.1    28.6    50.8 -99.000 -99.000 -99.000 -99.000 -99.000 -9999.0 -9999.0 -9999.0 -9999.0 -9999.0
96404 20180329  2.514 -141.21   62.74     1.3   -22.2   -10.4    -8.1     0.0    14.79 C    -2.4   -25.5   -11.9    87.5    36.8    60.9 -99.000 -99.000 -99.000 -99.000 -99.000 -9999.0 -9999.0 -9999.0 -9999.0 -9999.0
96404 20180330  2.514 -141.21   62.74     1.1   -18.8    -8.9    -8.0     0.0     9.56 C    -0.2   -23.1   -11.7    88.5    36.5    64.3 -99.000 -99.000 -99.000 -99.000 -99.000 -9999.0 -9999.0 -9999.0 -9999.0 -9999.0
96404 20180331  2.514 -141.21   62.74    -1.0   -15.4    -8.2    -8.0     0.0    12.19 C    -1.0   -19.9   -10.2    86.8    43.2    66.7 -99.000 -99.000 -99.000 -99.000 -99.000 -9999.0 -9999.0 -9999.0 -9999.0 -9999.0
96404 20180401  2.514 -141.21   62.74    -0.6   -15.6    -8.1    -7.4     2.9     5.09 C    -0.6   -21.9    -9.3    91.4    52.3    81.2 -99.000 -99.000 -99.000 -99.000 -99.000 -9999.0 -9999.0 -9999.0 -9999.0 -9999.0
96404 20180402  2.514 -141.21   62.74    -3.7   -21.2   -12.5   -10.5     0.5     9.84 C    -3.9   -28.6   -14.2    86.7    26.3    62.6 -99.000 -99.000 -99.000 -99.000 -99.000 -9999.0 -9999.0 -9999.0 -9999.0 -9999.0
96404 20180403  2.514 -141.21   62.74    -6.5   -31.0   -18.8   -16.7     0.0    15.78 C    -8.9   -34.5   -21.2    79.0    27.6    53.2 -99.000 -99.000 -99.000 -99.000 -99.000 -9999.0 -9999.0 -9999.0 -9999.0 -9999.0
96404 20180404  2.514 -141.21   62.74    -2.1   -27.4   -14.8   -13.3     0.0    16.00 C    -5.9   -30.5   -18.5    81.9    34.1    59.1 -99.000 -99.000 -99.000 -99.000 -99.000 -9999.0 -9999.0 -9999.0 -9999.0 -9999.0
96404 20180405  2.514 -141.21   62.74     0.4   -24.5   -12.1   -10.3     0.0    16.33 C    -4.0   -28.0   -16.2    83.1    29.0    53.6 -99.000 -99.000 -99.000 -99.000 -99.000 -9999.0 -9999.0 -9999.0 -9999.0 -9999.0
96404 20180406  2.514 -141.21   62.74     0.8   -19.5    -9.3    -9.2     0.0    11.89 C    -4.0   -24.2   -14.7    81.3    27.9    54.0 -99.000 -99.000 -99.000 -99.000 -99.000 -9999.0 -9999.0 -9999.0 -9999.0 -9999.0
96404 20180407  2.514 -141.21   62.74     2.8   -20.5    -8.8    -6.4     0.0    16.70 C    -2.0   -23.1   -10.4    85.7    30.9    55.6 -99.000 -99.000 -99.000 -99.000 -99.000 -9999.0 -9999.0 -9999.0 -9999.0 -9999.0
96404 20180408  2.514 -141.21   62.74     6.3   -13.7    -3.7    -2.0     0.0    16.02 C    -0.6   -17.8    -6.6    84.6    30.5    54.5 -99.000 -99.000 -99.000 -99.000 -99.000 -9999.0 -9999.0 -9999.0 -9999.0 -9999.0
96404 20180409  2.514 -141.21   62.74     9.0   -11.0    -1.0     0.4     0.0    16.72 C    -0.4   -14.0    -5.9    87.1    29.0    53.3 -99.000 -99.000 -99.000 -99.000 -99.000 -9999.0 -9999.0 -9999.0 -9999.0 -9999.0
96404 20180410  2.514 -141.21   62.74     8.3    -8.2     0.0     1.9     0.0     9.35 C    -0.2   -11.6    -3.9    83.6    40.6    59.4 -99.000 -99.000 -99.000 -99.000 -99.000 -9999.0 -9999.0 -9999.0 -9999.0 -9999.0
96404 20180411  2.514 -141.21   62.74     8.9    -0.8     4.1     4.6     0.0    11.15 C    -0.1    -4.2    -0.6    88.4    40.7    59.4 -99.000 -99.000 -99.000 -99.000 -99.000 -9999.0 -9999.0 -9999.0 -9999.0 -9999.0
96404 20180412  2.514 -141.21   62.74     9.4    -6.3     1.5     2.0     0.0    13.53 C    -0.1    -8.1    -3.2    96.4    40.4    71.1 -99.000 -99.000 -99.000 -99.000 -99.000 -9999.0 -9999.0 -9999.0 -9999.0 -9999.0
96404 20180413  2.514 -141.21   62.74     6.9    -7.6    -0.3     0.5     0.5    11.18 C    -0.1    -8.4    -2.5    97.3    46.8    78.1 -99.000 -99.000 -99.000 -99.000 -99.000 -9999.0 -9999.0 -9999.0 -9999.0 -9999.0
96404 20180414  2.514 -141.21   62.74     2.1    -5.1    -1.5    -0.5     2.1     8.97 C     0.1    -6.6    -1.6    97.6    56.7    78.6 -99.000 -99.000 -99.000 -99.000 -99.000 -9999.0 -9999.0 -9999.0 -9999.0 -9999.0
96404 20180415  2.514 -141.21   62.74     0.1   -13.8    -6.9    -6.2     0.0    19.68 C    -2.5   -16.0    -8.7    86.7    29.9    52.6 -99.000 -99.000 -99.000 -99.000 -99.000 -9999.0 -9999.0 -9999.0 -9999.0 -9999.0
96404 20180416  2.514 -141.21   62.74     3.4   -17.0    -6.8    -4.6     0.0    20.05 C    -1.4   -18.4    -9.3    80.6    18.5    40.7 -99.000 -99.000 -99.000 -99.000 -99.000 -9999.0 -9999.0 -9999.0 -9999.0 -9999.0
96404 20180417  2.514 -141.21   62.74     3.9   -12.3    -4.2    -3.0     0.0    20.39 C    -0.9   -16.2    -8.2    71.6    14.8    32.4 -99.000 -99.000 -99.000 -99.000 -99.000 -9999.0 -9999.0 -9999.0 -9999.0 -9999.0
96404 20180418  2.514 -141.21   62.74     6.4   -14.6    -4.1    -2.2     0.0    20.18 C    -0.3   -16.7    -7.3    78.1    22.0    43.6 -99.000 -99.000 -99.000 -99.000 -99.000 -9999.0 -9999.0 -9999.0 -9999.0 -9999.0
96404 20180419  2.514 -141.21   62.74     6.5   -12.9    -3.2    -1.2     0.0    18.38 C    -0.4   -14.1    -5.2    88.0    27.6    55.4 -99.000 -99.000 -99.000 -99.000 -99.000 -9999.0 -9999.0 -9999.0 -9999.0 -9999.0
96404 20180420  2.514 -141.21   62.74     8.0    -4.4     1.8     2.1     0.0    12.74 C    -0.1    -6.0    -2.3    82.6    24.0    48.8 -99.000 -99.000 -99.000 -99.000 -99.000 -9999.0 -9999.0 -9999.0 -9999.0 -9999.0
96404 20180421  2.514 -141.21   62.74     8.3    -6.7     0.8     1.3     0.2    17.71 C     0.1    -8.5    -3.5    86.6    27.3    54.2 -99.000 -99.000 -99.000 -99.000 -99.000 -9999.0 -9999.0 -9999.0 -9999.0 -9999.0
96404 20180422  2.514 -141.21   62.74     8.6    -6.2     1.2     2.1     0.0    16.28 C     0.3   -11.0    -3.3    86.2    21.2    47.6 -99.000 -99.000 -99.000 -99.000 -99.000 -9999.0 -9999.0 -9999.0 -9999.0 -9999.0
96404 20180423  2.514 -141.21   62.74    10.2    -3.7     3.2     3.3     0.0    13.43 C     1.4    -5.3    -1.4    86.2    31.8    56.7 -99.000 -99.000 -99.000 -99.000 -99.000 -9999.0 -9999.0 -9999.0 -9999.0 -9999.0
96404 20180424  2.514 -141.21   62.74     9.2    -4.8     2.2     4.5     0.0    10.16 C     1.7    -8.1    -1.9    88.6    28.8    48.3 -99.000 -99.000 -99.000 -99.000 -99.000 -9999.0 -9999.0 -9999.0 -9999.0 -9999.0
96404 20180425  2.514 -141.21   62.74    10.7    -3.8     3.4     4.8     0.0    21.99 C     7.7    -6.1     0.2    86.0    18.8    41.7 -99.000 -99.000 -99.000 -99.000 -99.000 -9999.0 -9999.0 -9999.0 -9999.0 -9999.0
96404 20180426  2.514 -141.21   62.74     7.8    -6.9     0.4     1.1     0.0    14.94 C    11.7    -5.0     0.7    85.9    23.1    50.4 -99.000 -99.000 -99.000 -99.000 -99.000 -9999.0 -9999.0 -9999.0 -9999.0 -9999.0
96404 20180427  2.514 -141.21   62.74     8.0    -8.9    -0.5     0.8     0.0    21.73 C    16.4    -6.5     2.7    89.5    15.8    48.5 -99.000 -99.000 -99.000 -99.000 -99.000 -9999.0 -9999.0 -9999.0 -9999.0 -9999.0
96404 20180428  2.514 -141.21   62.74     8.2    -8.5    -0.1     1.0     0.0    16.63 C    16.1    -5.2     3.0    88.4    16.7    48.1 -99.000 -99.000 -99.000 -99.000 -99.000 -9999.0 -9999.0 -9999.0 -9999.0 -9999.0
96404 20180429  2.514 -141.21   62.74     8.7    -3.4     2.6     3.4     0.0    10.73 C    13.3    -2.2     3.9    86.5    27.8    51.0 -99.000 -99.000 -99.000 -99.000 -99.000 -9999.0 -9999.0 -9999.0 -9999.0 -9999.0
96404 20180430  2.514 -141.21   62.74    12.4    -4.0     4.2     4.9     0.0    17.14 C    23.7    -2.3     6.3    91.1    23.5    52.2 -99.000 -99.000 -99.000 -99.000 -99.000 -9999.0 -9999.0 -9999.0 -9999.0 -9999.0
96404 20180501  2.514 -141.21   62.74    11.7    -2.9     4.4     3.2     2.4    12.09 C    21.6    -2.1     4.9    95.8    34.2    66.1 -99.000 -99.000 -99.000 -99.000 -99.000 -9999.0 -9999.0 -9999.0 -9999.0 -9999.0
96404 20180502  2.514 -141.21   62.74     6.4    -5.5     0.5     0.5     0.0    18.02 C    20.9    -3.8     4.1    92.2    32.1    59.0 -99.000 -99.000 -99.000 -99.000 -99.000 -9999.0 -9999.0 -9999.0 -9999.0 -9999.0
96404 20180503  2.514 -141.21   62.74     8.0    -7.9     0.1     1.2     0.0    15.51 C    20.4    -4.8     3.4    82.1    27.2    49.9 -99.000 -99.000 -99.000 -99.000 -99.000 -9999.0 -9999.0 -9999.0 -9999.0 -9999.0
96404 20180504  2.514 -141.21   62.74    14.0    -0.3     6.9     6.4     0.0     9.45 C    20.1    -1.7     4.0    68.6    26.4    42.6 -99.000 -99.000 -99.000 -99.000 -99.000 -9999.0 -9999.0 -9999.0 -9999.0 -9999.0
96404 20180505  2.514 -141.21   62.74    13.5    -4.6     4.5     5.8     0.0    16.53 C    23.7    -3.2     6.4    92.7    27.7    54.8 -99.000 -99.000 -99.000 -99.000 -99.000 -9999.0 -9999.0 -9999.0 -9999.0 -9999.0
96404 20180506  2.514 -141.21   62.74    12.4    -6.9     2.8     4.2     0.0    21.53 C    24.1    -4.8     6.6    92.7    15.4    43.1 -99.000 -99.000 -99.000 -99.000 -99.000 -9999.0 -9999.0 -9999.0 -9999.0 -9999.0
96404 20180507  2.514 -141.21   62.74    11.0    -3.0     4.0     4.4     0.0    20.53 C    24.4    -2.8     7.5    71.6    24.9    45.4 -99.000 -99.000 -99.000 -99.000 -99.000 -9999.0 -9999.0 -9999.0 -9999.0 -9999.0
96404 20180508  2.514 -141.21   62.74    16.9    -6.8     5.0     7.1     0.0    23.87 C    26.4    -4.3     8.8    85.5    18.4    43.2 -99.000 -99.000 -99.000 -99.000 -99.000 -9999.0 -9999.0 -9999.0 -9999.0 -9999.0
96404 20180509  2.514 -141.21   62.74    20.8    -3.8     8.5     9.7     0.0    21.22 C    28.7    -2.7    10.3    87.5    21.4    47.9 -99.000 -99.000 -99.000 -99.000 -99.000 -9999.0 -9999.0 -9999.0 -9999.0 -9999.0
96404 20180510  2.514 -141.21   62.74    22.0    -1.0    10.5    12.0     0.0    17.05 C    31.9    -1.8    10.6    81.3    22.3    43.5 -99.000 -99.000 -99.000 -99.000 -99.000 -9999.0 -9999.0 -9999.0 -9999.0 -9999.0
96404 20180511  2.514 -141.21   62.74    17.6     0.1     8.8    11.3     0.0    23.33 C    26.4    -1.9    10.9    70.6    15.5    31.5 -99.000 -99.000 -99.000 -99.000 -99.000 -9999.0 -9999.0 -9999.0 -9999.0 -9999.0
96404 20180512  2.514 -141.21   62.74    13.1    -5.1     4.0     5.0     0.0    20.55 C    28.2    -3.8     7.5    78.9    20.6    42.8 -99.000 -99.000 -99.000 -99.000 -99.000 -9999.0 -9999.0 -9999.0 -9999.0 -9999.0
96404 20180513  2.514 -141.21   62.74    13.1    -5.8     3.7     5.0     3.4    14.53 C    23.4    -3.5     7.4    95.8    24.0    58.0 -99.000 -99.000 -99.000 -99.000 -99.000 -9999.0 -9999.0 -9999.0 -9999.0 -9999.0
96404 20180514  2.514 -141.21   62.74    10.7     1.6     6.2     5.8     8.3    12.98 C    17.1     0.4     7.4    96.6    39.5    71.2 -99.000 -99.000 -99.000 -99.000 -99.000 -9999.0 -9999.0 -9999.0 -9999.0 -9999.0
96404 20180515  2.514 -141.21   62.74    13.7    -1.4     6.2     6.1     0.0    14.92 C    24.9    -1.4     7.4    91.1    26.1    57.5 -99.000 -99.000 -99.000 -99.000 -99.000 -9999.0 -9999.0 -9999.0 -9999.0 -9999.0
96404 20180516  2.514 -141.21   62.74    16.5    -3.9     6.3     7.4     0.0    23.25 C    28.0    -2.4    10.0    91.2    21.8    49.9 -99.000 -99.000 -99.000 -99.000 -99.000 -9999.0 -9999.0 -9999.0 -9999.0 -9999.0
96404 20180517  2.514 -141.21   62.74    19.3    -2.7     8.3     9.5     0.0    22.81 C    29.6    -1.7    12.1    86.5    22.8    49.8 -99.000 -99.000 -99.000 -99.000 -99.000 -9999.0 -9999.0 -9999.0 -9999.0 -9999.0
96404 20180518  2.514 -141.21   62.74    20.1    -0.5     9.8    10.2     0.0    15.85 C    31.3    -1.6    11.1    90.9    23.8    54.1 -99.000 -99.000 -99.000 -99.000 -99.000 -9999.0 -9999.0 -9999.0 -9999.0 -9999.0
96404 20180519  2.514 -141.21   62.74    21.2    -1.9     9.6    11.6     0.0    19.56 C    32.4    -2.0    12.2    95.5    21.5    48.3 -99.000 -99.000 -99.000 -99.000 -99.000 -9999.0 -9999.0 -9999.0 -9999.0 -9999.0
96404 20180520  2.514 -141.21   62.74    18.0    -1.6     8.2     9.6     2.1    14.50 C    29.3    -2.2     9.8    96.4    25.2    56.9 -99.000 -99.000 -99.000 -99.000 -99.000 -9999.0 -9999.0 -9999.0 -9999.0 -9999.0
96404 20180521  2.514 -141.21   62.74    18.0     0.6     9.3    10.3     0.0    16.86 C    32.4    -0.2    11.5    96.7    23.4    55.9 -99.000 -99.000 -99.000 -99.000 -99.000 -9999.0 -9999.0 -9999.0 -9999.0 -9999.0
96404 20180522  2.514 -141.21   62.74    10.6     3.9     7.2     6.7     6.5    12.02 C    21.1     3.3     9.0    95.7    50.2    77.1 -99.000 -99.000 -99.000 -99.000 -99.000 -9999.0 -9999.0 -9999.0 -9999.0 -9999.0
96404 20180523  2.514 -141.21   62.74    13.6     3.4     8.5     7.6     1.0    16.84 C    29.1     2.4    11.4    95.6    43.2    74.5 -99.000 -99.000 -99.000 -99.000 -99.000 -9999.0 -9999.0 -9999.0 -9999.0 -9999.0
96404 20180524  2.514 -141.21   62.74    13.1    -3.0     5.1     5.7     0.6     8.74 C    18.2    -2.3     6.3    96.7    33.1    69.5 -99.000 -99.000 -99.000 -99.000 -99.000 -9999.0 -9999.0 -9999.0 -9999.0 -9999.0
96404 20180525  2.514 -141.21   62.74    14.5    -4.5     5.0     6.9     0.0    20.66 C    29.3    -3.3     9.2    94.6    24.3    53.9 -99.000 -99.000 -99.000 -99.000 -99.000 -9999.0 -9999.0 -9999.0 -9999.0 -9999.0
96404 20180526  2.514 -141.21   62.74    17.0    -1.7     7.7     9.0     0.5    18.15 C    32.6    -2.0    10.9    87.8    31.6    57.8 -99.000 -99.000 -99.000 -99.000 -99.000 -9999.0 -9999.0 -9999.0 -9999.0 -9999.0
96404 20180527  2.514 -141.21   62.74    14.0    -0.8     6.6     5.9     6.7     9.75 C    30.3    -0.7     8.2    97.0    44.5    83.5 -99.000 -99.000 -99.000 -99.000 -99.000 -9999.0 -9999.0 -9999.0 -9999.0 -9999.0
96404 20180528  2.514 -141.21   62.74    15.1     3.1     9.1     8.3     5.1    16.49 C    27.7     1.4    10.9    97.1    37.0    73.4 -99.000 -99.000 -99.000 -99.000 -99.000 -9999.0 -9999.0 -9999.0 -9999.0 -9999.0
96404 20180529  2.514 -141.21   62.74    15.3     1.3     8.3     8.7     1.6    17.10 C    28.5    -0.4    11.1    93.2    33.6    66.9 -99.000 -99.000 -99.000 -99.000 -99.000 -9999.0 -9999.0 -9999.0 -9999.0 -9999.0
96404 20180530  2.514 -141.21   62.74    14.7     0.1     7.4     7.3     2.7    14.35 C    29.7    -0.9     9.7    95.0    38.6    75.9 -99.000 -99.000 -99.000 -99.000 -99.000 -9999.0 -9999.0 -9999.0 -9999.0 -9999.0
96404 20180531  2.514 -141.21   62.74    16.0    -2.2     6.9     8.1     0.0    19.83 C    32.0    -1.6    10.9    96.5    30.9    62.9 -99.000 -99.000 -99.000 -99.000 -99.000 -9999.0 -9999.0 -9999.0 -9999.0 -9999.0
96404 20180601  2.514 -141.21   62.74    17.5    -3.4     7.0     7.7     5.4    18.33 C    34.5    -2.3    11.1    95.4    36.6    74.3 -99.000 -99.000 -99.000 -99.000 -99.000 -9999.0 -9999.0 -9999.0 -9999.0 -9999.0
96404 20180602  2.514 -141.21   62.74    17.4     1.9     9.7     9.8     0.4    16.02 C    31.0     0.6    12.3    96.6    40.5    72.2 -99.000 -99.000 -99.000 -99.000 -99.000 -9999.0 -9999.0 -9999.0 -9999.0 -9999.0
96404 20180603  2.514 -141.21   62.74    17.7     2.6    10.2    10.3     0.3    13.91 C    29.7     0.3    11.9    94.0    37.6    69.7 -99.000 -99.000 -99.000 -99.000 -99.000 -9999.0 -9999.0 -9999.0 -9999.0 -9999.0
96404 20180604  2.514 -141.21   62.74    20.5     2.4    11.5    11.5     1.4    21.51 C    32.9     2.0    14.9    95.4    27.1    65.2 -99.000 -99.000 -99.000 -99.000 -99.000 -9999.0 -9999.0 -9999.0 -9999.0 -9999.0
96404 20180605  2.514 -141.21   62.74    20.0     0.7    10.4    11.9     0.7    17.47 C    36.2    -0.5    13.4    94.8    34.4    63.2 -99.000 -99.000 -99.000 -99.000 -99.000 -9999.0 -9999.0 -9999.0 -9999.0 -9999.0
96404 20180606  2.514 -141.21   62.74    19.6     1.4    10.5    11.5     0.0    20.99 C    38.1     0.7    14.5    95.3    32.5    62.8 -99.000 -99.000 -99.000 -99.000 -99.000 -9999.0 -9999.0 -9999.0 -9999.0 -9999.0
96404 20180607  2.514 -141.21   62.74    20.0     2.1    11.0    10.7     0.4    15.19 C    37.0     0.1    12.4    95.1    34.4    66.7 -99.000 -99.000 -99.000 -99.000 -99.000 -9999.0 -9999.0 -9999.0 -9999.0 -9999.0
96404 20180608  2.514 -141.21   62.74    15.6    -2.0     6.8     8.7     1.0    13.33 C    30.7    -2.1    10.8    97.3    42.7    74.7 -99.000 -99.000 -99.000 -99.000 -99.000 -9999.0 -9999.0 -9999.0 -9999.0 -9999.0
96404 20180609  2.514 -141.21   62.74    18.2     1.7    10.0    11.1     6.0    19.00 C    31.7     0.7    13.3    96.1    33.0    70.0 -99.000 -99.000 -99.000 -99.000 -99.000 -9999.0 -9999.0 -9999.0 -9999.0 -9999.0
96404 20180610  2.514 -141.21   62.74    17.2    -0.3     8.5     8.7     6.2    12.15 C    29.5    -0.9    11.2    96.3    48.4    80.0 -99.000 -99.000 -99.000 -99.000 -99.000 -9999.0 -9999.0 -9999.0 -9999.0 -9999.0
96404 20180611  2.514 -141.21   62.74     9.5    -0.6     4.5     6.0     1.8     6.76 C    16.0    -1.0     7.9    96.0    67.5    85.6 -99.000 -99.000 -99.000 -99.000 -99.000 -9999.0 -9999.0 -9999.0 -9999.0 -9999.0
96404 20180612  2.514 -141.21   62.74    15.0    -1.2     6.9     8.5     1.9    20.85 C    29.4    -1.0    12.2    96.3    30.5    64.1 -99.000 -99.000 -99.000 -99.000 -99.000 -9999.0 -9999.0 -9999.0 -9999.0 -9999.0
96404 20180613  2.514 -141.21   62.74    14.2     2.6     8.4     9.1     0.0    11.93 C    21.5     2.9    11.0    93.5    34.4    58.9 -99.000 -99.000 -99.000 -99.000 -99.000 -9999.0 -9999.0 -9999.0 -9999.0 -9999.0
96404 20180614  2.514 -141.21   62.74    20.6     2.3    11.4    12.7     0.0    20.37 C    35.9    -0.8    13.9    84.4    22.8    46.6 -99.000 -99.000 -99.000 -99.000 -99.000 -9999.0 -9999.0 -9999.0 -9999.0 -9999.0
96404 20180615  2.514 -141.21   62.74    21.9     2.7    12.3    14.0     0.0    14.95 C    27.7    -1.4    13.0    76.8    19.5    42.2 -99.000 -99.000 -99.000 -99.000 -99.000 -9999.0 -9999.0 -9999.0 -9999.0 -9999.0
96404 20180616  2.514 -141.21   62.74    25.3     1.5    13.4    14.9     0.0    19.95 C    39.9    -0.1    16.8    87.7    17.1    50.4 -99.000 -99.000 -99.000 -99.000 -99.000 -9999.0 -9999.0 -9999.0 -9999.0 -9999.0
96404 20180617  2.514 -141.21   62.74    24.3     2.7    13.5    15.4     0.0    22.46 C    41.8     0.2    18.0    85.5    19.1    45.5 -99.000 -99.000 -99.000 -99.000 -99.000 -9999.0 -9999.0 -9999.0 -9999.0 -9999.0
96404 20180618  2.514 -141.21   62.74    25.7     6.3    16.0    16.2     0.0     9.67 C    29.3     4.4    14.3    75.6    23.7    44.8 -99.000 -99.000 -99.000 -99.000 -99.000 -9999.0 -9999.0 -9999.0 -9999.0 -9999.0
96404 20180619  2.514 -141.21   62.74    23.5     4.9    14.2    16.4     0.0    21.57 C    44.3     2.0    19.2    82.3    31.3    48.5 -99.000 -99.000 -99.000 -99.000 -99.000 -9999.0 -9999.0 -9999.0 -9999.0 -9999.0
96404 20180620  2.514 -141.21   62.74    25.9     2.0    13.9    17.2     0.0    22.75 C    43.8    -0.3    19.5    91.9    26.5    50.5 -99.000 -99.000 -99.000 -99.000 -99.000 -9999.0 -9999.0 -9999.0 -9999.0 -9999.0
96404 20180621  2.514 -141.21   62.74    28.2     8.6    18.4    18.7     0.0    18.61 C    43.6     5.1    20.6    86.6    22.6    51.0 -99.000 -99.000 -99.000 -99.000 -99.000 -9999.0 -9999.0 -9999.0 -9999.0 -9999.0
96404 20180622  2.514 -141.21   62.74    22.4     3.9    13.2    16.0     0.7    27.19 C    46.4     1.5    21.3    92.5    25.2    51.0 -99.000 -99.000 -99.000 -99.000 -99.000 -9999.0 -9999.0 -9999.0 -9999.0 -9999.0
96404 20180623  2.514 -141.21   62.74    14.6     2.1     8.4    10.9     3.4    10.48 C    24.3     0.5    12.6    92.0    61.4    79.0 -99.000 -99.000 -99.000 -99.000 -99.000 -9999.0 -9999.0 -9999.0 -9999.0 -9999.0
96404 20180624  2.514 -141.21   62.74    15.9     8.9    12.4    10.8    22.5     7.14 C    28.7     8.6    12.7    96.6    69.7    91.6 -99.000 -99.000 -99.000 -99.000 -99.000 -9999.0 -9999.0 -9999.0 -9999.0 -9999.0
96404 20180625  2.514 -141.21   62.74    17.4     7.0    12.2    11.6     8.7    15.59 C    27.8     6.6    14.4    97.1    52.5    83.3 -99.000 -99.000 -99.000 -99.000 -99.000 -9999.0 -9999.0 -9999.0 -9999.0 -9999.0
96404 20180626  2.514 -141.21   62.74    16.9     6.2    11.5    11.3     4.2     9.59 C    24.0     5.7    13.1    96.6    49.2    79.9 -99.000 -99.000 -99.000 -99.000 -99.000 -9999.0 -9999.0 -9999.0 -9999.0 -9999.0
96404 20180627  2.514 -141.21   62.74    20.4     2.5    11.5    12.9     2.1    19.37 C    31.4     1.2    14.7    95.6    31.3    65.7 -99.000 -99.000 -99.000 -99.000 -99.000 -9999.0 -9999.0 -9999.0 -9999.0 -9999.0
96404 20180628  2.514 -141.21   62.74    21.5    -0.5    10.5    12.7     2.2    25.42 C    35.5    -0.9    15.7    96.3    28.4    59.9 -99.000 -99.000 -99.000 -99.000 -99.000 -9999.0 -9999.0 -9999.0 -9999.0 -9999.0
96404 20180629  2.514 -141.21   62.74    20.7     8.3    14.5    13.2    10.9    18.61 C    31.5     8.3    16.8    96.6    38.1    72.7 -99.000 -99.000 -99.000 -99.000 -99.000 -9999.0 -9999.0 -9999.0 -9999.0 -9999.0
96404 20180630  2.514 -141.21   62.74    12.9     8.5    10.7    10.5    17.0     5.02 C    16.4     8.7    11.9    96.9    83.6    93.0 -99.000 -99.000 -99.000 -99.000 -99.000 -9999.0 -9999.0 -9999.0 -9999.0 -9999.0
96404 20180701  2.514 -141.21   62.74    20.5     5.8    13.2    13.6     3.7    17.63 C    31.4     4.6    15.6    96.6    47.9    78.5 -99.000 -99.000 -99.000 -99.000 -99.000 -9999.0 -9999.0 -9999.0 -9999.0 -9999.0
96404 20180702  2.514 -141.21   62.74    21.0     3.1    12.1    14.2     0.0    18.75 C    31.0     2.9    15.4    96.6    38.5    65.6 -99.000 -99.000 -99.000 -99.000 -99.000 -9999.0 -9999.0 -9999.0 -9999.0 -9999.0
96404 20180703  2.514 -141.21   62.74    24.7     2.7    13.7    16.1     0.0    25.74 C    34.4     1.9    17.6    96.9    20.7    55.7 -99.000 -99.000 -99.000 -99.000 -99.000 -9999.0 -9999.0 -9999.0 -9999.0 -9999.0
96404 20180704  2.514 -141.21   62.74    26.7     3.6    15.1    17.1     0.0    25.62 C    36.9     2.9    19.1    92.8    21.2    51.4 -99.000 -99.000 -99.000 -99.000 -99.000 -9999.0 -9999.0 -9999.0 -9999.0 -9999.0
96404 20180705  2.514 -141.21   62.74    24.1     5.8    15.0    15.6     1.1    17.00 C    37.6     5.4    17.7    93.9    29.7    60.5 -99.000 -99.000 -99.000 -99.000 -99.000 -9999.0 -9999.0 -9999.0 -9999.0 -9999.0
96404 20180706  2.514 -141.21   62.74    21.4     6.2    13.8    14.8     0.0    15.11 C    30.9     5.3    16.1    96.6    39.1    67.7 -99.000 -99.000 -99.000 -99.000 -99.000 -9999.0 -9999.0 -9999.0 -9999.0 -9999.0
96404 20180707  2.514 -141.21   62.74    25.7     7.9    16.8    17.6     0.0    19.45 C    34.3     6.4    19.0    90.5    29.7    56.9 -99.000 -99.000 -99.000 -99.000 -99.000 -9999.0 -9999.0 -9999.0 -9999.0 -9999.0
96404 20180708  2.514 -141.21   62.74    25.5     6.5    16.0    17.7     0.0    22.13 C    40.0     3.2    18.6    83.7    18.1    40.4 -99.000 -99.000 -99.000 -99.000 -99.000 -9999.0 -9999.0 -9999.0 -9999.0 -9999.0
96404 20180709  2.514 -141.21   62.74    21.3    11.0    16.1    16.2     0.0    10.32 C    28.2     8.1    15.4    61.3    28.2    41.4 -99.000 -99.000 -99.000 -99.000 -99.000 -9999.0 -9999.0 -9999.0 -9999.0 -9999.0
96404 20180710  2.514 -141.21   62.74    21.9     7.1    14.5    14.5     0.0    14.11 C    39.1     5.2    15.7    77.8    26.9    49.2 -99.000 -99.000 -99.000 -99.000 -99.000 -9999.0 -9999.0 -9999.0 -9999.0 -9999.0
96404 20180711  2.514 -141.21   62.74    19.8     2.4    11.1    11.9     3.7    17.81 C    38.6     1.0    14.6    95.4    26.2    56.3 -99.000 -99.000 -99.000 -99.000 -99.000 -9999.0 -9999.0 -9999.0 -9999.0 -9999.0
96404 20180712  2.514 -141.21   62.74    12.3     2.3     7.3     8.7     4.1     6.75 C    18.8     1.0     9.8    97.2    71.3    87.5 -99.000 -99.000 -99.000 -99.000 -99.000 -9999.0 -9999.0 -9999.0 -9999.0 -9999.0
96404 20180713  2.514 -141.21   62.74    23.0     7.6    15.3    15.1     0.0    25.12 C    35.8     5.4    18.0    95.3    28.5    57.8 -99.000 -99.000 -99.000 -99.000 -99.000 -9999.0 -9999.0 -9999.0 -9999.0 -9999.0
96404 20180714  2.514 -141.21   62.74    17.1     3.5    10.3    11.8     0.0    13.57 C    28.5     2.2    13.5    89.0    34.8    56.9 -99.000 -99.000 -99.000 -99.000 -99.000 -9999.0 -9999.0 -9999.0 -9999.0 -9999.0
96404 20180715  2.514 -141.21   62.74    15.0     1.1     8.0     9.8     5.9     9.62 C    24.7    -0.9    11.3    96.0    54.0    80.3 -99.000 -99.000 -99.000 -99.000 -99.000 -9999.0 -9999.0 -9999.0 -9999.0 -9999.0
96404 20180716  2.514 -141.21   62.74    19.3     7.2    13.2    12.2     5.1    17.36 C    31.5     7.3    15.0    97.1    38.7    72.0 -99.000 -99.000 -99.000 -99.000 -99.000 -9999.0 -9999.0 -9999.0 -9999.0 -9999.0
96404 20180717  2.514 -141.21   62.74    15.8     2.4     9.1    10.7     0.9    15.14 C    27.9     1.9    13.7    95.0    46.7    73.5 -99.000 -99.000 -99.000 -99.000 -99.000 -9999.0 -9999.0 -9999.0 -9999.0 -9999.0
96404 20180718  2.514 -141.21   62.74    20.6    -1.8     9.4    11.2     0.0    25.98 C    36.2    -2.3    15.4    97.4    28.1    59.3 -99.000 -99.000 -99.000 -99.000 -99.000 -9999.0 -9999.0 -9999.0 -9999.0 -9999.0
96404 20180719  2.514 -141.21   62.74    24.0     3.0    13.5    15.3     0.0    19.99 C    43.5     0.4    18.2    92.2    27.0    53.5 -99.000 -99.000 -99.000 -99.000 -99.000 -9999.0 -9999.0 -9999.0 -9999.0 -9999.0
96404 20180720  2.514 -141.21   62.74    25.4     6.9    16.1    16.9     0.0    21.53 C    42.3     4.7    20.2    89.2    28.6    56.1 -99.000 -99.000 -99.000 -99.000 -99.000 -9999.0 -9999.0 -9999.0 -9999.0 -9999.0
96404 20180721  2.514 -141.21   62.74 -9999.0 -9999.0 -9999.0 -9999.0 -9999.0 -9999.00 U -9999.0 -9999.0 -9999.0 -9999.0 -9999.0 -9999.0 -99.000 -99.000 -99.000 -99.000 -99.000 -9999.0 -9999.0 -9999.0 -9999.0 -9999.0
96404 20180722  2.514 -141.21   62.74    30.7    10.0    20.3    21.2     0.0    23.52 C    47.2     5.3    23.3    75.3    19.7    41.6 -99.000 -99.000 -99.000 -99.000 -99.000 -9999.0 -9999.0 -9999.0 -9999.0 -9999.0
96404 20180723  2.514 -141.21   62.74    30.9     6.9    18.9    20.3     0.0    22.90 C    47.2     3.5    22.8    73.6    16.1    39.4 -99.000 -99.000 -99.000 -99.000 -99.000 -9999.0 -9999.0 -9999.0 -9999.0 -9999.0
96404 20180724  2.514 -141.21   62.74    30.9     6.4    18.6    20.2     0.0    24.05 C    47.6     3.5    24.0    84.5    17.1    43.2 -99.000 -99.000 -99.000 -99.000 -99.000 -9999.0 -9999.0 -9999.0 -9999.0 -9999.0
96404 20180725  2.514 -141.21   62.74    28.8     7.5    18.1    19.4     0.0    19.50 C    46.0     5.1    22.4    86.3    22.3    49.0 -99.000 -99.000 -99.000 -99.000 -99.000 -9999.0 -9999.0 -9999.0 -9999.0 -9999.0
96404 20180726  2.514 -141.21   62.74    27.5     8.1    17.8    18.6     0.0    17.63 C    46.7     5.6    22.1    84.6    28.8    54.2 -99.000 -99.000 -99.000 -99.000 -99.000 -9999.0 -9999.0 -9999.0 -9999.0 -9999.0
96404 20180727  2.514 -141.21   62.74    25.4     9.5    17.5    17.5     0.0    13.90 C    43.5     7.3    20.0    85.3    32.8    58.0 -99.000 -99.000 -99.000 -99.000 -99.000 -9999.0 -9999.0 -9999.0 -9999.0 -9999.0
96404 20180728  2.514 -141.21   62.74    24.0    10.8    17.4    17.1     0.0    18.22 C    46.7     9.6    22.1    85.6    32.6    58.7 -99.000 -99.000 -99.000 -99.000 -99.000 -9999.0 -9999.0 -9999.0 -9999.0 -9999.0
96404 20180729  2.514 -141.21   62.74    27.7     5.1    16.4    17.5     0.0    22.80 C    46.4     3.3    22.1    94.7    25.1    55.3 -99.000 -99.000 -99.000 -99.000 -99.000 -9999.0 -9999.0 -9999.0 -9999.0 -9999.0
96404 20180730  2.514 -141.21   62.74    27.8     5.1    16.4    18.4     0.0    21.35 C    46.1     3.0    22.1    95.4    23.5    54.5 -99.000 -99.000 -99.000 -99.000 -99.000 -9999.0 -9999.0 -9999.0 -9999.0 -9999.0
96404 20180731  2.514 -141.21   62.74    26.6     7.6    17.1    17.7     0.0    17.48 C    46.6     5.3    20.3    87.6    28.8    55.0 -99.000 -99.000 -99.000 -99.000 -99.000 -9999.0 -9999.0 -9999.0 -9999.0 -9999.0
96404 20180801  2.514 -141.21   62.74    28.9     6.2    17.5    18.9     0.0    19.26 C    47.4     3.6    21.9    89.3    24.7    54.6 -99.000 -99.000 -99.000 -99.000 -99.000 -9999.0 -9999.0 -9999.0 -9999.0 -9999.0
96404 20180802  2.514 -141.21   62.74    22.5     7.0    14.8    15.9     0.0    14.10 C    37.5     4.5    19.4    96.2    35.2    63.0 -99.000 -99.000 -99.000 -99.000 -99.000 -9999.0 -9999.0 -9999.0 -9999.0 -9999.0
96404 20180803  2.514 -141.21   62.74    21.0     6.7    13.9    14.4     2.1    12.17 C    40.6     4.8    18.1    94.9    43.5    69.8 -99.000 -99.000 -99.000 -99.000 -99.000 -9999.0 -9999.0 -9999.0 -9999.0 -9999.0
96404 20180804  2.514 -141.21   62.74    16.0    11.3    13.7    13.4     8.5     4.95 C    20.7     9.8    14.6    96.9    84.0    92.3 -99.000 -99.000 -99.000 -99.000 -99.000 -9999.0 -9999.0 -9999.0 -9999.0 -9999.0
96404 20180805  2.514 -141.21   62.74    18.0    11.1    14.6    14.5     0.7     8.60 C    24.3     7.4    15.5    96.9    64.7    83.7 -99.000 -99.000 -99.000 -99.000 -99.000 -9999.0 -9999.0 -9999.0 -9999.0 -9999.0
96404 20180806  2.514 -141.21   62.74    15.3     9.8    12.5    12.7    25.0     4.33 C    20.7    10.0    13.7    96.9    79.7    92.3 -99.000 -99.000 -99.000 -99.000 -99.000 -9999.0 -9999.0 -9999.0 -9999.0 -9999.0
96404 20180807  2.514 -141.21   62.74    16.0     8.6    12.3    11.9    22.5     6.61 C    22.1     8.2    13.7    97.2    68.3    89.6 -99.000 -99.000 -99.000 -99.000 -99.000 -9999.0 -9999.0 -9999.0 -9999.0 -9999.0
96404 20180808  2.514 -141.21   62.74    11.4     6.2     8.8     9.0     3.4     6.93 C    18.1     6.9    11.5    96.5    66.1    86.2 -99.000 -99.000 -99.000 -99.000 -99.000 -9999.0 -9999.0 -9999.0 -9999.0 -9999.0
96404 20180809  2.514 -141.21   62.74    13.2     4.6     8.9     8.9     0.0     9.75 C    20.8     5.3    11.1    96.1    48.8    73.5 -99.000 -99.000 -99.000 -99.000 -99.000 -9999.0 -9999.0 -9999.0 -9999.0 -9999.0
96404 20180810  2.514 -141.21   62.74    18.0     3.6    10.8     9.8     0.0    15.20 C    29.2     3.5    12.4    94.1    35.1    66.5 -99.000 -99.000 -99.000 -99.000 -99.000 -9999.0 -9999.0 -9999.0 -9999.0 -9999.0
96404 20180811  2.514 -141.21   62.74    20.6     5.5    13.0    13.0     0.0    16.34 C    34.0     3.1    15.2    87.8    32.0    60.3 -99.000 -99.000 -99.000 -99.000 -99.000 -9999.0 -9999.0 -9999.0 -9999.0 -9999.0
96404 20180812  2.514 -141.21   62.74    22.6     5.4    14.0    13.4     0.4     8.46 C    28.2     5.2    13.2    90.2    42.1    70.3 -99.000 -99.000 -99.000 -99.000 -99.000 -9999.0 -9999.0 -9999.0 -9999.0 -9999.0
96404 20180813  2.514 -141.21   62.74    23.6     5.0    14.3    14.9     1.1    14.07 C    38.6     5.0    15.9    88.0    21.9    58.9 -99.000 -99.000 -99.000 -99.000 -99.000 -9999.0 -9999.0 -9999.0 -9999.0 -9999.0
96404 20180814  2.514 -141.21   62.74    18.2     3.7    10.9    10.8     0.0    12.76 C    35.3     2.6    12.9    93.0    40.5    69.3 -99.000 -99.000 -99.000 -99.000 -99.000 -9999.0 -9999.0 -9999.0 -9999.0 -9999.0
96404 20180815  2.514 -141.21   62.74    16.9     5.3    11.1    10.3     0.0     8.47 C    29.4     4.0    11.9    93.6    44.2    73.7 -99.000 -99.000 -99.000 -99.000 -99.000 -9999.0 -9999.0 -9999.0 -9999.0 -9999.0
96404 20180816  2.514 -141.21   62.74    17.3     1.3     9.3     8.6     0.5    13.25 C    33.7     0.1    11.1    96.8    36.1    72.5 -99.000 -99.000 -99.000 -99.000 -99.000 -9999.0 -9999.0 -9999.0 -9999.0 -9999.0
96404 20180817  2.514 -141.21   62.74    16.7    -0.4     8.1     9.5     0.0    15.12 C    31.4    -2.2    12.0    95.2    36.4    67.4 -99.000 -99.000 -99.000 -99.000 -99.000 -9999.0 -9999.0 -9999.0 -9999.0 -9999.0
96404 20180818  2.514 -141.21   62.74    19.6    -1.8     8.9     9.4     0.0    19.61 C    35.3    -3.4    12.6    96.9    27.4    61.8 -99.000 -99.000 -99.000 -99.000 -99.000 -9999.0 -9999.0 -9999.0 -9999.0 -9999.0
96404 20180819  2.514 -141.21   62.74    22.1    -0.6    10.7    12.1     0.4    15.19 C    37.2    -2.8    13.8    94.4    29.2    59.2 -99.000 -99.000 -99.000 -99.000 -99.000 -9999.0 -9999.0 -9999.0 -9999.0 -9999.0
96404 20180820  2.514 -141.21   62.74    19.1     6.8    13.0    13.0     0.6     8.21 C    26.1     5.3    13.8    96.1    51.8    79.5 -99.000 -99.000 -99.000 -99.000 -99.000 -9999.0 -9999.0 -9999.0 -9999.0 -9999.0
96404 20180821  2.514 -141.21   62.74    15.7     7.9    11.8    11.9     5.0     4.04 C    23.1     6.7    12.4    96.8    75.2    91.8 -99.000 -99.000 -99.000 -99.000 -99.000 -9999.0 -9999.0 -9999.0 -9999.0 -9999.0
96404 20180822  2.514 -141.21   62.74    10.8     3.3     7.1     8.0    19.4     3.61 C    15.2     2.9     9.1    97.0    73.6    92.3 -99.000 -99.000 -99.000 -99.000 -99.000 -9999.0 -9999.0 -9999.0 -9999.0 -9999.0
96404 20180823  2.514 -141.21   62.74    17.9     6.3    12.1    11.2     8.2     9.31 C    28.1     6.2    13.1    96.3    48.6    79.3 -99.000 -99.000 -99.000 -99.000 -99.000 -9999.0 -9999.0 -9999.0 -9999.0 -9999.0
96404 20180824  2.514 -141.21   62.74    16.8     6.4    11.6    11.0     2.1    13.62 C    28.3     6.6    13.4    96.8    45.0    76.2 -99.000 -99.000 -99.000 -99.000 -99.000 -9999.0 -9999.0 -9999.0 -9999.0 -9999.0
96404 20180825  2.514 -141.21   62.74    14.2     2.3     8.2     8.4     2.0    10.51 C    26.4    -0.2    10.2    95.9    45.7    80.1 -99.000 -99.000 -99.000 -99.000 -99.000 -9999.0 -9999.0 -9999.0 -9999.0 -9999.0
96404 20180826  2.514 -141.21   62.74    13.7     1.1     7.4     8.6     0.2     7.36 C    18.0    -1.3     7.9    96.4    55.5    78.9 -99.000 -99.000 -99.000 -99.000 -99.000 -9999.0 -9999.0 -9999.0 -9999.0 -9999.0
96404 20180827  2.514 -141.21   62.74    17.4     4.3    10.9    10.8     5.3     6.89 C    25.8     3.5    11.6    96.3    58.3    85.1 -99.000 -99.000 -99.000 -99.000 -99.000 -9999.0 -9999.0 -9999.0 -9999.0 -9999.0
96404 20180828  2.514 -141.21   62.74    13.4     1.4     7.4     8.8     0.6     9.65 C    22.5    -0.1    10.3    96.7    54.6    80.3 -99.000 -99.000 -99.000 -99.000 -99.000 -9999.0 -9999.0 -9999.0 -9999.0 -9999.0
96404 20180829  2.514 -141.21   62.74    14.4    -0.3     7.0     7.4     0.0    12.11 C    28.8    -1.0     9.4    96.5    42.6    74.7 -99.000 -99.000 -99.000 -99.000 -99.000 -9999.0 -9999.0 -9999.0 -9999.0 -9999.0
96404 20180830  2.514 -141.21   62.74    13.1     1.2     7.1     7.6     4.1     3.31 C    18.2    -0.1     7.5    97.3    55.6    79.1 -99.000 -99.000 -99.000 -99.000 -99.000 -9999.0 -9999.0 -9999.0 -9999.0 -9999.0
96404 20180831  2.514 -141.21   62.74    10.0    -0.3     4.8     4.9     3.7     9.54 C    20.9    -1.6     6.8    97.7    61.7    87.2 -99.000 -99.000 -99.000 -99.000 -99.000 -9999.0 -9999.0 -9999.0 -9999.0 -9999.0
96404 20180901  2.514 -141.21   62.74    13.4    -4.2     4.6     4.9     0.6    10.23 C    22.8    -3.2     7.4    96.9    49.0    81.1 -99.000 -99.000 -99.000 -99.000 -99.000 -9999.0 -9999.0 -9999.0 -9999.0 -9999.0
96404 20180902  2.514 -141.21   62.74    11.2     1.4     6.3     6.8     0.5     5.62 C    16.5     1.5     7.3    96.6    56.5    82.1 -99.000 -99.000 -99.000 -99.000 -99.000 -9999.0 -9999.0 -9999.0 -9999.0 -9999.0
96404 20180903  2.514 -141.21   62.74    16.0    -0.9     7.5     8.0     0.0    13.37 C    25.7    -1.7     9.5    97.5    42.5    74.0 -99.000 -99.000 -99.000 -99.000 -99.000 -9999.0 -9999.0 -9999.0 -9999.0 -9999.0
96404 20180904  2.514 -141.21   62.74    11.3    -1.3     5.0     6.8     0.0     6.41 C    20.3    -1.9     7.8    96.2    60.7    78.1 -99.000 -99.000 -99.000 -99.000 -99.000 -9999.0 -9999.0 -9999.0 -9999.0 -9999.0
96404 20180905  2.514 -141.21   62.74    12.6    -0.4     6.1     6.4     0.0     7.24 C    28.2    -2.7     7.6    96.8    52.2    78.5 -99.000 -99.000 -99.000 -99.000 -99.000 -9999.0 -9999.0 -9999.0 -9999.0 -9999.0
96404 20180906  2.514 -141.21   62.74    10.9    -2.2     4.4     4.9     0.0     7.05 C    22.2    -2.3     6.6    97.4    61.2    84.3 -99.000 -99.000 -99.000 -99.000 -99.000 -9999.0 -9999.0 -9999.0 -9999.0 -9999.0
96404 20180907  2.514 -141.21   62.74    13.1    -1.7     5.7     6.4     0.0     5.97 C    20.4    -2.1     7.9    97.6    55.1    84.5 -99.000 -99.000 -99.000 -99.000 -99.000 -9999.0 -9999.0 -9999.0 -9999.0 -9999.0
96404 20180908  2.514 -141.21   62.74    14.0    -2.8     5.6     5.1     0.0    13.06 C    24.6    -3.8     7.4    97.7    43.7    77.5 -99.000 -99.000 -99.000 -99.000 -99.000 -9999.0 -9999.0 -9999.0 -9999.0 -9999.0
96404 20180909  2.514 -141.21   62.74    15.4    -5.1     5.1     4.3     0.0    12.39 C    27.6    -5.1     5.1    96.5    33.1    74.1 -99.000 -99.000 -99.000 -99.000 -99.000 -9999.0 -9999.0 -9999.0 -9999.0 -9999.0
96404 20180910  2.514 -141.21   62.74    15.8    -6.0     4.9     4.4     0.0    15.12 C    26.1    -6.2     5.8    96.3    26.1    66.6 -99.000 -99.000 -99.000 -99.000 -99.000 -9999.0 -9999.0 -9999.0 -9999.0 -9999.0
96404 20180911  2.514 -141.21   62.74    15.2     0.4     7.8     7.6     0.3     7.67 C    26.8     0.9     9.1    91.1    37.0    68.4 -99.000 -99.000 -99.000 -99.000 -99.000 -9999.0 -9999.0 -9999.0 -9999.0 -9999.0
96404 20180912  2.514 -141.21   62.74     9.9     3.6     6.8     7.6    11.8     1.94 C    11.5     3.0     7.7    96.9    80.1    93.5 -99.000 -99.000 -99.000 -99.000 -99.000 -9999.0 -9999.0 -9999.0 -9999.0 -9999.0
96404 20180913  2.514 -141.21   62.74    12.4    -2.1     5.2     7.3     6.2     6.60 C    21.0    -1.6     8.4    97.1    71.4    91.1 -99.000 -99.000 -99.000 -99.000 -99.000 -9999.0 -9999.0 -9999.0 -9999.0 -9999.0
96404 20180914  2.514 -141.21   62.74    12.3    -2.0     5.1     3.9     0.0    13.32 C    20.2    -2.3     5.0    96.6    40.5    75.1 -99.000 -99.000 -99.000 -99.000 -99.000 -9999.0 -9999.0 -9999.0 -9999.0 -9999.0
96404 20180915  2.514 -141.21   62.74    13.6    -1.8     5.9     5.6     0.0     9.53 C    22.2    -2.3     5.2    89.6    34.3    60.6 -99.000 -99.000 -99.000 -99.000 -99.000 -9999.0 -9999.0 -9999.0 -9999.0 -9999.0
96404 20180916  2.514 -141.21   62.74    10.6     2.4     6.5     6.3     0.0     4.44 C    14.6     0.4     6.1    91.7    38.4    58.2 -99.000 -99.000 -99.000 -99.000 -99.000 -9999.0 -9999.0 -9999.0 -9999.0 -9999.0
96404 20180917  2.514 -141.21   62.74    14.3    -2.0     6.1     5.8     0.0    11.70 C    23.1    -2.7     7.5    95.0    33.5    71.8 -99.000 -99.000 -99.000 -99.000 -99.000 -9999.0 -9999.0 -9999.0 -9999.0 -9999.0
96404 20180918  2.514 -141.21   62.74    14.9    -4.0     5.5     5.2     0.0    12.89 C    24.6    -4.0     6.9    95.8    36.6    72.8 -99.000 -99.000 -99.000 -99.000 -99.000 -9999.0 -9999.0 -9999.0 -9999.0 -9999.0
96404 20180919  2.514 -141.21   62.74    14.3    -1.9     6.2     6.1     0.0     8.82 C    23.1    -3.5     7.2    95.5    38.5    73.3 -99.000 -99.000 -99.000 -99.000 -99.000 -9999.0 -9999.0 -9999.0 -9999.0 -9999.0
96404 20180920  2.514 -141.21   62.74    14.8    -3.6     5.6     5.7     0.0    11.59 C    22.9    -4.5     6.0    94.2    32.3    65.9 -99.000 -99.000 -99.000 -99.000 -99.000 -9999.0 -9999.0 -9999.0 -9999.0 -9999.0
96404 20180921  2.514 -141.21   62.74    14.0    -4.6     4.7     5.1     0.0     9.11 C    23.2    -5.2     4.1    88.9    33.5    58.5 -99.000 -99.000 -99.000 -99.000 -99.000 -9999.0 -9999.0 -9999.0 -9999.0 -9999.0
96404 20180922  2.514 -141.21   62.74    11.5     1.4     6.4     6.4     0.0     4.99 C    18.4    -3.2     4.7    81.3    38.7    54.7 -99.000 -99.000 -99.000 -99.000 -99.000 -9999.0 -9999.0 -9999.0 -9999.0 -9999.0
96404 20180923  2.514 -141.21   62.74    12.5    -2.5     5.0     4.3     0.0     7.20 C    22.7    -4.3     3.4    93.6    42.7    72.5 -99.000 -99.000 -99.000 -99.000 -99.000 -9999.0 -9999.0 -9999.0 -9999.0 -9999.0
96404 20180924  2.514 -141.21   62.74    14.0    -2.1     6.0     5.3     0.0     4.52 C    17.3    -3.8     2.8    90.8    34.9    65.8 -99.000 -99.000 -99.000 -99.000 -99.000 -9999.0 -9999.0 -9999.0 -9999.0 -9999.0
96404 20180925  2.514 -141.21   62.74    15.1    -3.8     5.6     4.7     0.0    11.10 C    22.5    -5.4     3.7    92.2    27.5    61.8 -99.000 -99.000 -99.000 -99.000 -99.000 -9999.0 -9999.0 -9999.0 -9999.0 -9999.0
96404 20180926  2.514 -141.21   62.74    11.5    -5.7     2.9     1.5     0.0     8.50 C    22.0    -5.7     2.3    94.2    40.8    76.8 -99.000 -99.000 -99.000 -99.000 -99.000 -9999.0 -9999.0 -9999.0 -9999.0 -9999.0
96404 20180927  2.514 -141.21   62.74     8.5    -5.5     1.5     0.1     0.0     5.66 C    13.2    -6.8     0.2    95.7    53.4    82.4 -99.000 -99.000 -99.000 -99.000 -99.000 -9999.0 -9999.0 -9999.0 -9999.0 -9999.0
96404 20180928  2.514 -141.21   62.74    13.0    -8.4     2.3     2.1     0.0    10.57 C    18.0    -7.7     1.1    96.2    36.2    69.3 -99.000 -99.000 -99.000 -99.000 -99.000 -9999.0 -9999.0 -9999.0 -9999.0 -9999.0
96404 20180929  2.514 -141.21   62.74    11.9    -9.4     1.3     0.3     0.0    10.69 C    16.5    -8.9    -0.4    94.9    28.1    66.6 -99.000 -99.000 -99.000 -99.000 -99.000 -9999.0 -9999.0 -9999.0 -9999.0 -9999.0
96404 20180930  2.514 -141.21   62.74    13.5    -9.5     2.0     0.0     0.0    10.28 C    16.8    -9.2    -0.8    92.9    22.0    64.4 -99.000 -99.000 -99.000 -99.000 -99.000 -9999.0 -9999.0 -9999.0 -9999.0 -9999.0
96404 20181001  2.514 -141.21   62.74    14.1    -8.9     2.6     2.6     0.0    10.35 C    16.4    -8.6    -0.4    92.6    13.8    49.1 -99.000 -99.000 -99.000 -99.000 -99.000 -9999.0 -9999.0 -9999.0 -9999.0 -9999.0
96404 20181002  2.514 -141.21   62.74    13.8    -8.5     2.6     2.7     0.0     9.93 C    15.7    -8.9    -0.4    75.5    16.7    40.1 -99.000 -99.000 -99.000 -99.000 -99.000 -9999.0 -9999.0 -9999.0 -9999.0 -9999.0
96404 20181003  2.514 -141.21   62.74    12.4    -2.2     5.1     3.3     0.0     9.49 C    14.9    -6.7    -0.5    56.8    20.7    41.6 -99.000 -99.000 -99.000 -99.000 -99.000 -9999.0 -9999.0 -9999.0 -9999.0 -9999.0
96404 20181004  2.514 -141.21   62.74    11.7    -6.8     2.4     2.2     0.0     8.67 C    14.9    -7.1    -0.5    81.9    27.2    50.6 -99.000 -99.000 -99.000 -99.000 -99.000 -9999.0 -9999.0 -9999.0 -9999.0 -9999.0
96404 20181005  2.514 -141.21   62.74     9.2   -11.1    -0.9    -1.2     0.0     7.27 C    14.2    -9.4    -1.3    92.2    38.5    68.9 -99.000 -99.000 -99.000 -99.000 -99.000 -9999.0 -9999.0 -9999.0 -9999.0 -9999.0
96404 20181006  2.514 -141.21   62.74     4.9    -5.2    -0.2    -0.3     0.8     2.56 C     6.2    -5.5    -0.3    96.7    55.2    86.9 -99.000 -99.000 -99.000 -99.000 -99.000 -9999.0 -9999.0 -9999.0 -9999.0 -9999.0
96404 20181007  2.514 -141.21   62.74     1.5    -2.6    -0.6    -0.9     0.0     2.48 C     5.1    -1.5     0.0    96.6    58.7    78.8 -99.000 -99.000 -99.000 -99.000 -99.000 -9999.0 -9999.0 -9999.0 -9999.0 -9999.0
96404 20181008  2.514 -141.21   62.74     3.3    -8.5    -2.6    -2.0     0.0     8.51 C     7.4    -8.9    -2.1    90.0    37.3    66.2 -99.000 -99.000 -99.000 -99.000 -99.000 -9999.0 -9999.0 -9999.0 -9999.0 -9999.0
96404 20181009  2.514 -141.21   62.74     4.5   -11.7    -3.6    -3.9     0.0     6.87 C     6.8    -9.8    -4.6    90.4    43.4    69.4 -99.000 -99.000 -99.000 -99.000 -99.000 -9999.0 -9999.0 -9999.0 -9999.0 -9999.0
96404 20181010  2.514 -141.21   62.74     4.0   -13.0    -4.5    -5.3     0.2     1.75 C     3.7   -10.9    -5.3    93.1    45.1    75.6 -99.000 -99.000 -99.000 -99.000 -99.000 -9999.0 -9999.0 -9999.0 -9999.0 -9999.0
96404 20181011  2.514 -141.21   62.74     8.1   -12.6    -2.3    -3.2     0.0     5.00 C    10.7   -11.0    -3.6    91.6    40.2    74.3 -99.000 -99.000 -99.000 -99.000 -99.000 -9999.0 -9999.0 -9999.0 -9999.0 -9999.0
96404 20181012  2.514 -141.21   62.74     8.4    -7.9     0.2     1.6     0.0     4.19 C     7.6    -8.8    -2.3    91.5    38.1    61.3 -99.000 -99.000 -99.000 -99.000 -99.000 -9999.0 -9999.0 -9999.0 -9999.0 -9999.0
96404 20181013  2.514 -141.21   62.74     8.3    -3.7     2.3     3.7     0.0     1.57 C     7.0    -4.8     0.8    89.0    39.9    54.8 -99.000 -99.000 -99.000 -99.000 -99.000 -9999.0 -9999.0 -9999.0 -9999.0 -9999.0
96404 20181014  2.514 -141.21   62.74     7.0   -10.5    -1.8    -2.9     0.0     4.07 C    10.6   -10.6    -3.6    94.5    54.6    82.3 -99.000 -99.000 -99.000 -99.000 -99.000 -9999.0 -9999.0 -9999.0 -9999.0 -9999.0
96404 20181015  2.514 -141.21   62.74     2.3   -11.1    -4.4    -3.9     0.0     0.71 C     1.3   -10.4    -4.3    96.3    81.6    90.6 -99.000 -99.000 -99.000 -99.000 -99.000 -9999.0 -9999.0 -9999.0 -9999.0 -9999.0
96404 20181016  2.514 -141.21   62.74    15.9    -7.3     4.3     2.4     0.0     5.74 C    13.6    -8.3    -0.9    96.3    24.9    68.9 -99.000 -99.000 -99.000 -99.000 -99.000 -9999.0 -9999.0 -9999.0 -9999.0 -9999.0
96404 20181017  2.514 -141.21   62.74    11.6    -5.0     3.3     2.3     0.0     5.15 C    13.3    -7.1    -1.9    89.4    34.5    66.5 -99.000 -99.000 -99.000 -99.000 -99.000 -9999.0 -9999.0 -9999.0 -9999.0 -9999.0
96404 20181018  2.514 -141.21   62.74     7.2    -8.8    -0.8    -0.9     0.0     3.41 C     7.9    -9.1    -3.9    91.4    44.6    71.9 -99.000 -99.000 -99.000 -99.000 -99.000 -9999.0 -9999.0 -9999.0 -9999.0 -9999.0
96404 20181019  2.514 -141.21   62.74     5.4    -6.7    -0.7     0.5     1.1     1.30 C     5.0    -5.8    -0.2    97.2    72.5    89.7 -99.000 -99.000 -99.000 -99.000 -99.000 -9999.0 -9999.0 -9999.0 -9999.0 -9999.0
96404 20181020  2.514 -141.21   62.74     9.8    -3.3     3.3     1.8     0.0     3.98 C     7.8    -5.3    -1.2    96.9    38.1    70.8 -99.000 -99.000 -99.000 -99.000 -99.000 -9999.0 -9999.0 -9999.0 -9999.0 -9999.0
96404 20181021  2.514 -141.21   62.74     5.0    -9.2    -2.1     0.3     0.0     1.05 C     0.2    -8.9    -2.2    92.6    38.2    60.7 -99.000 -99.000 -99.000 -99.000 -99.000 -9999.0 -9999.0 -9999.0 -9999.0 -9999.0
96404 20181022  2.514 -141.21   62.74     2.0   -11.1    -4.5    -5.1     0.0     2.44 C     1.1   -10.8    -5.9    94.8    71.9    87.6 -99.000 -99.000 -99.000 -99.000 -99.000 -9999.0 -9999.0 -9999.0 -9999.0 -9999.0
96404 20181023  2.514 -141.21   62.74     5.2    -8.2    -1.5    -1.5     0.9     1.37 C     0.5    -6.4    -1.9    97.2    56.1    89.4 -99.000 -99.000 -99.000 -99.000 -99.000 -9999.0 -9999.0 -9999.0 -9999.0 -9999.0
96404 20181024  2.514 -141.21   62.74     9.3    -6.5     1.4     2.5     0.0     3.43 C     4.9    -6.7    -1.5    93.8    33.0    58.0 -99.000 -99.000 -99.000 -99.000 -99.000 -9999.0 -9999.0 -9999.0 -9999.0 -9999.0
96404 20181025  2.514 -141.21   62.74     1.6    -7.5    -2.9    -2.0     0.0     0.99 C     1.5    -7.6    -2.1    94.4    72.3    85.3 -99.000 -99.000 -99.000 -99.000 -99.000 -9999.0 -9999.0 -9999.0 -9999.0 -9999.0
96404 20181026  2.514 -141.21   62.74     3.6    -6.6    -1.5    -0.2     0.0     0.67 C     1.3    -8.9    -2.6    95.5    67.5    82.9 -99.000 -99.000 -99.000 -99.000 -99.000 -9999.0 -9999.0 -9999.0 -9999.0 -9999.0
96404 20181027  2.514 -141.21   62.74     4.2   -11.5    -3.6    -3.4     0.0     3.15 C     1.6   -10.7    -6.0    94.4    51.8    81.2 -99.000 -99.000 -99.000 -99.000 -99.000 -9999.0 -9999.0 -9999.0 -9999.0 -9999.0
96404 20181028  2.514 -141.21   62.74    -4.3   -15.6    -9.9    -8.8     0.0     1.40 C    -1.2   -12.9    -6.3    93.5    79.5    89.1 -99.000 -99.000 -99.000 -99.000 -99.000 -9999.0 -9999.0 -9999.0 -9999.0 -9999.0
96404 20181029  2.514 -141.21   62.74 -9999.0 -9999.0 -9999.0 -9999.0 -9999.0 -9999.00 U -9999.0 -9999.0 -9999.0 -9999.0 -9999.0 -9999.0 -99.000 -99.000 -99.000 -99.000 -99.000 -9999.0 -9999.0 -9999.0 -9999.0 -9999.0
96404 20181030  2.514 -141.21   62.74 -9999.0 -9999.0 -9999.0 -9999.0 -9999.0 -9999.00 U -9999.0 -9999.0 -9999.0 -9999.0 -9999.0 -9999.0 -99.000 -99.000 -99.000 -99.000 -99.000 -9999.0 -9999.0 -9999.0 -9999.0 -9999.0
96404 20181031  2.514 -141.21   62.74 -9999.0 -9999.0 -9999.0 -9999.0 -9999.0 -9999.00 U -9999.0 -9999.0 -9999.0 -9999.0 -9999.0 -9999.0 -99.000 -99.000 -99.000 -99.000 -99.000 -9999.0 -9999.0 -9999.0 -9999.0 -9999.0
96404 20181101  2.514 -141.21   62.74 -9999.0 -9999.0 -9999.0 -9999.0 -9999.0 -9999.00 U -9999.0 -9999.0 -9999.0 -9999.0 -9999.0 -9999.0 -99.000 -99.000 -99.000 -99.000 -99.000 -9999.0 -9999.0 -9999.0 -9999.0 -9999.0
96404 20181102  2.514 -141.21   62.74 -9999.0 -9999.0 -9999.0 -9999.0 -9999.0 -9999.00 U -9999.0 -9999.0 -9999.0 -9999.0 -9999.0 -9999.0 -99.000 -99.000 -99.000 -99.000 -99.000 -9999.0 -9999.0 -9999.0 -9999.0 -9999.0
96404 20181103  2.514 -141.21   62.74 -9999.0 -9999.0 -9999.0 -9999.0 -9999.0 -9999.00 U -9999.0 -9999.0 -9999.0 -9999.0 -9999.0 -9999.0 -99.000 -99.000 -99.000 -99.000 -99.000 -9999.0 -9999.0 -9999.0 -9999.0 -9999.0
96404 20181104  2.514 -141.21   62.74 -9999.0 -9999.0 -9999.0 -9999.0 -9999.0 -9999.00 U -9999.0 -9999.0 -9999.0 -9999.0 -9999.0 -9999.0 -99.000 -99.000 -99.000 -99.000 -99.000 -9999.0 -9999.0 -9999.0 -9999.0 -9999.0
96404 20181105  2.514 -141.21   62.74 -9999.0 -9999.0 -9999.0 -9999.0 -9999.0 -9999.00 U -9999.0 -9999.0 -9999.0 -9999.0 -9999.0 -9999.0 -99.000 -99.000 -99.000 -99.000 -99.000 -9999.0 -9999.0 -9999.0 -9999.0 -9999.0
96404 20181106  2.514 -141.21   62.74 -9999.0 -9999.0 -9999.0 -9999.0 -9999.0 -9999.00 U -9999.0 -9999.0 -9999.0 -9999.0 -9999.0 -9999.0 -99.000 -99.000 -99.000 -99.000 -99.000 -9999.0 -9999.0 -9999.0 -9999.0 -9999.0
96404 20181107  2.514 -141.21   62.74 -9999.0 -9999.0 -9999.0 -9999.0 -9999.0 -9999.00 U -9999.0 -9999.0 -9999.0 -9999.0 -9999.0 -9999.0 -99.000 -99.000 -99.000 -99.000 -99.000 -9999.0 -9999.0 -9999.0 -9999.0 -9999.0
96404 20181108 -9.000 -141.21   62.74 -9999.0 -9999.0 -9999.0 -9999.0 -9999.0 -9999.00 U -9999.0 -9999.0 -9999.0 -9999.0 -9999.0 -9999.0 -99.000 -99.000 -99.000 -99.000 -99.000 -9999.0 -9999.0 -9999.0 -9999.0 -9999.0
96404 20181109  2.514 -141.21   62.74 -9999.0 -9999.0 -9999.0 -9999.0 -9999.0 -9999.00 U -9999.0 -9999.0 -9999.0 -9999.0 -9999.0 -9999.0 -99.000 -99.000 -99.000 -99.000 -99.000 -9999.0 -9999.0 -9999.0 -9999.0 -9999.0
96404 20181110  2.514 -141.21   62.74 -9999.0 -9999.0 -9999.0 -9999.0 -9999.0 -9999.00 U -9999.0 -9999.0 -9999.0 -9999.0 -9999.0 -9999.0 -99.000 -99.000 -99.000 -99.000 -99.000 -9999.0 -9999.0 -9999.0 -9999.0 -9999.0
96404 20181111 -9.000 -141.21   62.74 -9999.0 -9999.0 -9999.0 -9999.0 -9999.0 -9999.00 U -9999.0 -9999.0 -9999.0 -9999.0 -9999.0 -9999.0 -99.000 -99.000 -99.000 -99.000 -99.000 -9999.0 -9999.0 -9999.0 -9999.0 -9999.0
96404 20181112 -9.000 -141.21   62.74 -9999.0 -9999.0 -9999.0 -9999.0 -9999.0 -9999.00 U -9999.0 -9999.0 -9999.0 -9999.0 -9999.0 -9999.0 -99.000 -99.000 -99.000 -99.000 -99.000 -9999.0 -9999.0 -9999.0 -9999.0 -9999.0
96404 20181113 -9.000 -141.21   62.74 -9999.0 -9999.0 -9999.0 -9999.0 -9999.0 -9999.00 U -9999.0 -9999.0 -9999.0 -9999.0 -9999.0 -9999.0 -99.000 -99.000 -99.000 -99.000 -99.000 -9999.0 -9999.0 -9999.0 -9999.0 -9999.0
96404 20181114 -9.000 -141.21   62.74 -9999.0 -9999.0 -9999.0 -9999.0 -9999.0 -9999.00 U -9999.0 -9999.0 -9999.0 -9999.0 -9999.0 -9999.0 -99.000 -99.000 -99.000 -99.000 -99.000 -9999.0 -9999.0 -9999.0 -9999.0 -9999.0
96404 20181115 -9.000 -141.21   62.74 -9999.0 -9999.0 -9999.0 -9999.0 -9999.0 -9999.00 U -9999.0 -9999.0 -9999.0 -9999.0 -9999.0 -9999.0 -99.000 -99.000 -99.000 -99.000 -99.000 -9999.0 -9999.0 -9999.0 -9999.0 -9999.0
96404 20181116 -9.000 -141.21   62.74 -9999.0 -9999.0 -9999.0 -9999.0 -9999.0 -9999.00 U -9999.0 -9999.0 -9999.0 -9999.0 -9999.0 -9999.0 -99.000 -99.000 -99.000 -99.000 -99.000 -9999.0 -9999.0 -9999.0 -9999.0 -9999.0
96404 20181117 -9.000 -141.21   62.74 -9999.0 -9999.0 -9999.0 -9999.0 -9999.0 -9999.00 U -9999.0 -9999.0 -9999.0 -9999.0 -9999.0 -9999.0 -99.000 -99.000 -99.000 -99.000 -99.000 -9999.0 -9999.0 -9999.0 -9999.0 -9999.0
96404 20181118 -9.000 -141.21   62.74 -9999.0 -9999.0 -9999.0 -9999.0 -9999.0 -9999.00 U -9999.0 -9999.0 -9999.0 -9999.0 -9999.0 -9999.0 -99.000 -99.000 -99.000 -99.000 -99.000 -9999.0 -9999.0 -9999.0 -9999.0 -9999.0
96404 20181119 -9.000 -141.21   62.74 -9999.0 -9999.0 -9999.0 -9999.0 -9999.0 -9999.00 U -9999.0 -9999.0 -9999.0 -9999.0 -9999.0 -9999.0 -99.000 -99.000 -99.000 -99.000 -99.000 -9999.0 -9999.0 -9999.0 -9999.0 -9999.0
96404 20181120 -9.000 -141.21   62.74 -9999.0 -9999.0 -9999.0 -9999.0 -9999.0 -9999.00 U -9999.0 -9999.0 -9999.0 -9999.0 -9999.0 -9999.0 -99.000 -99.000 -99.000 -99.000 -99.000 -9999.0 -9999.0 -9999.0 -9999.0 -9999.0
96404 20181121 -9.000 -141.21   62.74 -9999.0 -9999.0 -9999.0 -9999.0 -9999.0 -9999.00 U -9999.0 -9999.0 -9999.0 -9999.0 -9999.0 -9999.0 -99.000 -99.000 -99.000 -99.000 -99.000 -9999.0 -9999.0 -9999.0 -9999.0 -9999.0
96404 20181122 -9.000 -141.21   62.74 -9999.0 -9999.0 -9999.0 -9999.0 -9999.0 -9999.00 U -9999.0 -9999.0 -9999.0 -9999.0 -9999.0 -9999.0 -99.000 -99.000 -99.000 -99.000 -99.000 -9999.0 -9999.0 -9999.0 -9999.0 -9999.0
96404 20181123 -9.000 -141.21   62.74 -9999.0 -9999.0 -9999.0 -9999.0 -9999.0 -9999.00 U -9999.0 -9999.0 -9999.0 -9999.0 -9999.0 -9999.0 -99.000 -99.000 -99.000 -99.000 -99.000 -9999.0 -9999.0 -9999.0 -9999.0 -9999.0
96404 20181124 -9.000 -141.21   62.74 -9999.0 -9999.0 -9999.0 -9999.0 -9999.0 -9999.00 U -9999.0 -9999.0 -9999.0 -9999.0 -9999.0 -9999.0 -99.000 -99.000 -99.000 -99.000 -99.000 -9999.0 -9999.0 -9999.0 -9999.0 -9999.0
96404 20181125 -9.000 -141.21   62.74 -9999.0 -9999.0 -9999.0 -9999.0 -9999.0 -9999.00 U -9999.0 -9999.0 -9999.0 -9999.0 -9999.0 -9999.0 -99.000 -99.000 -99.000 -99.000 -99.000 -9999.0 -9999.0 -9999.0 -9999.0 -9999.0
96404 20181126 -9.000 -141.21   62.74 -9999.0 -9999.0 -9999.0 -9999.0 -9999.0 -9999.00 U -9999.0 -9999.0 -9999.0 -9999.0 -9999.0 -9999.0 -99.000 -99.000 -99.000 -99.000 -99.000 -9999.0 -9999.0 -9999.0 -9999.0 -9999.0
96404 20181127 -9.000 -141.21   62.74 -9999.0 -9999.0 -9999.0 -9999.0 -9999.0 -9999.00 U -9999.0 -9999.0 -9999.0 -9999.0 -9999.0 -9999.0 -99.000 -99.000 -99.000 -99.000 -99.000 -9999.0 -9999.0 -9999.0 -9999.0 -9999.0
96404 20181128 -9.000 -141.21   62.74 -9999.0 -9999.0 -9999.0 -9999.0 -9999.0 -9999.00 U -9999.0 -9999.0 -9999.0 -9999.0 -9999.0 -9999.0 -99.000 -99.000 -99.000 -99.000 -99.000 -9999.0 -9999.0 -9999.0 -9999.0 -9999.0
96404 20181129 -9.000 -141.21   62.74 -9999.0 -9999.0 -9999.0 -9999.0 -9999.0 -9999.00 U -9999.0 -9999.0 -9999.0 -9999.0 -9999.0 -9999.0 -99.000 -99.000 -99.000 -99.000 -99.000 -9999.0 -9999.0 -9999.0 -9999.0 -9999.0
96404 20181130 -9.000 -141.21   62.74 -9999.0 -9999.0 -9999.0 -9999.0 -9999.0 -9999.00 U -9999.0 -9999.0 -9999.0 -9999.0 -9999.0 -9999.0 -99.000 -99.000 -99.000 -99.000 -99.000 -9999.0 -9999.0 -9999.0 -9999.0 -9999.0
96404 20181201 -9.000 -141.21   62.74 -9999.0 -9999.0 -9999.0 -9999.0 -9999.0 -9999.00 U -9999.0 -9999.0 -9999.0 -9999.0 -9999.0 -9999.0 -99.000 -99.000 -99.000 -99.000 -99.000 -9999.0 -9999.0 -9999.0 -9999.0 -9999.0
96404 20181202 -9.000 -141.21   62.74 -9999.0 -9999.0 -9999.0 -9999.0 -9999.0 -9999.00 U -9999.0 -9999.0 -9999.0 -9999.0 -9999.0 -9999.0 -99.000 -99.000 -99.000 -99.000 -99.000 -9999.0 -9999.0 -9999.0 -9999.0 -9999.0
96404 20181203 -9.000 -141.21   62.74 -9999.0 -9999.0 -9999.0 -9999.0 -9999.0 -9999.00 U -9999.0 -9999.0 -9999.0 -9999.0 -9999.0 -9999.0 -99.000 -99.000 -99.000 -99.000 -99.000 -9999.0 -9999.0 -9999.0 -9999.0 -9999.0
96404 20181204 -9.000 -141.21   62.74 -9999.0 -9999.0 -9999.0 -9999.0 -9999.0 -9999.00 U -9999.0 -9999.0 -9999.0 -9999.0 -9999.0 -9999.0 -99.000 -99.000 -99.000 -99.000 -99.000 -9999.0 -9999.0 -9999.0 -9999.0 -9999.0
96404 20181205 -9.000 -141.21   62.74 -9999.0 -9999.0 -9999.0 -9999.0 -9999.0 -9999.00 U -9999.0 -9999.0 -9999.0 -9999.0 -9999.0 -9999.0 -99.000 -99.000 -99.000 -99.000 -99.000 -9999.0 -9999.0 -9999.0 -9999.0 -9999.0
96404 20181206 -9.000 -141.21   62.74 -9999.0 -9999.0 -9999.0 -9999.0 -9999.0 -9999.00 U -9999.0 -9999.0 -9999.0 -9999.0 -9999.0 -9999.0 -99.000 -99.000 -99.000 -99.000 -99.000 -9999.0 -9999.0 -9999.0 -9999.0 -9999.0
96404 20181207 -9.000 -141.21   62.74 -9999.0 -9999.0 -9999.0 -9999.0 -9999.0 -9999.00 U -9999.0 -9999.0 -9999.0 -9999.0 -9999.0 -9999.0 -99.000 -99.000 -99.000 -99.000 -99.000 -9999.0 -9999.0 -9999.0 -9999.0 -9999.0
96404 20181208 -9.000 -141.21   62.74 -9999.0 -9999.0 -9999.0 -9999.0 -9999.0 -9999.00 U -9999.0 -9999.0 -9999.0 -9999.0 -9999.0 -9999.0 -99.000 -99.000 -99.000 -99.000 -99.000 -9999.0 -9999.0 -9999.0 -9999.0 -9999.0
96404 20181209 -9.000 -141.21   62.74 -9999.0 -9999.0 -9999.0 -9999.0 -9999.0 -9999.00 U -9999.0 -9999.0 -9999.0 -9999.0 -9999.0 -9999.0 -99.000 -99.000 -99.000 -99.000 -99.000 -9999.0 -9999.0 -9999.0 -9999.0 -9999.0
96404 20181210 -9.000 -141.21   62.74 -9999.0 -9999.0 -9999.0 -9999.0 -9999.0 -9999.00 U -9999.0 -9999.0 -9999.0 -9999.0 -9999.0 -9999.0 -99.000 -99.000 -99.000 -99.000 -99.000 -9999.0 -9999.0 -9999.0 -9999.0 -9999.0
96404 20181211 -9.000 -141.21   62.74 -9999.0 -9999.0 -9999.0 -9999.0 -9999.0 -9999.00 U -9999.0 -9999.0 -9999.0 -9999.0 -9999.0 -9999.0 -99.000 -99.000 -99.000 -99.000 -99.000 -9999.0 -9999.0 -9999.0 -9999.0 -9999.0
96404 20181212 -9.000 -141.21   62.74 -9999.0 -9999.0 -9999.0 -9999.0 -9999.0 -9999.00 U -9999.0 -9999.0 -9999.0 -9999.0 -9999.0 -9999.0 -99.000 -99.000 -99.000 -99.000 -99.000 -9999.0 -9999.0 -9999.0 -9999.0 -9999.0
96404 20181213 -9.000 -141.21   62.74 -9999.0 -9999.0 -9999.0 -9999.0 -9999.0 -9999.00 U -9999.0 -9999.0 -9999.0 -9999.0 -9999.0 -9999.0 -99.000 -99.000 -99.000 -99.000 -99.000 -9999.0 -9999.0 -9999.0 -9999.0 -9999.0
96404 20181214 -9.000 -141.21   62.74 -9999.0 -9999.0 -9999.0 -9999.0 -9999.0 -9999.00 U -9999.0 -9999.0 -9999.0 -9999.0 -9999.0 -9999.0 -99.000 -99.000 -99.000 -99.000 -99.000 -9999.0 -9999.0 -9999.0 -9999.0 -9999.0
96404 20181215 -9.000 -141.21   62.74 -9999.0 -9999.0 -9999.0 -9999.0 -9999.0 -9999.00 U -9999.0 -9999.0 -9999.0 -9999.0 -9999.0 -9999.0 -99.000 -99.000 -99.000 -99.000 -99.000 -9999.0 -9999.0 -9999.0 -9999.0 -9999.0
96404 20181216 -9.000 -141.21   62.74 -9999.0 -9999.0 -9999.0 -9999.0 -9999.0 -9999.00 U -9999.0 -9999.0 -9999.0 -9999.0 -9999.0 -9999.0 -99.000 -99.000 -99.000 -99.000 -99.000 -9999.0 -9999.0 -9999.0 -9999.0 -9999.0
96404 20181217 -9.000 -141.21   62.74 -9999.0 -9999.0 -9999.0 -9999.0 -9999.0 -9999.00 U -9999.0 -9999.0 -9999.0 -9999.0 -9999.0 -9999.0 -99.000 -99.000 -99.000 -99.000 -99.000 -9999.0 -9999.0 -9999.0 -9999.0 -9999.0
96404 20181218 -9.000 -141.21   62.74 -9999.0 -9999.0 -9999.0 -9999.0 -9999.0 -9999.00 U -9999.0 -9999.0 -9999.0 -9999.0 -9999.0 -9999.0 -99.000 -99.000 -99.000 -99.000 -99.000 -9999.0 -9999.0 -9999.0 -9999.0 -9999.0
96404 20181219 -9.000 -141.21   62.74 -9999.0 -9999.0 -9999.0 -9999.0 -9999.0 -9999.00 U -9999.0 -9999.0 -9999.0 -9999.0 -9999.0 -9999.0 -99.000 -99.000 -99.000 -99.000 -99.000 -9999.0 -9999.0 -9999.0 -9999.0 -9999.0
96404 20181220 -9.000 -141.21   62.74 -9999.0 -9999.0 -9999.0 -9999.0 -9999.0 -9999.00 U -9999.0 -9999.0 -9999.0 -9999.0 -9999.0 -9999.0 -99.000 -99.000 -99.000 -99.000 -99.000 -9999.0 -9999.0 -9999.0 -9999.0 -9999.0
96404 20181221 -9.000 -141.21   62.74 -9999.0 -9999.0 -9999.0 -9999.0 -9999.0 -9999.00 U -9999.0 -9999.0 -9999.0 -9999.0 -9999.0 -9999.0 -99.000 -99.000 -99.000 -99.000 -99.000 -9999.0 -9999.0 -9999.0 -9999.0 -9999.0
96404 20181222 -9.000 -141.21   62.74 -9999.0 -9999.0 -9999.0 -9999.0 -9999.0 -9999.00 U -9999.0 -9999.0 -9999.0 -9999.0 -9999.0 -9999.0 -99.000 -99.000 -99.000 -99.000 -99.000 -9999.0 -9999.0 -9999.0 -9999.0 -9999.0
96404 20181223 -9.000 -141.21   62.74 -9999.0 -9999.0 -9999.0 -9999.0 -9999.0 -9999.00 U -9999.0 -9999.0 -9999.0 -9999.0 -9999.0 -9999.0 -99.000 -99.000 -99.000 -99.000 -99.000 -9999.0 -9999.0 -9999.0 -9999.0 -9999.0
96404 20181224 -9.000 -141.21   62.74 -9999.0 -9999.0 -9999.0 -9999.0 -9999.0 -9999.00 U -9999.0 -9999.0 -9999.0 -9999.0 -9999.0 -9999.0 -99.000 -99.000 -99.000 -99.000 -99.000 -9999.0 -9999.0 -9999.0 -9999.0 -9999.0
96404 20181225 -9.000 -141.21   62.74 -9999.0 -9999.0 -9999.0 -9999.0 -9999.0 -9999.00 U -9999.0 -9999.0 -9999.0 -9999.0 -9999.0 -9999.0 -99.000 -99.000 -99.000 -99.000 -99.000 -9999.0 -9999.0 -9999.0 -9999.0 -9999.0
96404 20181226 -9.000 -141.21   62.74 -9999.0 -9999.0 -9999.0 -9999.0 -9999.0 -9999.00 U -9999.0 -9999.0 -9999.0 -9999.0 -9999.0 -9999.0 -99.000 -99.000 -99.000 -99.000 -99.000 -9999.0 -9999.0 -9999.0 -9999.0 -9999.0
96404 20181227 -9.000 -141.21   62.74 -9999.0 -9999.0 -9999.0 -9999.0 -9999.0 -9999.00 U -9999.0 -9999.0 -9999.0 -9999.0 -9999.0 -9999.0 -99.000 -99.000 -99.000 -99.000 -99.000 -9999.0 -9999.0 -9999.0 -9999.0 -9999.0
96404 20181228 -9.000 -141.21   62.74 -9999.0 -9999.0 -9999.0 -9999.0 -9999.0 -9999.00 U -9999.0 -9999.0 -9999.0 -9999.0 -9999.0 -9999.0 -99.000 -99.000 -99.000 -99.000 -99.000 -9999.0 -9999.0 -9999.0 -9999.0 -9999.0
96404 20181229 -9.000 -141.21   62.74 -9999.0 -9999.0 -9999.0 -9999.0 -9999.0 -9999.00 U -9999.0 -9999.0 -9999.0 -9999.0 -9999.0 -9999.0 -99.000 -99.000 -99.000 -99.000 -99.000 -9999.0 -9999.0 -9999.0 -9999.0 -9999.0
96404 20181230 -9.000 -141.21   62.74 -9999.0 -9999.0 -9999.0 -9999.0 -9999.0 -9999.00 U -9999.0 -9999.0 -9999.0 -9999.0 -9999.0 -9999.0 -99.000 -99.000 -99.000 -99.000 -99.000 -9999.0 -9999.0 -9999.0 -9999.0 -9999.0
96404 20181231 -9.000 -141.21   62.74 -9999.0 -9999.0 -9999.0 -9999.0 -9999.0 -9999.00 U -9999.0 -9999.0 -9999.0 -9999.0 -9999.0 -9999.0 -99.000 -99.000 -99.000 -99.000 -99.000 -9999.0 -9999.0 -9999.0 -9999.0 -9999.0
