03728 20180101  2.622  -79.36   33.15     1.4    -5.2    -1.9    -1.7     0.0     7.88 C    13.4    -7.7     0.7    49.6    23.2    34.6   0.106   0.115   0.107   0.148 -99.000     7.9     8.5     9.7    12.4 -9999.0
03728 20180102  2.622  -79.36   33.15     2.2    -7.2    -2.5    -3.6     0.0    11.84 C    11.9    -8.2    -2.5    62.4    23.7    45.1   0.104   0.114   0.106 -99.000 -99.000     5.6     6.3     7.8 -9999.0 -9999.0
03728 20180103  2.622  -79.36   33.15    -1.4    -4.1    -2.7    -2.8    16.9     0.63 C     0.9    -6.3    -2.2    90.9    40.6    73.0   0.125   0.127   0.107 -99.000 -99.000     4.5     5.2     6.7 -9999.0 -9999.0
03728 20180104  2.622  -79.36   33.15     3.2    -6.9    -1.8    -2.1     0.0    13.11 C     3.1   -10.2    -4.5    88.0    43.6    64.2   0.152   0.150   0.129   0.146 -99.000     4.6     5.2     6.4     9.9 -9999.0
03728 20180105  2.622  -79.36   33.15     4.4    -8.7    -2.2    -2.7     0.0    12.47 C     9.6    -8.7    -2.3    70.5    25.1    51.6   0.142   0.146   0.137   0.149 -99.000     4.0     4.5     5.7     9.3 -9999.0
03728 20180106  2.622  -79.36   33.15     2.7    -6.9    -2.1    -3.3     0.0    12.58 C    10.5    -7.1    -1.9    85.2    24.6    55.8   0.134   0.138   0.131   0.154 -99.000     3.9     4.3     5.5     8.8 -9999.0
03728 20180107  2.622  -79.36   33.15     1.0    -8.0    -3.5    -4.2     0.0    12.77 C     9.8    -8.1    -2.7    71.4    30.0    54.8   0.129   0.134   0.127   0.155 -99.000     3.3     3.8     5.0     8.4 -9999.0
03728 20180108  2.622  -79.36   33.15    11.6    -4.5     3.5     3.7     0.0     8.18 C    18.2    -4.6     4.3    94.1    65.8    81.2   0.126   0.131   0.124   0.153 -99.000     4.9     5.1     5.7     8.2 -9999.0
03728 20180109  2.622  -79.36   33.15    19.3     4.7    12.0    10.1     0.0     9.85 C    24.8     2.8     9.6    95.1    51.0    82.3   0.124   0.129   0.122   0.153 -99.000     8.5     8.3     8.4     9.1 -9999.0
03728 20180110  2.622  -79.36   33.15    14.6     7.7    11.1    11.2     2.6     5.43 C    18.6     4.1    10.6    94.4    67.3    84.8   0.122   0.128   0.120   0.153 -99.000     9.5     9.5     9.6    10.1 -9999.0
03728 20180111  2.622  -79.36   33.15    22.7    11.0    16.9    17.2     3.5     8.39 C    26.8     8.6    16.5    95.5    72.3    89.6   0.141   0.139   0.125 -99.000 -99.000    12.9    12.5    11.9 -9999.0 -9999.0
03728 20180112  2.622  -79.36   33.15    21.0    13.3    17.1    18.2     4.5     3.71 C    23.7    11.8    17.5    95.2    87.5    92.5   0.147   0.144   0.132 -99.000 -99.000    15.0    14.7    14.1 -9999.0 -9999.0
03728 20180113  2.622  -79.36   33.15    13.5     2.1     7.8     8.2     0.0    12.43 C    19.3     1.5    10.0    93.1    49.4    73.2   0.144   0.144   0.136   0.158 -99.000    13.2    13.3    13.7    13.5 -9999.0
03728 20180114  2.622  -79.36   33.15     8.1    -1.5     3.3     1.9     0.0    13.23 C    17.1    -2.4     3.8    76.3    35.9    58.8   0.134   0.136   0.129 -99.000 -99.000     9.6    10.1    11.1 -9999.0 -9999.0
03728 20180115  2.622  -79.36   33.15     8.2    -3.6     2.3     1.0     0.0    13.22 C    17.5    -3.7     2.8    67.9    28.0    52.5   0.129   0.132   0.125 -99.000 -99.000     8.0     8.4     9.5 -9999.0 -9999.0
03728 20180116  2.622  -79.36   33.15    11.4    -2.7     4.4     3.0     0.0    12.70 C    20.6    -3.9     4.2    90.8    34.1    66.4   0.125   0.130   0.122 -99.000 -99.000     7.8     8.1     8.9 -9999.0 -9999.0
03728 20180117  2.622  -79.36   33.15    15.7    -0.3     7.7     5.0     0.0     6.49 C    22.1    -0.9     5.8    92.1    40.5    76.1   0.123   0.128   0.121 -99.000 -99.000     8.3     8.5     9.1 -9999.0 -9999.0
03728 20180118  2.622  -79.36   33.15     7.1    -5.1     1.0     0.1     0.0    13.72 C    17.0    -5.4     2.1    74.6    23.7    51.0   0.121   0.126   0.119 -99.000 -99.000     7.4     7.8     8.7 -9999.0 -9999.0
03728 20180119  2.622  -79.36   33.15    13.7    -3.7     5.0     5.1     0.0    13.72 C    22.9    -5.3     4.7    72.0    21.9    52.4   0.118   0.125   0.117   0.152 -99.000     7.2     7.5     8.2    10.2 -9999.0
03728 20180120  2.622  -79.36   33.15    15.3     1.2     8.3     8.1     0.0    13.33 C    24.1    -2.6     7.2    67.4    18.7    44.5   0.117   0.123   0.115   0.152 -99.000     8.2     8.3     8.8    10.3 -9999.0
03728 20180121  2.622  -79.36   33.15    17.8     5.5    11.7     9.6     0.0    10.20 C    26.8     2.1     9.3    93.3    36.9    62.4   0.116   0.122   0.113   0.151 -99.000     9.6     9.7     9.9    10.6 -9999.0
03728 20180122  2.622  -79.36   33.15    18.8     4.4    11.6    11.1     4.9     7.06 C    23.3     1.9    10.8    94.3    70.8    88.9   0.122   0.126   0.115 -99.000 -99.000    10.5    10.4    10.5 -9999.0 -9999.0
03728 20180123  2.622  -79.36   33.15    21.8    10.9    16.4    16.8     6.1     9.23 C    27.8     5.7    15.6    91.6    41.1    77.2   0.149   0.144   0.131 -99.000 -99.000    13.8    13.5    13.1 -9999.0 -9999.0
03728 20180124  2.622  -79.36   33.15    15.2     4.2     9.7     9.0     0.0    13.29 C    22.7     1.7     9.0    79.2    35.6    62.2   0.137   0.138   0.129 -99.000 -99.000    11.6    11.7    12.2 -9999.0 -9999.0
03728 20180125  2.622  -79.36   33.15    11.9    -0.2     5.8     5.4     0.0    14.20 C    20.3    -1.8     5.9    90.7    32.6    64.0   0.131   0.133   0.124 -99.000 -99.000    10.0    10.3    11.0 -9999.0 -9999.0
03728 20180126  2.622  -79.36   33.15    13.7     0.6     7.2     7.1     0.0    12.27 C    21.0    -1.8     6.8    94.0    48.4    75.8   0.127   0.130   0.122 -99.000 -99.000     9.3     9.5    10.1 -9999.0 -9999.0
03728 20180127  2.622  -79.36   33.15    18.7     7.0    12.8    12.3     4.2     5.05 C    23.5     3.8    11.8    95.2    64.4    84.0   0.124   0.128   0.120 -99.000 -99.000    10.9    10.9    11.0 -9999.0 -9999.0
03728 20180128  2.622  -79.36   33.15    17.7    11.5    14.6    14.5    10.6     2.88 C    20.8     9.2    14.5    95.6    93.6    95.0   0.152   0.144   0.128 -99.000 -99.000    13.0    12.8    12.6 -9999.0 -9999.0
03728 20180129  2.622  -79.36   33.15    15.8     7.1    11.4    13.1    15.1     4.34 C    19.7     6.1    13.9    95.6    76.6    89.7   0.165   0.160   0.157 -99.000 -99.000    14.2    14.0    13.9 -9999.0 -9999.0
03728 20180130  2.622  -79.36   33.15    10.2    -0.2     5.0     5.2     0.0    14.76 C    19.1    -0.6     6.7    94.9    29.9    66.4   0.139   0.140   0.134 -99.000 -99.000    11.3    11.6    12.3 -9999.0 -9999.0
03728 20180131  2.622  -79.36   33.15     7.5    -2.7     2.4     2.3     0.0    15.07 C    18.4    -4.1     4.1    89.8    39.3    65.0   0.132   0.134   0.127 -99.000 -99.000     9.0     9.4    10.4 -9999.0 -9999.0
03728 20180201  2.622  -79.36   33.15    17.8     0.8     9.3     9.7     0.0    14.30 C    24.8    -0.2     9.8    94.1    52.4    77.1   0.128   0.130   0.123 -99.000 -99.000    10.0    10.1    10.4 -9999.0 -9999.0
03728 20180202  2.622  -79.36   33.15    15.7     1.7     8.7    10.3     0.9     9.05 C    23.1    -0.7    10.0    89.6    31.3    62.3   0.125   0.128   0.120 -99.000 -99.000    11.7    11.8    12.0 -9999.0 -9999.0
03728 20180203  2.622  -79.36   33.15     7.2    -0.1     3.5     2.8     0.0    10.97 C    17.4    -2.1     4.9    89.8    40.4    59.7   0.122   0.126   0.118 -99.000 -99.000     9.2     9.5    10.4 -9999.0 -9999.0
03728 20180204  2.622  -79.36   33.15    17.9     5.7    11.8    13.1    11.0     2.17 C    18.6     4.3    12.0    93.2    73.4    88.7   0.142   0.140   0.126 -99.000 -99.000    10.8    10.8    10.9 -9999.0 -9999.0
03728 20180205  2.622  -79.36   33.15    14.7     6.2    10.4     9.7     0.0    13.88 C    25.8     3.6    11.5    93.6    56.3    79.3   0.146   0.146   0.134 -99.000 -99.000    12.6    12.5    12.5 -9999.0 -9999.0
03728 20180206  2.622  -79.36   33.15    18.7     4.6    11.6    11.2     0.0    15.14 C    26.3     2.6    11.1    95.6    41.7    78.0   0.135   0.137   0.128 -99.000 -99.000    11.8    11.9    12.1 -9999.0 -9999.0
03728 20180207  2.622  -79.36   33.15    22.3     9.6    16.0    16.2     2.6     9.37 C    28.4     6.3    15.4    95.8    69.3    86.5   0.131   0.132   0.123 -99.000 -99.000    13.4    13.2    13.0 -9999.0 -9999.0
03728 20180208  2.622  -79.36   33.15    16.0     5.4    10.7    11.8     0.4    10.73 C    25.4     3.5    13.3    94.2    59.0    83.8   0.135   0.134   0.122   0.158 -99.000    14.5    14.4    14.3    13.6 -9999.0
03728 20180209  2.622  -79.36   33.15    17.1     4.8    10.9    10.4     8.1     9.62 C    25.8     2.2    11.1    95.4    61.2    85.1   0.136   0.134   0.122   0.157 -99.000    12.3    12.4    12.8    13.4 -9999.0
03728 20180210  2.622  -79.36   33.15    23.0    12.1    17.5    17.3     0.0    10.26 C    29.0    11.1    18.0    95.8    74.1    89.6   0.152   0.149   0.135   0.159 -99.000    15.4    15.1    14.6    13.6 -9999.0
03728 20180211  2.622  -79.36   33.15    21.0    17.3    19.1    19.1     6.3     5.18 C    24.5    16.5    19.1    95.0    85.1    91.3   0.151   0.149   0.135 -99.000 -99.000    17.0    16.7    16.2 -9999.0 -9999.0
03728 20180212  2.622  -79.36   33.15    21.3    10.7    16.0    17.9     0.4     4.42 C    24.2    12.3    18.2    95.0    76.2    88.6   0.144   0.143   0.132 -99.000 -99.000    17.4    17.2    16.8 -9999.0 -9999.0
03728 20180213  2.622  -79.36   33.15    11.9     7.6     9.7     9.7     0.2     4.53 C    18.2     9.6    12.1    92.3    65.9    79.6   0.136   0.137   0.126 -99.000 -99.000    15.0    15.2    15.6 -9999.0 -9999.0
03728 20180214  2.622  -79.36   33.15    19.2     7.0    13.1    10.7     0.3    10.33 C    27.2     8.9    13.4    94.8    63.8    85.9   0.131   0.132   0.123 -99.000 -99.000    14.6    14.6    14.8 -9999.0 -9999.0
03728 20180215  2.622  -79.36   33.15    23.4    11.9    17.6    16.8     0.0    14.86 C    31.3    10.0    17.8    94.8    61.2    82.5   0.128   0.130   0.120 -99.000 -99.000    16.0    15.8    15.5 -9999.0 -9999.0
03728 20180216  2.622  -79.36   33.15    26.6    14.6    20.6    18.8     0.0    15.44 C    33.7    12.5    19.2    92.9    47.4    77.8   0.126   0.127   0.119 -99.000 -99.000    17.3    17.1    16.7 -9999.0 -9999.0
03728 20180217  2.622  -79.36   33.15    18.2    12.7    15.4    15.0     0.0     5.22 C    22.9    13.3    16.2    94.9    62.2    80.7   0.122   0.124   0.117 -99.000 -99.000    16.6    16.6    16.6 -9999.0 -9999.0
03728 20180218  2.622  -79.36   33.15    18.1    12.3    15.2    15.2     0.0     5.40 C    22.6    12.9    16.1    94.8    57.6    81.2   0.119   0.123   0.115 -99.000 -99.000    16.3    16.3    16.3 -9999.0 -9999.0
03728 20180219  2.622  -79.36   33.15    19.9    12.1    16.0    15.1     7.9     4.43 C    25.3    12.6    16.4    95.4    83.7    90.3   0.139   0.134   0.117 -99.000 -99.000    16.3    16.2    16.2 -9999.0 -9999.0
03728 20180220  2.622  -79.36   33.15    25.7    14.5    20.1    19.2     0.0    15.15 C    33.5    13.0    20.4    95.8    61.2    85.4   0.141   0.136   0.122 -99.000 -99.000    18.3    18.0    17.4 -9999.0 -9999.0
03728 20180221  2.622  -79.36   33.15    26.1    16.3    21.2    20.4     0.0    10.80 C    34.5    13.8    20.2    96.0    64.8    85.9   0.132   0.130   0.119 -99.000 -99.000    18.9    18.6    18.2 -9999.0 -9999.0
03728 20180222  2.622  -79.36   33.15    26.3    16.2    21.2    20.5     0.0    17.43 C    35.4    13.3    21.2    95.8    51.0    78.5   0.126   0.127   0.117   0.156 -99.000    19.5    19.2    18.8    17.3 -9999.0
03728 20180223  2.622  -79.36   33.15    25.7    14.5    20.1    19.2     0.0    15.46 C    36.9    11.8    20.4    95.8    57.0    84.7   0.120   0.122   0.115   0.154 -99.000    19.3    19.0    18.7    17.5 -9999.0
03728 20180224  2.622  -79.36   33.15    25.0    15.7    20.3    19.9     0.0    17.30 C    35.5    12.9    21.3    96.0    60.9    82.9   0.113   0.119   0.112   0.153 -99.000    19.8    19.5    19.1    17.8 -9999.0
03728 20180225  2.622  -79.36   33.15    26.6    17.1    21.9    20.6     0.5    15.80 C    37.5    15.6    22.5    91.5    55.8    80.5   0.107   0.115   0.110   0.153 -99.000    20.2    19.9    19.5    18.0 -9999.0
03728 20180226  2.622  -79.36   33.15    23.2    11.7    17.4    17.1     0.6     5.13 C    25.5    13.2    18.3    93.6    61.3    84.1   0.103   0.113   0.108   0.152 -99.000    19.4    19.3    19.3    18.3 -9999.0
03728 20180227  2.622  -79.36   33.15    17.3     7.4    12.4    11.9     0.0    18.69 C    30.0     4.5    14.2    88.8    28.5    65.3   0.099   0.110   0.107   0.151 -99.000    17.5    17.7    18.0    17.9 -9999.0
03728 20180228  2.622  -79.36   33.15    18.7     7.4    13.1    14.0     4.5     4.06 C    22.9     4.6    14.5    94.4    69.7    84.3   0.095   0.109   0.106   0.150 -99.000    16.0    16.1    16.6    17.2 -9999.0
03728 20180301  2.622  -79.36   33.15    22.6    17.3    19.9    19.4     0.3    11.90 C    32.0    15.0    19.7    88.9    61.6    79.4   0.102   0.112   0.106   0.150 -99.000    18.3    18.1    17.8    17.1 -9999.0
03728 20180302  2.622  -79.36   33.15    18.8    10.3    14.6    15.0     0.0    19.51 C    29.8     5.6    15.0    71.9    19.2    43.3   0.102   0.111   0.105   0.149 -99.000    17.3    17.4    17.7    17.4 -9999.0
03728 20180303  2.622  -79.36   33.15    16.4     5.8    11.1     9.9     0.0    20.00 C    29.7     2.2    11.2    58.3    18.5    32.7   0.095   0.108   0.104   0.148 -99.000    15.0    15.4    16.0    16.9 -9999.0
03728 20180304  2.622  -79.36   33.15    15.7     2.9     9.3     8.2     0.0    19.97 C    31.3    -0.5    10.2    69.0    27.0    46.0   0.090   0.105   0.102 -99.000 -99.000    14.2    14.5    15.1 -9999.0 -9999.0
03728 20180305  2.622  -79.36   33.15    13.1     1.4     7.2     7.9     0.0    12.40 C    28.0    -1.1     9.8    86.2    40.3    63.1   0.086   0.101   0.101 -99.000 -99.000    13.5    13.7    14.3 -9999.0 -9999.0
03728 20180306  2.622  -79.36   33.15    18.2     8.6    13.4    14.6     0.2     5.85 C    23.8     4.1    14.1    85.0    47.4    72.2   0.083   0.100   0.100 -99.000 -99.000    14.4    14.5    14.8 -9999.0 -9999.0
03728 20180307  2.622  -79.36   33.15    17.4     4.9    11.2    12.9     6.1    20.06 C    26.6     2.7    14.1    92.4    23.6    59.1   0.087   0.108   0.100 -99.000 -99.000    15.6    15.6    15.7 -9999.0 -9999.0
03728 20180308  2.622  -79.36   33.15    13.2     1.1     7.1     6.6     0.0    17.82 C    28.0     0.3     9.0    85.1    29.5    56.1   0.091   0.107   0.100 -99.000 -99.000    13.6    13.9    14.5 -9999.0 -9999.0
03728 20180309  2.622  -79.36   33.15    14.7    -1.1     6.8     6.9     0.0    20.31 C    29.0    -2.6     9.5    78.9    22.2    51.7   0.088   0.105   0.100 -99.000 -99.000    13.1    13.3    13.9 -9999.0 -9999.0
03728 20180310  2.622  -79.36   33.15    19.6     7.1    13.3    13.2     0.0    17.45 C    32.5     3.2    13.6    88.9    26.3    57.0   0.086   0.101   0.099 -99.000 -99.000    14.1    14.1    14.3 -9999.0 -9999.0
03728 20180311  2.622  -79.36   33.15    21.2     7.0    14.1    13.9     1.6    17.09 C    35.5     3.6    16.3    95.3    38.4    75.3   0.080   0.095   0.097 -99.000 -99.000    15.4    15.3    15.2 -9999.0 -9999.0
03728 20180312  2.622  -79.36   33.15    11.5     1.9     6.7     8.1    14.2     2.88 C    16.0     1.9    10.0    92.9    80.2    89.4   0.112   0.120   0.112 -99.000 -99.000    14.3    14.6    15.2 -9999.0 -9999.0
03728 20180313  2.622  -79.36   33.15    13.9    -0.2     6.8     7.0     0.0    21.09 C    25.8    -0.5     9.8    90.3    28.6    64.0   0.134   0.137   0.126 -99.000 -99.000    12.9    13.1    13.6 -9999.0 -9999.0
03728 20180314  2.622  -79.36   33.15    12.7     2.0     7.3     6.8     0.0    20.96 C    26.1     0.4     9.1    81.3    22.4    51.0   0.124   0.130   0.121 -99.000 -99.000    13.0    13.3    13.7 -9999.0 -9999.0
03728 20180315  2.622  -79.36   33.15    16.0    -0.7     7.6     9.0     0.0    21.44 C    29.7    -2.2    10.9    77.7    23.4    52.7   0.116   0.125   0.117 -99.000 -99.000    12.8    12.9    13.4 -9999.0 -9999.0
03728 20180316  2.622  -79.36   33.15    24.8    11.3    18.0    16.5     0.0    19.62 C    36.3     5.7    16.4    71.9    19.7    38.7   0.107   0.120   0.114 -99.000 -99.000    14.7    14.6    14.6 -9999.0 -9999.0
03728 20180317  2.622  -79.36   33.15    23.2     7.8    15.5    15.8     0.0    13.48 C    32.8     5.1    15.8    80.2    39.7    56.5   0.098   0.115   0.110 -99.000 -99.000    15.2    15.2    15.2 -9999.0 -9999.0
03728 20180318  2.622  -79.36   33.15    23.1    13.2    18.2    16.9     0.0    16.56 C    36.3    11.2    18.7    83.4    44.9    71.6   0.089   0.110   0.108 -99.000 -99.000    16.8    16.6    16.3 -9999.0 -9999.0
03728 20180319  2.622  -79.36   33.15    20.3    13.0    16.6    16.1     5.4    10.75 C    32.6    12.6    18.0    94.3    72.3    85.7   0.086   0.108   0.106 -99.000 -99.000    17.5    17.3    16.9 -9999.0 -9999.0
03728 20180320  2.622  -79.36   33.15    23.3    14.4    18.8    18.1    16.8    10.95 C    33.3    13.6    19.1    93.5    72.2    86.8   0.123   0.132   0.118 -99.000 -99.000    18.4    18.2    17.9 -9999.0 -9999.0
03728 20180321  2.622  -79.36   33.15    14.4     6.0    10.2    10.5     0.0    13.86 C    26.1     4.2    12.3    92.9    39.8    57.5   0.147   0.145   0.139   0.146 -99.000    16.2    16.5    16.9    16.9 -9999.0
03728 20180322  2.622  -79.36   33.15    14.9     2.1     8.5     8.1     0.0    22.18 C    27.8     1.4    10.9    74.0    24.3    50.0   0.132   0.135   0.130 -99.000 -99.000    14.6    14.9    15.4 -9999.0 -9999.0
03728 20180323  2.622  -79.36   33.15    16.2     1.2     8.7     9.0     0.0    20.89 C    29.5     0.3    11.7    84.7    23.6    55.2   0.122   0.129   0.124 -99.000 -99.000    14.5    14.6    15.0 -9999.0 -9999.0
03728 20180324  2.622  -79.36   33.15    15.9     7.4    11.6    11.9     0.0    14.25 C    30.9     5.9    14.5    84.9    37.0    61.6   0.114   0.125   0.120 -99.000 -99.000    15.2    15.2    15.3 -9999.0 -9999.0
03728 20180325  2.622  -79.36   33.15    14.6     6.8    10.7    10.1     3.2     6.60 C    25.4     7.0    12.4    93.1    47.8    77.0   0.109   0.122   0.117 -99.000 -99.000    14.8    15.0    15.3 -9999.0 -9999.0
03728 20180326  2.622  -79.36   33.15    14.6     5.9    10.3     9.7     0.0    15.51 C    29.7     6.5    13.4    73.8    48.4    62.1   0.107   0.121   0.115 -99.000 -99.000    14.7    14.8    15.0 -9999.0 -9999.0
03728 20180327  2.622  -79.36   33.15    12.9     7.5    10.2    10.0     0.0     6.15 C    22.6     7.0    12.6    90.2    61.9    74.1   0.103   0.119   0.112 -99.000 -99.000    14.6    14.8    15.1 -9999.0 -9999.0
03728 20180328  2.622  -79.36   33.15    24.0     6.5    15.3    16.0     0.0    20.79 C    36.6     5.5    18.0    94.5    48.8    71.5   0.099   0.116   0.111 -99.000 -99.000    16.0    15.9    15.7 -9999.0 -9999.0
03728 20180329  2.622  -79.36   33.15    24.8    15.6    20.2    19.2     0.0    18.66 C    37.7    12.4    21.0    88.5    52.2    74.8   0.091   0.111   0.108 -99.000 -99.000    18.1    17.8    17.4 -9999.0 -9999.0
03728 20180330  2.622  -79.36   33.15    20.4    15.5    18.0    17.8     0.4     5.00 C    24.3    13.5    17.4    92.1    75.4    86.5   0.086   0.107   0.106   0.147 -99.000    17.8    17.7    17.7    16.9 -9999.0
03728 20180331  2.622  -79.36   33.15    17.1     9.9    13.5    13.3     0.0    20.11 C    34.5     6.7    16.0    86.8    37.1    61.5   0.081   0.105   0.105   0.146 -99.000    17.1    17.1    17.1    16.9 -9999.0
03728 20180401  2.622  -79.36   33.15    22.9     8.6    15.8    15.6     0.0    20.63 C    40.5     6.9    19.2    93.9    48.6    76.8   0.074   0.096   0.101   0.145 -99.000    18.0    17.7    17.5    16.9 -9999.0
03728 20180402  2.622  -79.36   33.15    24.1    13.2    18.7    18.5     0.0    19.90 C    41.0     9.3    21.1    95.2    56.9    80.7   0.067   0.088   0.099   0.144 -99.000    18.9    18.6    18.3    17.3 -9999.0
03728 20180403  2.622  -79.36   33.15    25.4    17.5    21.5    20.7     0.0    21.98 C    41.5    15.1    24.5    95.2    64.7    83.9   0.062   0.080   0.096   0.144 -99.000    20.6    20.2    19.5    17.9 -9999.0
03728 20180404  2.622  -79.36   33.15    26.1    11.5    18.8    20.7     0.0    11.23 C    37.1     5.9    20.8    88.1    37.2    68.1   0.056   0.072   0.092   0.144 -99.000    20.4    20.2    19.9    18.5 -9999.0
03728 20180405  2.622  -79.36   33.15    16.3     6.5    11.4    11.5     0.0    24.35 C    37.8     2.0    15.5    78.3    30.7    53.1   0.050   0.066   0.089   0.143 -99.000    18.4    18.4    18.5    18.3 -9999.0
03728 20180406  2.622  -79.36   33.15    22.3     6.7    14.5    15.7     0.0    22.34 C    41.6     2.6    19.2    92.7    32.5    67.5   0.046   0.058   0.085   0.142 -99.000    18.5    18.3    18.2    17.9 -9999.0
03728 20180407  2.622  -79.36   33.15    22.9     8.1    15.5    18.6    31.3    10.64 C    37.1    10.9    20.8    93.6    63.1    83.7   0.056   0.065   0.088   0.141 -99.000    19.5    19.3    19.1    18.1 -9999.0
03728 20180408  2.622  -79.36   33.15    13.7     4.4     9.0     8.4     0.3    21.87 C    29.1     6.9    14.6    92.4    42.6    71.3   0.128   0.144   0.143   0.141 -99.000    17.7    17.9    18.1    18.1 -9999.0
03728 20180409  2.622  -79.36   33.15    13.3     9.0    11.2    11.8     7.1     4.43 C    19.6     9.8    13.7    93.3    60.7    83.7   0.129   0.142   0.137   0.147 -99.000    16.4    16.7    17.2    17.7 -9999.0
03728 20180410  2.622  -79.36   33.15    13.5     9.1    11.3    11.5     0.0     5.31 C    19.2     8.8    13.3    92.9    63.2    80.9   0.124   0.138   0.135   0.155 -99.000    16.0    16.3    16.7    17.3 -9999.0
03728 20180411  2.622  -79.36   33.15    17.6     6.7    12.1    11.9     0.0    23.45 C    33.4     5.0    15.5    95.3    38.8    72.6   0.115   0.131   0.128   0.157 -99.000    16.6    16.6    16.7    16.9 -9999.0
03728 20180412  2.622  -79.36   33.15    20.5     8.1    14.3    14.5     0.0    23.72 C    38.3     6.0    18.4    95.1    29.0    71.0   0.106   0.124   0.123   0.156 -99.000    17.6    17.6    17.4    17.2 -9999.0
03728 20180413  2.622  -79.36   33.15    24.9    13.4    19.1    19.0     0.0    22.79 C    41.7    10.6    21.9    95.1    54.4    75.6   0.098   0.119   0.118   0.155 -99.000    19.2    18.9    18.6    17.6 -9999.0
03728 20180414  2.622  -79.36   33.15    25.6    14.0    19.8    19.9     0.3    18.42 C    41.8    11.2    22.7    95.5    56.8    81.7   0.089   0.113   0.114   0.152 -99.000    20.1    19.8    19.4    18.2 -9999.0
03728 20180415  2.622  -79.36   33.15    25.9    15.0    20.5    21.8    26.8    16.06 C    42.0    14.5    24.5    92.4    74.6    85.4   0.105   0.122   0.122   0.151 -99.000    21.3    21.1    20.5    18.9 -9999.0
03728 20180416  2.622  -79.36   33.15    17.0     9.2    13.1    12.7     0.0    25.40 C    31.6     7.1    16.5    80.9    40.4    56.3   0.135   0.144   0.145   0.164 -99.000    19.3    19.5    19.7    19.2 -9999.0
03728 20180417  2.622  -79.36   33.15    20.6     2.9    11.7    12.9     0.0    25.73 C    35.7     2.6    16.9    69.3    30.5    47.2   0.115   0.130   0.129   0.164 -99.000    18.1    18.3    18.5    18.7 -9999.0
03728 20180418  2.622  -79.36   33.15    29.0    12.5    20.8    19.7     0.0    25.33 C    42.9     9.0    22.0    71.7    19.3    54.6   0.103   0.121   0.121   0.159 -99.000    19.8    19.7    19.4    18.7 -9999.0
03728 20180419  2.622  -79.36   33.15    28.5    13.9    21.2    21.8     0.0    22.96 C    42.8    10.6    23.1    69.3    26.2    48.5   0.090   0.113   0.115   0.156 -99.000    20.9    20.7    20.3    19.1 -9999.0
03728 20180420  2.622  -79.36   33.15    16.7     7.4    12.0    12.1     0.0    25.96 C    38.2     5.4    17.4    91.0    30.4    51.9   0.076   0.103   0.110   0.155 -99.000    19.7    19.7    19.8    19.3 -9999.0
03728 20180421  2.622  -79.36   33.15    20.2     8.3    14.3    14.4     0.0    25.42 C    40.5     4.7    18.9    92.3    43.8    69.8   0.066   0.094   0.106   0.153 -99.000    19.3    19.3    19.3    19.0 -9999.0
03728 20180422  2.622  -79.36   33.15    22.1    11.8    17.0    17.5     0.0    20.19 C    41.8     8.4    21.1    94.5    49.6    71.6   0.060   0.083   0.103   0.150 -99.000    19.7    19.7    19.5    19.0 -9999.0
03728 20180423  2.622  -79.36   33.15    19.2    16.7    17.9    18.0    37.8     4.06 C    22.8    15.6    18.1    93.0    69.4    87.0   0.108   0.112   0.120   0.149 -99.000    19.2    19.4    19.5    19.2 -9999.0
03728 20180424  2.622  -79.36   33.15    22.3    17.1    19.7    19.3    15.7    21.66 C    35.5    15.8    22.5    94.6    66.9    83.8   0.148   0.152   0.152   0.174 -99.000    21.1    21.0    20.4    19.2 -9999.0
03728 20180425  2.622  -79.36   33.15    25.6    14.9    20.2    19.2     0.0    19.55 C    37.6    13.4    21.4    92.9    45.3    74.3   0.117   0.129   0.127   0.166 -99.000    21.2    21.2    20.9    19.9 -9999.0
03728 20180426  2.622  -79.36   33.15 -9999.0 -9999.0 -9999.0 -9999.0 -9999.0 -9999.00 U -9999.0 -9999.0 -9999.0 -9999.0 -9999.0 -9999.0 -99.000 -99.000 -99.000 -99.000 -99.000 -9999.0 -9999.0 -9999.0 -9999.0 -9999.0
03728 20180427  2.622  -79.36   33.15    24.7    15.7    20.2    19.5     0.0    20.36 C    44.1    13.9    23.1    93.2    44.1    76.6   0.096   0.115   0.115   0.160 -99.000    22.0    21.9    21.6    20.4 -9999.0
03728 20180428  2.622  -79.36   33.15    24.1    12.3    18.2    19.1     0.0    26.62 C    42.9     9.8    23.5    93.0    38.7    65.7   0.084   0.106   0.111   0.158 -99.000    21.9    21.9    21.5    20.5 -9999.0
03728 20180429  2.622  -79.36   33.15    22.9     9.9    16.4    17.2     0.0    27.25 C    44.4     6.0    21.7    76.4    25.5    49.4   0.072   0.094   0.107   0.156 -99.000    21.8    21.8    21.6    20.7 -9999.0
03728 20180430  2.622  -79.36   33.15    21.5     8.1    14.8    14.9     0.0    27.12 C    44.0     4.2    20.0    82.5    26.2    55.9   0.062   0.080   0.102   0.155 -99.000    20.8    20.8    20.8    20.5 -9999.0
03728 20180501  2.622  -79.36   33.15    25.0     9.8    17.4    17.9     0.0    27.36 C    46.5     5.7    22.2    92.4    29.7    63.7   0.054   0.068   0.097   0.153 -99.000    21.1    21.0    20.8    20.3 -9999.0
03728 20180502  2.622  -79.36   33.15    25.5    13.3    19.4    19.7     0.0    27.38 C    48.7     8.6    24.3    94.9    36.8    70.5   0.048   0.057   0.091   0.151 -99.000    21.9    21.6    21.3    20.4 -9999.0
03728 20180503  2.622  -79.36   33.15    25.3    14.0    19.6    19.9     0.0    25.87 C    47.7     9.6    24.3    95.3    48.9    73.6   0.044   0.050   0.084   0.149 -99.000    22.3    22.1    21.7    20.7 -9999.0
03728 20180504  2.622  -79.36   33.15    25.6    15.0    20.3    20.4     0.0    26.69 C    48.6    11.3    25.5    94.9    50.3    73.2   0.042   0.045   0.078   0.147 -99.000    22.8    22.5    22.0    20.9 -9999.0
03728 20180505  2.622  -79.36   33.15    26.4    17.2    21.8    21.9     0.0    20.95 C    49.5    13.0    26.6    92.7    53.6    75.7   0.039   0.041   0.071   0.145 -99.000    23.3    23.0    22.4    21.1 -9999.0
03728 20180506  2.622  -79.36   33.15    28.1    20.5    24.3    22.5     3.0    16.93 C    44.7    18.9    26.1    95.0    55.5    85.8   0.039   0.039   0.067   0.144 -99.000    24.5    24.0    23.3    21.6 -9999.0
03728 20180507  2.622  -79.36   33.15    26.2    16.0    21.1    20.9     0.0    21.86 C    48.1    13.5    25.4    92.8    54.5    73.9   0.039   0.038   0.065   0.143 -99.000    23.8    23.7    23.1    21.8 -9999.0
03728 20180508  2.622  -79.36   33.15    25.7    15.6    20.7    19.5     0.0    24.79 C    51.3    13.9    26.4    92.1    46.5    73.4   0.038   0.037   0.062   0.141 -99.000    24.2    23.9    23.3    21.9 -9999.0
03728 20180509  2.622  -79.36   33.15    24.7    14.7    19.7    18.8     0.0    26.09 C    49.6    12.3    26.3    93.9    52.8    80.3   0.035   0.035   0.057   0.139 -99.000    24.4    23.9    23.4    22.0 -9999.0
03728 20180510  2.622  -79.36   33.15    27.7    15.2    21.5    21.6     0.0    26.57 C    50.8    12.0    27.7    95.2    47.9    74.6   0.029   0.033   0.052   0.136 -99.000    24.6    24.2    23.6    22.1 -9999.0
03728 20180511  2.622  -79.36   33.15    31.4    18.4    24.9    24.1     0.0    26.91 C    55.0    15.6    30.4    90.9    35.2    69.6   0.023   0.030   0.048   0.133 -99.000    25.8    25.2    24.3    22.4 -9999.0
03728 20180512  2.622  -79.36   33.15    30.6    18.0    24.3    24.0     0.0    26.33 C    54.4    14.8    30.3    95.3    39.7    75.3   0.015   0.028   0.044   0.129 -99.000    26.2    25.6    24.7    22.8 -9999.0
03728 20180513  2.622  -79.36   33.15    29.3    19.3    24.3    24.5     0.0    26.39 C    53.5    16.1    30.8    94.4    41.4    72.6   0.008   0.027   0.042   0.124 -99.000    26.8    26.1    25.1    23.0 -9999.0
03728 20180514  2.622  -79.36   33.15    28.5    19.6    24.0    24.0     0.0    21.26 C    55.0    16.5    29.7    95.3    63.1    80.4   0.004   0.026   0.039   0.120 -99.000    26.8    26.1    25.2    23.3 -9999.0
03728 20180515  2.622  -79.36   33.15    28.5    22.3    25.4    24.7     0.0    20.20 C    53.6    19.4    30.4    92.2    64.3    80.2   0.002   0.025   0.037   0.117 -99.000    27.0    26.4    25.4    23.5 -9999.0
03728 20180516  2.622  -79.36   33.15    28.2    21.1    24.6    23.8     1.8    14.50 C    50.2    19.4    27.8    93.4    66.3    82.0   0.001   0.026   0.036   0.114 -99.000    26.3    25.9    25.3    23.6 -9999.0
03728 20180517  2.622  -79.36   33.15    27.0    20.5    23.8    23.5     3.2    13.39 C    39.2    20.3    25.5    93.2    75.7    86.7   0.004   0.025   0.035   0.113 -99.000    25.4    25.2    24.7    23.5 -9999.0
03728 20180518  2.622  -79.36   33.15    25.3    22.1    23.7    23.3     6.8    10.17 C    34.5    21.5    24.8    93.1    75.9    86.4   0.051   0.051   0.036   0.113 -99.000    25.3    25.1    24.7    23.5 -9999.0
03728 20180519  2.622  -79.36   33.15    23.4    21.1    22.2    22.3    35.4     2.43 C    23.8    21.0    22.4    93.5    81.2    90.5   0.124   0.119   0.109   0.114 -99.000    23.5    23.7    23.8    23.4 -9999.0
03728 20180520  2.622  -79.36   33.15    26.7    21.3    24.0    23.6     0.3    16.14 C    39.3    20.0    26.0    94.6    66.1    85.2   0.106   0.124   0.132   0.127 -99.000    25.0    24.7    24.2    23.1 -9999.0
03728 20180521  2.622  -79.36   33.15    28.0    20.6    24.3    23.9     0.0    18.35 C    43.7    19.6    27.2    94.9    65.4    83.0   0.096   0.114   0.121   0.148 -99.000    26.0    25.7    25.2    23.7 -9999.0
03728 20180522  2.622  -79.36   33.15    28.3    20.8    24.5    24.2     0.0    20.73 C    47.6    19.4    28.2    95.2    60.9    80.2   0.089   0.107   0.114   0.148 -99.000    26.5    26.2    25.6    24.1 -9999.0
03728 20180523  2.622  -79.36   33.15    28.1    21.4    24.7    24.4    30.5    17.35 C    43.2    20.7    26.4    92.7    61.9    79.6   0.111   0.129   0.131   0.154 -99.000    26.3    26.2    25.8    24.4 -9999.0
03728 20180524  2.622  -79.36   33.15    28.5    20.6    24.6    23.8     0.0    13.34 C    42.5    19.6    25.5    95.1    62.0    84.4   0.105   0.123   0.126   0.163 -99.000    25.6    25.6    25.4    24.4 -9999.0
03728 20180525  2.622  -79.36   33.15    28.2    20.9    24.6    24.4     0.0    24.32 C    44.7    19.4    28.5    95.4    63.0    81.8   0.095   0.113   0.116   0.158 -99.000    26.7    26.5    25.9    24.5 -9999.0
03728 20180526  2.622  -79.36   33.15    28.3    21.9    25.1    25.1     0.0    22.81 C    45.3    20.5    28.9    94.8    64.1    79.7   0.085   0.105   0.109   0.155 -99.000    27.1    26.9    26.4    24.8 -9999.0
03728 20180527  2.622  -79.36   33.15    27.6    21.5    24.5    23.8     3.7    14.18 C    42.3    19.7    26.5    94.5    64.2    85.1   0.079   0.098   0.104   0.152 -99.000    26.4    26.3    26.1    25.0 -9999.0
03728 20180528  2.622  -79.36   33.15    25.9    22.6    24.3    24.2    25.5     6.63 C    31.8    22.6    25.1    92.9    83.4    89.7   0.129   0.142   0.136   0.160 -99.000    25.6    25.6    25.4    24.8 -9999.0
03728 20180529  2.622  -79.36   33.15    28.2    23.5    25.8    25.9     0.2    19.61 C    38.1    23.2    28.1    91.5    66.1    82.7   0.110   0.126   0.128   0.165 -99.000    26.9    26.8    26.2    24.8 -9999.0
03728 20180530  2.622  -79.36   33.15    28.9    23.3    26.1    25.8     6.2    19.00 C    39.1    23.6    28.2    92.2    67.0    83.0   0.113   0.127   0.124   0.160 -99.000    27.8    27.7    27.0    25.3 -9999.0
03728 20180531  2.622  -79.36   33.15    28.0    23.9    26.0    25.7     0.2    18.52 C    40.5    23.3    28.1    90.7    69.9    82.5   0.101   0.117   0.119   0.159 -99.000    27.9    27.8    27.2    25.7 -9999.0
03728 20180601  2.622  -79.36   33.15    33.0    23.7    28.4    27.5     0.0    26.48 C    47.6    22.7    31.7    92.7    42.1    74.0   0.090   0.107   0.111   0.156 -99.000    29.0    28.7    27.9    25.9 -9999.0
03728 20180602  2.622  -79.36   33.15    31.9    20.5    26.2    25.2     1.1    23.79 C    49.5    19.5    30.0    92.0    49.9    73.2   0.077   0.095   0.105   0.153 -99.000    28.7    28.6    28.0    26.3 -9999.0
03728 20180603  2.622  -79.36   33.15    30.6    20.7    25.7    25.5     0.0    19.74 C    45.6    21.3    29.5    92.4    69.9    83.7   0.069   0.084   0.099   0.151 -99.000    28.6    28.3    27.8    26.4 -9999.0
03728 20180604  2.622  -79.36   33.15    30.7    22.4    26.6    26.2     0.0    20.58 C    49.9    20.0    29.9    92.4    51.2    75.6   0.062   0.073   0.094   0.149 -99.000    28.7    28.6    28.1    26.5 -9999.0
03728 20180605  2.622  -79.36   33.15    29.0    21.2    25.1    24.6     0.0    20.97 C    47.3    18.8    28.7    95.4    51.3    75.6   0.054   0.062   0.088   0.147 -99.000    27.9    27.8    27.4    26.4 -9999.0
03728 20180606  2.622  -79.36   33.15    30.5    19.4    24.9    25.1     0.0    27.29 C    52.6    16.9    30.5    92.2    42.7    70.2   0.048   0.051   0.080   0.145 -99.000    28.2    28.0    27.5    26.2 -9999.0
03728 20180607  2.622  -79.36   33.15    29.7    20.7    25.2    25.2     0.0    26.50 C    50.8    18.3    30.7    92.1    50.6    75.8   0.042   0.042   0.070   0.143 -99.000    28.4    28.1    27.6    26.3 -9999.0
03728 20180608  2.622  -79.36   33.15    27.6    21.3    24.4    23.4    34.1     7.85 C    38.6    18.4    24.2    95.1    73.7    90.6   0.082   0.093   0.087   0.142 -99.000    26.4    26.6    26.7    26.2 -9999.0
03728 20180609  2.622  -79.36   33.15    28.3    21.4    24.8    24.7     0.0    20.97 C    39.6    20.7    27.5    96.1    70.3    83.7   0.112   0.131   0.133   0.142 -99.000    27.2    27.1    26.7    25.8 -9999.0
03728 20180610  2.622  -79.36   33.15    30.1    21.9    26.0    25.8     0.0    20.62 C    42.3    21.5    28.4    95.1    60.5    81.1   0.097   0.116   0.120   0.149 -99.000    28.0    27.8    27.3    26.1 -9999.0
03728 20180611  2.622  -79.36   33.15    30.4    23.4    26.9    26.7     0.0    26.25 C    44.2    22.5    30.7    88.3    61.4    76.3   0.085   0.105   0.111   0.150 -99.000    28.9    28.7    28.0    26.4 -9999.0
03728 20180612  2.622  -79.36   33.15    26.8    22.2    24.5    23.9     2.0     9.48 C    40.0    22.7    26.4    93.3    76.9    88.4   0.077   0.098   0.105   0.149 -99.000    27.9    27.9    27.7    26.8 -9999.0
03728 20180613  2.622  -79.36   33.15    28.8    21.5    25.2    24.1    10.0    14.96 C    41.9    22.6    27.2    94.7    65.3    87.3   0.091   0.110   0.104   0.147 -99.000    27.7    27.7    27.3    26.4 -9999.0
03728 20180614  2.622  -79.36   33.15    30.6    22.2    26.4    25.5     1.2    23.80 C    40.4    21.6    28.5    94.1    60.8    83.6   0.106   0.124   0.114   0.146 -99.000    28.4    28.3    27.8    26.5 -9999.0
03728 20180615  2.622  -79.36   33.15    31.8    21.8    26.8    25.8    10.2    21.57 C    41.3    22.5    28.9    94.3    60.9    83.2   0.107   0.123   0.112   0.145 -99.000    28.9    28.9    28.3    26.9 -9999.0
03728 20180616  2.622  -79.36   33.15    29.8    21.9    25.9    25.6     0.0    21.35 C    38.4    22.3    28.4    95.1    69.1    84.7   0.115   0.131   0.124   0.146 -99.000    29.1    29.0    28.5    27.1 -9999.0
03728 20180617  2.622  -79.36   33.15    30.2    22.9    26.5    26.7     0.0    24.23 C    41.9    22.1    29.7    95.4    68.2    82.1   0.095   0.115   0.115   0.147 -99.000    29.6    29.4    28.8    27.3 -9999.0
03728 20180618  2.622  -79.36   33.15    30.7    23.7    27.2    27.3     0.0    24.21 C    43.7    22.9    30.6    92.5    66.5    78.7   0.082   0.102   0.107   0.148 -99.000    29.9    29.8    29.2    27.6 -9999.0
03728 20180619  2.622  -79.36   33.15    32.3    23.9    28.1    27.8     0.0    23.99 C    49.1    23.1    31.8    93.5    61.1    79.2   0.069   0.087   0.100   0.147 -99.000    30.0    29.9    29.3    27.8 -9999.0
03728 20180620  2.622  -79.36   33.15    33.9    24.9    29.4    28.6     0.0    26.55 C    52.1    23.9    34.0    91.3    54.0    78.9   0.058   0.069   0.093   0.145 -99.000    30.4    30.3    29.6    27.9 -9999.0
03728 20180621  2.622  -79.36   33.15    34.8    25.7    30.2    29.7     0.0    25.94 C    54.4    24.7    35.2    93.5    43.8    71.7   0.049   0.053   0.083   0.144 -99.000    30.9    30.7    30.0    28.2 -9999.0
03728 20180622  2.622  -79.36   33.15    32.9    25.6    29.2    28.7     0.0    22.24 C    53.9    24.4    33.4    87.0    56.0    74.9   0.042   0.043   0.072   0.142 -99.000    30.6    30.6    30.0    28.3 -9999.0
03728 20180623  2.622  -79.36   33.15    32.8    24.7    28.7    28.6     0.0    22.92 C    51.6    23.5    33.5    89.1    57.6    75.1   0.034   0.037   0.061   0.140 -99.000    30.5    30.4    29.8    28.2 -9999.0
03728 20180624  2.622  -79.36   33.15    35.0    21.2    28.1    28.8     2.9    25.03 C    55.9    22.4    34.7    88.1    46.4    73.1   0.023   0.034   0.053   0.137 -99.000    30.8    30.5    29.8    28.2 -9999.0
03728 20180625  2.622  -79.36   33.15    32.1    21.1    26.6    25.8     0.5    23.15 C    48.5    22.0    31.1    93.3    65.4    80.4   0.019   0.032   0.047   0.134 -99.000    30.5    30.3    29.7    28.2 -9999.0
03728 20180626  2.622  -79.36   33.15    29.6    22.0    25.8    25.6     0.0    20.19 C    50.5    22.9    31.2    91.0    63.9    79.3   0.019   0.031   0.045   0.132 -99.000    30.1    29.9    29.4    28.2 -9999.0
03728 20180627  2.622  -79.36   33.15    30.5    21.9    26.2    25.1     7.9    19.02 C    53.7    20.8    30.2    91.6    66.7    82.1   0.032   0.045   0.042   0.129 -99.000    29.5    29.4    29.1    28.0 -9999.0
03728 20180628  2.622  -79.36   33.15    32.6    21.2    26.9    26.4     0.0    21.77 C    45.5    21.6    29.9    92.7    58.7    78.8   0.068   0.072   0.041   0.126 -99.000    29.5    29.3    28.8    27.8 -9999.0
03728 20180629  2.622  -79.36   33.15    31.5    23.9    27.7    27.3     0.0    26.93 C    49.9    23.4    32.9    92.5    55.9    77.4   0.053   0.052   0.042   0.124 -99.000    30.9    30.5    29.7    28.0 -9999.0
03728 20180630  2.622  -79.36   33.15    31.3    23.4    27.4    27.2     0.0    25.23 C    52.4    22.0    33.1    95.0    56.9    78.7   0.040   0.038   0.040   0.119 -99.000    30.8    30.5    29.9    28.2 -9999.0
03728 20180701  2.622  -79.36   33.15    32.0    23.8    27.9    27.5     0.0    20.71 C    54.9    22.3    32.3    95.3    57.4    78.8   0.019   0.032   0.037   0.116 -99.000    30.7    30.5    29.8    28.2 -9999.0
03728 20180702  2.622  -79.36   33.15    32.1    23.6    27.9    27.2     0.0    20.83 C    52.5    21.6    32.1    95.4    56.6    80.2   0.007   0.029   0.035   0.113 -99.000    30.5    30.2    29.6    28.2 -9999.0
03728 20180703  2.622  -79.36   33.15    32.5    23.7    28.1    27.5     0.0    23.73 C    55.2    21.9    33.1    95.1    52.5    76.5   0.001   0.027   0.034   0.110 -99.000    30.6    30.2    29.6    28.2 -9999.0
03728 20180704  2.622  -79.36   33.15    30.3    23.4    26.9    25.9    11.9    15.53 C    40.7    21.7    28.0    93.8    62.1    84.0   0.048   0.070   0.034   0.108 -99.000    29.6    29.6    29.3    28.1 -9999.0
03728 20180705  2.622  -79.36   33.15    30.8    23.2    27.0    26.6     0.0    22.00 C    44.7    22.4    30.0    95.3    61.3    80.5   0.072   0.081   0.044   0.109 -99.000    29.7    29.5    29.1    27.9 -9999.0
03728 20180706  2.622  -79.36   33.15    30.6    23.1    26.9    26.1    10.2    18.26 C    44.5    22.5    28.9    94.7    57.7    83.3   0.085   0.094   0.049   0.109 -99.000    29.6    29.5    29.2    28.0 -9999.0
03728 20180707  2.622  -79.36   33.15    30.7    21.4    26.1    24.5    68.6    10.33 C    41.5    21.7    26.2    94.5    65.7    88.7   0.116   0.132   0.102   0.131 -99.000    27.3    27.5    27.8    27.9 -9999.0
03728 20180708  2.622  -79.36   33.15    29.2    20.4    24.8    24.6     0.0    16.94 C    39.6    20.1    27.1    92.3    63.8    76.7   0.104   0.122   0.123   0.163 -99.000    27.2    27.3    27.1    27.0 -9999.0
03728 20180709  2.622  -79.36   33.15    30.5    19.1    24.8    24.8     0.0    23.92 C    44.1    17.9    27.7    86.9    41.0    65.2   0.090   0.109   0.111   0.156 -99.000    28.4    28.4    28.0    27.2 -9999.0
03728 20180710  2.622  -79.36   33.15    32.4    17.7    25.0    25.2     0.0    26.52 C    47.2    16.3    28.6    83.7    36.1    63.3   0.081   0.097   0.104   0.152 -99.000    28.3    28.2    28.0    27.3 -9999.0
03728 20180711  2.622  -79.36   33.15    33.8    22.4    28.1    28.2     0.0    24.66 C    48.7    20.1    31.4    86.5    33.9    67.5   0.071   0.082   0.097   0.149 -99.000    29.4    29.2    28.7    27.5 -9999.0
03728 20180712  2.622  -79.36   33.15    32.5    23.9    28.2    27.9     0.2    23.22 C    50.1    22.8    32.2    92.6    60.0    77.9   0.063   0.067   0.090   0.147 -99.000    30.2    30.0    29.4    27.9 -9999.0
03728 20180713  2.622  -79.36   33.15    30.0    23.7    26.9    26.2     0.5    14.63 C    43.9    23.0    29.1    93.5    69.5    84.0   0.056   0.057   0.084   0.145 -99.000    29.6    29.6    29.3    28.1 -9999.0
03728 20180714  2.622  -79.36   33.15    30.2    23.0    26.6    26.5     0.0    23.60 C    48.5    20.8    31.1    93.2    61.6    78.5   0.051   0.051   0.077   0.143 -99.000    29.7    29.7    29.1    28.1 -9999.0
03728 20180715  2.622  -79.36   33.15    30.7    21.0    25.8    25.7     0.0    24.84 C    49.9    18.8    30.2    95.2    51.9    73.8   0.045   0.044   0.067   0.141 -99.000    29.6    29.4    29.1    28.1 -9999.0
03728 20180716  2.622  -79.36   33.15    30.8    20.8    25.8    26.0     0.3    16.81 C    47.4    18.7    29.0    94.1    46.2    74.3   0.038   0.037   0.058   0.139 -99.000    28.9    28.8    28.7    28.0 -9999.0
03728 20180717  2.622  -79.36   33.15    32.0    23.3    27.7    26.3     6.1    18.24 C    48.3    23.5    29.4    92.0    60.3    83.8   0.032   0.036   0.053   0.138 -99.000    29.5    29.4    29.0    27.9 -9999.0
03728 20180718  2.622  -79.36   33.15    31.6    23.7    27.6    26.0     0.8    14.84 C    42.4    23.2    28.4    93.6    65.4    84.6   0.040   0.042   0.051   0.136 -99.000    29.1    29.2    28.9    27.9 -9999.0
03728 20180719  2.622  -79.36   33.15    29.7    23.2    26.5    25.8    34.6    11.53 C    38.7    23.3    27.2    94.6    66.4    84.4   0.075   0.081   0.060   0.135 -99.000    28.2    28.4    28.3    27.9 -9999.0
03728 20180720  2.622  -79.36   33.15    25.6    22.8    24.2    24.2   163.2     3.80 C    29.7    23.5    25.0    94.9    90.8    93.6   0.215   0.216   0.206   0.233 -99.000    25.8    25.9    26.2    27.1 -9999.0
03728 20180721  2.622  -79.36   33.15    31.0    22.6    26.8    26.1     0.0    20.79 C    40.3    23.3    28.6    93.7    58.4    81.0   0.196   0.201   0.225   0.322 -99.000    28.0    27.8    27.2    26.5 -9999.0
03728 20180722  2.622  -79.36   33.15    31.3    21.6    26.5    26.6     0.6    25.84 C    40.4    23.4    29.6    93.2    59.4    80.4   0.160   0.170   0.202   0.324 -99.000    29.2    29.2    28.5    27.3 -9999.0
03728 20180723  2.622  -79.36   33.15    29.7    20.8    25.2    25.7    10.9    19.55 C    38.4    22.0    28.4    94.7    64.9    81.7   0.169   0.178   0.207   0.327 -99.000    28.9    29.0    28.6    27.7 -9999.0
03728 20180724  2.622  -79.36   33.15    29.7    23.0    26.3    25.5     6.4    14.79 C    38.1    24.1    27.8    94.7    73.6    85.9   0.165   0.175   0.206   0.329 -99.000    28.9    28.9    28.6    27.8 -9999.0
03728 20180725  2.622  -79.36   33.15    30.3    21.3    25.8    25.2    28.1    19.37 C    39.8    22.0    28.1    95.1    64.1    84.7   0.199   0.207   0.239   0.333 -99.000    28.9    28.9    28.7    27.9 -9999.0
03728 20180726  2.622  -79.36   33.15    30.2    22.9    26.6    25.3     3.1    11.91 C    38.8    23.4    27.3    95.2    67.6    90.5   0.232   0.237   0.279   0.336 -99.000    28.5    28.6    28.4    27.9 -9999.0
03728 20180727  2.622  -79.36   33.15    29.8    23.6    26.7    26.4     6.2     8.63 C    34.3    24.1    27.0    94.3    76.8    86.8   0.228   0.234   0.283   0.338 -99.000    28.1    28.1    28.1    27.8 -9999.0
03728 20180728  2.622  -79.36   33.15    31.1    24.0    27.5    27.6     0.0    23.13 C    39.5    23.9    29.7    94.6    63.8    80.9   0.204   0.213   0.275   0.339 -99.000    29.6    29.5    28.9    27.8 -9999.0
03728 20180729  2.622  -79.36   33.15    28.3    22.6    25.4    25.5    85.3     9.76 C    35.7    22.7    26.9    94.7    68.4    85.5   0.209   0.215   0.264   0.341 -99.000    28.5    28.7    28.7    28.1 -9999.0
03728 20180730  2.622  -79.36   33.15    29.5    22.6    26.1    25.3    51.4    12.89 C    35.1    23.0    26.8    94.9    72.6    87.7   0.396   0.359   0.322   0.344 -99.000    27.7    27.7    27.7    27.7 -9999.0
03728 20180731  2.622  -79.36   33.15    30.1    24.0    27.1    27.1     5.2    22.29 C    37.3    24.4    28.9    93.5    64.2    79.8   0.395   0.359   0.327   0.345 -99.000    29.6    29.3    28.8    27.7 -9999.0
03728 20180801  2.622  -79.36   33.15    29.8    23.9    26.9    27.2     4.2    14.87 C    34.9    24.8    28.2    93.5    69.4    80.0   0.393   0.357   0.327   0.344 -99.000    29.3    29.4    29.1    28.0 -9999.0
03728 20180802  2.622  -79.36   33.15    29.9    23.9    26.9    27.1     2.1    12.11 C    35.5    25.0    27.9    90.7    69.3    81.2   0.391   0.356   0.327   0.344 -99.000    29.0    29.1    28.9    28.2 -9999.0
03728 20180803  2.622  -79.36   33.15    28.4    21.9    25.1    24.6    41.5    10.59 C    32.6    22.8    26.0    94.5    71.4    88.2   0.397   0.358   0.326   0.345 -99.000    28.0    28.1    28.2    28.0 -9999.0
03728 20180804  2.622  -79.36   33.15    30.5    22.8    26.6    26.2     3.9    20.11 C    37.7    23.9    28.3    94.9    63.1    84.6   0.398   0.358   0.323   0.345 -99.000    29.1    28.9    28.5    27.8 -9999.0
03728 20180805  2.622  -79.36   33.15    31.4    23.1    27.2    26.6     0.0    19.76 C    38.0    23.7    28.8    94.9    57.4    81.7   0.395   0.355   0.321   0.344 -99.000    29.7    29.6    29.1    28.0 -9999.0
03728 20180806  2.622  -79.36   33.15    31.8    23.4    27.6    27.2     0.0    20.26 C    39.6    24.0    29.2    93.9    60.4    79.7   0.380   0.347   0.318   0.344 -99.000    30.2    30.0    29.5    28.3 -9999.0
03728 20180807  2.622  -79.36   33.15    31.2    22.5    26.8    27.0     0.0    25.32 C    40.0    23.4    29.8    93.6    55.5    76.4   0.332   0.321   0.313   0.343 -99.000    30.4    30.3    29.9    28.5 -9999.0
03728 20180808  2.622  -79.36   33.15    33.8    25.3    29.6    28.8     0.0    24.69 C    42.4    25.2    30.9    88.6    49.9    73.8   0.276   0.289   0.303   0.342 -99.000    30.9    30.8    30.3    28.8 -9999.0
03728 20180809  2.622  -79.36   33.15    32.8    22.4    27.6    27.2    12.3    22.62 C    41.5    22.9    30.2    94.5    52.6    77.3   0.316   0.315   0.312   0.343 -99.000    30.8    30.8    30.3    29.1 -9999.0
03728 20180810  2.622  -79.36   33.15    33.0    22.7    27.8    27.4     0.0    25.35 C    41.8    23.5    30.6    89.3    48.9    75.7   0.261   0.283   0.301   0.341 -99.000    31.1    31.0    30.5    29.2 -9999.0
03728 20180811  2.622  -79.36   33.15    31.1    24.9    28.0    27.5     2.0    21.05 C    40.2    25.4    30.0    93.2    59.9    79.6   0.225   0.245   0.282   0.341 -99.000    31.0    31.0    30.6    29.4 -9999.0
03728 20180812  2.622  -79.36   33.15    31.7    24.0    27.9    27.7     1.0    17.86 C    40.5    24.9    29.7    89.6    62.5    79.5   0.206   0.221   0.264   0.340 -99.000    30.8    30.8    30.4    29.4 -9999.0
03728 20180813  2.622  -79.36   33.15    30.1    22.8    26.4    26.3     0.0    13.89 C    37.0    24.1    28.1    91.6    69.2    81.9   0.194   0.205   0.245   0.341 -99.000    29.9    30.0    29.8    29.3 -9999.0
03728 20180814  2.622  -79.36   33.15    30.9    23.2    27.1    26.8     0.0    20.46 C    39.7    23.1    29.0    92.1    56.4    79.3   0.183   0.192   0.222   0.341 -99.000    30.1    30.1    29.7    29.0 -9999.0
03728 20180815  2.622  -79.36   33.15    30.6    23.3    27.0    27.0     0.0    23.83 C    39.8    23.4    29.9    92.3    64.9    80.1   0.173   0.181   0.198   0.342 -99.000    30.5    30.5    30.1    29.1 -9999.0
03728 20180816  2.622  -79.36   33.15    31.5    23.6    27.5    27.6     0.0    20.98 C    41.5    23.8    29.9    89.2    59.0    76.6   0.166   0.171   0.180   0.338 -99.000    30.8    30.7    30.3    29.2 -9999.0
03728 20180817  2.622  -79.36   33.15    32.1    24.9    28.5    28.1     0.0    24.15 C    40.1    24.4    30.3    93.3    58.9    77.3   0.159   0.164   0.168   0.328 -99.000    31.0    30.9    30.5    29.4 -9999.0
03728 20180818  2.622  -79.36   33.15    31.2    21.9    26.6    27.2     1.8    20.42 C    40.1    22.9    29.4    90.6    61.9    75.9   0.152   0.158   0.159   0.310 -99.000    30.7    30.7    30.4    29.4 -9999.0
03728 20180819  2.622  -79.36   33.15    30.2    22.4    26.3    26.2     1.5    12.78 C    37.3    23.9    28.0    92.8    68.5    83.7   0.151   0.156   0.155   0.297 -99.000    29.8    29.9    29.8    29.2 -9999.0
03728 20180820  2.622  -79.36   33.15    31.7    24.1    27.9    27.7     0.0    23.81 C    42.2    24.0    30.1    90.2    58.7    75.3   0.145   0.151   0.149   0.284 -99.000    30.5    30.5    30.0    29.1 -9999.0
03728 20180821  2.622  -79.36   33.15    31.9    25.3    28.6    28.1     0.0    20.22 C    42.3    24.8    30.1    91.9    57.1    76.7   0.137   0.145   0.142   0.266 -99.000    30.5    30.5    30.2    29.3 -9999.0
03728 20180822  2.622  -79.36   33.15    30.8    24.6    27.7    27.1     2.1    20.58 C    41.5    23.9    29.7    93.0    63.5    80.6   0.131   0.140   0.136   0.248 -99.000    30.3    30.4    30.1    29.2 -9999.0
03728 20180823  2.622  -79.36   33.15    29.6    23.1    26.3    25.8     0.0    22.24 C    40.2    22.6    28.7    94.5    54.9    76.7   0.127   0.135   0.132   0.231 -99.000    30.1    30.2    30.0    29.1 -9999.0
03728 20180824  2.622  -79.36   33.15    28.7    19.9    24.3    24.9     0.0    23.36 C    40.5    19.9    27.8    88.4    62.8    74.8   0.121   0.130   0.127   0.215 -99.000    29.5    29.5    29.4    28.9 -9999.0
03728 20180825  2.622  -79.36   33.15    30.0    22.4    26.2    25.9     0.0    21.90 C    42.4    22.2    28.8    93.6    58.5    79.3   0.114   0.124   0.123   0.202 -99.000    29.7    29.7    29.5    28.8 -9999.0
03728 20180826  2.622  -79.36   33.15    30.4    23.0    26.7    25.8     0.0    21.05 C    43.3    21.7    28.7    95.0    55.9    83.5   0.107   0.118   0.119   0.193 -99.000    29.7    29.6    29.4    28.8 -9999.0
03728 20180827  2.622  -79.36   33.15    30.0    22.1    26.0    25.9     0.0    23.48 C    45.5    20.8    29.6    95.2    64.9    82.7   0.096   0.109   0.114   0.186 -99.000    29.9    29.7    29.5    28.7 -9999.0
03728 20180828  2.622  -79.36   33.15    29.0    23.3    26.1    25.5    31.5    14.90 C    39.5    21.9    27.2    94.8    69.1    85.7   0.122   0.138   0.132   0.189 -99.000    29.4    29.3    29.2    28.6 -9999.0
03728 20180829  2.622  -79.36   33.15    31.4    21.9    26.7    26.5     0.0    21.00 C    42.2    21.4    28.7    95.1    56.2    79.5   0.127   0.138   0.133   0.196 -99.000    29.6    29.4    29.2    28.4 -9999.0
03728 20180830  2.622  -79.36   33.15    31.4    23.5    27.5    26.8     0.0    22.11 C    41.6    22.5    29.1    95.1    59.5    79.8   0.116   0.128   0.125   0.191 -99.000    30.0    29.8    29.5    28.5 -9999.0
03728 20180831  2.622  -79.36   33.15    31.1    22.9    27.0    26.7     0.0    23.75 C    41.9    21.7    29.2    95.1    57.9    79.0   0.105   0.119   0.119   0.186 -99.000    30.2    29.9    29.6    28.7 -9999.0
03728 20180901  2.622  -79.36   33.15    31.1    23.3    27.2    26.8     0.0    22.01 C    43.0    21.9    29.3    95.2    61.6    81.3   0.094   0.108   0.113   0.181 -99.000    30.2    30.0    29.7    28.7 -9999.0
03728 20180902  2.622  -79.36   33.15    30.7    23.8    27.3    27.1     0.0    19.16 C    42.3    22.2    29.2    94.6    61.7    80.3   0.082   0.096   0.108   0.177 -99.000    30.1    29.9    29.7    28.8 -9999.0
03728 20180903  2.622  -79.36   33.15    30.2    24.0    27.1    26.9     0.0    14.07 C    38.1    22.2    28.1    94.6    65.0    82.6   0.073   0.084   0.104   0.173 -99.000    29.6    29.5    29.4    28.7 -9999.0
03728 20180904  2.622  -79.36   33.15    30.8    23.5    27.2    26.7     0.0    16.73 C    43.4    21.4    28.4    95.1    61.8    83.0   0.069   0.075   0.100   0.169 -99.000    29.3    29.2    29.0    28.4 -9999.0
03728 20180905  2.622  -79.36   33.15    30.9    23.5    27.2    26.3     6.7    19.01 C    42.4    21.7    28.1    95.0    64.4    85.1   0.066   0.070   0.096   0.167 -99.000    29.4    29.3    29.1    28.4 -9999.0
03728 20180906  2.622  -79.36   33.15    31.1    23.7    27.4    26.4     2.0    17.60 C    40.7    22.2    28.2    95.0    58.3    83.2   0.065   0.073   0.094   0.164 -99.000    29.3    29.2    29.0    28.4 -9999.0
03728 20180907  2.622  -79.36   33.15    30.5    22.8    26.7    25.9     1.3    18.74 C    41.9    22.1    28.0    94.7    62.5    83.1   0.065   0.070   0.091   0.162 -99.000    29.2    29.1    29.0    28.3 -9999.0
03728 20180908  2.622  -79.36   33.15    30.4    22.5    26.5    26.0     4.6    19.11 C    40.8    21.7    28.2    94.8    63.6    82.9   0.064   0.071   0.088   0.159 -99.000    29.3    29.2    29.0    28.3 -9999.0
03728 20180909  2.622  -79.36   33.15    30.2    22.8    26.5    26.4     1.8    19.48 C    41.0    22.8    28.8    94.4    65.1    81.0   0.065   0.074   0.086   0.158 -99.000    29.6    29.5    29.2    28.4 -9999.0
03728 20180910  2.622  -79.36   33.15    30.9    23.4    27.1    26.5     0.0    17.83 C    41.9    22.4    28.8    95.0    62.0    81.3   0.065   0.069   0.082   0.157 -99.000    29.6    29.5    29.3    28.5 -9999.0
03728 20180911  2.622  -79.36   33.15    30.0    23.5    26.8    25.9     6.1    11.07 C    37.0    22.5    27.3    94.8    69.5    88.1   0.066   0.080   0.080   0.156 -99.000    29.1    29.1    29.0    28.4 -9999.0
03728 20180912  2.622  -79.36   33.15    31.1    23.7    27.4    26.6     9.1    18.59 C    40.4    23.1    28.6    94.8    60.2    83.4   0.102   0.128   0.091   0.155 -99.000    29.4    29.3    29.0    28.3 -9999.0
03728 20180913  2.622  -79.36   33.15    29.4    23.6    26.5    26.0     0.0    10.37 C    37.0    23.5    26.7    91.6    68.4    80.1   0.110   0.126   0.105   0.153 -99.000    28.6    28.7    28.7    28.3 -9999.0
03728 20180914  2.622  -79.36   33.15    27.4    22.5    25.0    25.0    47.8     2.93 C    26.7    22.4    24.3    91.6    69.3    81.1   0.124   0.139   0.119   0.153 -99.000    26.8    27.0    27.5    28.0 -9999.0
03728 20180915  2.622  -79.36   33.15    24.5    22.5    23.5    23.5    59.2     1.55 C    24.4    22.3    23.5    93.3    88.8    92.1   0.171   0.186   0.194   0.252 -99.000    25.0    25.1    25.6    26.9 -9999.0
03728 20180916  2.622  -79.36   33.15    30.5    24.0    27.2    26.8    85.3    11.97 C    38.5    23.7    27.1    91.8    70.8    83.7   0.242   0.241   0.260   0.318 -99.000    26.7    26.6    26.5    26.5 -9999.0
03728 20180917  2.622  -79.36   33.15    29.2    24.6    26.9    26.7     0.3    10.48 C    34.1    24.8    27.0    90.6    68.3    84.0   0.397   0.355   0.310   0.324 -99.000    27.2    27.2    27.1    26.8 -9999.0
03728 20180918  2.622  -79.36   33.15    31.3    23.2    27.3    27.3     9.8    17.79 C    36.5    23.9    28.6    92.9    69.8    83.5   0.396   0.354   0.314   0.328 -99.000    28.6    28.4    27.9    27.0 -9999.0
03728 20180919  2.622  -79.36   33.15    31.7    23.6    27.7    26.6     0.0    18.11 C    37.8    23.1    28.3    95.1    53.7    82.3   0.393   0.351   0.316   0.331 -99.000    29.1    28.9    28.6    27.6 -9999.0
03728 20180920  2.622  -79.36   33.15    30.7    22.8    26.7    26.1     0.0    18.64 C    37.0    22.2    27.6    96.2    55.5    79.0   0.382   0.348   0.315   0.333 -99.000    28.9    28.8    28.5    27.8 -9999.0
03728 20180921  2.622  -79.36   33.15    29.0    21.7    25.3    24.9     0.0    19.35 C    38.6    20.8    26.9    93.9    57.4    77.9   0.333   0.328   0.311   0.335 -99.000    28.4    28.5    28.4    27.8 -9999.0
03728 20180922  2.622  -79.36   33.15    29.6    20.3    25.0    24.1     0.0    19.88 C    39.6    19.6    26.4    95.2    56.1    80.1   0.277   0.293   0.302   0.336 -99.000    28.0    27.9    27.9    27.7 -9999.0
03728 20180923  2.622  -79.36   33.15    29.5    20.3    24.9    23.5     3.4    11.34 C    39.3    20.4    25.3    94.4    62.8    85.8   0.248   0.265   0.290   0.338 -99.000    27.3    27.3    27.4    27.5 -9999.0
03728 20180924  2.622  -79.36   33.15    29.1    21.5    25.3    24.9     0.0    14.01 C    39.4    21.2    26.7    94.6    68.1    84.0   0.229   0.241   0.280   0.339 -99.000    27.5    27.5    27.4    27.3 -9999.0
03728 20180925  2.622  -79.36   33.15    30.2    22.0    26.1    25.1     0.5    10.54 C    41.0    21.1    26.8    94.9    67.4    87.1   0.211   0.217   0.265   0.339 -99.000    27.7    27.7    27.6    27.2 -9999.0
03728 20180926  2.622  -79.36   33.15    30.8    21.8    26.3    26.2     0.0    18.10 C    41.7    21.1    28.1    94.4    58.8    79.9   0.198   0.202   0.247   0.339 -99.000    28.3    28.2    27.9    27.4 -9999.0
03728 20180927  2.622  -79.36   33.15    31.0    21.5    26.2    26.9     0.0    17.69 C    41.4    21.8    28.8    92.8    64.4    80.0   0.186   0.188   0.223   0.339 -99.000    28.7    28.6    28.4    27.6 -9999.0
03728 20180928  2.622  -79.36   33.15    31.7    22.8    27.2    26.8     8.4    16.48 C    41.4    24.0    28.8    95.4    56.5    81.1   0.183   0.185   0.208   0.340 -99.000    29.1    29.0    28.7    27.8 -9999.0
03728 20180929  2.622  -79.36   33.15    29.9    21.5    25.7    23.9     4.6     8.37 C    39.1    22.3    26.0    96.0    64.9    90.0   0.192   0.195   0.218   0.343 -99.000    28.1    28.2    28.2    27.9 -9999.0
03728 20180930  2.622  -79.36   33.15    28.4    20.8    24.6    24.0     0.0    15.20 C    37.4    20.7    25.8    95.2    61.4    81.8   0.184   0.186   0.208   0.344 -99.000    27.6    27.6    27.7    27.6 -9999.0
03728 20181001  2.622  -79.36   33.15    28.7    20.5    24.6    23.7     0.0    15.21 C    36.6    20.1    25.1    93.1    56.3    80.6   0.174   0.176   0.193   0.342 -99.000    27.0    27.1    27.2    27.3 -9999.0
03728 20181002  2.622  -79.36   33.15    29.3    20.1    24.7    24.0     0.0    17.97 C    38.8    19.1    25.6    94.9    56.1    81.0   0.168   0.169   0.179   0.337 -99.000    27.2    27.1    27.1    27.0 -9999.0
03728 20181003  2.622  -79.36   33.15    29.1    20.1    24.6    24.0     0.0    19.11 C    38.8    18.8    25.7    95.5    55.2    79.9   0.162   0.163   0.168   0.322 -99.000    27.3    27.2    27.2    27.0 -9999.0
03728 20181004  2.622  -79.36   33.15    29.9    20.0    24.9    24.4     0.0    15.21 C    39.3    19.2    25.6    94.9    51.8    79.5   0.157   0.158   0.159   0.305 -99.000    27.2    27.1    27.1    26.9 -9999.0
03728 20181005  2.622  -79.36   33.15    31.8    21.8    26.8    25.9     0.0    17.48 C    40.3    20.6    27.1    89.5    48.5    75.6   0.153   0.153   0.153   0.289 -99.000    27.7    27.6    27.4    26.9 -9999.0
03728 20181006  2.622  -79.36   33.15    31.4    23.2    27.3    26.1     0.0    17.41 C    40.7    21.7    27.8    94.9    54.6    80.3   0.147   0.148   0.146   0.272 -99.000    28.4    28.3    28.0    27.1 -9999.0
03728 20181007  2.622  -79.36   33.15    30.0    21.9    26.0    25.3     0.0    13.75 C    38.4    20.4    26.1    95.5    63.0    84.2   0.142   0.144   0.141   0.256 -99.000    27.7    27.6    27.6    27.2 -9999.0
03728 20181008  2.622  -79.36   33.15    30.1    22.9    26.5    26.0     0.0    14.61 C    37.7    21.4    26.3    94.9    59.7    77.7   0.138   0.140   0.136   0.241 -99.000    27.5    27.5    27.5    27.1 -9999.0
03728 20181009  2.622  -79.36   33.15    29.3    24.1    26.7    26.5    12.7    11.85 C    35.6    22.8    26.4    90.3    65.2    74.5   0.147   0.148   0.137   0.230 -99.000    27.3    27.2    27.2    27.0 -9999.0
03728 20181010  2.622  -79.36   33.15    28.6    24.4    26.5    26.1    19.5     7.80 C    34.3    24.2    26.5    91.9    79.7    88.8   0.172   0.172   0.155   0.250 -99.000    27.4    27.3    27.3    26.9 -9999.0
03728 20181011  2.622  -79.36   33.15    28.6    23.5    26.0    26.9     2.3     7.38 C    33.6    21.5    26.2    88.6    67.4    77.6   0.165   0.167   0.160   0.279 -99.000    27.2    27.2    27.2    26.9 -9999.0
03728 20181012  2.622  -79.36   33.15    25.3    15.9    20.6    20.1     0.0    18.95 C    33.1    14.8    21.5    91.8    40.5    69.9   0.157   0.158   0.153   0.273 -99.000    25.9    26.0    26.3    26.7 -9999.0
03728 20181013  2.622  -79.36   33.15    26.6    14.3    20.5    19.7     0.0    18.13 C    34.0    13.1    20.8    92.4    41.7    73.4   0.149   0.151   0.146   0.261 -99.000    24.7    24.7    25.2    26.1 -9999.0
03728 20181014  2.622  -79.36   33.15    27.8    15.6    21.7    21.0     0.0    14.47 C    35.8    14.8    22.0    93.1    48.1    78.5   0.143   0.144   0.140   0.247 -99.000    24.7    24.7    25.0    25.6 -9999.0
03728 20181015  2.622  -79.36   33.15    28.6    19.7    24.1    24.0     0.0    15.26 C    36.4    18.6    25.0    95.0    60.2    80.5   0.137   0.140   0.135   0.233 -99.000    25.8    25.6    25.6    25.5 -9999.0
03728 20181016  2.622  -79.36   33.15    30.9    20.9    25.9    25.5     0.0    14.78 C    37.1    19.2    26.0    95.3    57.1    82.1   0.134   0.136   0.131   0.221 -99.000    26.6    26.4    26.3    25.8 -9999.0
03728 20181017  2.622  -79.36   33.15    29.4    21.3    25.3    25.0     3.1    10.90 C    36.4    20.5    25.8    94.1    64.6    85.0   0.134   0.135   0.129   0.210 -99.000    27.0    26.9    26.7    26.2 -9999.0
03728 20181018  2.622  -79.36   33.15    21.6    13.5    17.5    18.2     0.0    14.87 C    30.4    12.8    19.6    91.6    41.4    61.0   0.131   0.132   0.126   0.202 -99.000    24.9    25.0    25.5    26.0 -9999.0
03728 20181019  2.622  -79.36   33.15    24.7    12.0    18.4    18.4     0.0    11.95 C    31.6    11.9    19.6    93.8    64.7    80.7   0.126   0.129   0.123   0.196 -99.000    23.4    23.6    24.1    25.2 -9999.0
03728 20181020  2.622  -79.36   33.15    28.2    19.0    23.6    22.2     0.9     9.71 C    34.4    17.6    22.8    93.9    60.7    84.1   0.123   0.127   0.121   0.191 -99.000    24.5    24.4    24.6    24.9 -9999.0
03728 20181021  2.622  -79.36   33.15    19.0     7.4    13.2    13.6     0.0    18.05 C    27.0     6.0    15.0    87.7    33.6    64.2   0.118   0.124   0.119   0.186 -99.000    22.5    22.8    23.6    24.8 -9999.0
03728 20181022  2.622  -79.36   33.15    21.0     6.3    13.6    13.3     0.0    17.06 C    30.1     5.2    14.6    90.6    43.0    73.4   0.113   0.120   0.116   0.181 -99.000    20.5    20.8    21.6    23.7 -9999.0
03728 20181023  2.622  -79.36   33.15    23.7    12.6    18.1    17.4     0.0     9.71 C    30.3    11.7    18.4    91.2    55.7    79.5   0.110   0.118   0.114   0.177 -99.000    21.5    21.5    22.0    23.2 -9999.0
03728 20181024  2.622  -79.36   33.15    20.6     9.8    15.2    14.7     0.0    17.25 C    29.4     7.1    14.8    94.0    36.0    72.0   0.105   0.115   0.112   0.174 -99.000    20.8    21.0    21.7    23.0 -9999.0
03728 20181025  2.622  -79.36   33.15    19.2     7.7    13.5    12.9     0.0     8.15 C    27.4     5.2    13.5    89.5    59.4    75.4   0.101   0.112   0.110   0.171 -99.000    19.3    19.6    20.5    22.5 -9999.0
03728 20181026  2.622  -79.36   33.15    24.4    13.3    18.9    19.6     9.9     3.58 C    27.5    14.9    19.8    93.1    75.5    87.3   0.114   0.123   0.110   0.169 -99.000    20.9    20.9    21.2    22.2 -9999.0
03728 20181027  2.622  -79.36   33.15    18.3    11.2    14.7    13.7     0.0     8.20 C    25.8    10.6    15.5    92.9    63.5    81.7   0.144   0.144   0.119   0.168 -99.000    20.6    20.8    21.3    22.4 -9999.0
03728 20181028  2.622  -79.36   33.15    19.5     9.3    14.4    14.3     0.0    16.28 C    27.7     7.8    15.2    90.8    45.0    71.6   0.129   0.131   0.116   0.168 -99.000    19.6    19.8    20.5    22.0 -9999.0
03728 20181029  2.622  -79.36   33.15    22.6    10.4    16.5    17.0     0.0    16.30 C    30.0     7.1    16.6    87.5    34.3    62.9   0.119   0.124   0.113   0.166 -99.000    20.0    20.1    20.6    21.8 -9999.0
03728 20181030  2.622  -79.36   33.15    20.3     8.1    14.2    13.0     0.0    15.92 C    28.3     5.9    13.3    91.2    38.7    71.6   0.110   0.118   0.110   0.164 -99.000    18.7    19.0    19.8    21.5 -9999.0
03728 20181031  2.622  -79.36   33.15    22.1     8.7    15.4    15.4     0.0    15.65 C    29.7     6.0    15.1    94.4    48.0    78.9   0.104   0.113   0.108   0.162 -99.000    18.7    18.8    19.4    21.0 -9999.0
03728 20181101  2.622  -79.36   33.15    26.6    14.7    20.6    20.4     3.3    10.45 C    33.4    11.3    19.7    95.6    63.3    87.4   0.100   0.110   0.106   0.161 -99.000    20.2    20.1    20.3    21.0 -9999.0
03728 20181102  2.622  -79.36   33.15    23.8    17.0    20.4    22.0     1.0     4.41 C    25.7    15.8    21.5    91.7    72.2    83.2   0.104   0.111   0.105   0.160 -99.000    21.7    21.7    21.6    21.6 -9999.0
03728 20181103  2.622  -79.36   33.15    18.8     8.2    13.5    13.1     0.0    15.67 C    26.6     6.2    13.8    89.5    37.9    66.7   0.106   0.112   0.104   0.158 -99.000    19.9    20.2    20.9    21.7 -9999.0
03728 20181104  2.622  -79.36   33.15    21.7     8.1    14.9    16.0     5.2    11.64 C    28.7     6.1    16.7    94.6    68.1    84.1   0.106   0.112   0.104   0.157 -99.000    18.9    18.9    19.5    21.0 -9999.0
03728 20181105  2.622  -79.36   33.15    24.8    19.1    21.9    21.4    15.7     5.73 C    28.9    17.2    21.3    95.4    77.9    90.4   0.156   0.162   0.144   0.160 -99.000    21.4    21.3    21.2    21.3 -9999.0
03728 20181106  2.622  -79.36   33.15    26.5    18.8    22.6    22.6     0.2    11.93 C    31.6    17.0    23.1    95.6    74.0    88.1   0.136   0.142   0.133   0.166 -99.000    22.4    22.3    22.1    21.8 -9999.0
03728 20181107  2.622  -79.36   33.15    23.2    19.2    21.2    20.8     4.5     5.59 C    29.0    19.5    22.0    95.2    78.2    90.4   0.134   0.137   0.127   0.164 -99.000    22.9    22.8    22.8    22.4 -9999.0
03728 20181108  2.622  -79.36   33.15    19.7    17.3    18.5    18.5     1.3     2.78 C    23.6    17.8    19.7    95.1    84.3    91.1   0.146   0.145   0.130   0.164 -99.000    22.1    22.2    22.4    22.5 -9999.0
03728 20181109  2.622  -79.36   33.15    23.2    16.3    19.8    19.1     0.0     7.55 C    29.1    16.8    20.3    94.9    78.9    87.3   0.134   0.137   0.126   0.163 -99.000    21.9    21.9    22.0    22.3 -9999.0
03728 20181110  2.622  -79.36   33.15    21.6     7.2    14.4    14.6     3.4     9.82 C    25.1     5.7    15.8    94.5    49.8    76.2   0.141   0.140   0.126   0.162 -99.000    21.0    21.3    21.7    22.3 -9999.0
03728 20181111  2.622  -79.36   33.15    14.2     3.3     8.7     8.9     0.0     9.93 C    24.0     3.8    11.1    84.2    54.2    69.7   0.130   0.133   0.123   0.162 -99.000    17.8    18.1    19.2    21.3 -9999.0
03728 20181112  2.622  -79.36   33.15    21.1     9.0    15.1    13.2    11.7     1.96 C    20.2     8.6    14.4    94.9    72.8    88.7   0.145   0.146   0.126   0.161 -99.000    17.7    17.9    18.7    20.5 -9999.0
03728 20181113  2.622  -79.36   33.15    22.6    14.9    18.8    18.5     0.5     4.64 C    28.7    16.1    19.6    95.6    85.9    92.2   0.152   0.154   0.138   0.166 -99.000    19.9    19.8    19.9    20.4 -9999.0
03728 20181114  2.622  -79.36   33.15    15.0    10.6    12.8    12.9     1.9     3.21 C    18.2    11.4    14.3    92.3    71.1    82.2   0.138   0.141   0.129   0.167 -99.000    18.8    19.0    19.6    20.7 -9999.0
03728 20181115  2.622  -79.36   33.15    14.9     5.4    10.2    10.3    29.0     3.85 C    17.7     4.8    12.2    93.7    78.4    88.7   0.162   0.162   0.150   0.180 -99.000    17.0    17.2    18.1    19.9 -9999.0
03728 20181116  2.622  -79.36   33.15    15.1     2.9     9.0     7.8     0.0    14.04 C    22.2     3.0     9.4    92.2    45.2    76.1   0.139   0.141   0.134   0.184 -99.000    15.7    16.0    17.0    19.1 -9999.0
03728 20181117  2.622  -79.36   33.15    17.2     4.1    10.6     9.9     0.0    13.53 C    24.0     1.8     9.8    95.4    55.5    82.1   0.132   0.135   0.128   0.181 -99.000    15.0    15.2    16.2    18.5 -9999.0
03728 20181118  2.622  -79.36   33.15    20.3     8.8    14.6    14.0     0.0     8.09 C    26.7     6.2    14.3    94.7    72.0    88.6   0.130   0.133   0.125   0.179 -99.000    16.1    16.1    16.6    18.2 -9999.0
03728 20181119  2.622  -79.36   33.15    21.2    11.7    16.4    15.4     3.5     9.77 C    27.6     8.7    15.9    95.6    61.9    89.1   0.138   0.137   0.125   0.178 -99.000    17.8    17.8    18.0    18.6 -9999.0
03728 20181120  2.622  -79.36   33.15    18.4    10.6    14.5    13.9     1.3     3.56 C    21.6     8.2    13.3    95.8    65.5    88.0   0.135   0.135   0.125   0.177 -99.000    16.8    17.0    17.6    18.8 -9999.0
03728 20181121  2.622  -79.36   33.15    18.0     6.0    12.0    10.4     0.0    13.13 C    25.8     3.6    10.8    95.6    47.0    77.9   0.133   0.133   0.123   0.176 -99.000    15.7    16.0    16.7    18.4 -9999.0
03728 20181122  2.622  -79.36   33.15    14.0     4.6     9.3     9.4     0.0    11.60 C    22.1     2.5     9.7    94.3    47.9    73.4   0.129   0.130   0.121   0.173 -99.000    14.2    14.6    15.6    17.9 -9999.0
03728 20181123  2.622  -79.36   33.15    12.5     5.6     9.1    10.3     1.7     3.19 C    14.4     7.1    10.7    90.6    69.4    78.0   0.125   0.128   0.119   0.171 -99.000    14.1    14.5    15.3    17.4 -9999.0
03728 20181124  2.622  -79.36   33.15    21.4    10.1    15.8    15.1    23.4    10.02 C    28.0     9.2    16.4    94.5    68.0    87.0   0.154   0.156   0.144   0.179 -99.000    16.4    16.4    16.5    17.4 -9999.0
03728 20181125  2.622  -79.36   33.15    16.5     7.6    12.0    10.9     0.0    11.05 C    25.2     7.6    13.4    93.6    53.3    83.7   0.140   0.144   0.138   0.187 -99.000    16.2    16.4    16.9    17.8 -9999.0
03728 20181126  2.622  -79.36   33.15    21.9     8.2    15.0    15.7     0.2     5.05 C    24.6     5.4    15.3    93.5    48.8    76.6   0.136   0.139   0.133   0.185 -99.000    16.7    16.8    17.1    17.9 -9999.0
03728 20181127  2.622  -79.36   33.15     9.7     3.0     6.4     5.9     0.0     9.43 C    17.4     0.9     6.6    88.9    50.7    68.7   0.132   0.136   0.130   0.184 -99.000    14.1    14.6    15.7    17.6 -9999.0
03728 20181128  2.622  -79.36   33.15    10.0    -1.4     4.3     3.6     0.0    12.83 C    19.6    -2.4     4.6    80.0    32.5    57.5   0.129   0.133   0.127   0.181 -99.000    11.9    12.5    13.8    16.7 -9999.0
03728 20181129  2.622  -79.36   33.15    13.2    -0.9     6.2     5.3     0.0    12.58 C    22.7    -2.3     6.2    92.4    34.1    74.1   0.127   0.131   0.124   0.179 -99.000    11.5    11.9    13.0    15.8 -9999.0
03728 20181130  2.622  -79.36   33.15    19.2     5.3    12.3    11.8     0.0    12.06 C    26.3     2.9    11.4    91.7    37.7    70.0   0.125   0.129   0.122   0.176 -99.000    13.1    13.2    13.7    15.6 -9999.0
03728 20181201  2.622  -79.36   33.15    18.5     9.5    14.0    14.0    12.2     1.48 C    17.7     6.9    13.4    95.5    88.2    92.9   0.139   0.142   0.126   0.175 -99.000    14.1    14.1    14.5    15.8 -9999.0
03728 20181202  2.622  -79.36   33.15    20.4    16.9    18.7    18.4    23.5     1.53 C    19.8    15.8    17.7    93.8    85.2    91.3   0.170   0.170   0.156   0.193 -99.000    16.5    16.3    16.2    16.4 -9999.0
03728 20181203  2.622  -79.36   33.15    21.8    14.6    18.2    18.4     2.0     5.26 C    26.8    11.2    17.9    94.3    60.3    86.1   0.157   0.157   0.153   0.223 -99.000    17.8    17.8    17.6    17.2 -9999.0
03728 20181204  2.622  -79.36   33.15    14.7     7.0    10.9    10.6     0.0    12.04 C    22.8     4.9    11.1    90.9    44.6    69.7   0.150   0.152   0.150   0.226 -99.000    15.5    15.8    16.5    17.4 -9999.0
03728 20181205  2.622  -79.36   33.15    12.2     1.7     6.9     6.6     0.0    12.29 C    21.2    -0.3     7.1    90.0    39.6    70.0   0.145   0.148   0.147   0.222 -99.000    13.4    13.8    14.8    16.8 -9999.0
03728 20181206  2.622  -79.36   33.15    10.1    -0.9     4.6     4.5     0.0    12.18 C    19.8    -2.6     5.6    89.3    34.7    69.5   0.141   0.145   0.142   0.216 -99.000    11.7    12.1    13.2    15.8 -9999.0
03728 20181207  2.622  -79.36   33.15    13.5     2.6     8.1     7.5     0.0     8.86 C    23.5     0.8     8.9    92.1    36.7    74.4   0.138   0.142   0.138   0.211 -99.000    12.1    12.4    13.1 -9999.0 -9999.0
03728 20181208  2.622  -79.36   33.15     8.7     6.4     7.5     7.5    19.3     2.61 C    12.0     7.3     8.7    93.0    72.1    83.4   0.144   0.146   0.138 -99.000 -99.000    12.4    12.7    13.5 -9999.0 -9999.0
03728 20181209  2.622  -79.36   33.15    14.7     4.4     9.6     7.8    36.9     1.78 C    14.8     6.0     8.8    94.0    86.5    91.3   0.206   0.208   0.222   0.291 -99.000    11.6    11.9    12.7 -9999.0 -9999.0
03728 20181210  2.622  -79.36   33.15     6.5     4.0     5.2     4.7     0.4     2.43 C    11.5     5.7     6.9    93.8    82.3    90.6   0.214   0.223   0.273   0.318 -99.000    11.3    11.6    12.5    14.4 -9999.0
03728 20181211  2.622  -79.36   33.15    11.6     2.7     7.1     5.5     0.5    11.84 C    17.9     0.9     6.8    93.3    44.3    76.7   0.198   0.209   0.264 -99.000 -99.000    11.2    11.6    12.3 -9999.0 -9999.0
03728 20181212  2.622  -79.36   33.15    12.6     0.0     6.3     5.7     0.0     9.74 C    19.6    -1.6     5.5    89.5    45.7    75.6   0.186   0.196   0.247 -99.000 -99.000    10.4    10.7    11.6 -9999.0 -9999.0
03728 20181213  2.622  -79.36   33.15    15.5     3.5     9.5     9.5     0.0     7.69 C    20.1     0.9     9.1    95.3    44.2    82.5   0.178   0.186   0.229 -99.000 -99.000    10.9    11.1    11.7 -9999.0 -9999.0
03728 20181214  2.622  -79.36   33.15    17.4    13.6    15.5    16.1    88.5     0.65 C    16.5    12.4    15.2    95.6    85.4    93.2   0.334   0.306   0.279 -99.000 -99.000    13.7    13.7    13.6 -9999.0 -9999.0
03728 20181215  2.622  -79.36   33.15    18.2    11.9    15.0    16.0    18.1     3.40 C    20.8    10.3    15.3    95.7    86.1    93.7   0.416   0.371   0.305   0.328 -99.000    15.3    15.2    15.0 -9999.0 -9999.0
03728 20181216  2.622  -79.36   33.15    16.0     8.8    12.4    11.9     0.0    11.68 C    19.6     7.8    11.8    94.1    56.7    78.5   0.419   0.375   0.308 -99.000 -99.000    14.1    14.3    14.6 -9999.0 -9999.0
03728 20181217  2.622  -79.36   33.15    17.3     7.6    12.4    10.6     0.0     7.26 C    20.3     6.0     9.7    91.6    48.5    80.3   0.419   0.376   0.310   0.330 -99.000    13.0    13.2    13.8 -9999.0 -9999.0
03728 20181218  2.622  -79.36   33.15    13.7     5.0     9.3     8.8     0.0    11.87 C    19.4     2.8     8.3    94.4    41.8    78.3   0.420   0.376   0.311 -99.000 -99.000    12.1    12.3    13.0 -9999.0 -9999.0
03728 20181219  2.622  -79.36   33.15    15.6     5.8    10.7    11.3     0.0     5.12 C    20.6     4.2    11.1    93.5    75.9    86.8   0.416   0.374   0.312 -99.000 -99.000    12.2    12.3    12.8 -9999.0 -9999.0
03728 20181220  2.622  -79.36   33.15    19.6    12.1    15.8    16.4    18.0     1.49 C    18.2    11.1    15.5    94.2    78.4    91.5   0.417   0.373   0.313 -99.000 -99.000    14.2    14.0    14.0 -9999.0 -9999.0
03728 20181221  2.622  -79.36   33.15    18.1     9.3    13.7    14.7     3.7     9.60 C    18.9     8.1    13.9    91.0    61.3    76.8   0.420   0.374   0.314 -99.000 -99.000    15.0    15.0    15.1 -9999.0 -9999.0
03728 20181222  2.622  -79.36   33.15    13.5     5.3     9.4     8.9     0.0    11.68 C    19.1     3.1     8.8    85.6    50.9    70.5   0.422   0.377   0.317 -99.000 -99.000    12.9    13.2    13.8 -9999.0 -9999.0
03728 20181223  2.622  -79.36   33.15    15.3     3.3     9.3     9.0     0.0    11.66 C    21.5     1.7     8.6    92.2    37.6    70.7   0.421   0.377   0.320 -99.000 -99.000    11.8    12.0    12.7 -9999.0 -9999.0
03728 20181224  2.622  -79.36   33.15    15.4     4.8    10.1    10.1     0.0    11.44 C    21.9     2.7     9.4    91.9    46.1    73.4   0.402   0.373   0.320 -99.000 -99.000    12.1    12.3    12.8 -9999.0 -9999.0
03728 20181225  2.622  -79.36   33.15    13.4     3.4     8.4     7.5     0.0    11.71 C    20.6     1.2     7.0    92.3    44.9    77.1   0.368   0.360   0.319 -99.000 -99.000    11.1    11.3    12.1 -9999.0 -9999.0
03728 20181226  2.622  -79.36   33.15    13.0     3.2     8.1     8.4     0.0    11.50 C    19.3     1.2     8.2    93.0    50.6    78.0   0.330   0.339   0.317 -99.000 -99.000    10.7    10.9    11.6 -9999.0 -9999.0
03728 20181227  2.622  -79.36   33.15    19.3     9.5    14.4    13.6     0.0     3.61 C    20.1     7.4    13.2    94.3    75.6    86.6   0.307   0.320   0.314 -99.000 -99.000    12.3    12.3    12.5 -9999.0 -9999.0
03728 20181228  2.622  -79.36   33.15    20.5    15.8    18.1    18.9    26.3     3.16 C    21.9    15.5    17.9    94.5    71.4    88.0   0.348   0.334   0.316 -99.000 -99.000    15.4    15.1    14.6 -9999.0 -9999.0
03728 20181229  2.622  -79.36   33.15    21.9    14.5    18.2    16.7     1.1     5.57 C    24.4    13.2    16.6    95.4    70.1    90.9   0.381   0.350   0.319   0.346 -99.000    16.2    16.0    15.8 -9999.0 -9999.0
03728 20181230  2.622  -79.36   33.15    17.0    13.5    15.2    14.8     0.3     3.52 C    20.5    12.1    15.7    95.7    84.9    92.9   0.382   0.354   0.321 -99.000 -99.000    15.9    15.8    15.8 -9999.0 -9999.0
03728 20181231  2.622  -79.36   33.15    20.9    14.1    17.5    17.3     0.0     3.64 C    23.3    14.8    17.7    95.4    85.0    93.5   0.378   0.356   0.322 -99.000 -99.000    16.6    16.4    16.2 -9999.0 -9999.0
