25630 20180101  2.424 -160.47   55.35     3.7     1.6     2.7     2.8     7.2     0.24 C     2.7    -0.5     1.7    93.6    70.9    86.0 -99.000 -99.000 -99.000 -99.000 -99.000 -9999.0 -9999.0 -9999.0 -9999.0 -9999.0
25630 20180102  2.424 -160.47   55.35     3.2     0.1     1.6     1.5     2.7     1.67 C     3.7    -2.6     0.6   100.0    77.7    89.9 -99.000 -99.000 -99.000 -99.000 -99.000 -9999.0 -9999.0 -9999.0 -9999.0 -9999.0
25630 20180103  2.424 -160.47   55.35     4.1     0.2     2.1     1.6     1.6     1.59 C     2.1    -1.9    -0.2    95.5    76.2    88.6 -99.000 -99.000 -99.000 -99.000 -99.000 -9999.0 -9999.0 -9999.0 -9999.0 -9999.0
25630 20180104  2.424 -160.47   55.35     4.3     1.9     3.1     3.1     1.6     0.72 C     3.3    -1.4     1.5    94.5    70.7    84.5 -99.000 -99.000 -99.000 -99.000 -99.000 -9999.0 -9999.0 -9999.0 -9999.0 -9999.0
25630 20180105  2.424 -160.47   55.35     5.8     2.5     4.1     4.1    20.2     0.60 C     5.5     1.5     3.5    98.9    78.8    91.1 -99.000 -99.000 -99.000 -99.000 -99.000 -9999.0 -9999.0 -9999.0 -9999.0 -9999.0
25630 20180106  2.424 -160.47   55.35     5.0     1.9     3.4     4.0     0.4     0.65 C     4.6    -0.8     2.6    89.0    69.8    80.9 -99.000 -99.000 -99.000 -99.000 -99.000 -9999.0 -9999.0 -9999.0 -9999.0 -9999.0
25630 20180107  2.424 -160.47   55.35     4.1     0.0     2.0     1.9     0.0     2.89 C     3.3    -3.7    -0.9    89.6    70.5    79.8 -99.000 -99.000 -99.000 -99.000 -99.000 -9999.0 -9999.0 -9999.0 -9999.0 -9999.0
25630 20180108  2.424 -160.47   55.35     4.1     1.7     2.9     2.7     6.5     0.60 C     2.7    -1.2     1.1    93.5    76.5    86.3 -99.000 -99.000 -99.000 -99.000 -99.000 -9999.0 -9999.0 -9999.0 -9999.0 -9999.0
25630 20180109  2.424 -160.47   55.35     4.1     1.9     3.0     3.2     0.6     1.88 C     3.1    -0.5     1.0    90.5    72.1    80.1 -99.000 -99.000 -99.000 -99.000 -99.000 -9999.0 -9999.0 -9999.0 -9999.0 -9999.0
25630 20180110  2.424 -160.47   55.35     4.4     2.6     3.5     3.7     3.4     0.99 C     4.7     0.6     2.7    92.3    73.5    84.7 -99.000 -99.000 -99.000 -99.000 -99.000 -9999.0 -9999.0 -9999.0 -9999.0 -9999.0
25630 20180111  2.424 -160.47   55.35     3.9     0.8     2.4     3.3     4.3     0.48 C     3.7    -0.9     2.2    94.6    78.4    89.0 -99.000 -99.000 -99.000 -99.000 -99.000 -9999.0 -9999.0 -9999.0 -9999.0 -9999.0
25630 20180112  2.424 -160.47   55.35     4.6     0.7     2.6     3.3     0.3     0.78 C     3.9    -1.0     1.5    93.9    62.2    79.8 -99.000 -99.000 -99.000 -99.000 -99.000 -9999.0 -9999.0 -9999.0 -9999.0 -9999.0
25630 20180113  2.424 -160.47   55.35     4.6     2.0     3.3     3.2    14.3     0.55 C     3.8     1.6     2.6    97.1    76.2    90.4 -99.000 -99.000 -99.000 -99.000 -99.000 -9999.0 -9999.0 -9999.0 -9999.0 -9999.0
25630 20180114  2.424 -160.47   55.35     5.2     2.0     3.6     3.0     3.3     1.49 C     5.4    -0.3     2.1    97.0    79.4    90.9 -99.000 -99.000 -99.000 -99.000 -99.000 -9999.0 -9999.0 -9999.0 -9999.0 -9999.0
25630 20180115  2.424 -160.47   55.35     4.0     0.5     2.2     2.4     1.8     1.53 C     2.7    -1.4     0.5    90.2    76.2    83.1 -99.000 -99.000 -99.000 -99.000 -99.000 -9999.0 -9999.0 -9999.0 -9999.0 -9999.0
25630 20180116  2.424 -160.47   55.35     2.6    -1.4     0.6     1.1     0.0     2.34 C     1.3    -4.0    -0.8    98.4    74.7    85.6 -99.000 -99.000 -99.000 -99.000 -99.000 -9999.0 -9999.0 -9999.0 -9999.0 -9999.0
25630 20180117  2.424 -160.47   55.35     1.8    -2.5    -0.4    -0.2     0.0     1.90 C     0.4    -4.0    -1.0    89.0    74.4    82.3 -99.000 -99.000 -99.000 -99.000 -99.000 -9999.0 -9999.0 -9999.0 -9999.0 -9999.0
25630 20180118  2.424 -160.47   55.35    -0.7    -2.9    -1.8    -2.3     0.0     3.25 C     0.6    -5.0    -3.6    85.3    59.2    69.7 -99.000 -99.000 -99.000 -99.000 -99.000 -9999.0 -9999.0 -9999.0 -9999.0 -9999.0
25630 20180119  2.424 -160.47   55.35     1.2    -3.2    -1.0    -1.2     0.0     3.61 C     1.2    -5.2    -2.8    77.9    61.5    71.6 -99.000 -99.000 -99.000 -99.000 -99.000 -9999.0 -9999.0 -9999.0 -9999.0 -9999.0
25630 20180120  2.424 -160.47   55.35    -1.0    -4.2    -2.6    -2.0     0.3     3.99 C    -1.3    -4.5    -3.5    79.0    28.5    57.3 -99.000 -99.000 -99.000 -99.000 -99.000 -9999.0 -9999.0 -9999.0 -9999.0 -9999.0
25630 20180121  2.424 -160.47   55.35    -3.2    -7.8    -5.5    -5.7     1.4     1.80 C    -4.1    -9.1    -6.6    81.5    61.9    71.7 -99.000 -99.000 -99.000 -99.000 -99.000 -9999.0 -9999.0 -9999.0 -9999.0 -9999.0
25630 20180122  2.424 -160.47   55.35    -5.1    -7.6    -6.4    -6.4     0.0     3.44 C    -5.4    -9.7    -7.8    76.8    57.1    66.6 -99.000 -99.000 -99.000 -99.000 -99.000 -9999.0 -9999.0 -9999.0 -9999.0 -9999.0
25630 20180123  2.424 -160.47   55.35     1.0    -6.4    -2.7    -1.9     0.9     3.50 C     0.0    -7.8    -3.1    96.4    59.5    76.9 -99.000 -99.000 -99.000 -99.000 -99.000 -9999.0 -9999.0 -9999.0 -9999.0 -9999.0
25630 20180124  2.424 -160.47   55.35     0.3    -5.2    -2.4    -3.3     0.0     3.12 C    -0.5    -6.9    -4.6    92.8    69.9    79.4 -99.000 -99.000 -99.000 -99.000 -99.000 -9999.0 -9999.0 -9999.0 -9999.0 -9999.0
25630 20180125  2.424 -160.47   55.35    -3.0    -9.8    -6.4    -4.5     3.8     2.05 C    -3.6   -10.5    -5.1    90.6    70.5    81.8 -99.000 -99.000 -99.000 -99.000 -99.000 -9999.0 -9999.0 -9999.0 -9999.0 -9999.0
25630 20180126  2.424 -160.47   55.35    -5.7   -12.8    -9.3    -8.8     1.0     3.04 C    -5.9   -13.3    -9.6    81.8    66.7    73.9 -99.000 -99.000 -99.000 -99.000 -99.000 -9999.0 -9999.0 -9999.0 -9999.0 -9999.0
25630 20180127  2.424 -160.47   55.35    -4.4    -7.5    -5.9    -5.8     0.0     4.85 C    -4.7   -10.2    -8.0    73.0    57.5    67.7 -99.000 -99.000 -99.000 -99.000 -99.000 -9999.0 -9999.0 -9999.0 -9999.0 -9999.0
25630 20180128  2.424 -160.47   55.35    -1.9    -5.6    -3.8    -4.1     0.0     5.12 C    -2.8    -8.5    -6.2    78.9    57.4    69.2 -99.000 -99.000 -99.000 -99.000 -99.000 -9999.0 -9999.0 -9999.0 -9999.0 -9999.0
25630 20180129  2.424 -160.47   55.35     0.5    -3.7    -1.6    -0.9     0.0     5.56 C    -1.0    -5.9    -3.2    72.2    41.7    55.7 -99.000 -99.000 -99.000 -99.000 -99.000 -9999.0 -9999.0 -9999.0 -9999.0 -9999.0
25630 20180130  2.424 -160.47   55.35     0.2    -2.3    -1.1    -1.2     0.0     4.60 C     0.6    -4.9    -3.2    75.6    41.9    68.5 -99.000 -99.000 -99.000 -99.000 -99.000 -9999.0 -9999.0 -9999.0 -9999.0 -9999.0
25630 20180131  2.424 -160.47   55.35    -1.2    -5.9    -3.6    -3.7     0.0     5.62 C    -3.0    -8.0    -5.3    73.8    44.3    57.7 -99.000 -99.000 -99.000 -99.000 -99.000 -9999.0 -9999.0 -9999.0 -9999.0 -9999.0
25630 20180201  2.424 -160.47   55.35     2.7    -2.7     0.0     0.6     0.0     2.61 C     2.5    -4.5    -0.8    78.1    57.8    69.7 -99.000 -99.000 -99.000 -99.000 -99.000 -9999.0 -9999.0 -9999.0 -9999.0 -9999.0
25630 20180202  2.424 -160.47   55.35     2.7     0.2     1.4     2.1     2.9     1.01 C     2.5    -0.2     1.4    98.6    76.2    91.4 -99.000 -99.000 -99.000 -99.000 -99.000 -9999.0 -9999.0 -9999.0 -9999.0 -9999.0
25630 20180203  2.424 -160.47   55.35     3.1     2.1     2.6     2.5     8.4     1.09 C     2.9     1.8     2.3    99.4    95.2    97.5 -99.000 -99.000 -99.000 -99.000 -99.000 -9999.0 -9999.0 -9999.0 -9999.0 -9999.0
25630 20180204  2.424 -160.47   55.35     3.1     2.2     2.6     2.5     0.4     1.32 C     2.8     1.4     2.0    96.7    85.5    92.7 -99.000 -99.000 -99.000 -99.000 -99.000 -9999.0 -9999.0 -9999.0 -9999.0 -9999.0
25630 20180205  2.424 -160.47   55.35     4.4     1.9     3.1     3.0     6.8     2.05 C     5.7     1.5     2.8    99.9    81.9    94.9 -99.000 -99.000 -99.000 -99.000 -99.000 -9999.0 -9999.0 -9999.0 -9999.0 -9999.0
25630 20180206  2.424 -160.47   55.35     5.1     0.8     2.9     2.8     1.9     2.25 C     6.7    -0.7     1.7    93.8    83.2    89.5 -99.000 -99.000 -99.000 -99.000 -99.000 -9999.0 -9999.0 -9999.0 -9999.0 -9999.0
25630 20180207  2.424 -160.47   55.35     4.4     1.8     3.1     2.9     0.0     2.63 C     8.0    -0.5     2.0    97.2    81.5    89.3 -99.000 -99.000 -99.000 -99.000 -99.000 -9999.0 -9999.0 -9999.0 -9999.0 -9999.0
25630 20180208  2.424 -160.47   55.35     3.2     1.7     2.4     2.3     8.5     1.79 C     3.7     0.7     1.8    97.6    79.3    89.9 -99.000 -99.000 -99.000 -99.000 -99.000 -9999.0 -9999.0 -9999.0 -9999.0 -9999.0
25630 20180209  2.424 -160.47   55.35     4.3     2.2     3.2     3.2    31.8     1.28 C     4.9     1.9     3.0    99.8    91.1    97.4 -99.000 -99.000 -99.000 -99.000 -99.000 -9999.0 -9999.0 -9999.0 -9999.0 -9999.0
25630 20180210  2.424 -160.47   55.35     4.5     2.7     3.6     3.8     0.9     1.41 C     4.9     1.0     2.8    96.3    81.9    88.9 -99.000 -99.000 -99.000 -99.000 -99.000 -9999.0 -9999.0 -9999.0 -9999.0 -9999.0
25630 20180211  2.424 -160.47   55.35     5.6     1.1     3.3     3.7    15.4     0.70 C     5.8     0.2     3.2    99.7    89.3    94.7 -99.000 -99.000 -99.000 -99.000 -99.000 -9999.0 -9999.0 -9999.0 -9999.0 -9999.0
25630 20180212  2.424 -160.47   55.35     4.0    -1.6     1.2     1.8     0.4     4.91 C     5.3    -4.0     0.8    94.8    56.5    81.0 -99.000 -99.000 -99.000 -99.000 -99.000 -9999.0 -9999.0 -9999.0 -9999.0 -9999.0
25630 20180213  2.424 -160.47   55.35     3.7    -0.1     1.8     2.5     0.0     1.27 C     3.4    -1.6     1.3    86.1    69.3    78.0 -99.000 -99.000 -99.000 -99.000 -99.000 -9999.0 -9999.0 -9999.0 -9999.0 -9999.0
25630 20180214  2.424 -160.47   55.35     5.1     1.6     3.3     2.7     0.0     4.60 C     9.2    -1.1     2.1    90.2    77.1    85.5 -99.000 -99.000 -99.000 -99.000 -99.000 -9999.0 -9999.0 -9999.0 -9999.0 -9999.0
25630 20180215  2.424 -160.47   55.35     3.6     1.8     2.7     2.6     2.9     1.49 C     5.3    -0.6     2.0    98.2    73.4    88.8 -99.000 -99.000 -99.000 -99.000 -99.000 -9999.0 -9999.0 -9999.0 -9999.0 -9999.0
25630 20180216  2.424 -160.47   55.35     4.2    -0.1     2.1     2.1     0.0     6.97 C     6.8    -3.1     0.6    93.8    51.9    71.8 -99.000 -99.000 -99.000 -99.000 -99.000 -9999.0 -9999.0 -9999.0 -9999.0 -9999.0
25630 20180217  2.424 -160.47   55.35     5.1     2.1     3.6     3.5     8.7     2.02 C     5.5    -0.7     2.3    94.6    70.8    83.8 -99.000 -99.000 -99.000 -99.000 -99.000 -9999.0 -9999.0 -9999.0 -9999.0 -9999.0
25630 20180218  2.424 -160.47   55.35     6.3     0.4     3.4     3.3     7.5     7.62 C    10.8    -3.1     2.1    96.4    58.5    80.3 -99.000 -99.000 -99.000 -99.000 -99.000 -9999.0 -9999.0 -9999.0 -9999.0 -9999.0
25630 20180219  2.424 -160.47   55.35     4.4     0.5     2.5     2.5     0.0     3.12 C     6.9    -3.3     1.4    99.8    76.0    89.7 -99.000 -99.000 -99.000 -99.000 -99.000 -9999.0 -9999.0 -9999.0 -9999.0 -9999.0
25630 20180220  2.424 -160.47   55.35     4.2    -0.4     1.9     2.8     0.0     2.22 C     6.2    -2.8     2.0   100.0    98.4    99.8 -99.000 -99.000 -99.000 -99.000 -99.000 -9999.0 -9999.0 -9999.0 -9999.0 -9999.0
25630 20180221  2.424 -160.47   55.35     5.0     2.2     3.6     3.9     4.0     1.73 C     7.2     0.2     3.7   100.0    88.2    96.9 -99.000 -99.000 -99.000 -99.000 -99.000 -9999.0 -9999.0 -9999.0 -9999.0 -9999.0
25630 20180222  2.424 -160.47   55.35     4.2    -1.4     1.4     2.1     0.0     5.17 C     8.4    -3.7     1.5    98.6    59.4    77.3 -99.000 -99.000 -99.000 -99.000 -99.000 -9999.0 -9999.0 -9999.0 -9999.0 -9999.0
25630 20180223  2.424 -160.47   55.35     5.5    -1.4     2.1     2.6    11.3     1.16 C     6.0    -2.8     1.6    97.1    65.3    83.4 -99.000 -99.000 -99.000 -99.000 -99.000 -9999.0 -9999.0 -9999.0 -9999.0 -9999.0
25630 20180224  2.424 -160.47   55.35     2.8    -0.7     1.1     0.7     1.4     4.25 C     1.2    -2.6    -0.6    92.2    54.7    79.8 -99.000 -99.000 -99.000 -99.000 -99.000 -9999.0 -9999.0 -9999.0 -9999.0 -9999.0
25630 20180225  2.424 -160.47   55.35     5.1     0.4     2.7     2.6     5.6     0.59 C     4.9    -2.0     1.3    98.0    55.7    86.2 -99.000 -99.000 -99.000 -99.000 -99.000 -9999.0 -9999.0 -9999.0 -9999.0 -9999.0
25630 20180226  2.424 -160.47   55.35     5.2     1.5     3.3     3.0     0.0     4.54 C     7.8     0.0     2.2    77.8    55.0    67.3 -99.000 -99.000 -99.000 -99.000 -99.000 -9999.0 -9999.0 -9999.0 -9999.0 -9999.0
25630 20180227  2.424 -160.47   55.35     3.0    -2.0     0.5     0.2     0.2     5.41 C     4.9    -3.2    -0.3    90.7    60.1    77.3 -99.000 -99.000 -99.000 -99.000 -99.000 -9999.0 -9999.0 -9999.0 -9999.0 -9999.0
25630 20180228  2.424 -160.47   55.35     1.1    -2.7    -0.8    -1.0     0.0     8.98 C     7.5    -5.9    -1.1    79.6    38.6    57.4 -99.000 -99.000 -99.000 -99.000 -99.000 -9999.0 -9999.0 -9999.0 -9999.0 -9999.0
25630 20180301  2.424 -160.47   55.35     3.7    -3.3     0.2     1.1     1.7     2.82 C     5.9    -6.1    -0.4    98.5    66.0    80.5 -99.000 -99.000 -99.000 -99.000 -99.000 -9999.0 -9999.0 -9999.0 -9999.0 -9999.0
25630 20180302  2.424 -160.47   55.35     2.0     0.2     1.1     0.9    10.8     1.23 C     1.5    -0.1     0.5    99.9    94.1    97.1 -99.000 -99.000 -99.000 -99.000 -99.000 -9999.0 -9999.0 -9999.0 -9999.0 -9999.0
25630 20180303  2.424 -160.47   55.35     2.0    -0.8     0.6     0.5     0.2     9.89 C     6.0    -4.4     0.0    95.5    64.7    80.3 -99.000 -99.000 -99.000 -99.000 -99.000 -9999.0 -9999.0 -9999.0 -9999.0 -9999.0
25630 20180304  2.424 -160.47   55.35     4.8    -2.3     1.2     1.5     0.0     2.83 C     6.3    -4.1     0.6    99.5    65.0    86.0 -99.000 -99.000 -99.000 -99.000 -99.000 -9999.0 -9999.0 -9999.0 -9999.0 -9999.0
25630 20180305  2.424 -160.47   55.35     5.3    -0.5     2.4     2.3     0.0     9.44 C    12.3    -3.6     2.1   100.0    51.8    79.7 -99.000 -99.000 -99.000 -99.000 -99.000 -9999.0 -9999.0 -9999.0 -9999.0 -9999.0
25630 20180306  2.424 -160.47   55.35     5.7     1.6     3.6     3.8     1.9     5.32 C     7.9     0.3     3.7    97.0    80.2    89.1 -99.000 -99.000 -99.000 -99.000 -99.000 -9999.0 -9999.0 -9999.0 -9999.0 -9999.0
25630 20180307  2.424 -160.47   55.35     7.6     3.1     5.3     4.6     0.0     4.82 C    12.1     2.3     4.9    97.1    86.6    91.8 -99.000 -99.000 -99.000 -99.000 -99.000 -9999.0 -9999.0 -9999.0 -9999.0 -9999.0
25630 20180308  2.424 -160.47   55.35     3.7    -2.9     0.4    -0.1     6.1     8.07 C     3.7    -5.0    -0.6   100.0    57.1    83.4 -99.000 -99.000 -99.000 -99.000 -99.000 -9999.0 -9999.0 -9999.0 -9999.0 -9999.0
25630 20180309  2.424 -160.47   55.35    -0.5    -4.7    -2.6    -2.8     3.4     7.87 C     0.0    -6.9    -3.6    91.3    57.4    77.2 -99.000 -99.000 -99.000 -99.000 -99.000 -9999.0 -9999.0 -9999.0 -9999.0 -9999.0
25630 20180310  2.424 -160.47   55.35    -3.4    -5.6    -4.5    -4.5     1.9     7.20 C    -2.5    -8.3    -5.1    85.7    62.1    74.7 -99.000 -99.000 -99.000 -99.000 -99.000 -9999.0 -9999.0 -9999.0 -9999.0 -9999.0
25630 20180311  2.424 -160.47   55.35     1.9    -7.4    -2.8    -2.8     7.1     2.54 C     0.8    -9.8    -3.9    99.3    64.5    82.6 -99.000 -99.000 -99.000 -99.000 -99.000 -9999.0 -9999.0 -9999.0 -9999.0 -9999.0
25630 20180312  2.424 -160.47   55.35     3.1     0.4     1.7     1.8     0.0     7.96 C     3.6    -1.0     0.8   100.0    65.3    78.3 -99.000 -99.000 -99.000 -99.000 -99.000 -9999.0 -9999.0 -9999.0 -9999.0 -9999.0
25630 20180313  2.424 -160.47   55.35     3.0     0.5     1.7     1.7     0.6     5.10 C     2.4    -1.7     0.8   100.0    79.0    96.0 -99.000 -99.000 -99.000 -99.000 -99.000 -9999.0 -9999.0 -9999.0 -9999.0 -9999.0
25630 20180314  2.424 -160.47   55.35     2.5    -0.9     0.8     0.5     3.2     4.25 C     1.9    -3.4    -0.7   100.0    70.6    83.8 -99.000 -99.000 -99.000 -99.000 -99.000 -9999.0 -9999.0 -9999.0 -9999.0 -9999.0
25630 20180315  2.424 -160.47   55.35     4.6     1.2     2.9     3.4    17.5     3.43 C     4.4     0.6     2.6   100.0    89.7    97.2 -99.000 -99.000 -99.000 -99.000 -99.000 -9999.0 -9999.0 -9999.0 -9999.0 -9999.0
25630 20180316  2.424 -160.47   55.35     3.7     1.8     2.8     2.7     4.7     4.09 C     6.3     1.0     2.8    96.9    82.9    91.0 -99.000 -99.000 -99.000 -99.000 -99.000 -9999.0 -9999.0 -9999.0 -9999.0 -9999.0
25630 20180317  2.424 -160.47   55.35     5.3    -0.1     2.6     2.5     0.7     7.64 C    10.9    -2.3     2.7   100.0    79.8    92.5 -99.000 -99.000 -99.000 -99.000 -99.000 -9999.0 -9999.0 -9999.0 -9999.0 -9999.0
25630 20180318  2.424 -160.47   55.35     6.3     3.1     4.7     4.5     0.3     1.21 C     6.2     2.1     4.4    99.9    77.2    96.6 -99.000 -99.000 -99.000 -99.000 -99.000 -9999.0 -9999.0 -9999.0 -9999.0 -9999.0
25630 20180319  2.424 -160.47   55.35     6.3    -0.7     2.8     2.3     0.0    12.19 C    14.1    -3.2     2.3    77.3    47.9    65.9 -99.000 -99.000 -99.000 -99.000 -99.000 -9999.0 -9999.0 -9999.0 -9999.0 -9999.0
25630 20180320  2.424 -160.47   55.35     6.5    -0.5     3.0     2.2     0.0    14.53 C    17.4    -2.9     2.9    85.2    52.8    71.7 -99.000 -99.000 -99.000 -99.000 -99.000 -9999.0 -9999.0 -9999.0 -9999.0 -9999.0
25630 20180321  2.424 -160.47   55.35     5.9    -2.5     1.7     1.6     0.0    14.48 C    16.7    -5.1     2.6    89.3    54.2    78.4 -99.000 -99.000 -99.000 -99.000 -99.000 -9999.0 -9999.0 -9999.0 -9999.0 -9999.0
25630 20180322  2.424 -160.47   55.35     4.1     1.5     2.8     2.7     0.9     3.27 C     6.7     1.4     3.0   100.0    78.1    94.4 -99.000 -99.000 -99.000 -99.000 -99.000 -9999.0 -9999.0 -9999.0 -9999.0 -9999.0
25630 20180323  2.424 -160.47   55.35     5.9    -0.2     2.8     2.6     0.0    13.31 C    14.4    -3.6     3.2    80.3    53.4    68.6 -99.000 -99.000 -99.000 -99.000 -99.000 -9999.0 -9999.0 -9999.0 -9999.0 -9999.0
25630 20180324  2.424 -160.47   55.35     4.8    -0.2     2.3     1.7     3.0     5.80 C    14.4    -4.0     1.5    97.2    65.1    81.1 -99.000 -99.000 -99.000 -99.000 -99.000 -9999.0 -9999.0 -9999.0 -9999.0 -9999.0
25630 20180325  2.424 -160.47   55.35     5.2     0.9     3.1     2.3     9.2     3.48 C     8.2     0.4     2.7   100.0    94.6    98.0 -99.000 -99.000 -99.000 -99.000 -99.000 -9999.0 -9999.0 -9999.0 -9999.0 -9999.0
25630 20180326  2.424 -160.47   55.35     6.3     0.0     3.1     2.5     0.0    11.02 C    11.0    -0.9     2.6    96.1    62.8    77.3 -99.000 -99.000 -99.000 -99.000 -99.000 -9999.0 -9999.0 -9999.0 -9999.0 -9999.0
25630 20180327  2.424 -160.47   55.35     6.3     1.2     3.8     2.8     0.0    10.38 C    13.5    -0.5     3.1    78.1    45.2    65.4 -99.000 -99.000 -99.000 -99.000 -99.000 -9999.0 -9999.0 -9999.0 -9999.0 -9999.0
25630 20180328  2.424 -160.47   55.35     5.8    -0.4     2.7     2.4     0.0     8.10 C    15.3    -3.9     2.6    84.5    38.7    68.7 -99.000 -99.000 -99.000 -99.000 -99.000 -9999.0 -9999.0 -9999.0 -9999.0 -9999.0
25630 20180329  2.424 -160.47   55.35     6.0    -0.5     2.8     2.2     0.0    12.37 C    17.3    -4.4     2.5    86.7    40.4    71.9 -99.000 -99.000 -99.000 -99.000 -99.000 -9999.0 -9999.0 -9999.0 -9999.0 -9999.0
25630 20180330  2.424 -160.47   55.35     5.1     0.0     2.6     2.2     0.0    16.35 C    17.0    -4.6     3.3    82.3    55.1    70.3 -99.000 -99.000 -99.000 -99.000 -99.000 -9999.0 -9999.0 -9999.0 -9999.0 -9999.0
25630 20180331  2.424 -160.47   55.35     3.0     0.3     1.7     2.0     0.0    17.72 C     9.4    -2.0     2.4    83.1    67.0    75.0 -99.000 -99.000 -99.000 -99.000 -99.000 -9999.0 -9999.0 -9999.0 -9999.0 -9999.0
25630 20180401  2.424 -160.47   55.35     5.2     0.8     3.0     2.8     0.0    17.43 C    15.2    -2.6     4.2    89.4    61.6    79.9 -99.000 -99.000 -99.000 -99.000 -99.000 -9999.0 -9999.0 -9999.0 -9999.0 -9999.0
25630 20180402  2.424 -160.47   55.35     4.1     0.1     2.1     2.5     0.0    11.08 C    11.4    -3.4     2.9    90.6    73.7    82.0 -99.000 -99.000 -99.000 -99.000 -99.000 -9999.0 -9999.0 -9999.0 -9999.0 -9999.0
25630 20180403  2.424 -160.47   55.35     7.7     0.2     3.9     3.6     0.0    17.56 C    20.9    -4.3     6.1    82.4    50.1    69.0 -99.000 -99.000 -99.000 -99.000 -99.000 -9999.0 -9999.0 -9999.0 -9999.0 -9999.0
25630 20180404  2.424 -160.47   55.35     3.9    -2.2     0.9     0.8     0.0    14.44 C    16.8    -4.0     2.8    83.3    48.1    65.9 -99.000 -99.000 -99.000 -99.000 -99.000 -9999.0 -9999.0 -9999.0 -9999.0 -9999.0
25630 20180405  2.424 -160.47   55.35     1.5    -4.1    -1.3    -1.2     0.0    19.11 C    13.5    -6.0     1.2    77.1    44.0    60.0 -99.000 -99.000 -99.000 -99.000 -99.000 -9999.0 -9999.0 -9999.0 -9999.0 -9999.0
25630 20180406  2.424 -160.47   55.35     1.9    -4.7    -1.4    -1.7     0.0    18.26 C    15.7    -7.0     1.0    68.3    41.4    55.0 -99.000 -99.000 -99.000 -99.000 -99.000 -9999.0 -9999.0 -9999.0 -9999.0 -9999.0
25630 20180407  2.424 -160.47   55.35     4.3    -1.2     1.6     1.4     0.0    11.15 C    17.4    -3.6     3.5    72.2    54.5    63.7 -99.000 -99.000 -99.000 -99.000 -99.000 -9999.0 -9999.0 -9999.0 -9999.0 -9999.0
25630 20180408  2.424 -160.47   55.35     8.7     2.2     5.4     4.5     0.0    12.99 C    20.0    -1.6     6.9    83.0    47.9    70.2 -99.000 -99.000 -99.000 -99.000 -99.000 -9999.0 -9999.0 -9999.0 -9999.0 -9999.0
25630 20180409  2.424 -160.47   55.35     3.8     1.1     2.5     3.0    13.0     2.80 C     4.6    -1.6     2.8    98.7    68.8    92.5 -99.000 -99.000 -99.000 -99.000 -99.000 -9999.0 -9999.0 -9999.0 -9999.0 -9999.0
25630 20180410  2.424 -160.47   55.35     5.5     1.7     3.6     3.4     9.8     7.15 C     9.4     1.1     3.6    95.3    79.4    87.8 -99.000 -99.000 -99.000 -99.000 -99.000 -9999.0 -9999.0 -9999.0 -9999.0 -9999.0
25630 20180411  2.424 -160.47   55.35     8.6     2.1     5.4     4.7     0.0    14.73 C    21.3     0.5     7.2    98.2    66.0    83.8 -99.000 -99.000 -99.000 -99.000 -99.000 -9999.0 -9999.0 -9999.0 -9999.0 -9999.0
25630 20180412  2.424 -160.47   55.35     5.9     1.2     3.6     3.6     0.5     9.71 C    13.5     0.1     4.9    92.7    77.4    87.4 -99.000 -99.000 -99.000 -99.000 -99.000 -9999.0 -9999.0 -9999.0 -9999.0 -9999.0
25630 20180413  2.424 -160.47   55.35     6.9     0.3     3.6     3.8     0.0    18.12 C    17.3    -2.2     5.6    92.4    63.3    76.7 -99.000 -99.000 -99.000 -99.000 -99.000 -9999.0 -9999.0 -9999.0 -9999.0 -9999.0
25630 20180414  2.424 -160.47   55.35     5.9    -2.0     2.0     2.7     1.2     5.30 C     8.3    -3.9     2.4    99.0    74.4    88.3 -99.000 -99.000 -99.000 -99.000 -99.000 -9999.0 -9999.0 -9999.0 -9999.0 -9999.0
25630 20180415  2.424 -160.47   55.35     5.8     1.7     3.8     4.2    11.5     3.83 C     7.9     0.5     4.4    99.2    87.2    95.7 -99.000 -99.000 -99.000 -99.000 -99.000 -9999.0 -9999.0 -9999.0 -9999.0 -9999.0
25630 20180416  2.424 -160.47   55.35     6.7     0.0     3.4     3.1     0.0    14.08 C    17.6    -1.8     4.8    94.4    60.4    82.3 -99.000 -99.000 -99.000 -99.000 -99.000 -9999.0 -9999.0 -9999.0 -9999.0 -9999.0
25630 20180417  2.424 -160.47   55.35     5.5     1.7     3.6     3.4    11.3     7.76 C    10.1     1.4     3.9    97.5    81.0    91.2 -99.000 -99.000 -99.000 -99.000 -99.000 -9999.0 -9999.0 -9999.0 -9999.0 -9999.0
25630 20180418  2.424 -160.47   55.35     5.6     0.4     3.0     3.0     7.4    16.25 C    12.1     0.0     4.4    96.1    80.1    89.2 -99.000 -99.000 -99.000 -99.000 -99.000 -9999.0 -9999.0 -9999.0 -9999.0 -9999.0
25630 20180419  2.424 -160.47   55.35     6.3     1.9     4.1     3.4     5.4     7.60 C    13.5     0.9     4.5    94.1    74.1    90.0 -99.000 -99.000 -99.000 -99.000 -99.000 -9999.0 -9999.0 -9999.0 -9999.0 -9999.0
25630 20180420  2.424 -160.47   55.35     8.3     1.5     4.9     3.7     1.6    11.97 C    18.6     0.8     5.4    97.7    68.7    87.2 -99.000 -99.000 -99.000 -99.000 -99.000 -9999.0 -9999.0 -9999.0 -9999.0 -9999.0
25630 20180421  2.424 -160.47   55.35     4.2     1.8     3.0     2.7    10.6     4.54 C     5.5     0.4     2.5    95.8    78.7    89.0 -99.000 -99.000 -99.000 -99.000 -99.000 -9999.0 -9999.0 -9999.0 -9999.0 -9999.0
25630 20180422  2.424 -160.47   55.35     5.0    -0.4     2.3     3.1    19.0     9.48 C     9.3    -1.9     3.7    99.8    60.8    82.8 -99.000 -99.000 -99.000 -99.000 -99.000 -9999.0 -9999.0 -9999.0 -9999.0 -9999.0
25630 20180423  2.424 -160.47   55.35     6.8    -0.3     3.2     3.9    13.7     4.31 C     9.8    -1.4     3.9    98.6    72.9    92.9 -99.000 -99.000 -99.000 -99.000 -99.000 -9999.0 -9999.0 -9999.0 -9999.0 -9999.0
25630 20180424  2.424 -160.47   55.35     6.1     1.9     4.0     4.2     6.5    10.27 C     9.4     1.1     4.3    99.5    73.5    82.9 -99.000 -99.000 -99.000 -99.000 -99.000 -9999.0 -9999.0 -9999.0 -9999.0 -9999.0
25630 20180425  2.424 -160.47   55.35     6.6     2.0     4.3     4.0     1.0    11.70 C    11.4     0.1     4.3    90.5    72.3    82.4 -99.000 -99.000 -99.000 -99.000 -99.000 -9999.0 -9999.0 -9999.0 -9999.0 -9999.0
25630 20180426  2.424 -160.47   55.35     8.8     0.9     4.9     4.0     0.2    16.47 C    19.3    -0.3     5.6    93.9    52.7    76.0 -99.000 -99.000 -99.000 -99.000 -99.000 -9999.0 -9999.0 -9999.0 -9999.0 -9999.0
25630 20180427  2.424 -160.47   55.35     7.2     2.5     4.8     4.3     8.0     7.13 C    11.9     1.9     4.7    95.8    64.4    79.1 -99.000 -99.000 -99.000 -99.000 -99.000 -9999.0 -9999.0 -9999.0 -9999.0 -9999.0
25630 20180428  2.424 -160.47   55.35     9.5     4.0     6.8     5.8     5.1    12.70 C    18.4     3.6     7.0    97.1    63.9    83.7 -99.000 -99.000 -99.000 -99.000 -99.000 -9999.0 -9999.0 -9999.0 -9999.0 -9999.0
25630 20180429  2.424 -160.47   55.35    13.2     4.0     8.6     7.4     2.2    14.63 C    26.1     4.0     9.7    98.5    58.2    85.8 -99.000 -99.000 -99.000 -99.000 -99.000 -9999.0 -9999.0 -9999.0 -9999.0 -9999.0
25630 20180430  2.424 -160.47   55.35     8.3     3.3     5.8     5.5     0.8     6.26 C    16.9     2.4     6.3    98.5    55.3    83.1 -99.000 -99.000 -99.000 -99.000 -99.000 -9999.0 -9999.0 -9999.0 -9999.0 -9999.0
25630 20180501  2.424 -160.47   55.35     9.3    -0.8     4.2     4.3     0.0    14.99 C    20.9    -2.1     5.2    83.6    46.2    67.7 -99.000 -99.000 -99.000 -99.000 -99.000 -9999.0 -9999.0 -9999.0 -9999.0 -9999.0
25630 20180502  2.424 -160.47   55.35     4.4     2.1     3.3     3.4    14.5     2.73 C     5.7     0.2     3.4    97.5    84.0    92.4 -99.000 -99.000 -99.000 -99.000 -99.000 -9999.0 -9999.0 -9999.0 -9999.0 -9999.0
25630 20180503  2.424 -160.47   55.35     5.3     0.5     2.9     2.8     5.4     7.41 C     9.4     0.2     3.5    99.9    72.2    87.9 -99.000 -99.000 -99.000 -99.000 -99.000 -9999.0 -9999.0 -9999.0 -9999.0 -9999.0
25630 20180504  2.424 -160.47   55.35     8.1     1.1     4.6     3.5     0.4    16.67 C    18.5     0.6     5.2    93.3    58.0    79.6 -99.000 -99.000 -99.000 -99.000 -99.000 -9999.0 -9999.0 -9999.0 -9999.0 -9999.0
25630 20180505  2.424 -160.47   55.35     7.7     0.4     4.1     2.7     0.4    15.37 C    17.0    -0.7     4.4    97.0    48.9    75.2 -99.000 -99.000 -99.000 -99.000 -99.000 -9999.0 -9999.0 -9999.0 -9999.0 -9999.0
25630 20180506  2.424 -160.47   55.35     7.6    -0.7     3.4     3.2     1.6    21.05 C    20.5    -2.8     5.4    96.9    62.1    79.4 -99.000 -99.000 -99.000 -99.000 -99.000 -9999.0 -9999.0 -9999.0 -9999.0 -9999.0
25630 20180507  2.424 -160.47   55.35     4.6     2.1     3.4     3.5     9.4     5.64 C     5.8     1.8     3.6    93.1    73.4    86.9 -99.000 -99.000 -99.000 -99.000 -99.000 -9999.0 -9999.0 -9999.0 -9999.0 -9999.0
25630 20180508  2.424 -160.47   55.35     7.6     2.9     5.2     4.9     1.0    16.98 C    18.3     1.5     6.5    96.2    71.2    84.2 -99.000 -99.000 -99.000 -99.000 -99.000 -9999.0 -9999.0 -9999.0 -9999.0 -9999.0
25630 20180509  2.424 -160.47   55.35     7.4     1.6     4.5     3.9     3.1    19.88 C    21.0     1.4     6.4    94.3    62.0    83.9 -99.000 -99.000 -99.000 -99.000 -99.000 -9999.0 -9999.0 -9999.0 -9999.0 -9999.0
25630 20180510  2.424 -160.47   55.35     6.0     1.5     3.7     2.9    16.4     5.62 C     9.1     1.2     3.0    93.6    79.0    88.5 -99.000 -99.000 -99.000 -99.000 -99.000 -9999.0 -9999.0 -9999.0 -9999.0 -9999.0
25630 20180511  2.424 -160.47   55.35     7.0     2.4     4.7     4.7     0.8    11.86 C    11.3     1.7     5.2    89.6    69.4    81.4 -99.000 -99.000 -99.000 -99.000 -99.000 -9999.0 -9999.0 -9999.0 -9999.0 -9999.0
25630 20180512  2.424 -160.47   55.35     8.1     1.9     5.0     4.6     0.8    12.90 C    18.0     0.5     5.8    91.7    70.2    83.2 -99.000 -99.000 -99.000 -99.000 -99.000 -9999.0 -9999.0 -9999.0 -9999.0 -9999.0
25630 20180513  2.424 -160.47   55.35     7.4     1.9     4.7     4.2     0.3    11.61 C    16.0     0.1     5.7    91.3    60.9    81.7 -99.000 -99.000 -99.000 -99.000 -99.000 -9999.0 -9999.0 -9999.0 -9999.0 -9999.0
25630 20180514  2.424 -160.47   55.35     7.6     1.4     4.5     3.9     0.0    11.58 C    16.0    -0.3     5.6    91.3    52.4    77.8 -99.000 -99.000 -99.000 -99.000 -99.000 -9999.0 -9999.0 -9999.0 -9999.0 -9999.0
25630 20180515  2.424 -160.47   55.35     7.2     2.2     4.7     4.3     0.0    19.90 C    20.2     0.4     7.0    87.9    59.6    74.8 -99.000 -99.000 -99.000 -99.000 -99.000 -9999.0 -9999.0 -9999.0 -9999.0 -9999.0
25630 20180516  2.424 -160.47   55.35     7.4     2.7     5.1     5.0     9.2    10.14 C    13.1     0.6     5.7    99.5    61.4    81.8 -99.000 -99.000 -99.000 -99.000 -99.000 -9999.0 -9999.0 -9999.0 -9999.0 -9999.0
25630 20180517  2.424 -160.47   55.35     6.2     5.2     5.7     5.6    12.1     5.15 C     7.6     5.1     6.0    99.8    97.4    98.9 -99.000 -99.000 -99.000 -99.000 -99.000 -9999.0 -9999.0 -9999.0 -9999.0 -9999.0
25630 20180518  2.424 -160.47   55.35     5.4     3.9     4.7     4.9     5.1     5.55 C     6.4     3.5     5.1   100.0    93.0    98.1 -99.000 -99.000 -99.000 -99.000 -99.000 -9999.0 -9999.0 -9999.0 -9999.0 -9999.0
25630 20180519  2.424 -160.47   55.35     6.2     3.8     5.0     4.9     0.8    10.19 C    11.3     3.2     6.1    98.7    89.4    94.4 -99.000 -99.000 -99.000 -99.000 -99.000 -9999.0 -9999.0 -9999.0 -9999.0 -9999.0
25630 20180520  2.424 -160.47   55.35    11.0     4.4     7.7     6.6     1.0    17.82 C    21.5     3.9     8.5    97.7    67.5    82.7 -99.000 -99.000 -99.000 -99.000 -99.000 -9999.0 -9999.0 -9999.0 -9999.0 -9999.0
25630 20180521  2.424 -160.47   55.35     7.2     3.5     5.4     5.2     0.0    13.41 C    12.6     2.3     6.4    87.4    67.8    79.1 -99.000 -99.000 -99.000 -99.000 -99.000 -9999.0 -9999.0 -9999.0 -9999.0 -9999.0
25630 20180522  2.424 -160.47   55.35 -9999.0 -9999.0 -9999.0 -9999.0 -9999.0 -9999.00 U -9999.0 -9999.0 -9999.0 -9999.0 -9999.0 -9999.0 -99.000 -99.000 -99.000 -99.000 -99.000 -9999.0 -9999.0 -9999.0 -9999.0 -9999.0
25630 20180523  2.424 -160.47   55.35     7.5     3.9     5.7     5.0     8.0     8.98 C    16.4     3.6     6.7    96.6    81.2    89.3 -99.000 -99.000 -99.000 -99.000 -99.000 -9999.0 -9999.0 -9999.0 -9999.0 -9999.0
25630 20180524  2.424 -160.47   55.35     8.6     3.3     5.9     5.5     2.6    13.98 C    19.1     2.8     8.2    99.8    69.6    88.4 -99.000 -99.000 -99.000 -99.000 -99.000 -9999.0 -9999.0 -9999.0 -9999.0 -9999.0
25630 20180525  2.424 -160.47   55.35     9.5     4.2     6.9     5.9     1.1    15.81 C    22.2     3.5     8.1    93.6    70.7    85.5 -99.000 -99.000 -99.000 -99.000 -99.000 -9999.0 -9999.0 -9999.0 -9999.0 -9999.0
25630 20180526  2.424 -160.47   55.35     8.8     2.8     5.8     6.0     0.0    20.05 C    18.9     1.8     7.8    85.9    68.4    77.6 -99.000 -99.000 -99.000 -99.000 -99.000 -9999.0 -9999.0 -9999.0 -9999.0 -9999.0
25630 20180527  2.424 -160.47   55.35    11.2     2.9     7.0     6.1     0.0    21.28 C    20.3     1.1     8.5    83.1    56.0    73.4 -99.000 -99.000 -99.000 -99.000 -99.000 -9999.0 -9999.0 -9999.0 -9999.0 -9999.0
25630 20180528  2.424 -160.47   55.35     5.9     3.8     4.8     5.1     5.7     6.90 C     8.2     3.4     5.8    98.7    83.2    91.5 -99.000 -99.000 -99.000 -99.000 -99.000 -9999.0 -9999.0 -9999.0 -9999.0 -9999.0
25630 20180529  2.424 -160.47   55.35    10.5     5.8     8.1     7.0     0.2     8.99 C    18.8     4.9     8.5    99.9    77.3    91.2 -99.000 -99.000 -99.000 -99.000 -99.000 -9999.0 -9999.0 -9999.0 -9999.0 -9999.0
25630 20180530  2.424 -160.47   55.35     9.8     4.8     7.3     6.4     2.0    10.21 C    18.6     4.8     8.0    95.9    70.2    84.0 -99.000 -99.000 -99.000 -99.000 -99.000 -9999.0 -9999.0 -9999.0 -9999.0 -9999.0
25630 20180531  2.424 -160.47   55.35     9.1     4.5     6.8     6.3     0.2    10.55 C    17.4     3.9     7.9    97.4    73.5    88.5 -99.000 -99.000 -99.000 -99.000 -99.000 -9999.0 -9999.0 -9999.0 -9999.0 -9999.0
25630 20180601  2.424 -160.47   55.35    11.5     4.4     7.9     7.7     0.0    26.82 C    23.4     2.0    10.6    89.6    61.6    75.8 -99.000 -99.000 -99.000 -99.000 -99.000 -9999.0 -9999.0 -9999.0 -9999.0 -9999.0
25630 20180602  2.424 -160.47   55.35     8.0     2.4     5.2     5.7     2.3     8.64 C    13.1     0.5     5.9    97.5    73.0    87.0 -99.000 -99.000 -99.000 -99.000 -99.000 -9999.0 -9999.0 -9999.0 -9999.0 -9999.0
25630 20180603  2.424 -160.47   55.35     8.0     6.0     7.0     6.7     3.0     8.39 C    12.0     6.1     8.2   100.0    94.2    98.1 -99.000 -99.000 -99.000 -99.000 -99.000 -9999.0 -9999.0 -9999.0 -9999.0 -9999.0
25630 20180604  2.424 -160.47   55.35     7.7     5.3     6.5     6.4     8.9     6.44 C    10.7     5.4     7.5   100.0    86.9    94.6 -99.000 -99.000 -99.000 -99.000 -99.000 -9999.0 -9999.0 -9999.0 -9999.0 -9999.0
25630 20180605  2.424 -160.47   55.35     9.0     5.3     7.2     6.8     4.3    22.18 C    17.0     5.1     9.1    97.6    65.3    83.5 -99.000 -99.000 -99.000 -99.000 -99.000 -9999.0 -9999.0 -9999.0 -9999.0 -9999.0
25630 20180606  2.424 -160.47   55.35     9.8     4.6     7.2     7.1     2.8    11.11 C    14.7     4.6     8.3    94.0    74.9    83.8 -99.000 -99.000 -99.000 -99.000 -99.000 -9999.0 -9999.0 -9999.0 -9999.0 -9999.0
25630 20180607  2.424 -160.47   55.35    14.8     4.4     9.6     9.2     0.0    27.46 C    25.5     3.7    12.5    94.8    54.4    78.1 -99.000 -99.000 -99.000 -99.000 -99.000 -9999.0 -9999.0 -9999.0 -9999.0 -9999.0
25630 20180608  2.424 -160.47   55.35    14.0     4.0     9.0     8.2     0.0    28.91 C    25.0     1.0    12.4    96.8    57.5    80.9 -99.000 -99.000 -99.000 -99.000 -99.000 -9999.0 -9999.0 -9999.0 -9999.0 -9999.0
25630 20180609  2.424 -160.47   55.35     9.3     6.2     7.7     7.1     0.0    10.58 C    18.1     6.1     8.4    96.6    81.6    88.8 -99.000 -99.000 -99.000 -99.000 -99.000 -9999.0 -9999.0 -9999.0 -9999.0 -9999.0
25630 20180610  2.424 -160.47   55.35     9.9     6.3     8.1     7.7     0.0    24.32 C    21.0     4.6    10.7    89.1    72.4    81.6 -99.000 -99.000 -99.000 -99.000 -99.000 -9999.0 -9999.0 -9999.0 -9999.0 -9999.0
25630 20180611  2.424 -160.47   55.35    17.6     5.5    11.5    10.3     0.0    27.51 C    25.0     4.3    13.9    93.4    54.0    76.8 -99.000 -99.000 -99.000 -99.000 -99.000 -9999.0 -9999.0 -9999.0 -9999.0 -9999.0
25630 20180612  2.424 -160.47   55.35    14.3     6.6    10.5    10.2     0.0    28.55 C    24.0     4.0    13.0    92.4    58.6    75.3 -99.000 -99.000 -99.000 -99.000 -99.000 -9999.0 -9999.0 -9999.0 -9999.0 -9999.0
25630 20180613  2.424 -160.47   55.35    11.8     6.9     9.3     8.7     0.0    18.14 C    21.9     6.4    11.7    94.2    71.0    84.2 -99.000 -99.000 -99.000 -99.000 -99.000 -9999.0 -9999.0 -9999.0 -9999.0 -9999.0
25630 20180614  2.424 -160.47   55.35     8.3     6.0     7.1     7.2     9.5     6.71 C    11.9     6.4     8.0    98.1    83.8    91.0 -99.000 -99.000 -99.000 -99.000 -99.000 -9999.0 -9999.0 -9999.0 -9999.0 -9999.0
25630 20180615  2.424 -160.47   55.35    11.0     7.3     9.1     8.6     4.8     8.26 C    16.3     7.4     9.5   100.0    86.4    95.5 -99.000 -99.000 -99.000 -99.000 -99.000 -9999.0 -9999.0 -9999.0 -9999.0 -9999.0
25630 20180616  2.424 -160.47   55.35     8.4     6.9     7.7     7.6    11.1     7.48 C    10.4     7.0     8.2    97.5    91.4    95.2 -99.000 -99.000 -99.000 -99.000 -99.000 -9999.0 -9999.0 -9999.0 -9999.0 -9999.0
25630 20180617  2.424 -160.47   55.35     8.2     6.3     7.3     7.1     3.7     6.21 C    11.2     6.4     7.9   100.0    81.2    95.6 -99.000 -99.000 -99.000 -99.000 -99.000 -9999.0 -9999.0 -9999.0 -9999.0 -9999.0
25630 20180618  2.424 -160.47   55.35     9.9     6.0     7.9     7.7     0.0     9.49 C    14.0     5.2     8.7    99.9    84.1    93.4 -99.000 -99.000 -99.000 -99.000 -99.000 -9999.0 -9999.0 -9999.0 -9999.0 -9999.0
25630 20180619  2.424 -160.47   55.35     9.4     5.3     7.3     7.2     1.0    11.97 C    15.0     4.2     8.7    95.4    72.4    84.9 -99.000 -99.000 -99.000 -99.000 -99.000 -9999.0 -9999.0 -9999.0 -9999.0 -9999.0
25630 20180620  2.424 -160.47   55.35     9.8     4.2     7.0     7.2     0.0     8.68 C    16.3     2.4     8.1    94.7    71.1    87.0 -99.000 -99.000 -99.000 -99.000 -99.000 -9999.0 -9999.0 -9999.0 -9999.0 -9999.0
25630 20180621  2.424 -160.47   55.35    11.5     6.4     8.9     8.1     0.7    11.31 C    18.4     6.4     9.3    97.7    75.1    90.5 -99.000 -99.000 -99.000 -99.000 -99.000 -9999.0 -9999.0 -9999.0 -9999.0 -9999.0
25630 20180622  2.424 -160.47   55.35    12.1     6.5     9.3     8.7     0.0    12.55 C    17.2     5.7    10.1    98.7    64.7    80.4 -99.000 -99.000 -99.000 -99.000 -99.000 -9999.0 -9999.0 -9999.0 -9999.0 -9999.0
25630 20180623  2.424 -160.47   55.35    11.6     5.7     8.7     8.0     0.0    11.51 C    15.0     4.0     9.0    91.2    62.4    76.1 -99.000 -99.000 -99.000 -99.000 -99.000 -9999.0 -9999.0 -9999.0 -9999.0 -9999.0
25630 20180624  2.424 -160.47   55.35    10.9     5.2     8.1     7.9     0.4    10.67 C    18.1     3.5     9.0    96.0    77.5    90.5 -99.000 -99.000 -99.000 -99.000 -99.000 -9999.0 -9999.0 -9999.0 -9999.0 -9999.0
25630 20180625  2.424 -160.47   55.35     9.3     7.5     8.4     8.2     2.4     7.21 C    11.7     7.1     8.6    98.2    88.4    94.1 -99.000 -99.000 -99.000 -99.000 -99.000 -9999.0 -9999.0 -9999.0 -9999.0 -9999.0
25630 20180626  2.424 -160.47   55.35     9.5     7.2     8.3     8.1     5.0     4.76 C    12.3     7.2     8.8    99.0    93.1    97.2 -99.000 -99.000 -99.000 -99.000 -99.000 -9999.0 -9999.0 -9999.0 -9999.0 -9999.0
25630 20180627  2.424 -160.47   55.35     9.2     6.9     8.0     7.6     2.2     5.97 C    11.9     6.7     8.3    98.2    89.7    95.3 -99.000 -99.000 -99.000 -99.000 -99.000 -9999.0 -9999.0 -9999.0 -9999.0 -9999.0
25630 20180628  2.424 -160.47   55.35    12.2     6.9     9.6     8.6     2.3    11.83 C    19.8     6.8     9.8    99.1    78.6    92.2 -99.000 -99.000 -99.000 -99.000 -99.000 -9999.0 -9999.0 -9999.0 -9999.0 -9999.0
25630 20180629  2.424 -160.47   55.35    12.3     6.9     9.6     9.1     0.7    14.14 C    19.4     4.8    10.3   100.0    70.1    87.5 -99.000 -99.000 -99.000 -99.000 -99.000 -9999.0 -9999.0 -9999.0 -9999.0 -9999.0
25630 20180630  2.424 -160.47   55.35    14.0     6.2    10.1    10.7     0.0    28.74 C    22.7     3.3    12.5    94.3    64.7    78.5 -99.000 -99.000 -99.000 -99.000 -99.000 -9999.0 -9999.0 -9999.0 -9999.0 -9999.0
25630 20180701  2.424 -160.47   55.35    16.0     7.4    11.7    11.2     0.0    28.94 C    23.0     3.4    12.9    91.0    63.0    78.6 -99.000 -99.000 -99.000 -99.000 -99.000 -9999.0 -9999.0 -9999.0 -9999.0 -9999.0
25630 20180702  2.424 -160.47   55.35    15.3     7.8    11.6    10.9     0.0    28.06 C    22.9     3.5    12.5    93.8    65.6    84.1 -99.000 -99.000 -99.000 -99.000 -99.000 -9999.0 -9999.0 -9999.0 -9999.0 -9999.0
25630 20180703  2.424 -160.47   55.35    10.5     8.2     9.4     9.3     8.7     5.49 C    12.2     7.3     9.7    99.3    89.3    94.8 -99.000 -99.000 -99.000 -99.000 -99.000 -9999.0 -9999.0 -9999.0 -9999.0 -9999.0
25630 20180704  2.424 -160.47   55.35    15.3     9.5    12.4    11.6     0.0    15.07 C    21.8     9.4    13.4   100.0    87.4    94.5 -99.000 -99.000 -99.000 -99.000 -99.000 -9999.0 -9999.0 -9999.0 -9999.0 -9999.0
25630 20180705  2.424 -160.47   55.35    18.5    10.5    14.5    13.4     0.0    15.94 C    23.1     9.4    14.4    98.1    62.9    86.6 -99.000 -99.000 -99.000 -99.000 -99.000 -9999.0 -9999.0 -9999.0 -9999.0 -9999.0
25630 20180706  2.424 -160.47   55.35    14.3     8.2    11.2    11.1     3.5    17.47 C    21.0     6.9    12.6    98.4    72.2    86.6 -99.000 -99.000 -99.000 -99.000 -99.000 -9999.0 -9999.0 -9999.0 -9999.0 -9999.0
25630 20180707  2.424 -160.47   55.35    12.4     9.4    10.9    10.9     4.2    11.15 C    16.9     9.6    12.3    99.6    90.0    96.3 -99.000 -99.000 -99.000 -99.000 -99.000 -9999.0 -9999.0 -9999.0 -9999.0 -9999.0
25630 20180708  2.424 -160.47   55.35    10.9     7.9     9.4     9.1     2.3     9.88 C    13.4     7.6     9.4    97.3    82.8    93.7 -99.000 -99.000 -99.000 -99.000 -99.000 -9999.0 -9999.0 -9999.0 -9999.0 -9999.0
25630 20180709  2.424 -160.47   55.35    12.4     7.5     9.9     9.1     0.0    10.05 C    15.1     7.1     9.5    96.8    71.1    87.3 -99.000 -99.000 -99.000 -99.000 -99.000 -9999.0 -9999.0 -9999.0 -9999.0 -9999.0
25630 20180710  2.424 -160.47   55.35    12.4     6.8     9.6     9.2     0.0    13.92 C    15.3     5.7     9.6    92.7    66.3    78.6 -99.000 -99.000 -99.000 -99.000 -99.000 -9999.0 -9999.0 -9999.0 -9999.0 -9999.0
25630 20180711  2.424 -160.47   55.35    13.0     5.8     9.4     8.7     0.0    12.49 C    18.1     3.4     9.3    89.1    55.5    75.3 -99.000 -99.000 -99.000 -99.000 -99.000 -9999.0 -9999.0 -9999.0 -9999.0 -9999.0
25630 20180712  2.424 -160.47   55.35    10.7     4.9     7.8     8.9    11.9     6.47 C    12.8     2.6     8.8    96.3    76.8    85.7 -99.000 -99.000 -99.000 -99.000 -99.000 -9999.0 -9999.0 -9999.0 -9999.0 -9999.0
25630 20180713  2.424 -160.47   55.35    13.2     7.9    10.5     9.7     1.0    12.16 C    16.7     7.8    10.1    98.0    66.6    86.1 -99.000 -99.000 -99.000 -99.000 -99.000 -9999.0 -9999.0 -9999.0 -9999.0 -9999.0
25630 20180714  2.424 -160.47   55.35    13.3     7.8    10.5     9.5     6.9    12.89 C    16.1     6.8    10.2    97.9    74.1    89.3 -99.000 -99.000 -99.000 -99.000 -99.000 -9999.0 -9999.0 -9999.0 -9999.0 -9999.0
25630 20180715  2.424 -160.47   55.35    12.9     7.2    10.0     9.9     0.0    12.71 C    16.2     5.6    10.4    91.5    69.3    81.6 -99.000 -99.000 -99.000 -99.000 -99.000 -9999.0 -9999.0 -9999.0 -9999.0 -9999.0
25630 20180716  2.424 -160.47   55.35    13.7     5.3     9.5    10.0     0.0    16.17 C    19.5     3.9    10.8    92.9    69.5    81.5 -99.000 -99.000 -99.000 -99.000 -99.000 -9999.0 -9999.0 -9999.0 -9999.0 -9999.0
25630 20180717  2.424 -160.47   55.35    12.3     7.5     9.9     9.5     0.0    10.70 C    18.9     7.6    10.7    94.4    74.9    87.6 -99.000 -99.000 -99.000 -99.000 -99.000 -9999.0 -9999.0 -9999.0 -9999.0 -9999.0
25630 20180718  2.424 -160.47   55.35    11.0     7.3     9.2     8.7     0.5     6.76 C    14.0     7.4     9.1    97.4    83.3    92.5 -99.000 -99.000 -99.000 -99.000 -99.000 -9999.0 -9999.0 -9999.0 -9999.0 -9999.0
25630 20180719  2.424 -160.47   55.35     9.7     8.4     9.1     9.1     2.7     4.87 C    10.3     8.3     9.2    99.9    91.3    96.7 -99.000 -99.000 -99.000 -99.000 -99.000 -9999.0 -9999.0 -9999.0 -9999.0 -9999.0
25630 20180720  2.424 -160.47   55.35    10.3     8.9     9.6     9.6     1.3     4.61 C    11.2     9.0     9.8   100.0    97.5    99.5 -99.000 -99.000 -99.000 -99.000 -99.000 -9999.0 -9999.0 -9999.0 -9999.0 -9999.0
25630 20180721  2.424 -160.47   55.35    10.7     9.6    10.2    10.1     3.4     5.03 C    11.9     9.7    10.4   100.0    97.4    99.1 -99.000 -99.000 -99.000 -99.000 -99.000 -9999.0 -9999.0 -9999.0 -9999.0 -9999.0
25630 20180722  2.424 -160.47   55.35    11.2     9.2    10.2     9.8     0.6     6.37 C    14.8     9.3    10.3   100.0    96.9    99.1 -99.000 -99.000 -99.000 -99.000 -99.000 -9999.0 -9999.0 -9999.0 -9999.0 -9999.0
25630 20180723  2.424 -160.47   55.35    14.8     8.7    11.8    11.4     3.0    10.02 C    18.6     8.2    12.0    98.5    81.4    91.9 -99.000 -99.000 -99.000 -99.000 -99.000 -9999.0 -9999.0 -9999.0 -9999.0 -9999.0
25630 20180724  2.424 -160.47   55.35    11.4    10.0    10.7    10.5    10.4     7.94 C    14.1    10.0    11.0   100.0    97.0    98.7 -99.000 -99.000 -99.000 -99.000 -99.000 -9999.0 -9999.0 -9999.0 -9999.0 -9999.0
25630 20180725  2.424 -160.47   55.35    14.7     9.9    12.3    11.8     6.0     9.51 C    18.7    10.0    12.6   100.0    81.1    94.9 -99.000 -99.000 -99.000 -99.000 -99.000 -9999.0 -9999.0 -9999.0 -9999.0 -9999.0
25630 20180726  2.424 -160.47   55.35    12.9    10.6    11.8    11.3    13.8     6.98 C    16.7    10.7    12.0   100.0    95.0    98.9 -99.000 -99.000 -99.000 -99.000 -99.000 -9999.0 -9999.0 -9999.0 -9999.0 -9999.0
25630 20180727  2.424 -160.47   55.35    11.5    10.3    10.9    10.7     4.2     3.50 C    12.1    10.2    10.9    99.4    96.0    98.5 -99.000 -99.000 -99.000 -99.000 -99.000 -9999.0 -9999.0 -9999.0 -9999.0 -9999.0
25630 20180728  2.424 -160.47   55.35    11.2    10.1    10.6    10.6     7.4     6.33 C    12.4     9.8    10.6    96.3    92.0    93.8 -99.000 -99.000 -99.000 -99.000 -99.000 -9999.0 -9999.0 -9999.0 -9999.0 -9999.0
25630 20180729  2.424 -160.47   55.35    12.2     9.8    11.0    11.0    11.0    10.79 C    14.1     9.7    11.3    98.2    93.3    96.0 -99.000 -99.000 -99.000 -99.000 -99.000 -9999.0 -9999.0 -9999.0 -9999.0 -9999.0
25630 20180730  2.424 -160.47   55.35    13.2     9.6    11.4    11.1     0.4    13.74 C    16.4     9.4    11.9    99.1    91.4    97.1 -99.000 -99.000 -99.000 -99.000 -99.000 -9999.0 -9999.0 -9999.0 -9999.0 -9999.0
25630 20180731  2.424 -160.47   55.35    12.3     9.2    10.7    10.0     0.0     8.48 C    14.8     9.2    10.5    99.6    81.5    94.7 -99.000 -99.000 -99.000 -99.000 -99.000 -9999.0 -9999.0 -9999.0 -9999.0 -9999.0
25630 20180801  2.424 -160.47   55.35    11.0     8.7     9.9     9.8     7.2     3.60 C    11.3     8.6    10.0    99.0    96.1    97.5 -99.000 -99.000 -99.000 -99.000 -99.000 -9999.0 -9999.0 -9999.0 -9999.0 -9999.0
25630 20180802  2.424 -160.47   55.35    15.6     9.6    12.6    11.6     3.3    18.65 C    18.0     9.1    12.1   100.0    69.2    86.4 -99.000 -99.000 -99.000 -99.000 -99.000 -9999.0 -9999.0 -9999.0 -9999.0 -9999.0
25630 20180803  2.424 -160.47   55.35    15.4    10.1    12.7    11.8     0.0    16.32 C    20.5     9.5    12.3    89.2    69.2    78.9 -99.000 -99.000 -99.000 -99.000 -99.000 -9999.0 -9999.0 -9999.0 -9999.0 -9999.0
25630 20180804  2.424 -160.47   55.35    19.3    11.3    15.3    15.2     0.0    20.55 C    22.3    11.0    16.0    93.2    70.6    83.8 -99.000 -99.000 -99.000 -99.000 -99.000 -9999.0 -9999.0 -9999.0 -9999.0 -9999.0
25630 20180805  2.424 -160.47   55.35    20.4    11.5    15.9    16.0     0.0    21.86 C    25.8    11.4    18.3    96.2    76.6    88.4 -99.000 -99.000 -99.000 -99.000 -99.000 -9999.0 -9999.0 -9999.0 -9999.0 -9999.0
25630 20180806  2.424 -160.47   55.35    18.8    10.9    14.9    13.8     0.0    12.65 C    23.6    10.5    15.1    97.8    82.5    94.0 -99.000 -99.000 -99.000 -99.000 -99.000 -9999.0 -9999.0 -9999.0 -9999.0 -9999.0
25630 20180807  2.424 -160.47   55.35    14.5     9.4    11.9    12.2     0.0    22.09 C    18.8     8.6    13.2    92.2    73.1    83.6 -99.000 -99.000 -99.000 -99.000 -99.000 -9999.0 -9999.0 -9999.0 -9999.0 -9999.0
25630 20180808  2.424 -160.47   55.35    15.0     9.5    12.2    11.6     0.0    17.06 C    19.2     8.4    12.3    89.5    67.0    78.0 -99.000 -99.000 -99.000 -99.000 -99.000 -9999.0 -9999.0 -9999.0 -9999.0 -9999.0
25630 20180809  2.424 -160.47   55.35    15.1     6.9    11.0    10.6     2.6    13.66 C    21.1     5.4    11.5    99.3    57.2    85.5 -99.000 -99.000 -99.000 -99.000 -99.000 -9999.0 -9999.0 -9999.0 -9999.0 -9999.0
25630 20180810  2.424 -160.47   55.35    14.5    10.6    12.5    11.8    16.2    11.05 C    18.0    10.5    12.3    99.2    84.7    95.1 -99.000 -99.000 -99.000 -99.000 -99.000 -9999.0 -9999.0 -9999.0 -9999.0 -9999.0
25630 20180811  2.424 -160.47   55.35    14.4    10.6    12.5    12.2    38.2     3.06 C    14.0    10.4    12.1    99.0    95.4    97.4 -99.000 -99.000 -99.000 -99.000 -99.000 -9999.0 -9999.0 -9999.0 -9999.0 -9999.0
25630 20180812  2.424 -160.47   55.35    15.7     8.3    12.0    11.7     0.7    14.49 C    18.8     7.2    11.9    97.9    71.4    85.4 -99.000 -99.000 -99.000 -99.000 -99.000 -9999.0 -9999.0 -9999.0 -9999.0 -9999.0
25630 20180813  2.424 -160.47   55.35    14.0     7.2    10.6    10.4     0.0    20.62 C    15.8     5.9    10.2    90.1    58.6    73.4 -99.000 -99.000 -99.000 -99.000 -99.000 -9999.0 -9999.0 -9999.0 -9999.0 -9999.0
25630 20180814  2.424 -160.47   55.35    14.7     6.1    10.4    10.1     0.4    13.61 C    18.2     4.6    10.2    94.2    65.2    79.2 -99.000 -99.000 -99.000 -99.000 -99.000 -9999.0 -9999.0 -9999.0 -9999.0 -9999.0
25630 20180815  2.424 -160.47   55.35    11.9     7.7     9.8     9.4     3.0     9.10 C    16.6     6.8     9.9    96.3    71.2    87.6 -99.000 -99.000 -99.000 -99.000 -99.000 -9999.0 -9999.0 -9999.0 -9999.0 -9999.0
25630 20180816  2.424 -160.47   55.35    10.5     6.0     8.3     8.2     4.2    10.35 C    15.3     3.8     8.5    93.4    75.1    86.4 -99.000 -99.000 -99.000 -99.000 -99.000 -9999.0 -9999.0 -9999.0 -9999.0 -9999.0
25630 20180817  2.424 -160.47   55.35     9.9     5.5     7.7     8.5     9.8     5.11 C    11.2     1.9     7.5    94.1    78.5    88.3 -99.000 -99.000 -99.000 -99.000 -99.000 -9999.0 -9999.0 -9999.0 -9999.0 -9999.0
25630 20180818  2.424 -160.47   55.35    11.8     9.2    10.5    10.8    24.4     4.37 C    11.4     8.5    10.6    99.9    84.4    95.9 -99.000 -99.000 -99.000 -99.000 -99.000 -9999.0 -9999.0 -9999.0 -9999.0 -9999.0
25630 20180819  2.424 -160.47   55.35    12.3     9.3    10.8    10.4     1.9    10.32 C    16.8     9.1    11.0    98.7    81.4    91.4 -99.000 -99.000 -99.000 -99.000 -99.000 -9999.0 -9999.0 -9999.0 -9999.0 -9999.0
25630 20180820  2.424 -160.47   55.35    11.1     9.8    10.5    10.4     0.2     4.70 C    13.4    10.0    11.1   100.0    98.3    99.6 -99.000 -99.000 -99.000 -99.000 -99.000 -9999.0 -9999.0 -9999.0 -9999.0 -9999.0
25630 20180821  2.424 -160.47   55.35    16.1     9.3    12.7    11.6     0.2    11.51 C    20.9     8.6    12.3   100.0    67.7    88.8 -99.000 -99.000 -99.000 -99.000 -99.000 -9999.0 -9999.0 -9999.0 -9999.0 -9999.0
25630 20180822  2.424 -160.47   55.35    10.8     9.2    10.0     9.9     1.4     3.28 C    12.5     8.5    10.3    99.5    90.3    95.7 -99.000 -99.000 -99.000 -99.000 -99.000 -9999.0 -9999.0 -9999.0 -9999.0 -9999.0
25630 20180823  2.424 -160.47   55.35    14.2     9.3    11.8    11.2     0.4    10.01 C    17.1     8.8    11.7   100.0    67.6    87.6 -99.000 -99.000 -99.000 -99.000 -99.000 -9999.0 -9999.0 -9999.0 -9999.0 -9999.0
25630 20180824  2.424 -160.47   55.35    12.1     9.2    10.6    10.4    12.1     5.95 C    16.0     8.9    11.0    97.9    84.6    93.4 -99.000 -99.000 -99.000 -99.000 -99.000 -9999.0 -9999.0 -9999.0 -9999.0 -9999.0
25630 20180825  2.424 -160.47   55.35    12.6    10.9    11.8    12.0    20.4     2.82 C    13.9    11.0    12.1    98.2    95.2    96.7 -99.000 -99.000 -99.000 -99.000 -99.000 -9999.0 -9999.0 -9999.0 -9999.0 -9999.0
25630 20180826  2.424 -160.47   55.35    15.3     9.7    12.5    12.0     4.0     8.22 C    20.0     9.5    12.5    98.4    78.7    92.9 -99.000 -99.000 -99.000 -99.000 -99.000 -9999.0 -9999.0 -9999.0 -9999.0 -9999.0
25630 20180827  2.424 -160.47   55.35    13.3     9.2    11.3    10.7     7.6    11.95 C    16.8     7.4    11.0    98.9    71.6    85.0 -99.000 -99.000 -99.000 -99.000 -99.000 -9999.0 -9999.0 -9999.0 -9999.0 -9999.0
25630 20180828  2.424 -160.47   55.35    12.6     7.6    10.1    10.0     0.2     7.52 C    17.9     4.5    10.0    94.5    79.4    87.8 -99.000 -99.000 -99.000 -99.000 -99.000 -9999.0 -9999.0 -9999.0 -9999.0 -9999.0
25630 20180829  2.424 -160.47   55.35    15.4     8.3    11.9    11.2     2.1     7.25 C    18.8     6.8    11.6    99.3    78.9    91.3 -99.000 -99.000 -99.000 -99.000 -99.000 -9999.0 -9999.0 -9999.0 -9999.0 -9999.0
25630 20180830  2.424 -160.47   55.35    14.5     5.6    10.0    10.0     0.0    16.29 C    20.5     4.3    10.2    95.7    65.7    82.0 -99.000 -99.000 -99.000 -99.000 -99.000 -9999.0 -9999.0 -9999.0 -9999.0 -9999.0
25630 20180831  2.424 -160.47   55.35    13.0     9.0    11.0    10.4     0.0     7.03 C    15.8     8.3    10.6    93.5    71.9    83.6 -99.000 -99.000 -99.000 -99.000 -99.000 -9999.0 -9999.0 -9999.0 -9999.0 -9999.0
25630 20180901  2.424 -160.47   55.35    14.2     7.5    10.9    10.6     0.0    10.39 C    20.5     6.6    11.4    94.7    67.1    83.5 -99.000 -99.000 -99.000 -99.000 -99.000 -9999.0 -9999.0 -9999.0 -9999.0 -9999.0
25630 20180902  2.424 -160.47   55.35    14.2     8.4    11.3    11.0     0.0    18.31 C    21.4     4.7    12.1    86.9    65.3    77.7 -99.000 -99.000 -99.000 -99.000 -99.000 -9999.0 -9999.0 -9999.0 -9999.0 -9999.0
25630 20180903  2.424 -160.47   55.35    13.5     7.1    10.3     9.8     0.0    18.70 C    20.1     4.2    10.7    86.8    67.0    77.7 -99.000 -99.000 -99.000 -99.000 -99.000 -9999.0 -9999.0 -9999.0 -9999.0 -9999.0
25630 20180904  2.424 -160.47   55.35    15.5     6.5    11.0    10.5     0.0    18.41 C    21.7     2.9    10.8    89.7    60.0    78.6 -99.000 -99.000 -99.000 -99.000 -99.000 -9999.0 -9999.0 -9999.0 -9999.0 -9999.0
25630 20180905  2.424 -160.47   55.35    17.1     6.1    11.6    11.6     0.0    18.61 C    20.3     3.7    11.5    91.7    46.4    70.3 -99.000 -99.000 -99.000 -99.000 -99.000 -9999.0 -9999.0 -9999.0 -9999.0 -9999.0
25630 20180906  2.424 -160.47   55.35    14.0     6.8    10.4    11.1     4.4     5.33 C    16.1     4.6    10.7    97.2    52.5    80.4 -99.000 -99.000 -99.000 -99.000 -99.000 -9999.0 -9999.0 -9999.0 -9999.0 -9999.0
25630 20180907  2.424 -160.47   55.35    14.0     9.1    11.5    11.6     0.0    15.14 C    17.8     5.3    11.8    90.3    67.1    80.3 -99.000 -99.000 -99.000 -99.000 -99.000 -9999.0 -9999.0 -9999.0 -9999.0 -9999.0
25630 20180908  2.424 -160.47   55.35    17.4     7.6    12.5    12.3     0.0    17.51 C    22.9     4.5    12.5    86.7    53.6    71.9 -99.000 -99.000 -99.000 -99.000 -99.000 -9999.0 -9999.0 -9999.0 -9999.0 -9999.0
25630 20180909  2.424 -160.47   55.35    15.7     6.5    11.1    10.5     0.0    17.56 C    20.4     3.3    10.9    92.2    60.2    78.9 -99.000 -99.000 -99.000 -99.000 -99.000 -9999.0 -9999.0 -9999.0 -9999.0 -9999.0
25630 20180910  2.424 -160.47   55.35    14.0     7.8    10.9    10.5     0.0    15.96 C    19.0     6.5    10.8    89.1    58.4    78.0 -99.000 -99.000 -99.000 -99.000 -99.000 -9999.0 -9999.0 -9999.0 -9999.0 -9999.0
25630 20180911  2.424 -160.47   55.35    17.0     6.0    11.5    11.3     0.0    17.18 C    22.6     3.8    11.6    95.0    49.7    78.4 -99.000 -99.000 -99.000 -99.000 -99.000 -9999.0 -9999.0 -9999.0 -9999.0 -9999.0
25630 20180912  2.424 -160.47   55.35    17.3     5.1    11.2    10.6     0.0    16.56 C    21.2     3.8    11.7   100.0    75.0    93.9 -99.000 -99.000 -99.000 -99.000 -99.000 -9999.0 -9999.0 -9999.0 -9999.0 -9999.0
25630 20180913  2.424 -160.47   55.35    14.9    11.4    13.1    12.5     0.0     4.23 C    18.3    11.5    13.1   100.0    93.0    99.1 -99.000 -99.000 -99.000 -99.000 -99.000 -9999.0 -9999.0 -9999.0 -9999.0 -9999.0
25630 20180914  2.424 -160.47   55.35    15.2    11.2    13.2    12.5     0.0     4.97 C    17.7    11.2    13.2   100.0    94.9    98.9 -99.000 -99.000 -99.000 -99.000 -99.000 -9999.0 -9999.0 -9999.0 -9999.0 -9999.0
25630 20180915  2.424 -160.47   55.35    16.1    10.0    13.1    12.0     0.0     9.73 C    20.5     9.1    12.4    98.3    65.7    85.9 -99.000 -99.000 -99.000 -99.000 -99.000 -9999.0 -9999.0 -9999.0 -9999.0 -9999.0
25630 20180916  2.424 -160.47   55.35    14.2     8.7    11.4    10.8     0.0    11.63 C    19.6     7.0    11.1    93.3    61.8    78.5 -99.000 -99.000 -99.000 -99.000 -99.000 -9999.0 -9999.0 -9999.0 -9999.0 -9999.0
25630 20180917  2.424 -160.47   55.35    15.0     8.1    11.5    10.7     0.0     6.91 C    20.8     6.1    10.7    92.2    71.2    82.4 -99.000 -99.000 -99.000 -99.000 -99.000 -9999.0 -9999.0 -9999.0 -9999.0 -9999.0
25630 20180918  2.424 -160.47   55.35    13.4     8.4    10.9    10.6     0.0    14.61 C    18.1     6.5    10.9    92.6    57.7    77.5 -99.000 -99.000 -99.000 -99.000 -99.000 -9999.0 -9999.0 -9999.0 -9999.0 -9999.0
25630 20180919  2.424 -160.47   55.35    13.5     8.5    11.0    10.2     0.0     9.28 C    18.7     7.1    10.2    83.8    67.4    76.7 -99.000 -99.000 -99.000 -99.000 -99.000 -9999.0 -9999.0 -9999.0 -9999.0 -9999.0
25630 20180920  2.424 -160.47   55.35    15.6     7.2    11.4    10.7     0.0     8.66 C    20.8     5.1    11.1    92.7    65.8    81.8 -99.000 -99.000 -99.000 -99.000 -99.000 -9999.0 -9999.0 -9999.0 -9999.0 -9999.0
25630 20180921  2.424 -160.47   55.35    12.3     9.8    11.0    10.9    14.7     1.61 C    12.2     9.2    10.5    95.8    88.4    93.6 -99.000 -99.000 -99.000 -99.000 -99.000 -9999.0 -9999.0 -9999.0 -9999.0 -9999.0
25630 20180922  2.424 -160.47   55.35    13.2     6.0     9.6     9.6     0.2     6.66 C    15.6     4.4     9.5    91.0    64.8    83.9 -99.000 -99.000 -99.000 -99.000 -99.000 -9999.0 -9999.0 -9999.0 -9999.0 -9999.0
25630 20180923  2.424 -160.47   55.35     9.3     6.5     7.9     7.9    23.4     1.63 C     8.7     4.4     7.0    97.1    81.4    89.5 -99.000 -99.000 -99.000 -99.000 -99.000 -9999.0 -9999.0 -9999.0 -9999.0 -9999.0
25630 20180924  2.424 -160.47   55.35    13.5     6.4    10.0     9.5     0.0    12.99 C    17.4     3.8     9.2    92.0    55.3    77.4 -99.000 -99.000 -99.000 -99.000 -99.000 -9999.0 -9999.0 -9999.0 -9999.0 -9999.0
25630 20180925  2.424 -160.47   55.35    12.7     6.0     9.4     9.4     0.0    12.63 C    17.8     2.8     9.0    96.9    67.0    81.6 -99.000 -99.000 -99.000 -99.000 -99.000 -9999.0 -9999.0 -9999.0 -9999.0 -9999.0
25630 20180926  2.424 -160.47   55.35    11.1     7.3     9.2     9.6     1.7     2.80 C    11.5     4.6     8.5    85.4    64.4    75.9 -99.000 -99.000 -99.000 -99.000 -99.000 -9999.0 -9999.0 -9999.0 -9999.0 -9999.0
25630 20180927  2.424 -160.47   55.35    14.0     9.0    11.5    11.7    25.8     3.05 C    14.6     8.6    11.6   100.0    85.1    95.7 -99.000 -99.000 -99.000 -99.000 -99.000 -9999.0 -9999.0 -9999.0 -9999.0 -9999.0
25630 20180928  2.424 -160.47   55.35    13.8    11.3    12.5    12.0     2.2     1.88 C    13.5    11.1    11.8    96.8    89.0    94.6 -99.000 -99.000 -99.000 -99.000 -99.000 -9999.0 -9999.0 -9999.0 -9999.0 -9999.0
25630 20180929  2.424 -160.47   55.35    13.3    10.0    11.7    11.7     9.7     3.91 C    13.7    10.1    11.6    99.5    77.4    90.8 -99.000 -99.000 -99.000 -99.000 -99.000 -9999.0 -9999.0 -9999.0 -9999.0 -9999.0
25630 20180930  2.424 -160.47   55.35    12.0    10.8    11.4    11.2    26.3     1.32 C    11.6    10.4    10.9    98.4    89.5    94.6 -99.000 -99.000 -99.000 -99.000 -99.000 -9999.0 -9999.0 -9999.0 -9999.0 -9999.0
25630 20181001  2.424 -160.47   55.35    12.3     8.7    10.5    10.8    10.8     3.36 C    13.1     8.0    10.7    98.4    78.3    93.2 -99.000 -99.000 -99.000 -99.000 -99.000 -9999.0 -9999.0 -9999.0 -9999.0 -9999.0
25630 20181002  2.424 -160.47   55.35    11.4     7.0     9.2     9.4     9.4     4.87 C    13.3     5.5     9.1    97.2    65.8    84.8 -99.000 -99.000 -99.000 -99.000 -99.000 -9999.0 -9999.0 -9999.0 -9999.0 -9999.0
25630 20181003  2.424 -160.47   55.35    12.9     9.0    11.0    10.5     7.4    10.46 C    16.0     8.2    10.7    99.7    60.6    84.8 -99.000 -99.000 -99.000 -99.000 -99.000 -9999.0 -9999.0 -9999.0 -9999.0 -9999.0
25630 20181004  2.424 -160.47   55.35    12.2     8.5    10.4     9.7     3.7     7.03 C    15.8     7.1     9.3    92.1    66.3    82.2 -99.000 -99.000 -99.000 -99.000 -99.000 -9999.0 -9999.0 -9999.0 -9999.0 -9999.0
25630 20181005  2.424 -160.47   55.35    11.3     7.5     9.4    10.0     7.4     3.52 C    12.1     5.7     9.6    98.8    82.9    90.0 -99.000 -99.000 -99.000 -99.000 -99.000 -9999.0 -9999.0 -9999.0 -9999.0 -9999.0
25630 20181006  2.424 -160.47   55.35    13.1     6.7     9.9     9.2     0.0     7.90 C    19.8     4.0     8.9    96.5    65.0    89.5 -99.000 -99.000 -99.000 -99.000 -99.000 -9999.0 -9999.0 -9999.0 -9999.0 -9999.0
25630 20181007  2.424 -160.47   55.35    13.9     7.3    10.6    10.2     0.3     5.76 C    18.3     4.9    10.1    96.1    76.1    89.1 -99.000 -99.000 -99.000 -99.000 -99.000 -9999.0 -9999.0 -9999.0 -9999.0 -9999.0
25630 20181008  2.424 -160.47   55.35    11.9     9.5    10.7    10.2     7.0     2.87 C    14.6     8.5     9.9    94.7    77.4    88.0 -99.000 -99.000 -99.000 -99.000 -99.000 -9999.0 -9999.0 -9999.0 -9999.0 -9999.0
25630 20181009  2.424 -160.47   55.35    10.2     6.9     8.6     8.4    15.7     2.87 C    12.4     6.5     8.5    97.8    81.3    91.4 -99.000 -99.000 -99.000 -99.000 -99.000 -9999.0 -9999.0 -9999.0 -9999.0 -9999.0
25630 20181010  2.424 -160.47   55.35    11.2     7.3     9.2     8.6     1.6     4.89 C    12.3     5.3     7.7    88.9    65.1    77.4 -99.000 -99.000 -99.000 -99.000 -99.000 -9999.0 -9999.0 -9999.0 -9999.0 -9999.0
25630 20181011  2.424 -160.47   55.35     9.8     6.7     8.2     8.6     9.2     2.45 C     9.8     5.0     8.0    93.3    79.0    88.7 -99.000 -99.000 -99.000 -99.000 -99.000 -9999.0 -9999.0 -9999.0 -9999.0 -9999.0
25630 20181012  2.424 -160.47   55.35    10.9     4.2     7.5     6.9     2.2     6.33 C    13.7     2.2     5.9    93.3    69.8    84.3 -99.000 -99.000 -99.000 -99.000 -99.000 -9999.0 -9999.0 -9999.0 -9999.0 -9999.0
25630 20181013  2.424 -160.47   55.35    10.4     4.2     7.3     7.5     2.2     5.35 C    12.4     2.7     6.5    93.6    71.0    83.6 -99.000 -99.000 -99.000 -99.000 -99.000 -9999.0 -9999.0 -9999.0 -9999.0 -9999.0
25630 20181014  2.424 -160.47   55.35    10.6     8.2     9.4     9.2    26.0     2.73 C    10.9     6.5     8.1    92.2    72.5    83.1 -99.000 -99.000 -99.000 -99.000 -99.000 -9999.0 -9999.0 -9999.0 -9999.0 -9999.0
25630 20181015  2.424 -160.47   55.35     9.9     8.1     9.0     9.1    12.6     3.16 C    11.1     6.9     8.6    92.3    80.6    88.4 -99.000 -99.000 -99.000 -99.000 -99.000 -9999.0 -9999.0 -9999.0 -9999.0 -9999.0
25630 20181016  2.424 -160.47   55.35    12.1     6.7     9.4     8.5     6.2     5.81 C    16.1     5.5     8.3    93.3    71.3    87.7 -99.000 -99.000 -99.000 -99.000 -99.000 -9999.0 -9999.0 -9999.0 -9999.0 -9999.0
25630 20181017  2.424 -160.47   55.35    11.6     6.4     9.0     8.3     2.0     6.16 C    15.3     5.0     8.2    95.6    71.7    87.8 -99.000 -99.000 -99.000 -99.000 -99.000 -9999.0 -9999.0 -9999.0 -9999.0 -9999.0
25630 20181018  2.424 -160.47   55.35    10.6     3.9     7.2     7.1     0.0     5.13 C    13.2     1.5     6.4    96.7    70.9    83.8 -99.000 -99.000 -99.000 -99.000 -99.000 -9999.0 -9999.0 -9999.0 -9999.0 -9999.0
25630 20181019  2.424 -160.47   55.35     8.7     2.8     5.7     5.0     0.0     7.36 C    12.8     0.3     4.1    85.5    56.1    72.4 -99.000 -99.000 -99.000 -99.000 -99.000 -9999.0 -9999.0 -9999.0 -9999.0 -9999.0
25630 20181020  2.424 -160.47   55.35     6.7     4.1     5.4     5.6     5.5     1.46 C     6.4     2.8     4.6    85.8    61.3    75.1 -99.000 -99.000 -99.000 -99.000 -99.000 -9999.0 -9999.0 -9999.0 -9999.0 -9999.0
25630 20181021  2.424 -160.47   55.35     9.8     5.8     7.8     7.2     0.3     4.22 C    12.6     4.7     6.8    93.7    73.0    83.2 -99.000 -99.000 -99.000 -99.000 -99.000 -9999.0 -9999.0 -9999.0 -9999.0 -9999.0
25630 20181022  2.424 -160.47   55.35     7.8     4.8     6.3     6.3     1.3     3.02 C     8.7     3.2     5.7    94.1    79.8    86.9 -99.000 -99.000 -99.000 -99.000 -99.000 -9999.0 -9999.0 -9999.0 -9999.0 -9999.0
25630 20181023  2.424 -160.47   55.35     8.1     1.7     4.9     4.9     0.0     6.70 C    10.0    -0.2     3.9    91.5    73.2    82.1 -99.000 -99.000 -99.000 -99.000 -99.000 -9999.0 -9999.0 -9999.0 -9999.0 -9999.0
25630 20181024  2.424 -160.47   55.35     8.8     1.6     5.2     4.6     0.0     6.10 C    12.1    -0.3     3.7    94.2    66.9    85.4 -99.000 -99.000 -99.000 -99.000 -99.000 -9999.0 -9999.0 -9999.0 -9999.0 -9999.0
25630 20181025  2.424 -160.47   55.35     8.3     3.3     5.8     5.5     0.0     5.98 C    11.4     0.5     4.6    89.0    64.5    77.8 -99.000 -99.000 -99.000 -99.000 -99.000 -9999.0 -9999.0 -9999.0 -9999.0 -9999.0
25630 20181026  2.424 -160.47   55.35     7.7     4.6     6.2     6.0     0.0     3.70 C     9.1     3.2     5.5    81.4    69.8    76.5 -99.000 -99.000 -99.000 -99.000 -99.000 -9999.0 -9999.0 -9999.0 -9999.0 -9999.0
25630 20181027  2.424 -160.47   55.35     5.5     3.1     4.3     4.3     0.2     4.95 C     7.3     1.6     3.5    84.6    56.7    69.1 -99.000 -99.000 -99.000 -99.000 -99.000 -9999.0 -9999.0 -9999.0 -9999.0 -9999.0
25630 20181028  2.424 -160.47   55.35     4.2     1.8     3.0     2.6     0.0     6.03 C     6.7    -0.2     1.6    68.7    52.2    58.2 -99.000 -99.000 -99.000 -99.000 -99.000 -9999.0 -9999.0 -9999.0 -9999.0 -9999.0
25630 20181029  2.424 -160.47   55.35     5.3     1.2     3.3     2.9     0.0     6.54 C     9.4    -4.3     0.8    65.0    45.8    53.8 -99.000 -99.000 -99.000 -99.000 -99.000 -9999.0 -9999.0 -9999.0 -9999.0 -9999.0
25630 20181030  2.424 -160.47   55.35     6.3     1.1     3.7     3.8     0.0     6.35 C     9.5    -5.0     0.5    73.7    52.0    66.1 -99.000 -99.000 -99.000 -99.000 -99.000 -9999.0 -9999.0 -9999.0 -9999.0 -9999.0
25630 20181031  2.424 -160.47   55.35     7.9     5.4     6.7     6.7     0.0     2.27 C     7.6     2.8     5.8    76.5    63.0    70.7 -99.000 -99.000 -99.000 -99.000 -99.000 -9999.0 -9999.0 -9999.0 -9999.0 -9999.0
25630 20181101  2.424 -160.47   55.35     7.9     6.0     6.9     7.1     9.3     1.34 C     7.5     5.3     6.6    95.5    75.7    89.4 -99.000 -99.000 -99.000 -99.000 -99.000 -9999.0 -9999.0 -9999.0 -9999.0 -9999.0
25630 20181102  2.424 -160.47   55.35     8.6     6.7     7.7     7.8    25.4     1.77 C     8.9     6.1     7.4    95.7    89.1    92.6 -99.000 -99.000 -99.000 -99.000 -99.000 -9999.0 -9999.0 -9999.0 -9999.0 -9999.0
25630 20181103  2.424 -160.47   55.35     9.4     6.9     8.1     7.9    11.1     2.63 C    10.8     5.5     7.5    98.5    85.5    92.2 -99.000 -99.000 -99.000 -99.000 -99.000 -9999.0 -9999.0 -9999.0 -9999.0 -9999.0
25630 20181104  2.424 -160.47   55.35     9.6     3.3     6.4     7.1     0.0     3.67 C    11.8     0.3     5.9    91.5    75.0    85.2 -99.000 -99.000 -99.000 -99.000 -99.000 -9999.0 -9999.0 -9999.0 -9999.0 -9999.0
25630 20181105  2.424 -160.47   55.35     6.7     3.2     4.9     4.8     0.2     2.83 C     9.6    -0.8     3.6    91.0    61.0    78.5 -99.000 -99.000 -99.000 -99.000 -99.000 -9999.0 -9999.0 -9999.0 -9999.0 -9999.0
25630 20181106  2.424 -160.47   55.35     6.9     3.3     5.1     5.6     1.2     1.01 C     6.2    -0.1     4.4    88.0    74.0    81.7 -99.000 -99.000 -99.000 -99.000 -99.000 -9999.0 -9999.0 -9999.0 -9999.0 -9999.0
25630 20181107  2.424 -160.47   55.35     7.2     3.4     5.3     5.5     0.0     4.07 C     9.0     1.0     4.5    82.2    62.8    71.7 -99.000 -99.000 -99.000 -99.000 -99.000 -9999.0 -9999.0 -9999.0 -9999.0 -9999.0
25630 20181108  2.424 -160.47   55.35     7.9     0.5     4.2     4.3     3.1     1.53 C     8.1    -2.3     2.8    97.3    72.1    83.5 -99.000 -99.000 -99.000 -99.000 -99.000 -9999.0 -9999.0 -9999.0 -9999.0 -9999.0
25630 20181109  2.424 -160.47   55.35     5.9     2.0     3.9     4.4     6.1     2.47 C     6.7    -1.1     2.7    96.4    62.2    75.9 -99.000 -99.000 -99.000 -99.000 -99.000 -9999.0 -9999.0 -9999.0 -9999.0 -9999.0
25630 20181110  2.424 -160.47   55.35     7.0     2.9     5.0     5.3    43.4     0.41 C     6.6     1.9     4.7    98.3    86.6    93.5 -99.000 -99.000 -99.000 -99.000 -99.000 -9999.0 -9999.0 -9999.0 -9999.0 -9999.0
25630 20181111  2.424 -160.47   55.35     5.9     3.3     4.6     5.1    38.3     0.54 C     5.7     0.3     3.9   100.0    69.9    87.4 -99.000 -99.000 -99.000 -99.000 -99.000 -9999.0 -9999.0 -9999.0 -9999.0 -9999.0
25630 20181112  2.424 -160.47   55.35     7.2     3.1     5.1     5.6     5.8     1.74 C     7.2     0.9     4.5    93.2    68.4    82.8 -99.000 -99.000 -99.000 -99.000 -99.000 -9999.0 -9999.0 -9999.0 -9999.0 -9999.0
25630 20181113  2.424 -160.47   55.35     6.8     3.5     5.2     5.4     4.9     2.65 C     7.6     0.4     4.3    93.4    73.6    87.7 -99.000 -99.000 -99.000 -99.000 -99.000 -9999.0 -9999.0 -9999.0 -9999.0 -9999.0
25630 20181114  2.424 -160.47   55.35     7.5     3.5     5.5     5.7     0.0     2.88 C     8.7    -1.3     3.0    93.9    82.2    87.9 -99.000 -99.000 -99.000 -99.000 -99.000 -9999.0 -9999.0 -9999.0 -9999.0 -9999.0
25630 20181115  2.424 -160.47   55.35     7.3     6.0     6.7     6.7     7.6     0.68 C     6.9     5.5     6.2    99.0    83.7    93.5 -99.000 -99.000 -99.000 -99.000 -99.000 -9999.0 -9999.0 -9999.0 -9999.0 -9999.0
25630 20181116  2.424 -160.47   55.35     9.0     5.1     7.1     7.1     0.2     2.12 C    10.1     3.1     6.3    92.7    77.1    84.4 -99.000 -99.000 -99.000 -99.000 -99.000 -9999.0 -9999.0 -9999.0 -9999.0 -9999.0
25630 20181117  2.424 -160.47   55.35     7.4     3.8     5.6     5.6    12.9     2.52 C     9.1     0.9     5.0    97.8    81.5    90.8 -99.000 -99.000 -99.000 -99.000 -99.000 -9999.0 -9999.0 -9999.0 -9999.0 -9999.0
25630 20181118  2.424 -160.47   55.35     6.2     2.8     4.5     4.6     0.0     3.73 C     7.1     0.8     3.7    92.5    61.9    81.0 -99.000 -99.000 -99.000 -99.000 -99.000 -9999.0 -9999.0 -9999.0 -9999.0 -9999.0
25630 20181119  2.424 -160.47   55.35     7.0     3.4     5.2     4.8     1.2     1.85 C     7.6     1.4     3.8    98.4    65.7    82.0 -99.000 -99.000 -99.000 -99.000 -99.000 -9999.0 -9999.0 -9999.0 -9999.0 -9999.0
25630 20181120  2.424 -160.47   55.35     5.0     0.9     3.0     3.1     0.2     2.70 C     4.6    -0.6     1.7    94.6    62.6    81.1 -99.000 -99.000 -99.000 -99.000 -99.000 -9999.0 -9999.0 -9999.0 -9999.0 -9999.0
25630 20181121  2.424 -160.47   55.35     4.2     0.8     2.5     2.5     0.0     3.36 C     6.7    -0.6     1.3    90.1    60.9    74.7 -99.000 -99.000 -99.000 -99.000 -99.000 -9999.0 -9999.0 -9999.0 -9999.0 -9999.0
25630 20181122  2.424 -160.47   55.35     4.5    -0.2     2.2     2.4     0.0     2.51 C     3.4    -3.2     0.4    72.6    61.0    67.7 -99.000 -99.000 -99.000 -99.000 -99.000 -9999.0 -9999.0 -9999.0 -9999.0 -9999.0
25630 20181123  2.424 -160.47   55.35     7.8     3.4     5.6     5.1     5.8     2.12 C     9.1     1.1     4.0    97.2    70.2    87.6 -99.000 -99.000 -99.000 -99.000 -99.000 -9999.0 -9999.0 -9999.0 -9999.0 -9999.0
25630 20181124  2.424 -160.47   55.35     6.1     4.5     5.3     5.4     1.0     1.42 C     6.0     1.2     3.8    91.5    74.9    83.3 -99.000 -99.000 -99.000 -99.000 -99.000 -9999.0 -9999.0 -9999.0 -9999.0 -9999.0
25630 20181125  2.424 -160.47   55.35     6.3     3.9     5.1     5.0     0.0     0.74 C     5.2     2.0     3.7    82.1    62.8    73.5 -99.000 -99.000 -99.000 -99.000 -99.000 -9999.0 -9999.0 -9999.0 -9999.0 -9999.0
25630 20181126  2.424 -160.47   55.35     4.3     0.6     2.5     2.8     0.0     1.81 C     4.7    -0.9     2.0    85.9    66.1    75.3 -99.000 -99.000 -99.000 -99.000 -99.000 -9999.0 -9999.0 -9999.0 -9999.0 -9999.0
25630 20181127  2.424 -160.47   55.35     1.9    -2.7    -0.4     0.3     0.0     2.91 C     1.7    -5.0    -1.1    88.6    63.4    78.0 -99.000 -99.000 -99.000 -99.000 -99.000 -9999.0 -9999.0 -9999.0 -9999.0 -9999.0
25630 20181128  2.424 -160.47   55.35     2.9    -2.2     0.3     0.9     9.0     1.49 C     4.6    -6.1    -0.5    98.1    63.1    85.7 -99.000 -99.000 -99.000 -99.000 -99.000 -9999.0 -9999.0 -9999.0 -9999.0 -9999.0
25630 20181129  2.424 -160.47   55.35     5.2    -0.4     2.4     1.6     2.8     1.69 C     4.3    -2.7     0.1    93.2    66.7    81.6 -99.000 -99.000 -99.000 -99.000 -99.000 -9999.0 -9999.0 -9999.0 -9999.0 -9999.0
25630 20181130  2.424 -160.47   55.35     6.8     5.1     6.0     6.1    15.2     0.18 C     6.4     4.3     5.4    93.7    81.8    90.3 -99.000 -99.000 -99.000 -99.000 -99.000 -9999.0 -9999.0 -9999.0 -9999.0 -9999.0
25630 20181201  2.424 -160.47   55.35     6.7     1.3     4.0     4.6    14.1     1.44 C     6.4     0.3     3.7    96.8    68.8    84.0 -99.000 -99.000 -99.000 -99.000 -99.000 -9999.0 -9999.0 -9999.0 -9999.0 -9999.0
25630 20181202  2.424 -160.47   55.35     5.4    -0.2     2.6     2.9     1.2     2.17 C     4.5    -2.3     0.6    85.9    67.5    77.3 -99.000 -99.000 -99.000 -99.000 -99.000 -9999.0 -9999.0 -9999.0 -9999.0 -9999.0
25630 20181203  2.424 -160.47   55.35     7.0     2.5     4.7     5.2    19.8     0.56 C     6.2    -0.6     3.7    94.6    67.0    82.8 -99.000 -99.000 -99.000 -99.000 -99.000 -9999.0 -9999.0 -9999.0 -9999.0 -9999.0
25630 20181204  2.424 -160.47   55.35     6.2     2.2     4.2     4.9     6.4     0.93 C     5.6     0.6     3.5    94.1    75.1    83.0 -99.000 -99.000 -99.000 -99.000 -99.000 -9999.0 -9999.0 -9999.0 -9999.0 -9999.0
25630 20181205  2.424 -160.47   55.35     5.9     2.5     4.2     4.6     3.1     1.01 C     5.3     0.5     2.8    91.6    70.2    82.4 -99.000 -99.000 -99.000 -99.000 -99.000 -9999.0 -9999.0 -9999.0 -9999.0 -9999.0
25630 20181206  2.424 -160.47   55.35     5.0     1.6     3.3     3.3     0.0     1.82 C     4.1    -1.9     0.5    86.8    70.6    79.7 -99.000 -99.000 -99.000 -99.000 -99.000 -9999.0 -9999.0 -9999.0 -9999.0 -9999.0
25630 20181207  2.424 -160.47   55.35     3.5    -1.6     1.0     1.5     0.2     2.43 C     3.7    -3.4     0.0    86.6    61.4    76.0 -99.000 -99.000 -99.000 -99.000 -99.000 -9999.0 -9999.0 -9999.0 -9999.0 -9999.0
25630 20181208  2.424 -160.47   55.35     1.9    -2.6    -0.3    -1.0     0.7     1.89 C     0.6    -7.2    -2.7    94.6    67.1    78.9 -99.000 -99.000 -99.000 -99.000 -99.000 -9999.0 -9999.0 -9999.0 -9999.0 -9999.0
25630 20181209  2.424 -160.47   55.35     4.1     0.5     2.3     2.6    17.0     1.30 C     3.7     0.0     1.0    94.0    65.4    82.3 -99.000 -99.000 -99.000 -99.000 -99.000 -9999.0 -9999.0 -9999.0 -9999.0 -9999.0
25630 20181210  2.424 -160.47   55.35     3.9    -1.5     1.2     1.2     4.4     1.82 C     3.4    -2.7     0.1    93.3    63.5    82.1 -99.000 -99.000 -99.000 -99.000 -99.000 -9999.0 -9999.0 -9999.0 -9999.0 -9999.0
25630 20181211  2.424 -160.47   55.35    -1.0    -5.9    -3.4    -2.7     0.4     2.32 C    -1.2    -8.4    -4.7    86.4    58.1    73.2 -99.000 -99.000 -99.000 -99.000 -99.000 -9999.0 -9999.0 -9999.0 -9999.0 -9999.0
25630 20181212  2.424 -160.47   55.35     2.0    -4.1    -1.0    -1.3     2.8     0.93 C     0.5    -6.6    -2.9    93.3    57.7    78.7 -99.000 -99.000 -99.000 -99.000 -99.000 -9999.0 -9999.0 -9999.0 -9999.0 -9999.0
25630 20181213  2.424 -160.47   55.35     2.0    -2.9    -0.5    -0.7     0.5     2.23 C     0.0   -10.5    -3.9    81.0    52.2    66.9 -99.000 -99.000 -99.000 -99.000 -99.000 -9999.0 -9999.0 -9999.0 -9999.0 -9999.0
25630 20181214  2.424 -160.47   55.35     2.4    -1.3     0.5     0.4     0.7     0.97 C     0.7    -3.5    -1.0    89.1    50.5    68.9 -99.000 -99.000 -99.000 -99.000 -99.000 -9999.0 -9999.0 -9999.0 -9999.0 -9999.0
25630 20181215  2.424 -160.47   55.35    -1.2    -4.7    -2.9    -2.7     0.3     1.58 C    -3.1    -6.9    -4.7    72.8    52.0    63.6 -99.000 -99.000 -99.000 -99.000 -99.000 -9999.0 -9999.0 -9999.0 -9999.0 -9999.0
25630 20181216  2.424 -160.47   55.35    -4.3    -6.8    -5.5    -5.6     3.2     1.32 C    -6.1    -8.3    -7.3    75.7    54.9    65.5 -99.000 -99.000 -99.000 -99.000 -99.000 -9999.0 -9999.0 -9999.0 -9999.0 -9999.0
25630 20181217  2.424 -160.47   55.35    -5.2    -7.6    -6.4    -6.4    17.4     2.36 C    -5.5    -9.2    -7.6    80.2    56.6    68.9 -99.000 -99.000 -99.000 -99.000 -99.000 -9999.0 -9999.0 -9999.0 -9999.0 -9999.0
25630 20181218  2.424 -160.47   55.35    -2.0    -6.7    -4.4    -4.4     7.8     0.98 C    -2.8   -10.6    -5.7    97.1    60.2    78.4 -99.000 -99.000 -99.000 -99.000 -99.000 -9999.0 -9999.0 -9999.0 -9999.0 -9999.0
25630 20181219  2.424 -160.47   55.35     0.4    -6.0    -2.8    -2.0     4.6     0.67 C     0.0    -9.3    -3.4    97.0    70.1    84.7 -99.000 -99.000 -99.000 -99.000 -99.000 -9999.0 -9999.0 -9999.0 -9999.0 -9999.0
25630 20181220  2.424 -160.47   55.35     2.9    -1.0     1.0     1.3     3.4     0.86 C     1.1    -2.7     0.3    99.3    67.6    82.2 -99.000 -99.000 -99.000 -99.000 -99.000 -9999.0 -9999.0 -9999.0 -9999.0 -9999.0
25630 20181221  2.424 -160.47   55.35     0.3    -1.8    -0.8    -0.9     0.0     1.44 C    -0.9    -3.9    -2.5    81.9    70.1    75.6 -99.000 -99.000 -99.000 -99.000 -99.000 -9999.0 -9999.0 -9999.0 -9999.0 -9999.0
25630 20181222  2.424 -160.47   55.35     1.6    -0.1     0.8     0.6     0.0     2.16 C     0.3    -2.3    -1.1    85.7    72.6    77.9 -99.000 -99.000 -99.000 -99.000 -99.000 -9999.0 -9999.0 -9999.0 -9999.0 -9999.0
25630 20181223  2.424 -160.47   55.35    -0.1    -4.1    -2.1    -2.6     0.0     2.62 C    -1.1    -6.5    -4.4    85.4    68.4    77.0 -99.000 -99.000 -99.000 -99.000 -99.000 -9999.0 -9999.0 -9999.0 -9999.0 -9999.0
25630 20181224  2.424 -160.47   55.35     2.4    -4.8    -1.2    -1.3     0.2     0.68 C     0.8    -8.2    -3.0    91.8    65.5    78.3 -99.000 -99.000 -99.000 -99.000 -99.000 -9999.0 -9999.0 -9999.0 -9999.0 -9999.0
25630 20181225  2.424 -160.47   55.35     2.8     0.9     1.8     1.8     0.2     2.27 C     1.7    -0.4     0.6    93.9    69.5    82.6 -99.000 -99.000 -99.000 -99.000 -99.000 -9999.0 -9999.0 -9999.0 -9999.0 -9999.0
25630 20181226  2.424 -160.47   55.35     2.3     0.1     1.2     1.1     0.0     1.07 C     1.4    -2.6    -0.3    96.9    83.4    92.4 -99.000 -99.000 -99.000 -99.000 -99.000 -9999.0 -9999.0 -9999.0 -9999.0 -9999.0
25630 20181227  2.424 -160.47   55.35     2.8     0.2     1.5     1.8     6.0     0.71 C     1.3    -2.2     0.2    97.6    81.1    92.4 -99.000 -99.000 -99.000 -99.000 -99.000 -9999.0 -9999.0 -9999.0 -9999.0 -9999.0
25630 20181228  2.424 -160.47   55.35     0.2    -7.0    -3.4    -4.5     4.3     1.97 C     0.0    -9.6    -5.3    98.9    58.8    78.4 -99.000 -99.000 -99.000 -99.000 -99.000 -9999.0 -9999.0 -9999.0 -9999.0 -9999.0
25630 20181229  2.424 -160.47   55.35     4.2    -7.9    -1.9    -2.2     7.6     0.54 C     3.8   -12.0    -3.4    94.6    60.6    82.0 -99.000 -99.000 -99.000 -99.000 -99.000 -9999.0 -9999.0 -9999.0 -9999.0 -9999.0
25630 20181230  2.424 -160.47   55.35     5.5     2.4     4.0     3.9     7.0     0.47 C     5.1     0.7     2.0    99.6    73.2    86.8 -99.000 -99.000 -99.000 -99.000 -99.000 -9999.0 -9999.0 -9999.0 -9999.0 -9999.0
25630 20181231  2.424 -160.47   55.35     4.5     0.2     2.3     2.7    18.2     0.27 C     3.2    -0.1     1.4   100.0    70.3    86.9 -99.000 -99.000 -99.000 -99.000 -99.000 -9999.0 -9999.0 -9999.0 -9999.0 -9999.0
