12987 20180101  2.422  -98.06   26.53     4.7     0.6     2.7     1.8     1.1     2.79 C     4.9     0.9     2.1    94.2    58.5    77.9 -99.000 -99.000 -99.000 -99.000 -99.000 -9999.0 -9999.0 -9999.0 -9999.0 -9999.0
12987 20180102  2.422  -98.06   26.53     2.6     0.3     1.5     1.2     1.6     2.42 C     4.0     0.4     1.6    94.2    58.2    77.0 -99.000 -99.000 -99.000 -99.000 -99.000 -9999.0 -9999.0 -9999.0 -9999.0 -9999.0
12987 20180103  2.422  -98.06   26.53    12.4    -1.1     5.7     4.4     0.0    16.53 C    15.7    -2.5     3.9    94.1    24.8    60.5 -99.000 -99.000 -99.000 -99.000 -99.000 -9999.0 -9999.0 -9999.0 -9999.0 -9999.0
12987 20180104  2.422  -98.06   26.53    17.9    -2.3     7.8     8.1     0.0    15.34 C    24.0    -3.7     8.0    87.2    19.3    56.9 -99.000 -99.000 -99.000 -99.000 -99.000 -9999.0 -9999.0 -9999.0 -9999.0 -9999.0
12987 20180105  2.422  -98.06   26.53    21.2     5.5    13.4    12.7     0.0     8.22 C    27.5     4.1    12.6    82.2    39.5    66.3 -99.000 -99.000 -99.000 -99.000 -99.000 -9999.0 -9999.0 -9999.0 -9999.0 -9999.0
12987 20180106  2.422  -98.06   26.53    24.8     6.6    15.7    15.6     0.3    11.57 C    30.1     5.3    15.6    95.1    44.2    73.4 -99.000 -99.000 -99.000 -99.000 -99.000 -9999.0 -9999.0 -9999.0 -9999.0 -9999.0
12987 20180107  2.422  -98.06   26.53    24.8    13.0    18.9    18.6     0.0     7.26 C    26.8    11.5    17.9    92.2    56.5    76.6 -99.000 -99.000 -99.000 -99.000 -99.000 -9999.0 -9999.0 -9999.0 -9999.0 -9999.0
12987 20180108  2.422  -98.06   26.53    24.8     9.7    17.2    17.0     0.0    16.77 C    29.6     5.6    16.0    95.6    17.3    52.4 -99.000 -99.000 -99.000 -99.000 -99.000 -9999.0 -9999.0 -9999.0 -9999.0 -9999.0
12987 20180109  2.422  -98.06   26.53    24.6     4.5    14.5    13.9     0.0    16.07 C    30.8     2.2    13.5    94.5    22.1    56.7 -99.000 -99.000 -99.000 -99.000 -99.000 -9999.0 -9999.0 -9999.0 -9999.0 -9999.0
12987 20180110  2.422  -98.06   26.53    27.0     6.2    16.6    15.7     0.0    14.92 C    31.1     4.8    16.1   100.0    39.5    79.0 -99.000 -99.000 -99.000 -99.000 -99.000 -9999.0 -9999.0 -9999.0 -9999.0 -9999.0
12987 20180111  2.422  -98.06   26.53    28.5    14.2    21.4    20.5     0.0    13.58 C    32.6    12.3    20.5    90.8    18.7    56.2 -99.000 -99.000 -99.000 -99.000 -99.000 -9999.0 -9999.0 -9999.0 -9999.0 -9999.0
12987 20180112  2.422  -98.06   26.53    20.6     4.0    12.3    12.8     0.0    17.61 C    26.1     0.2    12.2    66.2     9.4    23.8 -99.000 -99.000 -99.000 -99.000 -99.000 -9999.0 -9999.0 -9999.0 -9999.0 -9999.0
12987 20180113  2.422  -98.06   26.53    17.1     2.2     9.7     8.7     0.4    17.06 C    22.2    -0.2     8.8    72.3    18.7    50.1 -99.000 -99.000 -99.000 -99.000 -99.000 -9999.0 -9999.0 -9999.0 -9999.0 -9999.0
12987 20180114  2.422  -98.06   26.53    22.7    -0.1    11.3    11.6     0.0    16.03 C    28.7    -1.6    11.9    85.7    26.0    62.2 -99.000 -99.000 -99.000 -99.000 -99.000 -9999.0 -9999.0 -9999.0 -9999.0 -9999.0
12987 20180115  2.422  -98.06   26.53    24.4    10.5    17.5    17.4     0.0    11.41 C    30.1     7.8    17.3    84.8    42.6    64.3 -99.000 -99.000 -99.000 -99.000 -99.000 -9999.0 -9999.0 -9999.0 -9999.0 -9999.0
12987 20180116  2.422  -98.06   26.53    17.6    -1.6     8.0     4.6     0.2     1.10 C    16.3    -1.6     4.6    92.1    66.6    82.7 -99.000 -99.000 -99.000 -99.000 -99.000 -9999.0 -9999.0 -9999.0 -9999.0 -9999.0
12987 20180117  2.422  -98.06   26.53     4.4    -0.8     1.8     1.4     0.2     7.57 C     9.9    -1.4     2.5    70.6    26.7    39.2 -99.000 -99.000 -99.000 -99.000 -99.000 -9999.0 -9999.0 -9999.0 -9999.0 -9999.0
12987 20180118  2.422  -98.06   26.53     4.7     0.3     2.5     2.5     1.6     1.98 C     5.6     1.0     3.2    95.5    36.1    70.7 -99.000 -99.000 -99.000 -99.000 -99.000 -9999.0 -9999.0 -9999.0 -9999.0 -9999.0
12987 20180119  2.422  -98.06   26.53    12.4     4.1     8.2     7.9     4.2     5.98 C    15.3     4.2     8.6    95.7    75.7    90.4 -99.000 -99.000 -99.000 -99.000 -99.000 -9999.0 -9999.0 -9999.0 -9999.0 -9999.0
12987 20180120  2.422  -98.06   26.53    26.4    10.5    18.4    16.5     0.4    12.79 C    28.9    10.6    17.0    99.8    49.7    84.4 -99.000 -99.000 -99.000 -99.000 -99.000 -9999.0 -9999.0 -9999.0 -9999.0 -9999.0
12987 20180121  2.422  -98.06   26.53    27.1    18.1    22.6    21.6     0.0     9.39 C    30.2    17.1    21.5    92.6    54.1    78.6 -99.000 -99.000 -99.000 -99.000 -99.000 -9999.0 -9999.0 -9999.0 -9999.0 -9999.0
12987 20180122  2.422  -98.06   26.53    22.7    10.6    16.7    18.2     0.0    10.31 C    25.8     7.5    17.2    96.0    12.4    45.9 -99.000 -99.000 -99.000 -99.000 -99.000 -9999.0 -9999.0 -9999.0 -9999.0 -9999.0
12987 20180123  2.422  -98.06   26.53    21.1     5.1    13.1    13.1     0.0     8.14 C    25.0     2.3    12.3    68.8    11.5    36.8 -99.000 -99.000 -99.000 -99.000 -99.000 -9999.0 -9999.0 -9999.0 -9999.0 -9999.0
12987 20180124  2.422  -98.06   26.53    19.9     9.1    14.5    14.1     0.0     8.15 C    25.3     5.5    13.7    68.1    30.1    45.5 -99.000 -99.000 -99.000 -99.000 -99.000 -9999.0 -9999.0 -9999.0 -9999.0 -9999.0
12987 20180125  2.422  -98.06   26.53    19.0     8.0    13.5    14.6     0.0     2.83 C    19.5     5.3    14.4    89.0    57.6    69.5 -99.000 -99.000 -99.000 -99.000 -99.000 -9999.0 -9999.0 -9999.0 -9999.0 -9999.0
12987 20180126  2.422  -98.06   26.53    24.8    14.1    19.4    18.3     0.6     5.48 C    27.4    11.9    18.1    95.2    59.1    83.6 -99.000 -99.000 -99.000 -99.000 -99.000 -9999.0 -9999.0 -9999.0 -9999.0 -9999.0
12987 20180127  2.422  -98.06   26.53    26.0    16.9    21.5    20.1     0.0     7.42 C    31.7    16.6    20.8    99.0    62.6    87.5 -99.000 -99.000 -99.000 -99.000 -99.000 -9999.0 -9999.0 -9999.0 -9999.0 -9999.0
12987 20180128  2.422  -98.06   26.53    24.2    11.5    17.8    18.1     1.0     8.98 C    29.0    10.3    18.2    96.2    47.4    81.9 -99.000 -99.000 -99.000 -99.000 -99.000 -9999.0 -9999.0 -9999.0 -9999.0 -9999.0
12987 20180129  2.422  -98.06   26.53    23.5     9.3    16.4    15.6     0.4    18.80 C    27.9     6.2    15.3   100.0    14.1    55.7 -99.000 -99.000 -99.000 -99.000 -99.000 -9999.0 -9999.0 -9999.0 -9999.0 -9999.0
12987 20180130  2.422  -98.06   26.53    22.6     3.4    13.0    12.9     0.0    16.42 C    30.0     1.4    12.9    92.5    26.7    59.3 -99.000 -99.000 -99.000 -99.000 -99.000 -9999.0 -9999.0 -9999.0 -9999.0 -9999.0
12987 20180131  2.422  -98.06   26.53    24.4     3.7    14.0    15.4     0.0    16.82 C    31.0     2.2    15.5    96.6    38.3    70.0 -99.000 -99.000 -99.000 -99.000 -99.000 -9999.0 -9999.0 -9999.0 -9999.0 -9999.0
12987 20180201  2.422  -98.06   26.53    29.8    13.2    21.5    20.7     0.0    16.05 C    37.2    11.3    21.2    93.2    30.8    65.1 -99.000 -99.000 -99.000 -99.000 -99.000 -9999.0 -9999.0 -9999.0 -9999.0 -9999.0
12987 20180202  2.422  -98.06   26.53    18.4    12.1    15.3    15.4     0.0     6.04 C    22.9    12.3    15.9    94.8    42.7    63.5 -99.000 -99.000 -99.000 -99.000 -99.000 -9999.0 -9999.0 -9999.0 -9999.0 -9999.0
12987 20180203  2.422  -98.06   26.53    21.8    11.2    16.5    15.8     0.2     7.91 C    28.1    11.6    16.9    92.9    61.1    79.5 -99.000 -99.000 -99.000 -99.000 -99.000 -9999.0 -9999.0 -9999.0 -9999.0 -9999.0
12987 20180204  2.422  -98.06   26.53    30.8    14.2    22.5    20.9     0.0     8.92 C    33.3    11.7    20.9    95.7    24.1    71.0 -99.000 -99.000 -99.000 -99.000 -99.000 -9999.0 -9999.0 -9999.0 -9999.0 -9999.0
12987 20180205  2.422  -98.06   26.53    22.3    16.1    19.2    18.4     0.0     4.70 C    25.6    15.4    18.9    95.6    69.5    86.8 -99.000 -99.000 -99.000 -99.000 -99.000 -9999.0 -9999.0 -9999.0 -9999.0 -9999.0
12987 20180206  2.422  -98.06   26.53    30.4    17.7    24.1    23.7     0.0    11.07 C    35.8    17.9    24.0    95.2    44.4    74.9 -99.000 -99.000 -99.000 -99.000 -99.000 -9999.0 -9999.0 -9999.0 -9999.0 -9999.0
12987 20180207  2.422  -98.06   26.53    22.4     7.2    14.8    13.4     0.0     1.23 C    22.6     7.1    13.4    94.1    77.0    88.0 -99.000 -99.000 -99.000 -99.000 -99.000 -9999.0 -9999.0 -9999.0 -9999.0 -9999.0
12987 20180208  2.422  -98.06   26.53    15.0     7.5    11.3    10.9     0.0     7.37 C    21.3     7.9    12.2    84.8    45.8    64.5 -99.000 -99.000 -99.000 -99.000 -99.000 -9999.0 -9999.0 -9999.0 -9999.0 -9999.0
12987 20180209  2.422  -98.06   26.53    16.6    11.3    14.0    14.0     0.5     4.36 C    20.7    11.5    14.8    89.0    70.6    79.5 -99.000 -99.000 -99.000 -99.000 -99.000 -9999.0 -9999.0 -9999.0 -9999.0 -9999.0
12987 20180210  2.422  -98.06   26.53    29.9    15.6    22.8    20.5     0.0    15.18 C    36.5    15.5    21.9    96.5    39.8    78.9 -99.000 -99.000 -99.000 -99.000 -99.000 -9999.0 -9999.0 -9999.0 -9999.0 -9999.0
12987 20180211  2.422  -98.06   26.53    21.7     5.2    13.5    12.7     0.0     2.31 C    22.7     5.5    13.1    92.5    65.1    86.2 -99.000 -99.000 -99.000 -99.000 -99.000 -9999.0 -9999.0 -9999.0 -9999.0 -9999.0
12987 20180212  2.422  -98.06   26.53    13.0     6.0     9.5     9.0     0.0     6.79 C    16.9     6.4    10.4    94.0    40.7    52.9 -99.000 -99.000 -99.000 -99.000 -99.000 -9999.0 -9999.0 -9999.0 -9999.0 -9999.0
12987 20180213  2.422  -98.06   26.53    11.7     8.3    10.0    10.2     1.5     2.28 C    12.5     8.6    10.5    96.1    94.1    95.4 -99.000 -99.000 -99.000 -99.000 -99.000 -9999.0 -9999.0 -9999.0 -9999.0 -9999.0
12987 20180214  2.422  -98.06   26.53    24.4    11.5    18.0    16.3     0.0     8.20 C    26.8    11.7    17.2    96.3    69.8    90.1 -99.000 -99.000 -99.000 -99.000 -99.000 -9999.0 -9999.0 -9999.0 -9999.0 -9999.0
12987 20180215  2.422  -98.06   26.53    29.9    20.0    25.0    23.5     0.0    13.06 C    34.6    19.3    23.9    95.6    47.2    76.6 -99.000 -99.000 -99.000 -99.000 -99.000 -9999.0 -9999.0 -9999.0 -9999.0 -9999.0
12987 20180216  2.422  -98.06   26.53    31.3    19.8    25.5    23.9     0.0    16.87 C    38.1    18.7    24.8    90.5    40.2    72.4 -99.000 -99.000 -99.000 -99.000 -99.000 -9999.0 -9999.0 -9999.0 -9999.0 -9999.0
12987 20180217  2.422  -98.06   26.53    32.7    19.8    26.3    24.7     0.0    18.16 C    41.1    18.7    25.8    91.6    34.6    69.2 -99.000 -99.000 -99.000 -99.000 -99.000 -9999.0 -9999.0 -9999.0 -9999.0 -9999.0
12987 20180218  2.422  -98.06   26.53    30.8    19.0    24.9    24.4     0.0    18.60 C    36.9    18.2    25.5    93.1    40.0    70.8 -99.000 -99.000 -99.000 -99.000 -99.000 -9999.0 -9999.0 -9999.0 -9999.0 -9999.0
12987 20180219  2.422  -98.06   26.53    30.5    21.3    25.9    24.9     0.0    14.33 C    35.0    20.3    25.5    88.1    48.9    71.5 -99.000 -99.000 -99.000 -99.000 -99.000 -9999.0 -9999.0 -9999.0 -9999.0 -9999.0
12987 20180220  2.422  -98.06   26.53    28.5    22.8    25.6    24.8     0.0     8.14 C    31.4    22.5    25.2    84.0    56.5    74.5 -99.000 -99.000 -99.000 -99.000 -99.000 -9999.0 -9999.0 -9999.0 -9999.0 -9999.0
12987 20180221  2.422  -98.06   26.53    31.4    10.5    21.0    23.4     0.7    10.27 C    36.8    11.0    24.2    93.8    48.9    77.5 -99.000 -99.000 -99.000 -99.000 -99.000 -9999.0 -9999.0 -9999.0 -9999.0 -9999.0
12987 20180222  2.422  -98.06   26.53    13.9     9.4    11.7    11.6     0.2     3.53 C    15.7     9.9    12.5    95.5    86.6    93.5 -99.000 -99.000 -99.000 -99.000 -99.000 -9999.0 -9999.0 -9999.0 -9999.0 -9999.0
12987 20180223  2.422  -98.06   26.53    31.0    13.1    22.1    19.9     0.5    12.94 C    35.9    13.4    20.9    96.1    42.2    80.0 -99.000 -99.000 -99.000 -99.000 -99.000 -9999.0 -9999.0 -9999.0 -9999.0 -9999.0
12987 20180224  2.422  -98.06   26.53    33.5    22.4    28.0    26.1     0.0    16.69 C    40.1    21.4    26.9    83.9    37.9    66.5 -99.000 -99.000 -99.000 -99.000 -99.000 -9999.0 -9999.0 -9999.0 -9999.0 -9999.0
12987 20180225  2.422  -98.06   26.53    28.2    18.5    23.4    24.1     0.0     7.23 C    31.9    17.8    24.6    89.6    59.7    77.4 -99.000 -99.000 -99.000 -99.000 -99.000 -9999.0 -9999.0 -9999.0 -9999.0 -9999.0
12987 20180226  2.422  -98.06   26.53    21.6    17.7    19.6    18.8    10.7     2.20 C    21.4    17.6    19.0    95.6    84.1    92.4 -99.000 -99.000 -99.000 -99.000 -99.000 -9999.0 -9999.0 -9999.0 -9999.0 -9999.0
12987 20180227  2.422  -98.06   26.53    30.4    21.6    26.0    24.7     0.0    17.82 C    35.7    21.1    25.3    95.1    45.9    75.6 -99.000 -99.000 -99.000 -99.000 -99.000 -9999.0 -9999.0 -9999.0 -9999.0 -9999.0
12987 20180228  2.422  -98.06   26.53    32.2    21.1    26.7    25.3     0.0    17.04 C    38.2    20.1    25.9    90.3    42.6    70.5 -99.000 -99.000 -99.000 -99.000 -99.000 -9999.0 -9999.0 -9999.0 -9999.0 -9999.0
12987 20180301  2.622  -98.06   26.53 -9999.0 -9999.0 -9999.0 -9999.0 -9999.0 -9999.00 U -9999.0 -9999.0 -9999.0 -9999.0 -9999.0 -9999.0 -99.000 -99.000 -99.000 -99.000 -99.000 -9999.0 -9999.0 -9999.0 -9999.0 -9999.0
12987 20180302  2.622  -98.06   26.53    26.7    13.4    20.1    19.5     0.0    17.78 C    37.4    12.3    21.0    92.0    43.2    68.5   0.110   0.108   0.152   0.139   0.160    22.0    22.6    23.1    22.0    21.7
12987 20180303  2.622  -98.06   26.53    27.7    17.0    22.4    21.5     1.0     8.94 C    31.7    16.1    22.0    93.2    51.5    84.1   0.109   0.107   0.151   0.138   0.160    22.1    22.5    22.6    21.8    21.8
12987 20180304  2.622  -98.06   26.53    31.3    19.6    25.4    24.4     0.0    17.24 C    41.1    18.7    26.1    94.9    40.6    73.5   0.108   0.107   0.152   0.139   0.161    23.3    23.4    23.7    21.8    21.7
12987 20180305  2.622  -98.06   26.53    32.7    21.3    27.0    25.6     0.0    15.19 C    43.9    20.0    27.2    88.5    41.9    70.2   0.107   0.106   0.152   0.139   0.160    24.4    24.5    24.9    22.2    21.9
12987 20180306  2.622  -98.06   26.53    22.5    12.8    17.7    16.8     0.0     3.64 C    21.7    12.7    17.5    93.2    57.0    81.0   0.103   0.103   0.150   0.140   0.161    22.3    23.1    23.3    22.7    22.2
12987 20180307  2.622  -98.06   26.53    24.1    11.5    17.8    16.7     0.0    20.50 C    36.5     7.9    18.7    83.3    11.9    43.2   0.099   0.101   0.148   0.139   0.161    20.9    21.7    21.9    22.1    22.2
12987 20180308  2.622  -98.06   26.53    23.4    11.7    17.6    17.6     0.0     6.86 C    30.8     8.1    18.3    68.3    41.1    54.0   0.096   0.099   0.146   0.138   0.160    20.2    21.0    21.0    21.7    22.0
12987 20180309  2.622  -98.06   26.53    22.8    17.9    20.4    20.2     0.0     2.92 C    25.8    17.3    20.4    89.3    65.4    77.0   0.096   0.099   0.145   0.138   0.161    20.6    21.0    21.1    21.4    21.8
12987 20180310  2.622  -98.06   26.53    32.8    19.0    25.9    24.6     0.0    18.67 C    46.1    16.0    27.6    94.9    38.1    71.6   0.097   0.099   0.147   0.138   0.160    23.0    23.0    23.3    21.3    21.6
12987 20180311  2.622  -98.06   26.53    36.5    19.0    27.7    25.4     0.0    17.47 C    49.2    17.9    28.0    93.3    19.5    58.5   0.098   0.100   0.148   0.138   0.161    25.1    25.1    25.6    22.0    21.8
12987 20180312  2.622  -98.06   26.53    20.9    14.3    17.6    17.0     0.0    14.68 C    35.9    13.1    19.6    59.8    24.2    35.9   0.093   0.097   0.144   0.139   0.161    23.1    23.7    24.2    22.6    22.1
12987 20180313  2.622  -98.06   26.53    22.3    14.3    18.3    17.4     0.0    11.29 C    31.6    13.1    19.4    69.9    33.4    55.6   0.090   0.094   0.142   0.139   0.160    22.0    22.5    22.8    22.5    22.3
12987 20180314  2.622  -98.06   26.53    24.9    12.9    18.9    18.8     0.0    16.18 C    38.0     9.7    21.2    82.1    30.4    54.7   0.089   0.094   0.141   0.139   0.160    22.1    22.4    22.7    22.2    22.2
12987 20180315  2.622  -98.06   26.53    28.4    18.2    23.3    21.5     0.0     8.87 C    35.2    17.9    22.5    88.4    47.4    66.3   0.087   0.093   0.140   0.138   0.161    22.4    22.7    22.8    22.1    22.1
12987 20180316  2.622  -98.06   26.53    33.2    20.5    26.8    25.5     0.0    20.55 C    48.9    19.4    28.7    89.9    37.5    68.2   0.089   0.094   0.141   0.139   0.161    24.5    24.3    24.7    22.1    22.2
12987 20180317  2.622  -98.06   26.53    34.0    21.4    27.7    26.1     0.0    17.16 C    48.2    20.0    29.0    92.1    35.6    69.5   0.089   0.095   0.141   0.139   0.160    25.8    25.8    25.9    22.8    22.4
12987 20180318  2.622  -98.06   26.53    33.5    21.7    27.6    26.4     0.0    18.78 C    48.8    20.5    29.6    91.0    38.1    67.9   0.089   0.095   0.139   0.138   0.161    26.7    26.7    26.8    23.5    22.8
12987 20180319  2.622  -98.06   26.53    33.1    15.6    24.4    24.9     0.0    18.34 C    48.8    11.8    26.7    91.3    35.6    66.1   0.088   0.094   0.139   0.140   0.162    27.0    27.1    27.3    24.1    23.2
12987 20180320  2.622  -98.06   26.53    29.0    12.5    20.7    19.5     0.0    23.76 C    43.9     9.7    22.3    89.1    18.6    53.2   0.085   0.092   0.136   0.139   0.162    25.1    25.8    26.1    24.3    23.5
12987 20180321  2.622  -98.06   26.53    28.3    10.4    19.4    19.4     0.0    23.34 C    42.3     8.3    21.9    92.5    22.0    59.6   0.083   0.090   0.134   0.140   0.162    24.4    25.1    25.2    24.1    23.6
12987 20180322  2.622  -98.06   26.53    28.8    17.0    22.9    22.2     0.0    11.36 C    43.9    15.0    23.6    84.5    40.0    64.0   0.082   0.089   0.133   0.139   0.162    24.6    25.0    24.9    24.0    23.7
12987 20180323  2.622  -98.06   26.53    30.5    17.7    24.1    23.7     0.0    17.48 C    44.0    16.4    25.6    90.8    42.6    67.3   0.082   0.089   0.132   0.138   0.161    24.8    25.0    25.0    23.8    23.7
12987 20180324  2.622  -98.06   26.53    32.3    21.7    27.0    25.9     0.0    14.62 C    45.2    20.7    28.2    84.0    45.8    66.2   0.083   0.089   0.133   0.139   0.161    26.1    26.0    26.1    23.9    23.7
12987 20180325  2.622  -98.06   26.53    33.9    20.5    27.2    25.9     0.0    22.47 C    47.1    18.4    28.8    91.2    29.5    66.1   0.083   0.089   0.133   0.138   0.160    26.8    26.7    26.9    24.3    23.8
12987 20180326  2.622  -98.06   26.53    32.5    20.5    26.5    25.8     0.0    20.68 C    45.6    19.4    28.4    92.9    39.1    67.4   0.083   0.089   0.132   0.137   0.162    27.2    27.2    27.4    24.7    24.0
12987 20180327  2.622  -98.06   26.53    33.0    22.6    27.8    26.7     0.0    15.40 C    43.7    21.4    28.8    84.5    44.2    67.3   0.083   0.089   0.132   0.139   0.163    27.4    27.4    27.4    25.0    24.3
12987 20180328  2.622  -98.06   26.53    32.1    23.0    27.5    26.0     0.2     9.99 C    42.5    22.5    27.6    91.6    51.8    73.9   0.082   0.088   0.131   0.140   0.162    27.2    27.3    27.3    25.2    24.5
12987 20180329  2.622  -98.06   26.53    32.3    17.0    24.6    23.7    12.3    24.93 C    44.6    14.9    26.3    93.3    15.3    62.4   0.114   0.088   0.130   0.138   0.163    26.4    27.1    27.3    25.3    24.8
12987 20180330  2.622  -98.06   26.53    29.2    14.2    21.7    20.9     0.0    18.60 C    42.4    12.7    22.3    94.5    32.2    71.2   0.107   0.087   0.128   0.138   0.164    24.1    25.0    25.1    25.2    24.8
12987 20180331  2.622  -98.06   26.53    31.4    15.6    23.5    22.8     0.0    23.83 C    45.3    14.1    25.6    96.1    31.6    68.1   0.104   0.088   0.129   0.137   0.164    24.7    25.3    25.5    24.6    24.6
12987 20180401  2.622  -98.06   26.53    33.5    17.4    25.5    24.9     0.0    23.67 C    47.4    15.9    27.8    94.3    37.5    68.6   0.101   0.090   0.131   0.137   0.163    25.9    26.2    26.5    24.7    24.5
12987 20180402  2.622  -98.06   26.53    32.6    22.5    27.5    26.2     0.0    23.47 C    44.1    21.4    28.8    86.1    39.7    67.3   0.099   0.091   0.133   0.137   0.163    27.1    27.2    27.6    25.0    24.6
12987 20180403  2.622  -98.06   26.53    32.1    22.5    27.3    26.3     0.0    13.74 C    42.9    21.3    28.1    89.3    48.6    71.7   0.097   0.092   0.134   0.140   0.164    26.9    27.1    27.5    25.4    24.8
12987 20180404  2.622  -98.06   26.53    23.3    16.5    19.9    19.0     0.9     5.66 C    23.8    16.8    19.8    93.3    52.1    71.7   0.092   0.090   0.132   0.138   0.163    24.3    25.3    25.5    25.4    24.9
12987 20180405  2.622  -98.06   26.53    28.2    16.8    22.5    22.2     0.3    13.93 C    38.8    17.2    24.1    89.5    63.6    77.3   0.090   0.089   0.130   0.138   0.163    23.9    24.4    24.6    24.7    24.8
12987 20180406  2.622  -98.06   26.53    32.5    22.1    27.3    26.3     0.0    19.06 C    45.9    21.2    28.8    92.7    47.5    72.2   0.092   0.091   0.132   0.138   0.164    26.2    26.2    26.3    24.5    24.6
12987 20180407  2.622  -98.06   26.53    25.4    11.3    18.3    19.1     0.0     4.31 C    28.9    12.4    19.8    93.3    58.8    77.1   0.089   0.090   0.131   0.137   0.164    24.6    25.3    25.5    24.9    24.7
12987 20180408  2.622  -98.06   26.53    25.4     8.4    16.9    16.3     0.0    22.19 C    40.4    10.1    21.9    80.6    38.7    64.2   0.087   0.088   0.129   0.137   0.164    23.4    24.0    24.4    24.5    24.6
12987 20180409  2.622  -98.06   26.53    29.7    17.7    23.7    23.3     0.3     7.48 C    38.4    17.9    24.8    92.7    55.2    78.3   0.088   0.090   0.130   0.136   0.163    25.0    25.2    25.4    24.4    24.4
12987 20180410  2.622  -98.06   26.53    25.4    13.2    19.3    18.2     2.4     8.94 C    31.6    10.2    18.1    94.4    20.6    71.9   0.084   0.088   0.128   0.136   0.164    22.6    23.7    23.5    24.3    24.4
12987 20180411  2.622  -98.06   26.53    29.3    10.1    19.7    20.0     0.0    25.13 C    45.7     8.8    23.3    94.3    35.1    66.6   0.083   0.087   0.128   0.136   0.162    22.7    23.1    23.4    23.7    24.2
12987 20180412  2.622  -98.06   26.53    32.3    17.5    24.9    24.5     0.0    22.37 C    46.9    16.5    27.5    94.6    45.3    72.2   0.087   0.089   0.129   0.134   0.161    24.9    25.0    25.2    23.7    24.0
12987 20180413  2.622  -98.06   26.53    35.6    24.0    29.8    27.8     0.0    22.75 C    50.4    23.6    31.5    81.0    40.3    67.8   0.089   0.091   0.131   0.136   0.161    27.5    27.2    27.5    24.3    24.1
12987 20180414  2.622  -98.06   26.53    27.4    12.4    19.9    21.8     0.0    23.94 C    42.8     7.7    24.7    84.2    11.1    37.5   0.088   0.091   0.131   0.137   0.162    27.1    27.5    27.8    25.0    24.4
12987 20180415  2.622  -98.06   26.53    30.3     9.3    19.8    20.0     0.0    27.33 C    49.9     5.1    23.9    77.1    10.4    41.6   0.085   0.089   0.130   0.136   0.163    25.5    26.0    26.4    25.2    24.8
12987 20180416  2.622  -98.06   26.53    31.1    12.2    21.7    21.8     0.0    26.98 C    48.1     8.7    25.1    84.5    19.1    52.9   0.084   0.089   0.129   0.136   0.163    26.0    26.2    26.5    25.0    24.8
12987 20180417  2.622  -98.06   26.53    31.1    17.0    24.0    23.6     0.0    25.99 C    46.3    15.3    27.1    83.5    38.0    60.8   0.083   0.089   0.130   0.136   0.163    26.8    26.8    27.0    25.1    24.8
12987 20180418  2.622  -98.06   26.53    31.8    19.5    25.7    24.8     0.0    17.83 C    51.5    18.2    27.9    87.4    42.4    67.6   0.083   0.089   0.129   0.136   0.162    27.3    27.2    27.3    25.4    24.9
12987 20180419  2.622  -98.06   26.53    28.3    16.9    22.6    22.8     0.0    10.25 C    37.2    15.1    23.9    93.4    44.9    69.1   0.082   0.088   0.129   0.135   0.162    26.6    27.0    26.9    25.6    25.1
12987 20180420  2.622  -98.06   26.53    28.6    15.9    22.3    21.8     0.0    11.30 C    37.4    14.1    23.0    83.9    47.2    68.7   0.079   0.086   0.126   0.135   0.162    25.1    25.6    25.5    25.5    25.2
12987 20180421  2.622  -98.06   26.53    32.2    18.2    25.2    24.8     0.0    11.20 C    44.9    16.8    26.1    90.5    49.7    73.0   0.080   0.086   0.127   0.135   0.163    25.6    25.8    25.7    25.2    25.1
12987 20180422  2.622  -98.06   26.53    32.4    17.7    25.0    23.4     0.0    22.29 C    49.0    14.9    27.2    95.3    31.6    69.9   0.082   0.087   0.128   0.136   0.163    27.1    27.1    27.1    25.1    25.0
12987 20180423  2.622  -98.06   26.53    30.9    16.2    23.5    22.7     0.0    17.05 C    48.8    14.2    25.3    86.8    25.4    60.2   0.081   0.087   0.127   0.134   0.163    26.7    27.1    26.8    25.5    25.2
12987 20180424  2.622  -98.06   26.53    33.9    15.6    24.8    24.3     0.0    24.69 C    51.2    13.8    28.5    92.6    19.9    61.0   0.081   0.087   0.127   0.135   0.163    27.8    27.7    27.6    25.6    25.2
12987 20180425  2.622  -98.06   26.53    33.7    19.2    26.4    25.2     3.2    23.65 C    50.5    18.0    29.6    91.3    28.9    64.1   0.082   0.087   0.128   0.136   0.162    29.0    28.8    28.8    26.1    25.4
12987 20180426  2.622  -98.06   26.53    26.7    17.1    21.9    21.0     0.0    15.43 C    43.1    15.8    23.9    91.4    49.1    72.8   0.079   0.086   0.126   0.135   0.162    26.7    27.4    27.4    26.4    25.6
12987 20180427  2.622  -98.06   26.53    30.6    16.8    23.7    23.1     0.0    21.61 C    50.6    15.4    27.0    91.4    26.6    59.3   0.082   0.085   0.126   0.135   0.162    26.7    26.9    27.4    26.1    25.7
12987 20180428  2.622  -98.06   26.53    26.1    17.5    21.8    20.5     2.5    16.48 C    42.0    16.0    22.6    92.5    49.9    74.7   0.081   0.085   0.125   0.135   0.162    25.5    26.2    26.3    26.0    25.7
12987 20180429  2.622  -98.06   26.53    26.5    15.9    21.2    21.7     0.0     8.18 C    33.7    14.7    22.7    92.6    51.2    72.4   0.079   0.083   0.124   0.135   0.163    24.1    24.8    24.9    25.7    25.6
12987 20180430  2.622  -98.06   26.53    29.8    21.4    25.6    25.1     0.0    10.98 C    40.2    20.5    26.6    85.4    48.6    69.4   0.081   0.084   0.125   0.134   0.162    25.2    25.4    25.7    25.3    25.3
12987 20180501  2.622  -98.06   26.53    33.1    23.6    28.3    27.0     0.0    15.48 C    44.5    22.8    29.3    89.9    52.4    74.1   0.083   0.085   0.125   0.132   0.161    26.7    26.6    26.8    25.2    25.3
12987 20180502  2.622  -98.06   26.53    34.1    25.2    29.7    28.4     0.0    20.07 C    47.2    24.5    31.4    84.9    46.2    69.5   0.086   0.087   0.127   0.134   0.160    28.5    28.1    28.3    25.6    25.3
12987 20180503  2.622  -98.06   26.53    34.9    24.1    29.5    28.6     0.0    25.39 C    50.2    23.1    32.6    86.0    37.7    65.6   0.087   0.088   0.129   0.134   0.162    29.8    29.4    29.6    26.3    25.5
12987 20180504  2.622  -98.06   26.53    33.4    22.9    28.1    27.2     0.5    12.09 C    45.0    21.7    29.5    90.6    45.8    71.4   0.085   0.088   0.129   0.136   0.162    29.5    29.4    29.6    26.8    26.0
12987 20180505  2.622  -98.06   26.53    30.5    22.4    26.4    24.8     8.8    14.75 C    39.1    21.7    27.2    94.5    48.8    78.4   0.089   0.087   0.127   0.136   0.162    28.1    28.4    28.5    27.0    26.2
12987 20180506  2.622  -98.06   26.53    33.9    19.5    26.7    25.7     0.0    27.20 C    48.0    17.3    29.0    95.2    24.0    64.1   0.113   0.087   0.128   0.135   0.163    28.1    28.4    28.6    26.8    26.3
12987 20180507  2.622  -98.06   26.53    33.2    16.2    24.7    24.2     0.0    27.58 C    49.0    14.6    27.7    94.5    24.9    60.5   0.105   0.088   0.129   0.135   0.162    27.9    28.2    28.4    26.8    26.3
12987 20180508  2.622  -98.06   26.53    33.4    14.3    23.8    24.2     0.0    27.30 C    49.5    13.4    28.1    92.7    25.6    61.2   0.101   0.089   0.130   0.136   0.164    28.1    28.2    28.6    27.0    26.4
12987 20180509  2.622  -98.06   26.53    33.7    18.8    26.2    25.4     0.0    23.48 C    51.7    17.5    28.9    88.2    33.1    62.4   0.098   0.090   0.131   0.137   0.164    28.7    28.7    29.1    27.1    26.5
12987 20180510  2.622  -98.06   26.53    34.5    19.6    27.0    26.0     0.0    25.64 C    52.1    17.8    30.3    87.9    28.9    60.7   0.096   0.091   0.132   0.136   0.163    29.4    29.2    29.6    27.3    26.6
12987 20180511  2.622  -98.06   26.53    35.2    19.1    27.2    26.6     0.0    27.30 C    52.5    17.4    31.1    94.6    23.9    60.8   0.093   0.092   0.133   0.137   0.165    30.1    29.8    30.1    27.5    26.7
12987 20180512  2.622  -98.06   26.53    35.8    21.7    28.7    27.7     0.0    22.50 C    53.3    20.9    31.7    91.9    36.6    68.7   0.091   0.092   0.132   0.136   0.164    30.7    30.4    30.6    27.9    26.9
12987 20180513  2.622  -98.06   26.53    36.4    23.9    30.1    28.4     0.0    19.57 C    53.3    23.9    31.1    91.1    37.6    69.2   0.089   0.092   0.132   0.138   0.164    31.2    31.0    31.0    28.3    27.1
12987 20180514  2.622  -98.06   26.53    34.5    23.5    29.0    27.8     0.0    19.11 C    50.7    22.1    31.1    91.1    41.6    68.9   0.087   0.092   0.132   0.136   0.164    31.0    30.9    30.9    28.6    27.4
12987 20180515  2.622  -98.06   26.53    36.8    21.6    29.2    27.7     0.0    23.82 C    56.5    20.2    32.1    92.4    32.9    66.5   0.087   0.092   0.132   0.136   0.165    31.4    31.1    31.3    28.6    27.7
12987 20180516  2.622  -98.06   26.53    36.4    19.6    28.0    27.5     0.0    26.45 C    55.0    18.3    32.7    94.5    27.7    62.8   0.086   0.092   0.132   0.137   0.164    32.0    31.6    31.8    28.9    27.8
12987 20180517  2.622  -98.06   26.53    36.8    19.4    28.1    27.7     0.0    27.89 C    55.1    17.6    32.5    95.3    21.8    60.5   0.086   0.091   0.132   0.137   0.164    32.3    31.9    32.1    29.2    28.0
12987 20180518  2.622  -98.06   26.53    35.9    21.7    28.8    28.0     0.0    26.48 C    51.9    20.8    32.2    93.4    29.6    64.0   0.084   0.091   0.131   0.137   0.165    32.4    32.1    32.1    29.5    28.2
12987 20180519  2.622  -98.06   26.53    35.5    24.5    30.0    29.0     0.0    23.10 C    50.2    23.4    32.6    83.1    37.4    63.4   0.083   0.090   0.131   0.138   0.166    32.5    32.2    32.1    29.7    28.5
12987 20180520  2.622  -98.06   26.53    35.2    20.1    27.6    29.1     0.0    22.12 C    52.3    20.1    33.2    88.6    41.4    67.0   0.083   0.089   0.130   0.139   0.167    32.8    32.5    32.4    29.8    28.6
12987 20180521  2.622  -98.06   26.53    33.2    20.0    26.6    26.5     6.6    23.95 C    49.8    20.1    30.4    93.2    37.8    68.4   0.085   0.088   0.129   0.139   0.165    31.5    31.8    31.9    29.9    28.8
12987 20180522  2.622  -98.06   26.53    34.5    23.6    29.0    27.7     0.0    20.15 C    51.6    23.0    30.9    93.0    39.8    70.0   0.088   0.088   0.129   0.138   0.166    30.9    31.1    31.3    29.8    28.9
12987 20180523  2.622  -98.06   26.53    36.0    22.0    29.0    27.7     0.0    21.86 C    53.5    21.0    30.9    95.0    35.8    71.2   0.089   0.088   0.129   0.138   0.166    31.0    31.1    31.4    29.8    28.9
12987 20180524  2.622  -98.06   26.53    36.8    22.5    29.7    28.2     0.3    24.59 C    57.4    21.3    32.3    93.9    34.6    70.2   0.089   0.089   0.130   0.137   0.166    31.4    31.3    31.8    29.7    28.9
12987 20180525  2.622  -98.06   26.53    37.0    22.2    29.6    28.9     0.0    25.36 C    56.6    21.3    33.9    94.9    32.6    66.6   0.090   0.090   0.130   0.138   0.166    32.2    31.8    32.3    29.8    28.9
12987 20180526  2.622  -98.06   26.53    37.4    22.5    29.9    29.6     0.0    27.45 C    56.5    21.0    35.1    94.2    30.7    61.9   0.090   0.091   0.132   0.139   0.165    33.3    32.8    33.3    29.9    28.9
12987 20180527  2.622  -98.06   26.53    38.5    22.4    30.4    29.6     0.0    26.57 C    56.1    20.7    34.8    94.6    27.6    62.7   0.089   0.092   0.132   0.138   0.166    33.9    33.4    33.8    30.4    29.2
12987 20180528  2.622  -98.06   26.53    38.3    21.9    30.1    29.2     0.0    26.93 C    57.1    20.1    34.5    94.6    30.8    62.7   0.087   0.092   0.132   0.138   0.166    34.1    33.6    33.9    30.7    29.4
12987 20180529  2.622  -98.06   26.53    37.5    22.1    29.8    29.4     0.0    27.12 C    55.7    20.0    34.7    94.4    29.0    63.0   0.086   0.092   0.132   0.137   0.164    34.3    33.9    34.1    31.1    29.6
12987 20180530  2.622  -98.06   26.53    36.0    24.0    30.0    29.2     0.0    22.43 C    52.1    23.3    32.9    89.0    39.3    64.7   0.084   0.091   0.131   0.138   0.166    33.7    33.6    33.5    31.2    29.9
12987 20180531  2.622  -98.06   26.53    37.4    23.1    30.3    29.7     0.0    26.96 C    53.9    21.7    34.3    91.4    34.5    64.8   0.084   0.090   0.130   0.138   0.166    34.0    33.7    33.6    31.2    30.0
12987 20180601  2.622  -98.06   26.53    37.6    25.9    31.8    30.7     0.0    22.25 C    52.7    25.2    34.9    90.2    34.1    65.3   0.083   0.090   0.130   0.138   0.165    34.4    34.1    34.0    31.4    30.0
12987 20180602  2.622  -98.06   26.53    38.3    24.8    31.5    30.6     0.0    25.97 C    56.0    24.1    35.4    93.2    33.6    65.0   0.084   0.089   0.130   0.139   0.168    34.9    34.4    34.4    31.6    30.2
12987 20180603  2.622  -98.06   26.53    38.6    24.9    31.8    30.6     0.0    26.58 C    57.4    24.2    36.0    92.3    31.2    63.1   0.084   0.089   0.129   0.139   0.167    35.3    34.8    34.9    31.7    30.4
12987 20180604  2.622  -98.06   26.53    38.2    23.5    30.8    29.8     0.0    24.50 C    57.2    22.6    34.6    94.4    30.3    65.1   0.082   0.089   0.129   0.138   0.167    35.1    34.8    34.7    32.1    30.6
12987 20180605  2.622  -98.06   26.53    39.0    25.6    32.3    30.9     0.0    27.24 C    57.3    24.7    36.0    86.6    26.3    58.8   0.082   0.088   0.128   0.138   0.166    35.4    34.9    34.9    32.2    30.8
12987 20180606  2.622  -98.06   26.53    38.3    24.9    31.6    30.7     0.0    24.91 C    57.1    24.1    35.9    90.1    31.2    63.6   0.082   0.088   0.128   0.138   0.166    35.6    35.3    35.1    32.4    31.0
12987 20180607  2.622  -98.06   26.53    37.6    23.7    30.7    30.0     0.0    25.25 C    55.6    22.4    35.0    92.7    37.3    65.7   0.081   0.087   0.127   0.139   0.167    35.6    35.3    35.2    32.4    31.1
12987 20180608  2.622  -98.06   26.53    37.7    24.9    31.3    29.7     0.0    23.36 C    55.6    24.1    33.9    91.1    34.4    65.9   0.081   0.087   0.126   0.139   0.168    35.4    35.2    35.0    32.5    31.4
12987 20180609  2.622  -98.06   26.53    36.9    25.2    31.1    30.0     0.0    23.71 C    55.9    24.6    34.9    91.3    36.5    67.0   0.080   0.086   0.125   0.138   0.167    35.4    35.1    34.9    32.5    31.4
12987 20180610  2.622  -98.06   26.53    36.6    25.8    31.2    30.2     0.0    20.67 C    52.6    25.2    33.9    88.0    38.1    64.9   0.079   0.086   0.125   0.138   0.166    34.9    34.8    34.6    32.6    31.4
12987 20180611  2.622  -98.06   26.53    36.8    25.8    31.3    30.4     0.0    22.72 C    50.9    25.3    34.3    85.1    37.8    63.2   0.079   0.085   0.124   0.137   0.166    34.7    34.6    34.4    32.5    31.5
12987 20180612  2.622  -98.06   26.53    37.1    26.4    31.8    30.8     0.0    26.11 C    55.1    25.7    35.7    84.9    33.3    62.2   0.080   0.085   0.124   0.137   0.165    35.4    35.1    34.8    32.5    31.5
12987 20180613  2.622  -98.06   26.53    37.2    24.4    30.8    29.9     0.0    25.30 C    56.4    23.5    34.9    88.1    33.8    63.7   0.080   0.085   0.124   0.137   0.166    35.8    35.5    35.2    32.7    31.6
12987 20180614  2.622  -98.06   26.53    36.1    22.3    29.2    28.4     0.0    21.87 C    54.2    21.6    32.5    89.2    35.8    66.8   0.078   0.084   0.123   0.137   0.167    34.9    34.9    34.7    32.8    31.7
12987 20180615  2.622  -98.06   26.53    36.9    23.7    30.3    29.2     0.6    22.47 C    53.8    22.8    32.9    92.4    35.1    67.3   0.078   0.083   0.122   0.138   0.167    34.5    34.6    34.3    32.6    31.7
12987 20180616  2.622  -98.06   26.53    36.2    24.6    30.4    28.9     7.2    21.56 C    54.8    23.8    32.1    90.1    39.5    69.3   0.080   0.083   0.122   0.138   0.167    33.4    33.8    33.5    32.5    31.7
12987 20180617  2.622  -98.06   26.53    38.3    23.2    30.8    29.2     0.0    18.95 C    54.8    23.0    32.2    93.9    32.1    68.5   0.090   0.082   0.120   0.136   0.167    31.6    32.1    32.1    32.1    31.6
12987 20180618  2.622  -98.06   26.53    32.9    24.7    28.8    26.7     9.6    11.37 C    47.1    24.3    28.3    91.1    55.7    83.1   0.104   0.082   0.121   0.136   0.166    30.4    31.2    31.3    31.7    31.4
12987 20180619  2.622  -98.06   26.53    32.7    23.9    28.3    25.9    92.0    10.28 C    42.9    23.9    27.2    94.6    61.3    88.2   0.193   0.163   0.229   0.136   0.167    28.1    29.1    29.3    31.0    31.0
12987 20180620  2.622  -98.06   26.53    28.9    23.3    26.1    25.2    29.9     7.43 C    33.1    23.5    26.1    94.8    70.8    90.2   0.206   0.217   0.272   0.246   0.166    27.5    28.1    28.3    29.9    30.4
12987 20180621  2.622  -98.06   26.53    26.9    23.2    25.0    24.5    87.2     3.51 C    26.9    23.2    24.6    94.9    86.5    92.8   0.229   0.241   0.292   0.296   0.243    25.9    26.7    26.9    28.9    29.7
12987 20180622  2.622  -98.06   26.53    34.2    23.5    28.8    28.5     0.4    20.47 C    42.9    23.2    30.0    95.6    54.5    77.6   0.186   0.199   0.254   0.283   0.310    28.3    28.2    28.2    28.2    29.0
12987 20180623  2.622  -98.06   26.53    35.3    25.0    30.1    29.5     0.0    25.76 C    43.9    24.4    31.4    94.2    48.5    74.0   0.171   0.184   0.236   0.270   0.303    29.4    29.5    29.3    28.6    28.9
12987 20180624  2.622  -98.06   26.53    35.0    25.4    30.2    29.1     0.0    25.61 C    44.6    24.7    31.2    91.6    49.8    72.6   0.161   0.175   0.227   0.264   0.298    30.3    30.4    30.4    29.0    29.0
12987 20180625  2.622  -98.06   26.53    35.1    24.7    29.9    29.2     0.0    23.92 C    44.8    24.3    31.2    91.6    45.4    72.6   0.153   0.168   0.220   0.259   0.294    30.7    30.9    31.0    29.5    29.2
12987 20180626  2.622  -98.06   26.53    35.1    25.7    30.4    29.1     0.0    24.73 C    43.5    25.2    31.4    92.6    45.7    72.6   0.147   0.162   0.214   0.255   0.291    31.5    31.6    31.9    29.9    29.5
12987 20180627  2.622  -98.06   26.53    35.3    24.8    30.1    29.4     0.0    24.97 C    43.9    24.3    31.3    94.3    45.8    71.7   0.139   0.154   0.208   0.251   0.288    31.7    31.9    32.2    30.3    29.7
12987 20180628  2.622  -98.06   26.53    34.9    24.7    29.8    29.3     0.0    23.16 C    41.6    24.1    30.6    93.1    48.0    70.7   0.131   0.145   0.201   0.247   0.285    31.6    31.9    32.2    30.5    29.9
12987 20180629  2.622  -98.06   26.53    35.2    25.6    30.4    29.8     0.0    25.48 C    41.8    24.9    31.2    89.8    46.2    69.3   0.124   0.137   0.194   0.245   0.283    31.7    31.9    32.3    30.7    30.0
12987 20180630  2.622  -98.06   26.53    35.7    25.7    30.7    30.0     0.0    26.32 C    41.4    25.0    31.1    87.0    34.2    66.1   0.118   0.129   0.186   0.241   0.279    31.8    32.2    32.5    30.8    30.2
12987 20180701  2.622  -98.06   26.53    35.8    25.7    30.7    29.9     0.0    26.30 C    42.1    25.0    31.4    91.7    38.9    67.6   0.114   0.122   0.178   0.238   0.276    32.1    32.5    32.8    31.1    30.4
12987 20180702  2.622  -98.06   26.53    35.7    23.6    29.7    29.3     0.0    25.21 C    41.3    22.5    30.5    94.3    40.4    69.6   0.111   0.118   0.169   0.235   0.272    32.0    32.4    32.8    31.1    30.4
12987 20180703  2.622  -98.06   26.53    36.0    23.7    29.8    29.3     0.0    24.36 C    41.7    22.9    30.4    94.9    36.5    68.7   0.108   0.114   0.163   0.232   0.269    32.0    32.4    32.8    31.3    30.6
12987 20180704  2.622  -98.06   26.53    35.8    23.8    29.8    29.4     0.0    22.04 C    41.6    23.2    30.5    94.0    42.8    69.2   0.105   0.112   0.159   0.228   0.266    32.0    32.4    32.9    31.4    30.7
12987 20180705  2.622  -98.06   26.53    34.0    24.5    29.3    28.8     0.3    22.42 C    40.2    23.3    29.7    87.8    44.5    69.4   0.103   0.110   0.156   0.223   0.262    31.9    32.5    32.9    31.4    30.7
12987 20180706  2.622  -98.06   26.53    33.3    22.9    28.1    27.4     0.0    20.12 C    38.6    22.1    28.4    94.5    47.0    74.9   0.101   0.108   0.153   0.220   0.259    31.4    31.9    32.4    31.4    30.8
12987 20180707  2.622  -98.06   26.53    30.6    22.9    26.7    25.7    14.8    13.58 C    36.9    22.0    26.1    94.0    62.8    83.0   0.121   0.116   0.151   0.218   0.257    29.7    30.7    31.1    31.3    30.8
12987 20180708  2.622  -98.06   26.53    32.2    23.5    27.9    27.0     1.3    17.62 C    36.6    23.1    27.4    94.4    53.1    79.5   0.151   0.129   0.157   0.216   0.256    28.8    29.5    29.7    30.6    30.5
12987 20180709  2.622  -98.06   26.53    33.6    23.7    28.7    28.1     0.0    22.35 C    36.5    23.3    28.4    95.1    43.7    75.2   0.147   0.128   0.171   0.214   0.254    29.0    29.7    29.7    30.2    30.3
12987 20180710  2.622  -98.06   26.53    34.0    23.6    28.8    27.6     7.3    22.88 C    38.1    22.6    28.1    95.3    47.7    77.3   0.143   0.127   0.170   0.211   0.253    29.2    29.9    30.3    29.9    30.1
12987 20180711  2.622  -98.06   26.53    34.3    23.4    28.8    28.2     0.0    26.27 C    38.5    22.9    28.9    93.8    42.1    72.9   0.152   0.136   0.184   0.209   0.250    29.3    29.9    30.1    29.9    29.9
12987 20180712  2.622  -98.06   26.53    35.2    22.5    28.9    28.5     0.0    26.06 C    39.4    22.1    29.2    94.9    39.5    71.0   0.139   0.128   0.183   0.208   0.249    29.5    30.2    30.5    29.9    29.9
12987 20180713  2.622  -98.06   26.53    35.2    23.7    29.5    28.9     0.0    25.18 C    41.2    23.3    30.0    94.3    40.3    68.5   0.129   0.119   0.174   0.208   0.246    30.2    30.8    31.4    30.0    29.9
12987 20180714  2.622  -98.06   26.53    35.2    23.2    29.2    29.1     0.0    21.94 C    40.6    22.1    30.0    94.5    44.6    69.9   0.121   0.114   0.165   0.205   0.244    30.3    30.9    31.7    30.4    29.9
12987 20180715  2.622  -98.06   26.53    35.5    25.3    30.4    29.6     0.0    25.44 C    41.3    24.8    30.8    93.4    40.5    67.9   0.117   0.112   0.160   0.202   0.240    30.9    31.4    32.1    30.4    30.1
12987 20180716  2.622  -98.06   26.53    36.0    25.5    30.7    29.9     0.0    25.71 C    41.5    24.7    31.0    91.4    31.7    65.1   0.113   0.110   0.156   0.198   0.235    31.3    31.7    32.4    30.6    30.1
12987 20180717  2.622  -98.06   26.53    36.9    23.1    30.0    29.6     0.0    25.52 C    43.5    22.4    31.2    95.1    38.9    68.6   0.109   0.108   0.153   0.194   0.231    31.5    32.0    32.7    30.8    30.2
12987 20180718  2.622  -98.06   26.53    37.5    24.5    31.0    30.1     0.0    27.20 C    44.1    23.8    31.7    93.1    31.8    64.1   0.107   0.107   0.151   0.189   0.225    31.8    32.3    33.1    31.1    30.4
12987 20180719  2.622  -98.06   26.53    37.0    24.4    30.7    30.1     0.0    26.73 C    44.3    23.5    31.6    92.4    31.2    65.2   0.105   0.107   0.150   0.185   0.220    32.0    32.5    33.2    31.2    30.5
12987 20180720  2.622  -98.06   26.53    37.2    24.1    30.6    30.0     0.0    26.38 C    43.7    23.6    31.6    93.9    34.3    66.2   0.102   0.106   0.150   0.180   0.215    32.2    32.7    33.3    31.4    30.7
12987 20180721  2.622  -98.06   26.53    37.6    25.1    31.3    30.5     0.0    26.35 C    45.0    24.3    32.2    93.1    30.5    66.1   0.101   0.106   0.149   0.176   0.211    32.4    32.9    33.6    31.5    30.7
12987 20180722  2.622  -98.06   26.53    38.1    24.0    31.1    30.4     0.0    26.74 C    45.7    23.3    32.2    94.2    31.4    64.4   0.100   0.105   0.148   0.171   0.208    32.6    33.1    33.8    31.7    30.9
12987 20180723  2.622  -98.06   26.53    39.8    24.6    32.2    31.1     0.0    26.64 C    47.7    23.8    32.8    90.7    30.4    61.3   0.099   0.105   0.148   0.168   0.205    32.8    33.2    33.9    31.7    31.1
12987 20180724  2.622  -98.06   26.53    40.0    24.8    32.4    30.8     0.0    22.82 C    46.5    24.0    32.3    92.2    29.4    66.7   0.098   0.104   0.147   0.165   0.202    32.9    33.3    34.1    31.9    31.1
12987 20180725  2.622  -98.06   26.53    37.2    25.3    31.2    29.9     0.0    23.14 C    44.2    23.6    31.4    91.8    35.9    67.8   0.097   0.103   0.146   0.164   0.200    32.9    33.4    34.2    32.1    31.3
12987 20180726  2.622  -98.06   26.53    36.5    22.4    29.4    28.6     0.0    24.97 C    45.7    21.5    30.3    93.2    34.7    67.2   0.096   0.102   0.145   0.162   0.198    32.4    32.9    33.8    32.0    31.4
12987 20180727  2.622  -98.06   26.53    37.1    23.9    30.5    29.2     0.0    21.89 C    46.0    23.1    31.1    90.3    37.4    68.3   0.095   0.100   0.144   0.160   0.195    32.3    32.8    33.5    31.9    31.4
12987 20180728  2.622  -98.06   26.53    38.2    24.7    31.5    29.9     0.6    23.29 C    47.5    24.0    31.5    91.1    31.1    70.1   0.094   0.100   0.143   0.158   0.194    32.4    32.9    33.6    31.9    31.4
12987 20180729  2.622  -98.06   26.53    38.2    24.1    31.1    30.3     0.0    25.60 C    47.1    22.8    32.3    95.4    31.2    69.9   0.094   0.099   0.142   0.157   0.193    32.3    33.0    33.5    31.9    31.4
12987 20180730  2.622  -98.06   26.53    38.7    24.8    31.7    30.9     0.0    25.52 C    48.3    23.8    33.3    94.8    29.3    65.7   0.094   0.099   0.142   0.157   0.192    33.0    33.5    34.1    32.0    31.4
12987 20180731  2.622  -98.06   26.53    38.2    24.3    31.2    30.2     0.0    26.84 C    47.4    23.4    32.7    93.9    29.7    67.3   0.094   0.098   0.142   0.156   0.190    33.2    33.7    34.4    32.1    31.4
12987 20180801  2.622  -98.06   26.53    37.4    24.5    30.9    29.9     0.0    23.94 C    46.1    23.4    31.7    92.0    31.4    65.8   0.093   0.098   0.140   0.155   0.189    33.3    33.7    34.5    32.3    31.5
12987 20180802  2.622  -98.06   26.53    36.7    22.3    29.5    28.6     0.0    24.29 C    45.7    21.0    30.2    94.3    24.2    62.2   0.091   0.097   0.140   0.153   0.188    32.6    33.2    34.0    32.3    31.6
12987 20180803  2.622  -98.06   26.53    36.3    19.7    28.0    27.8     0.0    21.37 C    45.9    18.9    29.4    89.9    30.6    64.2   0.089   0.095   0.138   0.153   0.187    31.8    32.5    33.3    32.2    31.6
12987 20180804  2.622  -98.06   26.53    37.2    23.4    30.3    29.1     0.0    23.56 C    46.7    22.5    30.9    91.8    29.8    64.1   0.089   0.095   0.137   0.152   0.187    32.0    32.6    33.3    31.9    31.6
12987 20180805  2.622  -98.06   26.53    33.8    24.4    29.1    26.8    10.2    11.50 C    43.1    24.0    27.5    91.9    48.5    78.5   0.101   0.096   0.135   0.152   0.187    30.7    31.8    32.1    31.8    31.6
12987 20180806  2.622  -98.06   26.53    35.3    23.8    29.5    28.5     0.0    20.18 C    41.6    23.2    29.5    95.1    42.8    73.2   0.119   0.110   0.134   0.151   0.186    29.7    30.6    30.9    31.3    31.4
12987 20180807  2.622  -98.06   26.53    35.7    23.6    29.6    28.7     0.0    17.36 C    41.4    22.9    29.6    95.1    42.8    71.5   0.111   0.106   0.136   0.151   0.186    29.4    30.3    30.6    30.9    31.0
12987 20180808  2.622  -98.06   26.53    35.8    23.4    29.6    29.1     0.0    22.40 C    44.1    22.8    30.9    94.3    41.6    68.9   0.106   0.101   0.137   0.150   0.186    30.2    30.8    31.4    30.6    30.8
12987 20180809  2.622  -98.06   26.53    37.9    24.3    31.1    30.4     0.0    24.91 C    47.9    23.4    32.5    93.5    30.8    64.3   0.102   0.100   0.140   0.150   0.186    31.2    31.7    32.5    30.7    30.7
12987 20180810  2.622  -98.06   26.53    38.7    23.8    31.3    30.4     0.0    25.89 C    48.7    22.9    32.8    93.5    31.6    63.6   0.101   0.099   0.140   0.151   0.185    31.8    32.3    33.2    31.1    30.8
12987 20180811  2.622  -98.06   26.53    35.8    24.8    30.3    29.4     0.0    18.58 C    44.7    24.2    31.2    90.0    43.6    66.9   0.099   0.099   0.140   0.151   0.183    31.6    32.3    33.1    31.2    30.9
12987 20180812  2.622  -98.06   26.53    37.0    25.1    31.1    29.6     0.0    21.95 C    44.7    24.7    31.5    90.0    37.1    65.3   0.098   0.098   0.139   0.150   0.184    31.6    32.2    32.8    31.3    30.9
12987 20180813  2.622  -98.06   26.53    37.1    25.4    31.2    30.1     0.0    22.66 C    45.6    25.1    32.1    91.3    34.5    64.8   0.096   0.099   0.139   0.149   0.183    31.8    32.4    33.0    31.3    30.9
12987 20180814  2.622  -98.06   26.53    36.9    25.1    31.0    30.2     0.0    21.59 C    47.2    24.6    32.3    89.0    35.1    63.7   0.095   0.098   0.139   0.149   0.184    32.0    32.6    33.1    31.4    31.0
12987 20180815  2.622  -98.06   26.53    37.8    24.4    31.1    30.4     0.0    23.69 C    48.1    24.0    32.9    91.8    36.4    65.4   0.094   0.098   0.139   0.149   0.183    32.3    32.9    33.4    31.5    31.2
12987 20180816  2.622  -98.06   26.53    39.4    25.9    32.7    31.1     0.0    25.06 C    49.4    25.4    33.6    90.0    27.1    61.5   0.094   0.099   0.139   0.149   0.183    32.9    33.4    34.0    31.7    31.2
12987 20180817  2.622  -98.06   26.53    38.9    24.8    31.8    30.7     0.0    25.34 C    49.5    24.4    33.5    92.3    27.0    62.4   0.093   0.098   0.139   0.148   0.181    33.0    33.5    34.1    31.9    31.3
12987 20180818  2.622  -98.06   26.53    39.0    23.0    31.0    30.3     0.0    24.77 C    50.5    22.0    33.1    93.1    30.1    63.1   0.092   0.097   0.139   0.149   0.182    33.0    33.6    34.2    32.1    31.5
12987 20180819  2.622  -98.06   26.53    38.1    25.1    31.6    30.8     0.0    24.51 C    50.3    24.4    33.3    89.5    34.4    62.1   0.091   0.096   0.138   0.148   0.180    33.2    33.7    34.3    32.1    31.5
12987 20180820  2.622  -98.06   26.53    38.3    25.0    31.6    30.8     0.0    21.27 C    49.9    24.7    33.2    89.2    37.2    63.0   0.090   0.095   0.138   0.149   0.181    33.1    33.7    34.2    32.2    31.6
12987 20180821  2.622  -98.06   26.53    38.8    24.3    31.6    30.7     0.0    21.07 C    48.6    23.8    33.1    92.0    31.4    63.5   0.090   0.095   0.136   0.147   0.179    33.0    33.6    34.0    32.3    31.8
12987 20180822  2.622  -98.06   26.53    39.7    23.5    31.6    30.2     0.0    22.53 C    50.7    23.0    32.9    93.7    28.8    65.8   0.089   0.094   0.136   0.147   0.180    33.1    33.6    34.2    32.3    31.9
12987 20180823  2.622  -98.06   26.53    39.2    23.0    31.1    30.1     0.0    25.01 C    50.4    22.5    33.2    94.2    26.2    65.2   0.089   0.094   0.136   0.146   0.180    33.2    33.8    34.4    32.4    31.9
12987 20180824  2.622  -98.06   26.53    39.1    24.1    31.6    30.4     0.0    23.84 C    50.3    23.3    33.1    91.5    27.0    63.9   0.088   0.093   0.135   0.146   0.179    33.3    34.0    34.5    32.4    31.9
12987 20180825  2.622  -98.06   26.53    39.3    24.0    31.6    30.4     0.0    23.29 C    50.1    23.4    33.2    91.1    30.0    65.0   0.087   0.093   0.135   0.147   0.178    33.3    34.0    34.4    32.4    31.9
12987 20180826  2.622  -98.06   26.53    39.2    24.5    31.9    30.5     0.0    22.63 C    50.7    23.7    33.3    90.9    31.4    64.3   0.087   0.092   0.134   0.145   0.179    33.4    34.0    34.5    32.4    31.9
12987 20180827  2.622  -98.06   26.53    38.9    24.7    31.8    30.9     0.0    24.28 C    50.2    24.2    33.7    90.3    29.4    61.4   0.087   0.092   0.134   0.146   0.177    33.5    34.1    34.6    32.4    32.0
12987 20180828  2.622  -98.06   26.53    39.0    24.7    31.9    31.0     0.0    24.71 C    49.8    24.2    33.9    88.8    27.2    60.1   0.087   0.091   0.134   0.145   0.178    33.6    34.3    34.7    32.5    32.1
12987 20180829  2.622  -98.06   26.53    38.1    24.6    31.3    30.3     0.0    22.82 C    50.7    24.3    33.3    89.0    31.8    64.8   0.086   0.091   0.133   0.145   0.176    33.6    34.3    34.7    32.5    32.2
12987 20180830  2.622  -98.06   26.53    37.2    23.8    30.5    29.5     0.0    18.34 C    48.8    22.7    31.9    93.2    32.5    68.1   0.085   0.090   0.132   0.145   0.176    33.1    34.0    34.2    32.6    32.3
12987 20180831  2.622  -98.06   26.53    36.5    23.9    30.2    28.5     0.0    18.95 C    47.8    23.8    30.8    93.3    39.3    71.9   0.085   0.089   0.130   0.145   0.176    32.7    33.4    33.8    32.4    32.2
12987 20180901  2.622  -98.06   26.53    39.2    24.3    31.7    30.2     0.0    23.19 C    51.6    23.9    33.1    91.8    29.0    65.7   0.085   0.089   0.130   0.145   0.175    32.9    33.6    34.0    32.4    32.2
12987 20180902  2.622  -98.06   26.53    40.2    26.0    33.1    31.5     0.0    24.31 C    51.8    25.1    34.6    85.6    26.8    59.9   0.086   0.089   0.131   0.144   0.175    33.6    34.2    34.6    32.4    32.1
12987 20180903  2.622  -98.06   26.53    38.0    25.5    31.7    30.2     0.0    15.53 C    49.0    25.0    32.0    87.6    36.2    65.7   0.085   0.089   0.130   0.143   0.174    33.1    33.9    34.2    32.4    32.2
12987 20180904  2.622  -98.06   26.53    37.7    23.9    30.8    29.1     0.0    20.32 C    49.4    23.5    31.6    92.1    34.0    70.1   0.084   0.088   0.129   0.145   0.174    32.7    33.5    33.8    32.4    32.2
12987 20180905  2.622  -98.06   26.53    35.6    24.0    29.8    27.4     0.7    12.18 C    45.1    23.2    28.5    93.3    42.3    80.0   0.083   0.087   0.128   0.143   0.175    31.8    32.8    33.0    32.4    32.1
12987 20180906  2.622  -98.06   26.53    31.3    23.4    27.3    26.1     4.4    10.26 C    36.0    23.1    26.5    94.7    62.7    85.5   0.082   0.085   0.125   0.143   0.175    29.8    31.2    31.2    31.9    32.0
12987 20180907  2.622  -98.06   26.53    36.4    22.3    29.4    28.4     0.0    21.39 C    46.2    21.8    30.5    95.6    36.7    73.8   0.089   0.085   0.125   0.142   0.174    29.7    30.8    31.0    31.3    31.7
12987 20180908  2.622  -98.06   26.53    37.9    23.7    30.8    29.5     0.0    22.91 C    49.0    22.9    32.0    94.9    29.6    69.6   0.091   0.170   0.127   0.142   0.174    30.7    31.6    31.9    31.1    31.4
12987 20180909  2.622  -98.06   26.53    35.8    23.9    29.8    27.5     4.4    13.00 C    48.5    23.1    28.5    94.1    40.0    79.2   0.090   0.182   0.128   0.143   0.175    30.1    31.2    31.5    31.1    31.4
12987 20180910  2.622  -98.06   26.53    30.5    23.2    26.8    25.1    42.9     8.25 C    35.2    23.1    25.6    94.8    61.1    89.0   0.187   0.237   0.211   0.142   0.173    28.1    29.2    29.3    30.8    31.1
12987 20180911  2.622  -98.06   26.53    31.5    22.8    27.1    26.0    60.8    13.78 C    39.7    22.8    27.3    95.4    57.6    84.8   0.217   0.294   0.273   0.150   0.173    27.8    28.5    28.7    30.0    30.8
12987 20180912  2.622  -98.06   26.53    32.0    24.2    28.1    26.4    38.9    15.34 C    39.1    24.0    27.6    94.9    62.9    86.8   0.210   0.293   0.271   0.266   0.173    28.2    28.9    29.1    29.5    30.3
12987 20180913  2.622  -98.06   26.53    32.5    24.2    28.3    27.0     0.4    15.58 C    38.0    24.0    27.7    95.2    60.3    83.7   0.198   0.286   0.263   0.283   0.230    28.4    29.1    29.2    29.3    30.0
12987 20180914  2.622  -98.06   26.53    30.0    24.2    27.1    26.0    20.1     6.91 C    31.9    24.2    26.4    94.9    69.2    89.4   0.185   0.271   0.244   0.272   0.288    28.0    28.7    28.7    29.3    29.8
12987 20180915  2.622  -98.06   26.53    31.6    23.0    27.3    25.7    40.2    11.55 C    37.6    22.8    26.4    95.2    63.1    88.6   0.225   0.302   0.282   0.288   0.302    27.3    28.0    28.3    28.9    29.6
12987 20180916  2.622  -98.06   26.53    32.0    23.7    27.8    27.0     0.0    17.73 C    37.6    23.5    27.8    95.6    54.0    79.7   0.193   0.281   0.257   0.283   0.311    27.9    28.5    28.6    28.6    29.4
12987 20180917  2.622  -98.06   26.53    34.3    24.0    29.2    28.0     0.0    17.89 C    39.7    23.6    28.8    95.0    51.8    79.7   0.179   0.269   0.241   0.272   0.306    28.4    29.0    29.1    28.7    29.3
12987 20180918  2.622  -98.06   26.53    35.1    24.2    29.6    28.1     0.0    20.68 C    40.9    23.4    29.2    95.8    50.7    78.2   0.170   0.261   0.231   0.265   0.301    28.7    29.4    29.4    28.8    29.3
12987 20180919  2.622  -98.06   26.53    31.9    23.9    27.9    26.9     5.6    13.76 C    36.6    23.0    27.3    95.3    62.6    84.2   0.173   0.259   0.228   0.260   0.298    28.1    28.8    29.0    29.0    29.3
12987 20180920  2.622  -98.06   26.53    33.7    25.3    29.5    28.5     0.0    17.45 C    38.1    24.8    28.9    94.6    50.6    77.5   0.176   0.262   0.231   0.257   0.294    28.5    29.1    29.2    28.9    29.3
12987 20180921  2.622  -98.06   26.53    34.6    25.1    29.9    29.0     0.0    19.53 C    38.5    24.8    29.6    93.9    48.3    75.8   0.165   0.255   0.222   0.253   0.291    28.7    29.3    29.3    28.9    29.3
12987 20180922  2.622  -98.06   26.53    32.5    24.4    28.5    27.8     0.0    17.39 C    37.8    24.0    28.6    93.1    54.9    77.2   0.157   0.248   0.215   0.251   0.289    28.7    29.3    29.5    29.0    29.3
12987 20180923  2.622  -98.06   26.53    30.3    21.3    25.8    25.6     0.0    16.02 C    35.4    20.9    26.3    89.9    52.5    72.8   0.149   0.241   0.209   0.248   0.287    27.4    28.3    28.4    28.9    29.3
12987 20180924  2.622  -98.06   26.53    33.2    22.8    28.0    27.2     0.0    18.86 C    40.0    21.8    28.1    94.2    54.0    79.0   0.143   0.235   0.205   0.246   0.285    27.7    28.4    28.7    28.6    29.2
12987 20180925  2.622  -98.06   26.53    34.8    24.4    29.6    28.8     0.0    21.47 C    38.8    23.8    29.3    94.4    45.0    72.7   0.138   0.231   0.200   0.244   0.282    28.5    29.1    29.5    28.6    29.1
12987 20180926  2.622  -98.06   26.53    34.4    24.3    29.4    28.7     0.0    17.46 C    38.8    23.3    29.1    94.6    48.6    74.4   0.132   0.227   0.197   0.242   0.280    28.7    29.3    29.9    28.8    29.2
12987 20180927  2.622  -98.06   26.53    27.2    21.4    24.3    23.8     5.9    10.53 C    31.0    21.1    24.0    93.9    68.6    84.6   0.140   0.227   0.195   0.241   0.278    27.1    28.0    28.5    28.8    29.2
12987 20180928  2.622  -98.06   26.53    31.5    21.7    26.6    25.1     1.4    13.82 C    37.2    21.4    25.8    94.4    55.8    84.6   0.138   0.232   0.194   0.238   0.276    26.7    27.4    27.7    28.4    29.0
12987 20180929  2.622  -98.06   26.53    30.3    22.8    26.5    25.7     0.4    15.43 C    33.6    22.7    26.2    95.2    59.6    83.6   0.139   0.230   0.192   0.237   0.275    27.0    27.6    27.8    28.2    28.8
12987 20180930  2.622  -98.06   26.53    29.9    23.5    26.7    25.6     0.8    11.63 C    32.7    22.7    26.0    94.7    65.3    85.2   0.136   0.227   0.191   0.236   0.274    27.0    27.6    27.7    28.0    28.7
12987 20181001  2.622  -98.06   26.53    32.6    22.6    27.6    25.4     7.8    13.19 C    36.0    22.2    25.8    95.4    60.2    88.2   0.149   0.241   0.200   0.234   0.272    26.7    27.3    27.7    28.0    28.5
12987 20181002  2.622  -98.06   26.53    33.1    23.3    28.2    27.0    10.5    18.93 C    38.0    22.5    27.4    95.8    53.9    81.4   0.193   0.255   0.248   0.234   0.270    27.0    27.5    27.8    27.8    28.4
12987 20181003  2.622  -98.06   26.53    33.6    22.4    28.0    27.0     0.0    19.11 C    38.3    21.6    27.6    96.1    50.8    80.7   0.175   0.251   0.236   0.235   0.269    27.1    27.7    27.9    27.8    28.3
12987 20181004  2.622  -98.06   26.53    33.8    21.9    27.8    27.1     0.0    19.62 C    37.6    21.0    27.6    96.0    49.6    79.2   0.164   0.246   0.225   0.236   0.269    27.2    27.7    28.0    27.8    28.3
12987 20181005  2.622  -98.06   26.53    34.0    22.3    28.1    27.4     0.0    19.18 C    37.4    21.1    27.7    95.5    47.8    78.0   0.156   0.239   0.216   0.234   0.268    27.2    27.7    27.9    27.8    28.3
12987 20181006  2.622  -98.06   26.53    34.2    23.5    28.9    27.1     4.8    16.15 C    37.2    23.0    27.1    94.3    50.5    80.2   0.159   0.233   0.210   0.233   0.266    27.3    27.9    28.0    27.9    28.3
12987 20181007  2.622  -98.06   26.53    32.6    23.7    28.2    27.4     0.0    18.04 C    34.9    22.9    27.4    94.0    53.8    77.5   0.164   0.241   0.217   0.232   0.266    27.2    27.7    27.8    27.8    28.3
12987 20181008  2.622  -98.06   26.53    33.4    23.3    28.3    27.5     0.0    17.38 C    35.8    22.5    27.6    90.6    51.8    75.8   0.156   0.237   0.212   0.231   0.265    27.2    27.7    27.7    27.8    28.3
12987 20181009  2.622  -98.06   26.53    34.7    23.8    29.3    28.3     0.0    17.43 C    38.4    23.0    28.6    94.9    50.3    76.6   0.148   0.231   0.207   0.228   0.264    27.5    28.0    28.1    27.8    28.3
12987 20181010  2.622  -98.06   26.53    32.1    22.4    27.2    26.3     0.0    15.60 C    36.7    22.0    27.0    92.8    61.8    81.8   0.141   0.226   0.201   0.226   0.263    27.3    27.9    28.1    27.8    28.3
12987 20181011  2.622  -98.06   26.53    30.7    22.6    26.6    25.9     0.0    13.15 C    33.6    22.1    26.1    93.7    64.2    82.6   0.136   0.223   0.197   0.224   0.263    27.0    27.6    27.8    27.8    28.2
12987 20181012  2.622  -98.06   26.53    33.0    22.6    27.8    27.1     0.0    15.31 C    37.0    21.7    27.4    94.5    54.1    78.9   0.133   0.221   0.193   0.223   0.262    27.0    27.6    27.8    27.6    28.2
12987 20181013  2.622  -98.06   26.53    33.7    24.8    29.2    28.4     0.0    17.12 C    36.2    24.1    28.4    93.4    51.5    76.5   0.129   0.219   0.189   0.222   0.259    27.5    28.0    28.3    27.7    28.1
12987 20181014  2.622  -98.06   26.53    33.8    25.1    29.5    28.4     0.0    13.88 C    35.7    24.7    28.5    93.3    53.5    78.4   0.125   0.217   0.185   0.222   0.258    27.8    28.2    28.5    27.8    28.1
12987 20181015  2.622  -98.06   26.53    31.0    10.4    20.7    19.2     4.1     4.95 C    33.5    10.3    19.2    94.7    69.2    89.4   0.125   0.213   0.180   0.219   0.258    25.7    26.9    27.1    28.0    28.2
12987 20181016  2.622  -98.06   26.53    15.2     9.8    12.5    11.9     0.0     6.80 C    17.3     9.5    12.2    93.7    69.4    82.4   0.126   0.205   0.174   0.218   0.258    20.3    22.1    22.5    27.0    28.0
12987 20181017  2.622  -98.06   26.53    18.4    11.3    14.8    14.3     0.0     7.20 C    20.3    11.3    14.5    94.7    63.3    80.3   0.121   0.204   0.173   0.216   0.257    19.5    20.9    21.3    25.5    27.2
12987 20181018  2.622  -98.06   26.53    16.1    14.0    15.0    14.9     1.2     2.97 C    16.6    13.7    14.9    95.0    82.6    89.6   0.120   0.204   0.171   0.213   0.256    19.4    20.6    21.0    24.7    26.4
12987 20181019  2.622  -98.06   26.53    24.6    15.0    19.8    19.3     0.0     9.07 C    27.9    14.9    19.8    95.2    69.0    84.8   0.121   0.206   0.173   0.213   0.254    20.5    21.2    21.6    24.0    25.8
12987 20181020  2.622  -98.06   26.53    23.2    18.2    20.7    20.9     0.2     5.21 C    25.4    17.9    21.2    93.5    75.5    86.3   0.121   0.206   0.172   0.213   0.254    21.9    22.4    22.8    23.9    25.5
12987 20181021  2.622  -98.06   26.53    21.4    17.7    19.6    19.1     0.5     4.41 C    22.6    17.4    19.0    93.6    61.9    81.0   0.118   0.206   0.171   0.213   0.252    21.3    22.0    22.4    24.1    25.4
12987 20181022  2.622  -98.06   26.53    19.3    16.0    17.6    17.5     4.5     2.98 C    19.4    15.0    17.2    94.5    61.4    78.0   0.123   0.205   0.170   0.212   0.253    20.4    21.3    21.7    23.9    25.2
12987 20181023  2.622  -98.06   26.53    16.4    13.3    14.8    14.8     0.0     3.86 C    17.3    13.2    14.9    95.6    73.5    86.3   0.130   0.204   0.169   0.210   0.252    19.2    20.2    20.6    23.5    25.0
12987 20181024  2.622  -98.06   26.53    18.9    15.3    17.1    17.2     0.5     4.21 C    20.8    15.3    17.3    95.8    84.9    92.9   0.127   0.206   0.169   0.211   0.251    19.5    20.3    20.6    23.1    24.6
12987 20181025  2.622  -98.06   26.53    20.0    17.3    18.7    18.5     0.0     4.14 C    21.4    17.1    18.7    95.4    80.2    89.0   0.125   0.209   0.169   0.209   0.251    20.2    20.9    21.2    22.8    24.3
12987 20181026  2.622  -98.06   26.53    27.2    16.4    21.8    20.4     0.0    14.52 C    30.9    14.7    20.8    95.2    47.3    79.1   0.124   0.211   0.171   0.209   0.250    21.1    21.5    21.8    22.9    24.2
12987 20181027  2.622  -98.06   26.53    29.0    13.6    21.3    20.9     0.0    19.65 C    33.2    12.4    20.9    96.6    32.9    74.5   0.120   0.208   0.169   0.208   0.249    20.8    21.4    21.8    23.0    24.1
12987 20181028  2.622  -98.06   26.53    30.9    13.2    22.0    21.9     0.0    18.64 C    34.7    12.4    21.9    98.3    37.8    74.6   0.117   0.206   0.169   0.207   0.247    21.2    21.7    22.1    23.0    24.1
12987 20181029  2.622  -98.06   26.53    31.6    18.2    24.9    24.0     0.0    17.08 C    34.7    16.3    23.8    93.2    39.1    70.8   0.115   0.205   0.167   0.205   0.246    22.2    22.6    23.0    23.1    24.1
12987 20181030  2.622  -98.06   26.53    31.4    19.7    25.5    24.9     0.0    13.25 C    33.8    18.8    24.7    92.9    50.1    75.8   0.114   0.205   0.166   0.205   0.245    23.1    23.4    23.8    23.5    24.2
12987 20181031  2.622  -98.06   26.53    32.7    22.9    27.8    26.9     0.0    14.33 C    34.9    22.3    26.7    93.7    49.5    75.4   0.113   0.206   0.165   0.203   0.244    24.3    24.4    24.8    23.7    24.4
12987 20181101  2.622  -98.06   26.53    24.8    12.9    18.9    19.7     0.0    16.86 C    27.7    10.8    19.6    85.7    34.5    64.0   0.111   0.204   0.164   0.204   0.243    23.2    23.8    24.4    24.2    24.6
12987 20181102  2.622  -98.06   26.53    25.4     9.8    17.6    17.4     0.0    16.71 C    29.3     8.0    17.4    92.4    31.2    63.0   0.106   0.200   0.159   0.202   0.241    20.7    21.7    22.3    23.9    24.7
12987 20181103  2.622  -98.06   26.53    29.1    12.7    20.9    21.2     0.0    15.01 C    31.1    10.2    20.6    93.7    48.0    69.5   0.105   0.200   0.159   0.200   0.239    20.9    21.6    22.1    23.5    24.5
12987 20181104  2.622  -98.06   26.53    30.3    19.9    25.1    23.2     0.0     9.67 C    34.5    18.5    23.6    95.6    57.1    84.4   0.107   0.201   0.159   0.198   0.238    22.7    23.0    23.4    23.5    24.2
12987 20181105  2.622  -98.06   26.53    32.5    20.8    26.6    25.2     0.0    13.75 C    34.1    20.2    25.4    96.0    48.2    79.4   0.107   0.202   0.159   0.197   0.237    23.7    23.9    24.3    23.6    24.3
12987 20181106  2.622  -98.06   26.53    32.8    21.6    27.2    26.2     0.0    13.37 C    36.4    20.1    26.2    96.2    51.7    79.3   0.107   0.202   0.158   0.197   0.236    24.5    24.6    25.0    24.0    24.5
12987 20181107  2.622  -98.06   26.53    33.1    23.1    28.1    27.1     0.0    11.88 C    36.5    22.2    27.2    94.6    51.6    78.0   0.108   0.203   0.157   0.195   0.234    25.2    25.4    25.7    24.4    24.8
12987 20181108  2.622  -98.06   26.53    33.2    23.1    28.1    26.5     0.0    11.70 C    35.9    22.4    26.6    94.6    44.4    77.3   0.107   0.203   0.157   0.193   0.233    25.4    25.6    25.9    24.8    25.0
12987 20181109  2.622  -98.06   26.53    23.4    11.0    17.2    16.0     1.4     2.14 C    23.3    10.8    15.8    95.6    86.8    92.1   0.103   0.200   0.155   0.193   0.232    22.8    23.9    24.2    24.9    25.2
12987 20181110  2.622  -98.06   26.53    12.9     9.5    11.2    11.1     1.0     2.18 C    12.7     9.5    11.0    93.2    68.2    82.3   0.097   0.194   0.150   0.195   0.232    18.4    20.0    20.3    24.2    25.1
12987 20181111  2.622  -98.06   26.53    15.0    11.0    13.0    12.9     0.7     3.54 C    15.9    11.0    13.1    96.1    77.8    89.5   0.098   0.193   0.148   0.195   0.231    17.8    19.1    19.4    23.1    24.5
12987 20181112  2.622  -98.06   26.53    16.9     8.7    12.8    13.8     2.3     3.92 C    17.5     7.9    13.8    96.2    71.4    87.6   0.099   0.192   0.148   0.193   0.231    18.0    19.1    19.4    22.4    23.9
12987 20181113  2.622  -98.06   26.53    13.3     2.7     8.0     7.5     0.0     7.74 C    14.3     0.3     7.0    71.7    26.2    53.1   0.100   0.188   0.147   0.192   0.230    14.7    16.6    16.9    21.8    23.5
12987 20181114  2.622  -98.06   26.53    17.1    -2.3     7.4     6.6     0.0    18.65 C    20.5    -4.7     6.0    85.2    19.1    54.8   0.098   0.186   0.144   0.190   0.228    12.8    14.7    15.2    20.7    22.8
12987 20181115  2.622  -98.06   26.53    19.7     0.1     9.9     9.7     0.0    15.30 C    25.0    -2.1     9.1    90.9    17.9    58.7   0.097   0.185   0.143   0.189   0.227    12.7    14.3    14.8    19.7    22.1
12987 20181116  2.622  -98.06   26.53    24.1     0.7    12.4    12.9     0.0    18.05 C    28.4    -0.9    12.7    95.4    30.8    68.6   0.098   0.186   0.144   0.188   0.226    13.8    14.9    15.4    19.1    21.5
12987 20181117  2.622  -98.06   26.53    26.5     9.4    18.0    18.9     0.0     8.46 C    29.1     8.2    18.7    94.0    57.1    79.0   0.101   0.189   0.147   0.190   0.226    16.4    16.8    17.3    19.0    21.1
12987 20181118  2.622  -98.06   26.53    28.9    11.9    20.4    20.9     0.6    10.75 C    33.9    11.8    21.9    94.6    50.1    80.0   0.104   0.193   0.150   0.189   0.225    19.4    19.5    20.0    19.5    21.0
12987 20181119  2.622  -98.06   26.53    12.0     9.7    10.8    10.5     1.3     1.55 C    11.9     9.6    10.5    95.7    92.4    94.7   0.100   0.191   0.148   0.189   0.226    16.8    17.9    18.4    20.1    21.3
12987 20181120  2.622  -98.06   26.53    15.2     9.9    12.6    12.4     0.2     3.64 C    16.2     9.8    12.3    95.3    53.3    74.0   0.099   0.189   0.145   0.190   0.226    15.5    16.5    16.9    19.9    21.3
12987 20181121  2.622  -98.06   26.53    14.0    11.4    12.7    12.9     5.8     1.84 C    13.9    11.1    12.9    95.0    59.1    85.5   0.111   0.188   0.145   0.190   0.226    15.6    16.5    16.9    19.4    21.0
12987 20181122  2.622  -98.06   26.53    14.2    11.1    12.6    12.8     0.7     1.52 C    14.3    10.6    12.7    95.5    87.0    91.6   0.119   0.188   0.147   0.189   0.224    15.3    16.1    16.5    19.2    20.8
12987 20181123  2.622  -98.06   26.53    20.7    13.8    17.3    16.2     0.0     5.18 C    21.4    13.0    16.2    96.4    79.0    92.0   0.118   0.189   0.146   0.189   0.225    16.6    17.0    17.4    19.0    20.6
12987 20181124  2.622  -98.06   26.53    25.4    10.8    18.1    16.6     0.0    11.20 C    29.3     9.8    17.3    97.1    60.7    89.0   0.117   0.191   0.147   0.189   0.224    17.1    17.5    17.9    19.1    20.6
12987 20181125  2.622  -98.06   26.53    28.2    15.0    21.6    21.3     0.0     9.53 C    31.2    13.9    21.6    96.0    26.5    67.4   0.118   0.195   0.149   0.190   0.224    18.9    19.1    19.5    19.4    20.6
12987 20181126  2.622  -98.06   26.53    19.9     6.1    13.0    13.5     0.0    16.57 C    23.0     4.3    13.2    77.4    20.2    40.4   0.112   0.194   0.147   0.190   0.225    16.4    17.5    18.0    19.8    20.7
12987 20181127  2.622  -98.06   26.53    21.7     2.5    12.1    11.9     0.0    16.21 C    27.1     1.3    12.3    88.1    21.5    61.7   0.107   0.192   0.145   0.190   0.225    14.3    15.5    16.0    19.2    20.6
12987 20181128  2.622  -98.06   26.53    22.4     9.0    15.7    16.5     0.0     5.02 C    23.9     7.6    16.2    91.4    55.2    76.2   0.107   0.194   0.146   0.189   0.223    15.5    16.2    16.6    18.7    20.3
12987 20181129  2.622  -98.06   26.53    25.7    18.1    21.9    20.9     0.0     7.20 C    30.0    17.7    21.1    91.9    65.0    83.5   0.110   0.198   0.148   0.189   0.225    18.2    18.3    18.7    18.8    20.1
12987 20181130  2.622  -98.06   26.53    30.4    17.2    23.8    22.4     0.0    14.68 C    33.2    15.8    22.6    96.5    45.0    78.0   0.111   0.200   0.150   0.190   0.224    19.7    19.7    20.2    19.3    20.2
12987 20181201  2.622  -98.06   26.53    29.4    11.7    20.5    20.7     0.0    13.96 C    32.1     9.7    20.3    96.4    20.8    66.4   0.110   0.201   0.151   0.191   0.224    19.6    20.0    20.5    19.9    20.6
12987 20181202  2.622  -98.06   26.53    29.0     9.2    19.1    18.0     0.0    11.54 C    33.8     8.1    17.9    90.4    48.9    70.2   0.107   0.199   0.150   0.190   0.223    18.0    18.7    19.2    20.0    20.7
12987 20181203  2.622  -98.06   26.53    25.2    12.6    18.9    17.1     0.0    11.10 C    27.7    11.7    17.4    92.1    42.2    66.6   0.106   0.199   0.150   0.192   0.224    18.0    18.6    19.1    19.9    20.7
12987 20181204  2.622  -98.06   26.53    21.7     9.8    15.8    15.1     0.0    14.08 C    25.0     8.9    15.5    83.6    45.8    64.5   0.105   0.198   0.150   0.191   0.223    17.5    18.2    18.7    19.8    20.7
12987 20181205  2.622  -98.06   26.53    19.5    13.5    16.5    16.3     0.0     3.50 C    20.6    13.3    16.3    78.1    58.3    69.1   0.105   0.197   0.149   0.189   0.224    17.2    17.9    18.3    19.6    20.6
12987 20181206  2.622  -98.06   26.53    26.8    16.5    21.7    21.3     0.0     4.27 C    28.3    16.3    21.3    82.8    54.5    73.1   0.105   0.198   0.151   0.190   0.224    18.6    18.8    19.2    19.5    20.6
12987 20181207  2.622  -98.06   26.53    27.6    12.9    20.2    20.8     2.1     4.48 C    28.5    12.7    20.7    94.2    66.9    87.6   0.107   0.201   0.152   0.190   0.225    20.1    20.2    20.7    19.9    20.6
12987 20181208  2.622  -98.06   26.53    14.5     7.6    11.1    12.2     6.2     2.45 C    14.4     6.1    11.7    93.6    81.4    89.5   0.122   0.199   0.150   0.189   0.224    17.3    18.2    18.6    20.1    20.8
12987 20181209  2.622  -98.06   26.53    18.6     4.8    11.7    10.5     0.0    16.24 C    20.8     3.3    10.3    94.5    37.2    68.9   0.122   0.204   0.148   0.190   0.224    14.4    15.7    16.0    19.5    20.7
12987 20181210  2.622  -98.06   26.53    18.2     2.7    10.4     9.4     0.0    15.96 C    21.4     1.0     9.4    95.0    36.3    72.5   0.118   0.203   0.146   0.189   0.225    12.9    14.3    14.6    18.6    20.2
12987 20181211  2.622  -98.06   26.53    22.8     1.5    12.1    12.5     0.0    12.87 C    25.9     0.6    12.3    96.6    40.3    74.8   0.118   0.202   0.145   0.188   0.223    12.8    13.9    14.1    17.8    19.7
12987 20181212  2.622  -98.06   26.53    26.6    12.3    19.5    18.5     2.1     8.74 C    28.8    10.8    18.2    93.3    43.4    76.7   0.122   0.205   0.149   0.188   0.223    15.5    15.9    16.2    17.5    19.3
12987 20181213  2.622  -98.06   26.53    29.5    13.8    21.6    19.8     8.0    14.84 C    31.5    12.7    19.9    96.6    20.2    61.3   0.167   0.223   0.179   0.188   0.222    17.5    17.8    18.1    18.0    19.2
12987 20181214  2.622  -98.06   26.53    20.0    10.7    15.4    14.4     0.0    16.16 C    21.2     8.9    13.8    37.7    15.5    25.6   0.156   0.219   0.203   0.189   0.223    14.7    15.7    15.9    18.2    19.4
12987 20181215  2.622  -98.06   26.53    23.3     6.0    14.6    13.7     0.0    16.45 C    26.2     2.8    12.7    49.7    12.7    31.4   0.149   0.215   0.200   0.188   0.222    13.8    14.7    15.0    17.7    19.2
12987 20181216  2.622  -98.06   26.53    23.9     0.7    12.3    12.5     0.0    15.58 C    29.2    -1.4    11.9    78.9    10.5    45.8   0.142   0.212   0.196   0.188   0.222    12.5    13.6    13.8    17.2    18.9
12987 20181217  2.622  -98.06   26.53    22.0     6.1    14.0    13.5     0.0     9.24 C    26.1     5.4    13.5    96.3    45.5    77.2   0.141   0.214   0.195   0.186   0.222    13.5    14.2    14.4    16.8    18.6
12987 20181218  2.622  -98.06   26.53    22.1     6.9    14.5    13.8     0.0     7.22 C    24.5     6.5    13.5    97.1    50.5    83.1   0.140   0.215   0.195   0.186   0.221    14.3    14.9    15.2    16.8    18.4
12987 20181219  2.622  -98.06   26.53    27.8     9.9    18.8    16.7     0.0    15.36 C    31.0     8.6    16.4    95.6    21.5    67.7   0.139   0.217   0.194   0.188   0.221    14.9    15.5    15.8    16.9    18.4
12987 20181220  2.622  -98.06   26.53    23.8     9.2    16.5    16.0     0.0    16.07 C    25.3     7.4    15.2    87.4    13.1    43.9   0.136   0.216   0.192   0.189   0.220    14.5    15.3    15.6    17.0    18.4
12987 20181221  2.622  -98.06   26.53    23.3     4.0    13.6    13.5     0.0    16.47 C    28.1     0.9    13.1    68.5    14.3    37.7   0.133   0.214   0.190   0.187   0.220    13.7    14.6    14.8    16.9    18.4
12987 20181222  2.622  -98.06   26.53    28.4     6.8    17.6    16.8     0.0    16.00 C    31.7     4.4    16.2    91.0    28.1    63.3   0.132   0.214   0.188   0.187   0.221    14.2    14.8    15.0    16.6    18.2
12987 20181223  2.622  -98.06   26.53    27.8    11.1    19.5    18.9     0.0    14.84 C    33.1     9.8    19.5    96.1    38.3    76.7   0.132   0.216   0.188   0.186   0.222    16.1    16.4    16.6    16.7    18.1
12987 20181224  2.622  -98.06   26.53    26.8    12.5    19.6    18.7     0.0    12.25 C    31.1    11.5    19.4    86.3    42.9    69.2   0.133   0.217   0.188   0.187   0.221    17.2    17.5    17.8    17.2    18.2
12987 20181225  2.622  -98.06   26.53    27.5    16.0    21.8    20.1     2.8     7.36 C    31.6    14.8    20.0    94.7    52.6    85.1   0.132   0.218   0.187   0.188   0.221    17.9    18.1    18.4    17.7    18.5
12987 20181226  2.622  -98.06   26.53    24.8    19.8    22.3    22.6     0.0     3.53 C    25.0    19.5    22.1    94.8    76.6    85.2   0.141   0.220   0.188   0.189   0.221    19.3    19.3    19.6    18.2    18.7
12987 20181227  2.622  -98.06   26.53    26.8    12.8    19.8    21.3     0.0    13.33 C    29.3    11.0    20.9    91.1    23.4    62.1   0.141   0.220   0.190   0.189   0.222    19.5    19.9    20.1    18.8    19.1
12987 20181228  2.622  -98.06   26.53    19.3    11.1    15.2    15.0     0.0     7.32 C    21.1    10.4    15.1    93.8    64.0    78.6   0.137   0.216   0.189   0.189   0.222    17.2    17.9    18.2    18.9    19.4
12987 20181229  2.622  -98.06   26.53    15.0     7.5    11.3    11.6     0.0     2.61 C    14.9     7.4    11.9    84.6    54.9    64.7   0.133   0.214   0.187   0.189   0.222    15.9    16.8    17.1    18.7    19.4
12987 20181230  2.622  -98.06   26.53    10.5     6.4     8.4     8.1     0.2     2.94 C    13.6     6.4     8.6    93.5    71.5    85.8   0.129   0.211   0.184   0.188   0.223    14.0    15.0    15.3    18.1    19.2
12987 20181231  2.622  -98.06   26.53    18.2     8.4    13.3    11.6     0.0     7.15 C    23.4     7.2    11.9    92.3    42.4    71.5   0.128   0.211   0.183   0.188   0.221    14.1    14.9    15.2    17.5    18.9
