53961 20180101  2.422  -92.12   32.88    -1.6    -8.2    -4.9    -5.6     0.0    12.65 C     3.9    -7.0    -3.4    57.9    36.8    47.6   0.325   0.294   0.279 -99.000 -99.000     5.2     6.2     7.6     8.3    12.4
53961 20180102  2.422  -92.12   32.88    -2.0    -9.7    -5.8    -5.6     0.0     6.82 C     0.9    -8.6    -3.5    63.3    31.7    47.5   0.325   0.295   0.278 -99.000 -99.000     3.9     4.9     6.3     7.0    11.7
53961 20180103  2.422  -92.12   32.88     5.4   -11.0    -2.8    -3.4     0.0    12.95 C     7.1    -8.3    -2.2    92.1    21.4    55.9   0.321   0.296   0.274 -99.000 -99.000     4.0     4.6     5.8     6.5    11.3
53961 20180104  2.422  -92.12   32.88     5.8    -7.9    -1.0    -2.4     0.0    12.80 C     8.4    -7.2    -1.6    87.6    28.0    61.2   0.319   0.292   0.275 -99.000 -99.000     3.8     4.2     5.4     6.1    10.9
53961 20180105  2.422  -92.12   32.88    11.0    -8.1     1.4    -0.6     0.0    12.55 C    11.9    -6.2    -0.1    96.7    25.8    66.0   0.316   0.289   0.278 -99.000 -99.000     4.0     4.3     5.3     6.0    10.6
53961 20180106  2.422  -92.12   32.88    13.4    -5.6     3.9     2.2     0.0    12.32 C    15.2    -4.4     2.0    97.7    28.9    66.2   0.313   0.289   0.274 -99.000 -99.000     4.8     4.8     5.7     6.2    10.5
53961 20180107  2.422  -92.12   32.88    13.3    -2.0     5.6     7.2    15.3     2.64 C    12.8    -1.7     6.1   100.0    53.1    81.6   0.318   0.291   0.274 -99.000 -99.000     6.0     5.7     6.3     6.8    10.6
53961 20180108  2.422  -92.12   32.88    11.9     7.4     9.7    10.2     0.2     1.65 C    12.8     7.7    10.0   100.0    96.7    99.6   0.338   0.296   0.278 -99.000 -99.000     8.6     7.9     8.0     8.4    11.1
53961 20180109  2.422  -92.12   32.88     9.2     6.8     8.0     8.0     0.0     1.99 C    11.1     7.2     8.8   100.0   100.0   100.0   0.342   0.297   0.278 -99.000 -99.000     9.0     8.5     8.8     9.1    11.4
53961 20180110  2.422  -92.12   32.88    16.8     8.7    12.7    12.9     0.9     2.82 C    16.7     8.8    12.6   100.0    94.4    99.4   0.345   0.300   0.281 -99.000 -99.000    10.4     9.6     9.6     9.9    11.8
53961 20180111  2.422  -92.12   32.88    19.4     8.8    14.1    16.2    25.4     3.32 C    20.6    10.6    15.6   100.0    84.3    98.2   0.343   0.300   0.283 -99.000 -99.000    12.6    11.5    11.2    11.4    12.5
53961 20180112  2.422  -92.12   32.88     8.8    -4.0     2.4    -0.3    10.9     4.46 C    10.6    -2.0     2.4   100.0    79.5    94.4   0.347   0.301   0.283 -99.000 -99.000     8.9     9.6    10.4    11.0    12.4
53961 20180113  2.422  -92.12   32.88     3.3    -5.2    -1.0    -1.8     0.0    13.42 C     9.2    -3.1     0.4   100.0    45.1    74.9   0.350   0.307   0.285 -99.000 -99.000     6.5     7.1     8.2     8.9    11.8
53961 20180114  2.422  -92.12   32.88     2.7    -5.3    -1.3    -2.2     0.0     6.42 C     7.7    -3.2     0.0    99.8    46.7    77.3   0.351   0.306   0.289 -99.000 -99.000     5.4     6.1     7.2     7.9    11.3
53961 20180115  2.422  -92.12   32.88    15.1    -5.8     4.7     4.2     0.0    12.84 C    16.6    -3.9     4.6   100.0    37.6    75.9   0.351   0.306   0.284 -99.000 -99.000     6.1     6.0     6.9     7.5    11.0
53961 20180116  2.422  -92.12   32.88     4.1   -10.7    -3.3    -4.6     5.1     4.79 C     4.3    -9.4    -3.6    97.3    57.1    77.5   0.352   0.304   0.280 -99.000 -99.000     5.7     6.2     7.1     7.7    11.0
53961 20180117  2.422  -92.12   32.88    -1.4   -12.8    -7.1    -8.1     0.0    14.08 C     1.7   -10.9    -5.9    94.6    44.1    72.9   0.353   0.311   0.290 -99.000 -99.000     3.5     4.4     5.6     6.4    10.4
53961 20180118  2.422  -92.12   32.88     5.4   -13.0    -3.8    -4.9     0.0    14.13 C     7.4    -9.5    -2.8    94.6    33.3    72.4   0.353   0.308   0.287 -99.000 -99.000     3.0     3.5     4.7     5.4     9.9
53961 20180119  2.422  -92.12   32.88    10.4    -6.2     2.1     4.2     0.0     4.54 C    10.5    -3.7     3.0    95.6    27.4    53.9   0.354   0.307   0.290 -99.000 -99.000     4.1     4.1     4.9     5.5     9.7
53961 20180120  2.422  -92.12   32.88    18.9     3.7    11.3    12.4     0.0     7.93 C    19.4     2.1    10.9    97.4    44.1    73.9   0.350   0.306   0.285 -99.000 -99.000     7.7     6.6     6.7     7.0    10.2
53961 20180121  2.422  -92.12   32.88    20.7    13.1    16.9    16.5     0.0     5.03 C    21.5    12.3    15.1   100.0    74.1    91.6   0.349   0.305   0.284 -99.000 -99.000    10.9     9.5     9.1     9.3    11.0
53961 20180122  2.422  -92.12   32.88    18.0     6.6    12.3    13.4    31.0    14.04 C    18.8     3.6    11.9   100.0    26.4    63.0   0.349   0.303   0.284 -99.000 -99.000    12.1    11.1    10.7    11.0    11.8
53961 20180123  2.422  -92.12   32.88    15.1    -1.1     7.0     6.5     0.0    14.88 C    17.7     0.0     6.1   100.0    25.8    60.8   0.350   0.305   0.282 -99.000 -99.000     9.6     9.5     9.9    10.4    11.7
53961 20180124  2.422  -92.12   32.88    15.9    -3.2     6.3     4.2     0.0    14.92 C    18.2    -1.9     5.2   100.0    25.7    73.7   0.352   0.306   0.286 -99.000 -99.000     8.3     8.4     8.9     9.5    11.4
53961 20180125  2.422  -92.12   32.88    16.3    -3.9     6.2     4.4     0.0    14.38 C    18.6    -2.2     5.0   100.0    26.2    72.6   0.353   0.305   0.284 -99.000 -99.000     7.8     7.8     8.4     9.0    11.1
53961 20180126  2.422  -92.12   32.88    19.3    -2.4     8.5     9.5     0.0    12.18 C    20.1    -1.4     8.7   100.0    38.6    78.2   0.352   0.305   0.283 -99.000 -99.000     8.5     8.1     8.4     9.0    11.1
53961 20180127  2.422  -92.12   32.88    15.6    13.0    14.3    14.3    22.9     1.34 C    15.8    12.2    13.7   100.0    87.3    99.7   0.352   0.306   0.283 -99.000 -99.000    11.1    10.2    10.1    10.4    11.9
53961 20180128  2.422  -92.12   32.88    17.4     2.7    10.0    11.2     0.0    14.49 C    21.0     2.2    11.8   100.0    35.6    77.7   0.352   0.305   0.285 -99.000 -99.000    12.2    11.3    11.2    11.5    12.5
53961 20180129  2.422  -92.12   32.88    16.0    -2.1     7.0     6.0     0.0    15.30 C    19.1    -0.8     6.4   100.0    31.8    69.4   0.352   0.304   0.286 -99.000 -99.000     9.8     9.8    10.2    10.9    12.1
53961 20180130  2.422  -92.12   32.88     9.6    -3.1     3.2     2.4     0.0    15.19 C    15.8    -1.6     4.5    98.7    36.1    68.1   0.355   0.305   0.286 -99.000 -99.000     8.7     8.8     9.4    10.1    11.8
53961 20180131  2.422  -92.12   32.88    19.6    -2.9     8.3     8.8     0.0    15.75 C    18.9    -1.8     7.0   100.0    28.6    65.8   0.352   0.306   0.281 -99.000 -99.000     8.6     8.4     8.9     9.5    11.5
53961 20180201  2.422  -92.12   32.88 -9999.0 -9999.0 -9999.0 -9999.0 -9999.0 -9999.00 U -9999.0 -9999.0 -9999.0 -9999.0 -9999.0 -9999.0 -99.000 -99.000 -99.000 -99.000 -99.000 -9999.0 -9999.0 -9999.0 -9999.0 -9999.0
53961 20180202  2.422  -92.12   32.88     7.5    -3.2     2.1     2.8     0.0    13.97 C    14.3    -1.6     4.4    83.4    27.9    53.4   0.348   0.302   0.283 -99.000 -99.000     9.1     9.1     9.6    10.3    11.8
53961 20180203  2.422  -92.12   32.88     9.9    -3.9     3.0     3.8    30.5     6.54 C    15.6    -2.2     5.0   100.0    37.8    75.0   0.351   0.303   0.283 -99.000 -99.000     7.7     7.9     8.6     9.2    11.4
53961 20180204  2.422  -92.12   32.88    16.0     5.7    10.9     9.4     1.1    12.49 C    21.2     4.3    10.8   100.0    54.0    89.4   0.356   0.306   0.283 -99.000 -99.000    10.2     9.4     9.5     9.9    11.7
53961 20180205  2.422  -92.12   32.88     9.9    -0.8     4.6     5.1     0.5    12.05 C    16.8    -0.4     7.6    99.1    60.6    76.9   0.358   0.306   0.284 -99.000 -99.000     9.5     9.2     9.6    10.0    11.7
53961 20180206  2.422  -92.12   32.88     9.4     4.5     6.9     8.3    49.0     1.78 C    11.8     6.2     9.3   100.0    99.7   100.0   0.358   0.307   0.281 -99.000 -99.000    10.2     9.9    10.0    10.4    11.9
53961 20180207  2.422  -92.12   32.88     6.3     0.0     3.2     3.2    32.4     3.08 C     8.2    -0.7     4.6   100.0    80.6    91.2   0.359   0.308   0.284 -99.000 -99.000     8.4     8.8     9.4    10.0    11.6
53961 20180208  2.422  -92.12   32.88    13.3    -2.8     5.3     3.5     0.0    15.92 C    18.3    -2.0     5.2   100.0    36.7    81.8   0.359   0.308   0.286 -99.000 -99.000     8.0     7.9     8.6     9.4    11.3
53961 20180209  2.422  -92.12   32.88    13.5    -1.2     6.1     6.8    11.7     4.37 C    15.1    -0.2     7.3   100.0    56.0    93.2   0.359   0.307   0.283 -99.000 -99.000     8.2     8.1     8.6     9.4    11.2
53961 20180210  2.422  -92.12   32.88    18.2    10.3    14.2    15.3    21.9     2.29 C    18.3    10.0    14.3   100.0   100.0   100.0   0.359   0.308   0.280 -99.000 -99.000    11.1    10.1    10.0    10.6    11.7
53961 20180211  2.422  -92.12   32.88    17.2     2.4     9.8     7.4     1.8     1.71 C    15.7     4.0     9.1   100.0    85.2    97.9   0.357   0.307   0.283 -99.000 -99.000    11.2    10.9    11.0    11.6    12.1
53961 20180212  2.422  -92.12   32.88     3.8     0.4     2.1     2.0     0.0     4.84 C     9.0     1.7     4.1    87.7    72.7    80.3   0.360   0.308   0.283 -99.000 -99.000     8.5     8.9     9.6    10.3    11.7
53961 20180213  2.422  -92.12   32.88     8.4     2.7     5.5     5.8     0.0     3.34 C    11.2     3.6     7.2   100.0    82.9    96.2   0.360   0.310   0.284 -99.000 -99.000     8.7     8.6     9.2     9.9    11.5
53961 20180214  2.422  -92.12   32.88    21.0     8.2    14.6    14.8     7.6     3.00 C    19.7     8.5    13.7   100.0    99.4   100.0   0.360   0.309   0.282 -99.000 -99.000    11.1    10.2    10.2    10.6    11.8
53961 20180215  2.422  -92.12   32.88    26.0    17.4    21.7    20.9     0.0    10.50 C    26.6    14.9    18.7   100.0    55.8    83.1   0.356   0.308   0.280 -99.000 -99.000    14.9    13.1    12.4    12.8    12.7
53961 20180216  2.422  -92.12   32.88    21.8     8.9    15.4    14.9     1.2     2.66 C    22.2    10.0    14.9   100.0    83.0    94.7   0.357   0.306   0.282 -99.000 -99.000    14.7    13.9    13.5    13.9    13.3
53961 20180217  2.422  -92.12   32.88    11.1     8.0     9.5     9.6     3.7     1.79 C    13.2     8.0    10.9   100.0    88.8    98.3   0.359   0.308   0.281 -99.000 -99.000    12.7    12.6    12.8    13.2    13.2
53961 20180218  2.422  -92.12   32.88    16.7     7.6    12.2    11.1     1.5     3.31 C    15.5     7.3    11.4   100.0    96.9    99.7   0.360   0.306   0.283 -99.000 -99.000    12.2    12.0    12.3    12.7    13.2
53961 20180219  2.422  -92.12   32.88    27.1    15.7    21.4    20.9     0.0    11.62 C    27.1    12.9    18.4   100.0    45.7    79.2   0.357   0.305   0.282 -99.000 -99.000    15.3    13.8    13.4    13.7    13.7
53961 20180220  2.422  -92.12   32.88    28.5    18.8    23.6    22.7     0.3     9.05 C    28.2    15.1    20.2   100.0    48.1    80.6   0.355   0.307   0.279 -99.000 -99.000    17.3    15.7    15.1    15.4    14.4
53961 20180221  2.422  -92.12   32.88    22.5    11.1    16.8    16.3   107.2     0.83 C    20.5    12.0    15.7   100.0    85.2    98.0   0.356   0.307   0.279 -99.000 -99.000    16.2    15.8    15.5    16.1    14.8
53961 20180222  2.422  -92.12   32.88    13.8     8.2    11.0    10.3    18.7     5.31 C    19.3     9.7    12.6   100.0    96.2    99.7   0.357   0.307   0.279 -99.000 -99.000    14.1    13.9    14.2    14.9    14.5
53961 20180223  2.422  -92.12   32.88    23.3    12.1    17.7    18.2     0.0     9.23 C    28.2    12.1    18.7   100.0    81.4    96.1   0.356   0.306   0.281 -99.000 -99.000    16.3    15.1    14.8    15.3    14.9
53961 20180224  2.422  -92.12   32.88    26.6    11.6    19.1    21.1    20.1     7.51 C    27.0    13.7    20.2   100.0    64.7    88.3   0.355   0.305   0.279 -99.000 -99.000    18.3    17.0    16.3    16.8    15.5
53961 20180225  2.422  -92.12   32.88    13.4     9.1    11.3    11.5    26.3     2.54 C    16.4    10.9    13.0   100.0    85.9    98.9   0.356   0.307   0.278 -99.000 -99.000    15.7    15.7    15.8    16.4    15.5
53961 20180226  2.422  -92.12   32.88    19.7     5.6    12.7    12.0     0.6    17.87 C    26.2     6.6    14.3   100.0    37.6    85.4   0.357   0.306   0.279 -99.000 -99.000    15.7    15.0    15.1    15.5    15.4
53961 20180227  2.422  -92.12   32.88    23.1     4.9    14.0    14.6     3.9    12.60 C    27.8     5.3    15.2   100.0    60.8    91.2   0.357   0.306   0.282 -99.000 -99.000    15.4    14.7    14.8    15.3    15.4
53961 20180228  2.422  -92.12   32.88    26.1    19.3    22.7    21.9     0.0     8.09 C    28.4    17.2    20.6   100.0    65.3    88.9   0.356   0.304   0.277 -99.000 -99.000    18.3    16.9    16.3    16.6    15.9
53961 20180301  2.422  -92.12   32.88    21.5    12.0    16.7    16.5    44.5     7.35 C    26.2    10.8    17.4   100.0    71.9    93.7   0.357   0.306   0.277 -99.000 -99.000    17.8    17.2    16.9    17.4    16.3
53961 20180302  2.422  -92.12   32.88    17.7     5.6    11.6    11.6     0.0    18.71 C    25.1     6.0    13.2   100.0    42.6    78.0   0.358   0.306   0.280 -99.000 -99.000    16.2    15.9    16.0    16.7    16.1
53961 20180303  2.422  -92.12   32.88    18.1     3.9    11.0    10.2     0.0    19.67 C    25.1     3.6    11.8   100.0    39.1    76.2   0.361   0.306   0.280 -99.000 -99.000    14.9    14.7    15.0    15.9    15.9
53961 20180304  2.422  -92.12   32.88    14.8     5.7    10.3    10.9     3.5     3.32 C    15.5     6.0    11.3   100.0    46.6    87.6   0.359   0.306   0.281 -99.000 -99.000    13.8    13.8    14.3    15.1    15.6
53961 20180305  2.422  -92.12   32.88    24.8    10.2    17.5    16.8    12.2     8.13 C    27.9     9.8    16.3   100.0    50.4    86.1   0.359   0.307   0.280 -99.000 -99.000    15.6    14.7    14.7    15.2    15.7
53961 20180306  2.422  -92.12   32.88    19.8     2.2    11.0    12.0     0.0    19.93 C    24.7     3.5    12.0   100.0    15.3    48.8   0.360   0.307   0.279 -99.000 -99.000    15.0    14.7    14.8    15.5    15.7
53961 20180307  2.422  -92.12   32.88    13.1     2.1     7.6     7.0     0.0    19.97 C    21.2     1.5     9.3    93.9    37.9    56.9   0.360   0.309   0.281 -99.000 -99.000    13.4    13.4    13.9    14.9    15.4
53961 20180308  2.422  -92.12   32.88    16.3    -1.2     7.5     7.2     0.0    19.09 C    23.0     0.1     9.3   100.0    27.4    70.8   0.359   0.308   0.279 -99.000 -99.000    12.6    12.5    13.0    14.0    15.1
53961 20180309  2.422  -92.12   32.88    21.8     2.8    12.3    13.0     0.0    19.18 C    24.7     2.3    12.1   100.0    25.6    61.6   0.357   0.306   0.278 -99.000 -99.000    13.3    12.8    13.0    13.8    15.0
53961 20180310  2.422  -92.12   32.88    25.0    13.2    19.1    18.7     0.0    11.04 C    29.2    11.3    17.8    98.1    59.8    78.0   0.350   0.303   0.278 -99.000 -99.000    15.9    14.7    14.4    15.0    15.3
53961 20180311  2.422  -92.12   32.88    19.5     9.8    14.7    15.4    18.4     8.57 C    24.7     7.2    15.9   100.0    55.4    86.2   0.356   0.307   0.278 -99.000 -99.000    16.6    15.8    15.5    16.0    15.7
53961 20180312  2.422  -92.12   32.88    14.8     4.1     9.5     8.8     0.0    20.46 C    22.5     3.7    11.1   100.0    41.2    65.2   0.360   0.307   0.282 -99.000 -99.000    14.6    14.4    14.7    15.4    15.6
53961 20180313  2.422  -92.12   32.88    14.8     2.6     8.7     7.9     0.0    20.02 C    23.4     3.2    10.7   100.0    41.5    77.8   0.359   0.309   0.281 -99.000 -99.000    13.9    13.6    13.9    14.7    15.4
53961 20180314  2.422  -92.12   32.88    16.3     1.8     9.1     7.8     0.0    21.29 C    23.7     1.6    10.1   100.0    26.0    65.7   0.357   0.308   0.280 -99.000 -99.000    13.3    13.0    13.4    14.1    15.2
53961 20180315  2.422  -92.12   32.88    21.8     1.7    11.7    12.2     0.0    18.92 C    26.2     1.4    11.9   100.0    29.1    67.7   0.352   0.307   0.278 -99.000 -99.000    13.4    13.0    13.2    14.0    15.0
53961 20180316  2.422  -92.12   32.88    26.3    14.0    20.2    19.2     0.0    11.53 C    29.2    10.5    18.4   100.0    54.8    82.7   0.347   0.306   0.275 -99.000 -99.000    16.2    14.9    14.6    15.1    15.4
53961 20180317  2.422  -92.12   32.88    27.2    15.7    21.5    21.5     0.0    14.66 C    33.5    15.1    21.5   100.0    53.0    84.5   0.339   0.304   0.271 -99.000 -99.000    18.7    17.1    16.4    16.9    16.2
53961 20180318  2.422  -92.12   32.88    19.4    13.2    16.3    16.0     1.9     8.15 C    25.4    12.6    17.5   100.0    70.9    92.1   0.344   0.302   0.276 -99.000 -99.000    18.0    17.2    16.9    17.5    16.5
53961 20180319  2.422  -92.12   32.88    27.8    11.9    19.8    19.2     0.0    18.44 C    30.6    10.0    18.3   100.0    17.7    63.0   0.334   0.300   0.274 -99.000 -99.000    18.2    17.2    16.9    17.6    16.7
53961 20180320  2.422  -92.12   32.88    16.1     4.8    10.5    11.3     0.0     9.16 C    21.3     5.3    12.4   100.0    47.9    67.1   0.323   0.292   0.274 -99.000 -99.000    15.8    16.0    16.2    17.0    16.5
53961 20180321  2.422  -92.12   32.88    18.7     2.3    10.5     9.9     0.0    21.67 C    28.9     2.2    12.8   100.0    28.2    70.7   0.312   0.286   0.270 -99.000 -99.000    14.9    14.9    15.0    15.6    16.2
53961 20180322  2.422  -92.12   32.88    22.1     2.8    12.4    12.1     0.0    21.40 C    32.9     3.1    14.9   100.0    25.1    65.6   0.301   0.277   0.265 -99.000 -99.000    15.3    14.9    14.9    15.7    16.2
53961 20180323  2.422  -92.12   32.88    25.7     6.2    15.9    17.2     0.0    18.48 C    35.2     5.8    18.5   100.0    36.1    67.2   0.289   0.266   0.263 -99.000 -99.000    16.4    15.5    15.4    16.2    16.3
53961 20180324  2.422  -92.12   32.88    23.3    16.7    20.0    19.8     0.0     4.95 C    24.8    14.7    19.0   100.0    66.8    84.6   0.280   0.256   0.257 -99.000 -99.000    17.5    16.7    16.4    17.2    16.6
53961 20180325  2.422  -92.12   32.88    19.4    12.7    16.0    16.6     1.1     7.58 C    24.0    13.3    17.9   100.0    71.3    86.1   0.283   0.263   0.258 -99.000 -99.000    17.5    16.8    16.6    17.5    16.7
53961 20180326  2.422  -92.12   32.88    28.2    12.3    20.3    20.6     0.0    14.83 C    36.6    11.8    21.3   100.0    48.8    73.5   0.274   0.258   0.253 -99.000 -99.000    18.6    17.3    17.1    17.7    17.0
53961 20180327  2.422  -92.12   32.88    27.6    20.3    23.9    23.2     0.0    13.69 C    37.0    18.3    24.1    92.9    53.3    74.0   0.262   0.249   0.249 -99.000 -99.000    20.3    18.9    18.3    18.9    17.6
53961 20180328  2.422  -92.12   32.88    22.6    16.1    19.3    17.8    54.4     3.96 C    24.1    16.2    18.8   100.0    80.0    96.8   0.301   0.266   0.259 -99.000 -99.000    19.4    18.7    18.5    19.0    17.8
53961 20180329  2.422  -92.12   32.88    24.2    12.6    18.4    17.1    40.3    14.94 C    28.9    12.2    18.1   100.0    49.3    85.6   0.344   0.290   0.273 -99.000 -99.000    18.9    18.2    18.1    18.5    17.8
53961 20180330  2.422  -92.12   32.88    19.7    10.2    14.9    14.1     0.0    22.48 C    27.7     9.2    16.1    99.7    38.2    70.8   0.344   0.293   0.276 -99.000 -99.000    18.5    17.9    17.9    18.2    17.9
53961 20180331  2.422  -92.12   32.88    24.6     5.5    15.1    15.7     0.0    22.72 C    30.3     6.3    16.6   100.0    42.2    71.6   0.341   0.291   0.275 -99.000 -99.000    18.2    17.5    17.5    17.8    17.9
53961 20180401  2.422  -92.12   32.88    25.3    10.9    18.1    17.7     0.0    18.27 C    31.4     9.6    18.6   100.0    49.8    83.8   0.334   0.289   0.271 -99.000 -99.000    18.9    18.0    17.8    18.0    18.1
53961 20180402  2.422  -92.12   32.88    25.8    13.1    19.5    19.0     0.6    10.81 C    30.7    14.1    19.6   100.0    63.9    91.0   0.331   0.286   0.272 -99.000 -99.000    19.4    18.5    18.3    18.4    18.2
53961 20180403  2.422  -92.12   32.88    28.3    13.4    20.8    21.2    24.0    11.75 C    31.9    14.4    21.0   100.0    54.9    82.9   0.333   0.287   0.272 -99.000 -99.000    20.5    19.4    19.0    19.3    18.5
53961 20180404  2.422  -92.12   32.88    16.2     7.8    12.0    11.8     0.0    24.12 C    26.1     6.4    14.3    81.2    31.2    51.1   0.347   0.292   0.275 -99.000 -99.000    18.6    18.3    18.3    18.8    18.4
53961 20180405  2.422  -92.12   32.88    20.0     7.6    13.8    13.3     0.0    19.35 C    28.1     5.8    15.2    89.4    40.6    58.3   0.348   0.293   0.275 -99.000 -99.000    17.5    17.2    17.4    17.8    18.1
53961 20180406  2.422  -92.12   32.88    22.8    13.9    18.4    16.5    47.5     6.08 C    25.5    12.9    17.1   100.0    70.3    89.0   0.346   0.293   0.271 -99.000 -99.000    18.0    17.5    17.6    17.9    18.1
53961 20180407  2.422  -92.12   32.88    15.2     3.1     9.1     6.2     0.5     5.30 C    15.6     3.0     9.0   100.0    67.8    84.2   0.353   0.295   0.274 -99.000 -99.000    15.2    15.7    16.4    16.9    17.6
53961 20180408  2.422  -92.12   32.88    14.4     3.1     8.7     8.9     0.0    23.15 C    25.1     2.1    12.3    84.9    48.2    65.7   0.352   0.295   0.276 -99.000 -99.000    14.9    14.5    15.1    15.2    17.1
53961 20180409  2.422  -92.12   32.88    18.6     7.1    12.8    13.3     0.0    23.10 C    27.8     7.3    15.4    99.7    44.5    64.2   0.350   0.294   0.273 -99.000 -99.000    17.0    16.1    16.0    16.2    17.3
53961 20180410  2.422  -92.12   32.88    19.7     5.9    12.8    12.2     0.0    24.27 C    28.1     6.0    14.8   100.0    37.9    73.8   0.347   0.291   0.274 -99.000 -99.000    17.2    16.5    16.4    16.6    17.4
53961 20180411  2.422  -92.12   32.88    23.9     3.3    13.6    13.8     0.0    24.13 C    30.8     4.2    15.7   100.0    28.7    68.0   0.335   0.290   0.270 -99.000 -99.000    17.2    16.4    16.4    16.8    17.4
53961 20180412  2.422  -92.12   32.88    27.3     8.9    18.1    19.3     0.0    23.55 C    32.8     7.7    19.0    98.6    34.1    64.1   0.321   0.284   0.269 -99.000 -99.000    18.5    17.3    17.1    17.2    17.6
53961 20180413  2.422  -92.12   32.88    25.5    19.2    22.3    21.8    11.3     7.46 C    29.5    15.6    21.4   100.0    71.2    87.7   0.319   0.280   0.267 -99.000 -99.000    19.8    18.7    18.2    18.3    18.1
53961 20180414  2.422  -92.12   32.88    21.9     4.7    13.3    13.8    18.4     6.76 C    21.3     6.0    15.4   100.0    58.8    88.1   0.351   0.294   0.281 -99.000 -99.000    18.7    18.4    18.3    18.6    18.2
53961 20180415  2.422  -92.12   32.88    14.3     2.5     8.4     7.3     0.0    22.23 C    23.6     3.1    10.6   100.0    42.0    73.3   0.354   0.297   0.283 -99.000 -99.000    15.8    15.9    16.5    16.8    17.6
53961 20180416  2.422  -92.12   32.88    22.0     0.2    11.1    10.8     0.0    25.41 C    28.7     1.4    13.4   100.0    26.9    68.9   0.351   0.296   0.281 -99.000 -99.000    16.0    15.6    15.9    16.2    17.4
53961 20180417  2.422  -92.12   32.88    28.7     6.9    17.8    18.7     0.0    24.61 C    32.5     6.2    17.9   100.0    31.2    63.0   0.342   0.294   0.278 -99.000 -99.000    18.0    16.9    16.7    16.9    17.7
53961 20180418  2.422  -92.12   32.88    25.3    12.8    19.0    19.7     0.0    12.01 C    30.2    10.9    19.4   100.0    64.8    81.8   0.329   0.289   0.275 -99.000 -99.000    19.2    18.2    17.9    18.0    18.1
53961 20180419  2.422  -92.12   32.88    18.1     8.2    13.1    13.3     0.0    25.61 C    31.4     7.6    16.1   100.0    38.7    55.3   0.317   0.283   0.270 -99.000 -99.000    18.3    17.8    17.7    18.1    18.0
53961 20180420  2.422  -92.12   32.88    19.8     6.8    13.3    12.2     0.0    25.58 C    34.7     5.5    16.4   100.0    33.3    60.2   0.301   0.271   0.264 -99.000 -99.000    17.7    17.2    17.3    17.7    18.0
53961 20180421  2.422  -92.12   32.88    22.7     6.2    14.4    15.1     2.3    16.05 C    36.2     7.1    18.4   100.0    44.6    79.3   0.287   0.262   0.258 -99.000 -99.000    17.8    17.1    17.2    17.5    17.9
53961 20180422  2.422  -92.12   32.88    20.4    11.8    16.1    15.7    38.1     8.17 C    25.7    12.0    17.2   100.0    70.7    91.7   0.339   0.288   0.272 -99.000 -99.000    18.2    17.6    17.6    18.0    18.1
53961 20180423  2.422  -92.12   32.88    19.5     9.1    14.3    14.5     0.0     8.46 C    27.3     9.5    16.1   100.0    68.7    90.8   0.342   0.291   0.279 -99.000 -99.000    17.5    17.1    17.2    17.7    18.0
53961 20180424  2.422  -92.12   32.88    24.6    10.4    17.5    17.1     0.0    20.63 C    32.9     9.9    19.3   100.0    48.0    82.1   0.341   0.291   0.276 -99.000 -99.000    19.0    17.9    17.7    18.2    18.1
53961 20180425  2.422  -92.12   32.88    25.2    10.8    18.0    18.0     5.0    15.42 C    32.9    10.9    19.8   100.0    48.4    83.7   0.337   0.289   0.273 -99.000 -99.000    19.5    18.5    18.2    18.8    18.4
53961 20180426  2.422  -92.12   32.88    19.9    11.3    15.6    14.4     0.0    14.07 C    28.7    13.0    17.6   100.0    60.4    89.2   0.341   0.290   0.275 -99.000 -99.000    19.3    18.7    18.5    18.7    18.5
53961 20180427  2.422  -92.12   32.88    24.6    11.3    17.9    16.7     0.0    22.21 C    33.5    12.0    19.7   100.0    42.5    78.9   0.337   0.290   0.275 -99.000 -99.000    19.9    18.8    18.6    19.0    18.7
53961 20180428  2.422  -92.12   32.88    27.4     9.0    18.2    17.6     0.0    26.10 C    37.9     9.0    20.8   100.0    24.9    70.7   0.327   0.285   0.272 -99.000 -99.000    20.2    19.2    18.9    19.0    18.9
53961 20180429  2.422  -92.12   32.88    25.0    11.0    18.0    17.4     0.0    25.81 C    38.0    11.1    20.8   100.0    37.9    68.6   0.311   0.279   0.268 -99.000 -99.000    20.5    19.5    19.2    19.3    19.1
53961 20180430  2.422  -92.12   32.88    28.0    11.5    19.7    19.2     0.0    25.66 C    42.8    10.5    22.9   100.0    35.9    68.2   0.293   0.269   0.263 -99.000 -99.000    21.0    19.8    19.5    19.5    19.3
53961 20180501  2.422  -92.12   32.88    27.3    12.6    19.9    20.3     0.0    20.11 C    44.8    12.8    23.8   100.0    38.3    76.1   0.273   0.256   0.253 -99.000 -99.000    21.5    20.3    20.0    20.0    19.5
53961 20180502  2.422  -92.12   32.88    29.7    17.2    23.4    24.4     0.0    18.03 C    45.9    15.9    26.7   100.0    59.2    78.8   0.256   0.244   0.244 -99.000 -99.000    23.0    21.4    20.8    20.8    20.0
53961 20180503  2.422  -92.12   32.88    28.5    18.0    23.2    23.5     0.0    14.92 C    41.3    17.2    25.8   100.0    60.7    82.2   0.239   0.224   0.236 -99.000 -99.000    23.3    22.1    21.5    21.5    20.3
53961 20180504  2.422  -92.12   32.88    26.0    18.1    22.0    21.2     2.9     7.45 C    38.4    17.3    22.8   100.0    73.3    93.1   0.236   0.220   0.231 -99.000 -99.000    22.5    21.8    21.4    21.7    20.4
53961 20180505  2.422  -92.12   32.88    26.0    14.7    20.4    19.9     0.6    18.23 C    40.8    14.8    23.5   100.0    53.3    87.8   0.240   0.229   0.238 -99.000 -99.000    22.7    21.8    21.4    21.7    20.6
53961 20180506  2.422  -92.12   32.88    30.8    11.8    21.3    21.2     0.0    25.67 C    47.3    11.8    25.9   100.0    30.6    70.4   0.221   0.212   0.221 -99.000 -99.000    22.6    21.7    21.3    21.7    20.7
53961 20180507  2.422  -92.12   32.88    31.3    12.7    22.0    21.9     0.0    24.60 C    48.0    13.2    27.5   100.0    37.4    75.5   0.196   0.195   0.205 -99.000 -99.000    23.2    22.2    21.6    22.0    20.9
53961 20180508  2.422  -92.12   32.88    32.3    14.8    23.6    23.4     0.0    25.60 C    51.3    14.8    29.2   100.0    35.9    75.4   0.175   0.179   0.188 -99.000 -99.000    24.0    22.9    22.2    22.5    21.3
53961 20180509  2.422  -92.12   32.88    31.9    16.0    23.9    23.3     0.0    24.93 C    50.6    15.7    28.9   100.0    34.4    71.7   0.152   0.166   0.169 -99.000 -99.000    24.3    23.3    22.5    22.9    21.5
53961 20180510  2.422  -92.12   32.88    31.0    15.6    23.3    22.9     0.0    24.65 C    51.0    14.9    28.7   100.0    34.7    72.8   0.130   0.149   0.154 -99.000 -99.000    24.3    23.4    22.6    23.0    21.6
53961 20180511  2.422  -92.12   32.88    31.2    13.7    22.5    23.3     0.0    24.58 C    51.0    13.9    28.7   100.0    42.5    73.6   0.112   0.136   0.139 -99.000 -99.000    24.5    23.5    22.8    23.0    21.8
53961 20180512  2.422  -92.12   32.88    32.2    16.8    24.5    24.1     0.0    25.39 C    52.6    15.5    30.1   100.0    34.7    76.6   0.098   0.123   0.128 -99.000 -99.000    25.2    24.0    23.2    23.4    22.0
53961 20180513  2.422  -92.12   32.88    31.9    17.4    24.6    24.4     0.0    20.57 C    52.2    17.1    30.2   100.0    48.5    82.7   0.088   0.113   0.119 -99.000 -99.000    25.5    24.2    23.5    23.8    22.3
53961 20180514  2.422  -92.12   32.88    33.6    18.4    26.0    25.4     0.0    24.87 C    54.2    17.6    32.1   100.0    40.9    77.8   0.083   0.103   0.111 -99.000 -99.000    26.2    24.8    23.9    24.2    22.6
53961 20180515  2.422  -92.12   32.88    31.9    18.4    25.2    24.7     0.0    19.03 C    50.9    18.5    30.1   100.0    46.3    79.2   0.079   0.096   0.104 -99.000 -99.000    25.9    24.8    24.1    24.4    22.8
53961 20180516  2.422  -92.12   32.88    32.9    16.8    24.8    24.6     0.2    25.08 C    54.7    16.4    31.7   100.0    46.1    77.0   0.076   0.092   0.100 -99.000 -99.000    26.4    25.0    24.2    24.5    23.0
53961 20180517  2.422  -92.12   32.88    29.2    18.2    23.7    22.8     4.7    22.12 C    45.1    18.7    27.8   100.0    54.3    85.3   0.075   0.089   0.097 -99.000 -99.000    26.0    25.1    24.4    24.8    23.2
53961 20180518  2.422  -92.12   32.88    32.0    16.4    24.2    24.2     0.0    23.40 C    53.5    16.8    30.6   100.0    46.4    81.4   0.077   0.087   0.097 -99.000 -99.000    26.1    24.9    24.2    24.6    23.3
53961 20180519  2.422  -92.12   32.88    33.6    18.8    26.2    25.9     0.0    25.40 C    54.0    18.0    32.4   100.0    46.4    80.3   0.076   0.086   0.094 -99.000 -99.000    27.0    25.6    24.7    25.1    23.5
53961 20180520  2.422  -92.12   32.88    32.7    19.4    26.0    25.5     0.0    19.31 C    53.6    19.2    31.0   100.0    51.9    82.9   0.075   0.085   0.091 -99.000 -99.000    26.9    25.7    24.9    25.3    23.7
53961 20180521  2.422  -92.12   32.88    32.5    18.8    25.7    25.4     0.0    23.03 C    53.3    18.9    32.6   100.0    44.7    77.6   0.073   0.082   0.089 -99.000 -99.000    27.3    25.9    25.1    25.4    23.7
53961 20180522  2.422  -92.12   32.88    32.7    20.2    26.4    24.7     2.5    21.90 C    53.8    21.4    32.1   100.0    43.0    83.7   0.072   0.081   0.089 -99.000 -99.000    27.7    26.3    25.5    25.8    23.9
53961 20180523  2.422  -92.12   32.88    32.6    19.4    26.0    24.7     0.0    20.48 C    50.2    20.1    30.1   100.0    53.7    83.5   0.072   0.082   0.089 -99.000 -99.000    27.2    26.1    25.4    25.7    24.1
53961 20180524  2.422  -92.12   32.88    32.7    18.8    25.8    24.6     0.2    21.79 C    54.8    19.8    31.4   100.0    50.1    84.6   0.071   0.081   0.088 -99.000 -99.000    27.6    26.3    25.5    25.9    24.2
53961 20180525  2.422  -92.12   32.88    34.0    18.6    26.3    25.5     0.7    23.00 C    56.9    18.9    32.7   100.0    45.8    80.0   0.071   0.081   0.086 -99.000 -99.000    27.8    26.5    25.7    26.0    24.3
53961 20180526  2.422  -92.12   32.88    33.1    19.7    26.4    24.7     7.5    21.55 C    55.7    20.1    31.4   100.0    48.3    85.1   0.071   0.080   0.084 -99.000 -99.000    27.7    26.5    25.8    26.0    24.5
53961 20180527  2.422  -92.12   32.88    31.8    18.4    25.1    24.7     0.0    24.84 C    46.9    19.0    29.9   100.0    50.4    82.5   0.102   0.079   0.091 -99.000 -99.000    27.3    26.3    25.6    25.8    24.5
53961 20180528  2.422  -92.12   32.88    33.6    19.7    26.6    26.2     0.3    26.30 C    53.3    19.9    32.9   100.0    47.7    79.7   0.095   0.080   0.096 -99.000 -99.000    28.1    26.7    25.9    26.0    24.7
53961 20180529  2.422  -92.12   32.88    33.1    19.7    26.4    26.0     0.0    22.69 C    53.5    19.7    32.4   100.0    49.5    81.3   0.083   0.081   0.092 -99.000 -99.000    28.1    26.9    26.1    26.4    24.9
53961 20180530  2.422  -92.12   32.88    35.7    20.2    28.0    27.6     0.0    23.73 C    55.2    20.4    34.0   100.0    44.5    78.3   0.077   0.080   0.089 -99.000 -99.000    28.9    27.3    26.4    26.5    25.0
53961 20180531  2.422  -92.12   32.88    34.5    21.9    28.2    27.9     0.0    22.82 C    54.3    20.9    33.7   100.0    48.9    77.7   0.073   0.079   0.088 -99.000 -99.000    29.3    27.7    26.8    27.1    25.3
53961 20180601  2.422  -92.12   32.88    34.7    21.2    27.9    27.8     0.0    23.46 C    57.2    20.5    34.4   100.0    47.5    79.1   0.072   0.078   0.086 -99.000 -99.000    29.6    28.0    27.1    27.4    25.5
53961 20180602  2.422  -92.12   32.88    35.4    22.3    28.8    28.5     0.0    24.66 C    56.8    22.4    35.7   100.0    48.4    79.1   0.071   0.080   0.085 -99.000 -99.000    30.2    28.4    27.5    27.7    25.7
53961 20180603  2.422  -92.12   32.88    32.2    18.0    25.1    25.3    15.3    20.90 C    43.8    18.3    28.8   100.0    55.8    84.6   0.154   0.081   0.168 -99.000 -99.000    28.8    28.0    27.3    27.6    25.8
53961 20180604  2.422  -92.12   32.88    31.0    14.6    22.8    22.9     0.0    24.27 C    48.8    14.9    28.3   100.0    36.3    75.1   0.138   0.092   0.154 -99.000 -99.000    26.6    26.4    26.1    26.4    25.4
53961 20180605  2.422  -92.12   32.88    30.7    19.2    25.0    23.7     0.3    19.59 C    45.8    18.7    28.9   100.0    48.8    83.4   0.116   0.099   0.133 -99.000 -99.000    26.9    26.3    25.9    26.2    25.4
53961 20180606  2.422  -92.12   32.88    33.0    16.6    24.8    24.4     0.0    26.01 C    52.1    16.9    31.0   100.0    40.8    77.3   0.100   0.097   0.120 -99.000 -99.000    27.3    26.4    25.8    26.2    25.4
53961 20180607  2.422  -92.12   32.88    33.6    16.9    25.3    25.6     0.0    26.08 C    54.8    17.4    32.3   100.0    42.5    75.1   0.086   0.093   0.107 -99.000 -99.000    28.1    26.9    26.2    26.6    25.5
53961 20180608  2.422  -92.12   32.88    35.1    17.9    26.5    26.3     0.0    24.69 C    55.3    18.4    32.9   100.0    38.6    75.0   0.077   0.088   0.095 -99.000 -99.000    28.6    27.3    26.6    26.9    25.7
53961 20180609  2.422  -92.12   32.88    35.0    19.3    27.2    26.8     0.0    25.58 C    55.7    19.1    33.5   100.0    38.0    75.1   0.072   0.086   0.088 -99.000 -99.000    29.2    27.8    27.0    27.3    25.8
53961 20180610  2.422  -92.12   32.88    34.7    19.0    26.9    25.5     0.0    24.17 C    58.0    18.4    32.2   100.0    43.1    81.3   0.069   0.081   0.085 -99.000 -99.000    29.2    27.9    27.1    27.3    25.9
53961 20180611  2.422  -92.12   32.88    34.8    22.1    28.5    27.1     0.0    17.20 C    55.0    22.3    32.1   100.0    48.6    79.6   0.068   0.079   0.081 -99.000 -99.000    29.1    27.9    27.2    27.4    26.1
53961 20180612  2.422  -92.12   32.88    35.7    20.4    28.0    27.8     0.0    23.77 C    55.8    20.7    34.1   100.0    42.9    75.6   0.068   0.079   0.083 -99.000 -99.000    29.9    28.3    27.5    27.6    26.2
53961 20180613  2.422  -92.12   32.88    35.9    20.9    28.4    26.3     1.1    19.46 C    54.8    22.0    32.3   100.0    44.3    80.3   0.067   0.079   0.081 -99.000 -99.000    29.8    28.5    27.8    27.8    26.4
53961 20180614  2.422  -92.12   32.88    33.7    20.2    26.9    25.8    11.9    19.97 C    53.1    20.8    30.3   100.0    52.5    88.5   0.092   0.079   0.099 -99.000 -99.000    28.8    28.0    27.4    27.6    26.4
53961 20180615  2.422  -92.12   32.88    34.0    21.2    27.6    27.4     0.0    20.50 C    48.7    21.1    31.0   100.0    49.0    80.0   0.132   0.080   0.132 -99.000 -99.000    28.6    27.8    27.2    27.5    26.4
53961 20180616  2.422  -92.12   32.88    34.8    21.5    28.1    28.2     0.0    25.20 C    53.3    21.4    34.2   100.0    44.4    75.4   0.109   0.082   0.121 -99.000 -99.000    29.4    28.1    27.5    27.7    26.5
53961 20180617  2.422  -92.12   32.88    34.0    21.3    27.7    27.5     0.2    22.76 C    51.5    21.8    33.0   100.0    49.2    78.8   0.092   0.082   0.107 -99.000 -99.000    29.6    28.4    27.8    28.0    26.6
53961 20180618  2.422  -92.12   32.88    33.2    19.9    26.5    25.7     1.1    21.74 C    51.0    20.4    30.7   100.0    54.4    80.3   0.081   0.083   0.096 -99.000 -99.000    28.8    28.0    27.5    27.8    26.5
53961 20180619  2.422  -92.12   32.88    31.3    21.3    26.3    24.3    14.0    14.17 C    41.9    22.8    27.5   100.0    61.3    91.9   0.094   0.082   0.105 -99.000 -99.000    27.7    27.2    26.9    27.3    26.4
53961 20180620  2.422  -92.12   32.88    28.7    22.2    25.4    24.9     6.2     8.76 C    32.4    22.9    26.6   100.0    74.5    96.0   0.162   0.152   0.166 -99.000 -99.000    27.2    26.7    26.4    26.7    26.2
53961 20180621  2.422  -92.12   32.88    33.1    23.1    28.1    27.0    11.1    20.68 C    40.0    22.9    29.2   100.0    56.6    86.9   0.227   0.246   0.216 -99.000 -99.000    28.4    27.3    26.8    27.0    26.4
53961 20180622  2.422  -92.12   32.88    29.7    22.2    26.0    25.6     9.7    11.36 C    36.1    22.6    26.9   100.0    81.4    96.3   0.239   0.255   0.221 -99.000 -99.000    27.8    27.2    26.9    27.1    26.4
53961 20180623  2.422  -92.12   32.88    33.9    23.7    28.8    28.4     0.0    24.39 C    43.2    23.4    30.8   100.0    53.9    81.2   0.237   0.259   0.228 -99.000 -99.000    29.1    27.9    27.4    27.5    26.5
53961 20180624  2.422  -92.12   32.88    34.3    22.2    28.2    28.1     5.1    20.03 C    46.0    22.7    31.2   100.0    53.9    81.9   0.209   0.232   0.208 -99.000 -99.000    29.2    28.2    27.7    27.8    26.8
53961 20180625  2.422  -92.12   32.88    34.1    20.8    27.5    27.3     0.0    22.04 C    43.6    21.3    30.4   100.0    55.2    83.9   0.213   0.235   0.209 -99.000 -99.000    29.0    28.0    27.6    27.7    26.8
53961 20180626  2.422  -92.12   32.88    35.2    22.6    28.9    28.7     0.0    25.91 C    51.2    22.3    33.5   100.0    46.8    76.0   0.187   0.215   0.192 -99.000 -99.000    29.5    28.4    27.9    28.0    26.9
53961 20180627  2.422  -92.12   32.88    35.8    23.1    29.4    29.1     0.0    26.39 C    52.8    23.0    34.7   100.0    45.5    74.8   0.153   0.187   0.168 -99.000 -99.000    29.8    28.7    28.2    28.4    27.1
53961 20180628  2.422  -92.12   32.88    36.4    22.9    29.6    29.4     0.0    26.76 C    54.9    23.0    35.5   100.0    46.3    75.9   0.122   0.166   0.145 -99.000 -99.000    30.2    29.1    28.5    28.7    27.2
53961 20180629  2.422  -92.12   32.88    35.7    22.5    29.1    29.1     3.2    24.83 C    50.2    23.7    33.3   100.0    44.8    78.2   0.103   0.144   0.126 -99.000 -99.000    30.3    29.3    28.7    28.9    27.4
53961 20180630  2.422  -92.12   32.88    36.2    23.0    29.6    29.7     0.0    26.00 C    52.7    23.2    35.3   100.0    41.4    72.6   0.092   0.129   0.115 -99.000 -99.000    30.5    29.4    28.8    28.8    27.6
53961 20180701  2.422  -92.12   32.88    37.3    21.2    29.3    29.4     0.0    25.74 C    54.0    21.4    35.0   100.0    28.8    66.8   0.081   0.111   0.105 -99.000 -99.000    30.4    29.4    28.7    28.9    27.6
53961 20180702  2.422  -92.12   32.88    34.6    23.2    28.9    27.4     0.4    12.59 C    45.0    23.7    30.0   100.0    49.2    86.6   0.075   0.100   0.098 -99.000 -99.000    29.3    28.7    28.3    28.5    27.5
53961 20180703  2.422  -92.12   32.88    33.3    23.5    28.4    27.2     0.3    18.53 C    50.3    23.8    31.8   100.0    59.1    86.9   0.073   0.095   0.093 -99.000 -99.000    29.7    28.7    28.2    28.3    27.5
53961 20180704  2.422  -92.12   32.88    34.3    23.8    29.0    27.8     0.0    20.73 C    51.1    23.1    32.5   100.0    50.3    82.7   0.070   0.090   0.089 -99.000 -99.000    30.1    28.9    28.4    28.5    27.6
53961 20180705  2.422  -92.12   32.88    35.1    22.4    28.8    28.6     0.0    21.83 C    52.0    22.7    33.8   100.0    48.2    79.7   0.069   0.085   0.087 -99.000 -99.000    30.4    29.2    28.6    28.6    27.7
53961 20180706  2.422  -92.12   32.88    36.1    22.6    29.3    28.8     0.0    23.62 C    53.3    23.5    34.7   100.0    44.7    74.8   0.067   0.081   0.087 -99.000 -99.000    30.9    29.5    28.9    28.9    27.8
53961 20180707  2.422  -92.12   32.88    33.5    21.0    27.2    25.8     0.0    20.77 C    53.3    21.3    31.6   100.0    51.6    85.6   0.065   0.080   0.084 -99.000 -99.000    30.3    29.4    28.8    28.9    27.8
53961 20180708  2.422  -92.12   32.88    33.8    20.6    27.2    25.6     7.4    20.92 C    49.8    21.1    31.3   100.0    50.5    86.3   0.065   0.078   0.080 -99.000 -99.000    29.8    29.0    28.5    28.6    27.7
53961 20180709  2.422  -92.12   32.88    31.1    22.0    26.6    25.3     8.9    14.80 C    41.7    22.6    27.9   100.0    65.7    92.6   0.120   0.099   0.116 -99.000 -99.000    28.5    28.2    27.9    28.1    27.6
53961 20180710  2.422  -92.12   32.88    32.1    22.0    27.0    25.9     0.0    13.13 C    40.3    22.1    27.7   100.0    65.8    91.4   0.156   0.148   0.162 -99.000 -99.000    28.2    27.7    27.5    27.7    27.4
53961 20180711  2.422  -92.12   32.88    33.8    22.4    28.1    25.8     0.0    14.30 C    48.1    22.3    28.7   100.0    53.3    89.1   0.131   0.137   0.147 -99.000 -99.000    28.1    27.6    27.3    27.6    27.4
53961 20180712  2.422  -92.12   32.88    34.5    22.1    28.3    27.4     0.0    19.22 C    47.9    22.1    31.2   100.0    51.4    83.8   0.108   0.126   0.128 -99.000 -99.000    28.6    27.8    27.4    27.6    27.4
53961 20180713  2.422  -92.12   32.88    36.7    22.1    29.4    28.0     0.2    23.50 C    52.7    22.2    33.4   100.0    39.9    80.4   0.090   0.110   0.113 -99.000 -99.000    29.5    28.4    27.9    28.0    27.5
53961 20180714  2.422  -92.12   32.88    35.5    22.4    29.0    27.6     2.2    16.84 C    52.0    22.6    31.3   100.0    49.7    86.4   0.077   0.095   0.103 -99.000 -99.000    29.2    28.4    28.0    28.2    27.6
53961 20180715  2.422  -92.12   32.88    36.9    23.0    29.9    30.1     0.0    25.07 C    50.5    22.7    34.0   100.0    39.6    71.7   0.074   0.090   0.093 -99.000 -99.000    30.0    28.6    28.1    28.2    27.7
53961 20180716  2.422  -92.12   32.88    37.5    23.6    30.6    29.3     1.0    19.84 C    50.8    23.7    33.3   100.0    41.1    77.5   0.070   0.082   0.088 -99.000 -99.000    30.4    29.1    28.6    28.6    27.8
53961 20180717  2.422  -92.12   32.88    29.8    24.8    27.3    27.1     5.2    10.32 C    34.7    24.6    28.1   100.0    73.9    91.4   0.068   0.082   0.085 -99.000 -99.000    29.5    28.7    28.4    28.4    27.7
53961 20180718  2.422  -92.12   32.88    34.4    23.5    28.9    28.4     0.0    17.37 C    43.6    23.5    30.7   100.0    60.6    84.5   0.073   0.081   0.087 -99.000 -99.000    30.0    28.8    28.3    28.3    27.7
53961 20180719  2.422  -92.12   32.88    38.4    23.0    30.7    30.4     0.0    22.55 C    50.4    23.0    34.1   100.0    40.5    72.9   0.074   0.083   0.086 -99.000 -99.000    31.2    29.5    28.9    28.7    27.9
53961 20180720  2.422  -92.12   32.88    38.8    24.0    31.4    31.8     0.0    22.83 C    51.7    23.9    35.3   100.0    40.6    65.3   0.072   0.082   0.085 -99.000 -99.000    31.8    30.1    29.4    29.2    28.2
53961 20180721  2.422  -92.12   32.88    40.0    25.8    32.9    31.4     0.0    18.15 C    50.7    25.5    33.9    95.6    28.4    66.2   0.069   0.081   0.086 -99.000 -99.000    31.6    30.2    29.6    29.4    28.3
53961 20180722  2.422  -92.12   32.88    35.3    23.8    29.5    29.0     0.2    18.90 C    51.0    23.5    33.1   100.0    41.3    71.3   0.067   0.078   0.085 -99.000 -99.000    31.5    30.2    29.6    29.4    28.4
53961 20180723  2.422  -92.12   32.88    34.1    21.0    27.6    27.6     0.0    24.89 C    50.0    21.1    32.6   100.0    42.0    72.0   0.065   0.078   0.084 -99.000 -99.000    31.7    30.2    29.6    29.4    28.5
53961 20180724  2.422  -92.12   32.88    34.4    18.4    26.4    25.8     0.0    23.65 C    49.4    18.2    30.4   100.0    36.5    72.5   0.062   0.077   0.083 -99.000 -99.000    30.9    29.9    29.3    29.1    28.5
53961 20180725  2.422  -92.12   32.88    35.9    17.3    26.6    26.7     0.0    25.18 C    52.3    17.5    31.8   100.0    34.9    68.9   0.061   0.079   0.080 -99.000 -99.000    31.1    29.8    29.3    29.0    28.4
53961 20180726  2.422  -92.12   32.88    37.5    17.9    27.7    28.4     0.0    25.42 C    52.9    18.3    33.3   100.0    27.3    62.4   0.059   0.075   0.079 -99.000 -99.000    31.5    30.1    29.5    29.1    28.6
53961 20180727  2.422  -92.12   32.88    35.6    23.1    29.3    28.7     0.0    17.75 C    51.7    23.6    32.9    96.5    35.2    67.8   0.057   0.076   0.079 -99.000 -99.000    31.5    30.2    29.7    29.4    28.8
53961 20180728  2.422  -92.12   32.88    29.0    21.5    25.3    24.9    12.3     7.87 C    33.1    21.7    26.4   100.0    69.5    95.5   0.084   0.076   0.088 -99.000 -99.000    29.2    29.1    28.8    28.8    28.5
53961 20180729  2.422  -92.12   32.88    32.4    20.9    26.7    23.8    41.1    15.16 C    41.2    21.6    26.6   100.0    61.0    93.5   0.199   0.153   0.164 -99.000 -99.000    28.1    27.9    27.9    27.9    28.0
53961 20180730  2.422  -92.12   32.88    29.2    20.6    24.9    24.1     0.0    12.92 C    32.3    21.3    26.0   100.0    70.0    93.6   0.255   0.290   0.220 -99.000 -99.000    27.7    27.3    27.2    27.3    27.5
53961 20180731  2.422  -92.12   32.88    28.0    21.2    24.6    23.1     4.6    10.37 C    31.6    21.3    24.3   100.0    77.7    96.7   0.253   0.281   0.222 -99.000 -99.000    27.1    26.9    26.9    27.0    27.2
53961 20180801  2.422  -92.12   32.88    31.0    18.1    24.6    24.0     0.0    24.47 C    39.8    18.5    26.7   100.0    48.2    80.7   0.249   0.286   0.222 -99.000 -99.000    27.7    27.1    27.0    27.0    27.2
53961 20180802  2.422  -92.12   32.88    32.5    16.3    24.4    23.5     0.0    25.38 C    43.9    16.4    27.2   100.0    36.1    77.5   0.221   0.266   0.208 -99.000 -99.000    27.4    27.0    26.9    26.9    27.1
53961 20180803  2.422  -92.12   32.88    34.0    15.9    24.9    23.5    19.5    22.83 C    47.7    16.2    27.7   100.0    41.6    85.0   0.231   0.257   0.215 -99.000 -99.000    27.2    26.8    26.7    26.7    27.0
53961 20180804  2.422  -92.12   32.88    33.6    19.2    26.4    26.4     0.0    21.88 C    39.0    19.7    28.0   100.0    43.9    79.0   0.280   0.279   0.247 -99.000 -99.000    28.1    27.3    27.0    27.0    27.1
53961 20180805  2.422  -92.12   32.88    34.1    22.6    28.4    27.6     0.0    20.29 C    43.1    22.7    30.0   100.0    46.2    77.2   0.255   0.279   0.235 -99.000 -99.000    28.8    27.9    27.6    27.5    27.2
53961 20180806  2.422  -92.12   32.88    35.3    20.5    27.9    27.6     0.0    23.69 C    46.7    20.8    31.3   100.0    36.6    73.7   0.232   0.261   0.222 -99.000 -99.000    29.0    28.2    27.8    27.7    27.3
53961 20180807  2.422  -92.12   32.88    35.4    20.2    27.8    26.0     5.5    23.00 C    48.2    20.8    30.4   100.0    44.3    84.7   0.217   0.243   0.213 -99.000 -99.000    29.1    28.3    28.0    27.9    27.4
53961 20180808  2.422  -92.12   32.88    35.5    19.4    27.4    26.6     0.0    23.71 C    44.6    19.9    29.8   100.0    42.6    79.2   0.214   0.242   0.214 -99.000 -99.000    29.2    28.3    28.0    27.9    27.5
53961 20180809  2.422  -92.12   32.88    33.0    21.3    27.2    26.0     0.0    21.04 C    48.2    22.0    30.2   100.0    51.8    84.5   0.194   0.229   0.198 -99.000 -99.000    29.2    28.4    28.1    28.1    27.5
53961 20180810  2.422  -92.12   32.88    30.5    20.8    25.6    24.4    12.4    12.84 C    35.7    20.9    25.8   100.0    72.7    92.7   0.235   0.250   0.215 -99.000 -99.000    28.0    27.7    27.6    27.7    27.4
53961 20180811  2.422  -92.12   32.88    33.2    19.9    26.6    25.9     0.0    18.20 C    42.2    20.0    28.2   100.0    53.7    85.4   0.238   0.256   0.225 -99.000 -99.000    28.2    27.5    27.4    27.3    27.3
53961 20180812  2.422  -92.12   32.88    29.8    21.8    25.8    25.0     0.2    10.10 C    36.7    21.7    26.8   100.0    71.2    93.3   0.219   0.245   0.214 -99.000 -99.000    27.9    27.5    27.4    27.4    27.3
53961 20180813  2.422  -92.12   32.88    33.1    20.9    27.0    26.3     0.0    18.96 C    43.1    21.2    29.1   100.0    48.5    82.4   0.205   0.236   0.205 -99.000 -99.000    28.1    27.3    27.3    27.2    27.2
53961 20180814  2.422  -92.12   32.88    34.3    20.0    27.1    26.6     0.0    20.32 C    45.3    19.9    29.9   100.0    41.9    80.3   0.185   0.213   0.190 -99.000 -99.000    28.4    27.6    27.5    27.4    27.4
53961 20180815  2.422  -92.12   32.88    35.6    21.5    28.5    28.1     0.0    20.44 C    46.2    21.2    30.9   100.0    43.2    74.7   0.165   0.202   0.171 -99.000 -99.000    28.7    27.9    27.7    27.6    27.4
53961 20180816  2.422  -92.12   32.88    36.9    23.1    30.0    29.4     0.0    23.82 C    47.4    23.0    32.9   100.0    40.4    74.2   0.140   0.179   0.161 -99.000 -99.000    29.7    28.5    28.2    28.0    27.8
53961 20180817  2.422  -92.12   32.88    36.2    22.4    29.3    26.9     1.9    18.53 C    47.3    22.7    30.2   100.0    43.6    84.9   0.119   0.156   0.145 -99.000 -99.000    29.6    28.8    28.5    28.3    27.9
53961 20180818  2.422  -92.12   32.88    35.5    22.1    28.8    27.3     0.0    16.13 C    42.6    22.1    29.5   100.0    52.2    83.0   0.109   0.144   0.135 -99.000 -99.000    29.1    28.3    28.1    28.0    27.9
53961 20180819  2.422  -92.12   32.88    35.5    23.8    29.6    28.9     0.0    18.74 C    44.7    24.0    31.5   100.0    48.6    76.6   0.097   0.133   0.126 -99.000 -99.000    29.6    28.6    28.4    28.2    27.9
53961 20180820  2.422  -92.12   32.88    36.2    21.7    28.9    27.0    30.2    19.21 C    40.8    22.6    28.5   100.0    47.9    86.5   0.182   0.171   0.172 -99.000 -99.000    29.3    28.7    28.4    28.3    27.9
53961 20180821  2.422  -92.12   32.88    32.9    20.1    26.5    25.4     0.0    21.48 C    39.2    20.0    27.2   100.0    45.3    80.6   0.236   0.263   0.220 -99.000 -99.000    28.4    28.0    27.8    27.8    27.7
53961 20180822  2.422  -92.12   32.88    30.7    18.4    24.5    24.1     0.0    21.35 C    41.4    18.4    27.3   100.0    51.2    81.6   0.206   0.239   0.202 -99.000 -99.000    27.7    27.3    27.4    27.3    27.5
53961 20180823  2.422  -92.12   32.88    31.4    18.3    24.9    24.3     0.0    20.85 C    41.7    18.3    27.7   100.0    54.4    81.4   0.184   0.223   0.188 -99.000 -99.000    27.5    27.1    27.1    27.0    27.3
53961 20180824  2.422  -92.12   32.88    33.6    17.3    25.4    25.4     0.0    21.94 C    43.8    17.4    28.6   100.0    45.6    75.1   0.165   0.206   0.173 -99.000 -99.000    27.6    27.1    27.0    26.9    27.2
53961 20180825  2.422  -92.12   32.88    34.3    19.9    27.1    26.7     0.0    20.94 C    43.8    19.8    29.6   100.0    47.3    79.0   0.141   0.185   0.158 -99.000 -99.000    28.2    27.4    27.3    27.1    27.4
53961 20180826  2.422  -92.12   32.88    34.0    20.7    27.4    27.4     0.0    17.33 C    43.8    20.6    29.9   100.0    48.9    78.1   0.121   0.161   0.145 -99.000 -99.000    28.3    27.6    27.4    27.3    27.5
53961 20180827  2.422  -92.12   32.88    35.3    21.8    28.5    28.4     0.0    18.45 C    43.4    21.4    30.5   100.0    42.8    73.7   0.105   0.143   0.130 -99.000 -99.000    28.6    27.7    27.5    27.4    27.6
53961 20180828  2.422  -92.12   32.88    35.4    23.2    29.3    27.9     0.0    18.38 C    44.9    22.7    30.5   100.0    42.2    78.8   0.095   0.131   0.123 -99.000 -99.000    28.8    28.1    27.7    27.6    27.7
53961 20180829  2.422  -92.12   32.88    35.4    21.3    28.4    26.6     0.0    18.36 C    45.7    21.4    29.6   100.0    46.2    82.7   0.090   0.123   0.118 -99.000 -99.000    28.9    28.3    27.8    27.8    27.8
53961 20180830  2.422  -92.12   32.88    34.4    20.4    27.4    26.5     0.0    18.52 C    45.2    20.4    29.2   100.0    43.0    79.2   0.086   0.116   0.114 -99.000 -99.000    28.8    28.3    27.9    27.8    27.8
53961 20180831  2.422  -92.12   32.88    34.5    20.5    27.5    27.4     0.0    19.95 C    45.2    20.4    30.4   100.0    45.6    73.8   0.083   0.110   0.113 -99.000 -99.000    29.0    28.4    28.0    27.9    27.8
53961 20180901  2.422  -92.12   32.88    33.5    20.5    27.0    25.8     0.0    13.20 C    41.2    20.4    27.7   100.0    50.8    83.4   0.080   0.106   0.111 -99.000 -99.000    28.5    28.1    27.9    27.8    27.7
53961 20180902  2.422  -92.12   32.88    32.9    21.9    27.4    25.7     2.8    12.59 C    39.6    21.6    26.9   100.0    55.0    88.6   0.077   0.100   0.108 -99.000 -99.000    28.2    27.9    27.7    27.6    27.6
53961 20180903  2.422  -92.12   32.88    34.0    21.8    27.9    25.7     5.6    14.81 C    39.3    21.3    27.1   100.0    47.2    87.7   0.079   0.100   0.105 -99.000 -99.000    27.8    27.5    27.3    27.3    27.5
53961 20180904  2.422  -92.12   32.88    34.3    20.2    27.2    26.3     0.0    20.11 C    40.1    19.8    28.0   100.0    41.4    79.9   0.097   0.098   0.107 -99.000 -99.000    27.9    27.5    27.2    27.2    27.5
53961 20180905  2.422  -92.12   32.88    32.4    20.1    26.2    25.2     0.9    15.28 C    40.7    19.8    27.0   100.0    54.4    86.8   0.091   0.099   0.107 -99.000 -99.000    27.6    27.3    27.2    27.1    27.5
53961 20180906  2.422  -92.12   32.88    28.3    22.6    25.5    25.2     0.0     7.29 C    36.6    22.4    26.3   100.0    71.4    90.9   0.088   0.101   0.107 -99.000 -99.000    27.3    27.0    27.0    27.0    27.3
53961 20180907  2.422  -92.12   32.88    30.4    21.7    26.0    25.3     0.2     8.10 C    34.1    21.6    26.0   100.0    68.4    93.2   0.086   0.098   0.107 -99.000 -99.000    27.1    26.7    26.7    26.7    27.2
53961 20180908  2.422  -92.12   32.88    31.5    21.7    26.6    24.4     4.1    10.93 C    41.4    21.6    26.1   100.0    63.0    94.7   0.084   0.098   0.108 -99.000 -99.000    27.2    26.7    26.7    26.7    27.2
53961 20180909  2.422  -92.12   32.88    28.2    19.9    24.0    22.9     7.5     6.88 C    32.5    20.0    23.7   100.0    82.6    98.8   0.132   0.112   0.118 -99.000 -99.000    26.6    26.3    26.4    26.4    26.9
53961 20180910  2.422  -92.12   32.88    22.8    19.2    21.0    20.6     5.1     6.12 C    25.4    19.4    21.5   100.0    86.1    96.2   0.187   0.193   0.179 -99.000 -99.000    25.4    25.4    25.6    25.7    26.5
53961 20180911  2.422  -92.12   32.88    25.0    18.4    21.7    21.3     1.1     7.31 C    27.3    18.5    22.1   100.0    81.2    95.4   0.180   0.205   0.189 -99.000 -99.000    25.0    24.8    25.1    25.2    26.2
53961 20180912  2.422  -92.12   32.88    26.6    20.7    23.6    22.7     4.4     8.02 C    28.9    20.7    23.3   100.0    85.7    98.1   0.195   0.220   0.198 -99.000 -99.000    25.5    25.1    25.2    25.2    26.1
53961 20180913  2.422  -92.12   32.88    29.7    20.5    25.1    24.7     0.0    12.21 C    32.4    20.3    25.5   100.0    74.5    92.3   0.190   0.224   0.196 -99.000 -99.000    26.0    25.5    25.5    25.4    26.2
53961 20180914  2.422  -92.12   32.88    34.9    22.1    28.5    27.2     0.0    18.25 C    41.5    21.9    29.0   100.0    51.5    85.2   0.178   0.212   0.193 -99.000 -99.000    27.4    26.5    26.2    26.1    26.7
53961 20180915  2.422  -92.12   32.88    35.0    22.0    28.5    27.5     0.0    19.88 C    42.8    21.5    29.5   100.0    45.7    79.0   0.163   0.200   0.185 -99.000 -99.000    27.9    27.2    26.9    26.8    27.0
53961 20180916  2.422  -92.12   32.88    35.5    20.7    28.1    27.0     0.0    20.16 C    43.7    20.3    29.2   100.0    44.1    79.0   0.147   0.183   0.170 -99.000 -99.000    27.9    27.3    27.0    26.9    27.1
53961 20180917  2.422  -92.12   32.88    35.2    20.2    27.7    27.0     0.0    16.60 C    43.9    19.9    28.8   100.0    43.9    78.8   0.131   0.171   0.160 -99.000 -99.000    27.8    27.2    27.1    26.9    27.2
53961 20180918  2.422  -92.12   32.88    36.2    20.5    28.4    27.5     0.0    16.54 C    43.9    20.3    29.3   100.0    38.0    75.5   0.118   0.158   0.149 -99.000 -99.000    27.9    27.3    27.1    27.0    27.2
53961 20180919  2.422  -92.12   32.88    37.0    20.4    28.7    27.8     0.0    17.25 C    45.4    20.4    29.8   100.0    38.2    73.8   0.110   0.141   0.144 -99.000 -99.000    28.0    27.4    27.2    27.1    27.4
53961 20180920  2.422  -92.12   32.88    36.1    20.6    28.3    27.4     0.0    14.19 C    41.6    20.4    28.6   100.0    34.6    72.8   0.100   0.133   0.137 -99.000 -99.000    27.7    27.2    27.1    27.0    27.3
53961 20180921  2.422  -92.12   32.88    35.6    20.9    28.3    27.4     0.0    16.08 C    42.0    20.5    29.1   100.0    37.5    75.9   0.095   0.121   0.129 -99.000 -99.000    27.8    27.2    27.1    26.9    27.3
53961 20180922  2.422  -92.12   32.88    29.8    21.0    25.4    23.6    26.0     6.56 C    38.2    21.5    24.8   100.0    74.9    97.7   0.165   0.157   0.172 -99.000 -99.000    27.1    26.9    26.9    26.8    27.2
53961 20180923  2.422  -92.12   32.88    27.0    20.9    24.0    23.3     5.6     5.99 C    30.8    21.4    24.0   100.0    87.8    99.1   0.251   0.245   0.237 -99.000 -99.000    26.4    26.0    26.2    26.2    26.7
53961 20180924  2.422  -92.12   32.88    30.3    22.4    26.4    25.3     0.0    12.06 C    33.7    22.2    26.1   100.0    69.4    92.4   0.259   0.265   0.247 -99.000 -99.000    27.1    26.4    26.4    26.3    26.8
53961 20180925  2.422  -92.12   32.88    32.3    21.9    27.1    25.4     6.8    15.22 C    37.8    21.7    26.8   100.0    54.1    88.2   0.254   0.261   0.240 -99.000 -99.000    27.4    26.8    26.7    26.6    26.9
53961 20180926  2.422  -92.12   32.88    29.8    19.8    24.8    23.0    21.4     8.11 C    34.8    20.3    24.0   100.0    73.6    98.2   0.294   0.286   0.253 -99.000 -99.000    26.8    26.5    26.5    26.5    26.8
53961 20180927  2.422  -92.12   32.88    19.8    16.6    18.2    18.1     0.0     4.22 C    21.6    17.5    19.0   100.0    85.7    95.5   0.312   0.299   0.265 -99.000 -99.000    24.7    24.8    25.3    25.4    26.1
53961 20180928  2.422  -92.12   32.88    20.5    16.6    18.6    18.4     0.0     5.33 C    22.4    17.0    19.4   100.0    85.9    95.9   0.306   0.299   0.268 -99.000 -99.000    23.7    23.7    24.2    24.3    25.5
53961 20180929  2.422  -92.12   32.88    24.7    16.6    20.7    20.2     0.0    12.36 C    28.9    16.4    21.2   100.0    71.8    91.6   0.300   0.295   0.268 -99.000 -99.000    23.9    23.7    24.0    24.1    25.3
53961 20180930  2.422  -92.12   32.88    28.3    18.3    23.3    21.9    15.6    10.10 C    32.7    18.3    22.9   100.0    67.2    93.0   0.298   0.292   0.268 -99.000 -99.000    24.4    24.0    24.2    24.2    25.3
53961 20181001  2.422  -92.12   32.88    30.4    19.5    24.9    23.9     0.0    12.45 C    34.6    19.6    25.0   100.0    64.9    91.8   0.320   0.295   0.275 -99.000 -99.000    25.4    24.7    24.7    24.6    25.5
53961 20181002  2.422  -92.12   32.88    31.9    18.6    25.3    24.1     0.0    15.09 C    36.3    18.5    25.1   100.0    56.7    87.5   0.316   0.296   0.277 -99.000 -99.000    25.8    25.2    25.2    25.0    25.8
53961 20181003  2.422  -92.12   32.88    32.5    19.0    25.7    24.7     0.0    14.71 C    37.0    18.9    25.6   100.0    52.5    85.9   0.308   0.291   0.271 -99.000 -99.000    26.1    25.6    25.5    25.4    25.9
53961 20181004  2.422  -92.12   32.88    32.5    20.1    26.3    25.2     0.0    14.79 C    38.0    19.7    26.3   100.0    55.1    86.8   0.301   0.289   0.271 -99.000 -99.000    26.3    25.8    25.7    25.6    26.0
53961 20181005  2.422  -92.12   32.88    32.7    19.7    26.2    24.8     0.0    16.21 C    38.3    19.2    26.1   100.0    48.2    84.7   0.288   0.282   0.263 -99.000 -99.000    26.3    25.8    25.8    25.6    26.1
53961 20181006  2.422  -92.12   32.88    32.2    18.8    25.5    24.3     3.6    12.92 C    37.4    18.4    25.7   100.0    53.9    88.2   0.278   0.275   0.258 -99.000 -99.000    26.1    25.6    25.7    25.6    26.1
53961 20181007  2.422  -92.12   32.88    31.8    19.4    25.6    24.3     0.0    16.67 C    36.3    19.3    25.3   100.0    50.2    86.6   0.282   0.277   0.257 -99.000 -99.000    26.3    25.8    25.8    25.7    26.3
53961 20181008  2.422  -92.12   32.88    32.5    18.6    25.6    24.7     0.0    16.84 C    38.3    18.3    25.9   100.0    47.8    80.0   0.265   0.265   0.253 -99.000 -99.000    26.1    25.7    25.7    25.6    26.2
53961 20181009  2.422  -92.12   32.88    30.2    19.5    24.8    24.6    52.3    10.63 C    34.8    19.7    25.5   100.0    64.6    87.0   0.259   0.259   0.249 -99.000 -99.000    25.9    25.5    25.6    25.5    26.1
53961 20181010  2.422  -92.12   32.88    26.6    16.7    21.6    21.2     5.3    10.38 C    29.5    15.8    21.9   100.0    63.8    92.6   0.315   0.290   0.269 -99.000 -99.000    24.9    24.8    25.0    25.0    25.8
53961 20181011  2.422  -92.12   32.88    22.7    10.4    16.6    15.9     0.0    18.21 C    27.1    10.2    17.4   100.0    51.0    83.1   0.316   0.289   0.270 -99.000 -99.000    22.9    23.3    23.8    23.9    25.1
53961 20181012  2.422  -92.12   32.88    22.9     8.0    15.5    15.4     0.2    13.81 C    28.3     8.0    16.9   100.0    48.1    84.8   0.315   0.287   0.268 -99.000 -99.000    21.5    21.9    22.6    22.6    24.3
53961 20181013  2.422  -92.12   32.88    25.2    15.8    20.5    18.7     2.5    10.26 C    27.8    16.3    19.5   100.0    55.6    88.8   0.315   0.286   0.267 -99.000 -99.000    22.4    22.2    22.6    22.6    24.2
53961 20181014  2.422  -92.12   32.88    29.9    17.8    23.8    23.3     0.9    11.30 C    32.3    17.5    23.4   100.0    64.0    91.5   0.318   0.285   0.270 -99.000 -99.000    23.6    23.0    23.1    23.0    24.4
53961 20181015  2.422  -92.12   32.88    25.0    11.3    18.1    17.5     0.3     6.26 C    29.5    12.0    18.2   100.0    78.4    93.0   0.316   0.288   0.269 -99.000 -99.000    22.8    22.9    23.2    23.1    24.4
53961 20181016  2.422  -92.12   32.88    11.5     8.6    10.1    10.2    89.9     1.93 C    12.4     9.0    10.9   100.0    98.5   100.0   0.329   0.296   0.272 -99.000 -99.000    18.5    19.7    20.8    21.1    23.1
53961 20181017  2.422  -92.12   32.88    16.4     9.6    13.0    12.2     2.4     6.05 C    19.9    10.2    13.2   100.0    63.1    91.6   0.330   0.295   0.271 -99.000 -99.000    18.0    18.5    19.3    19.4    22.1
53961 20181018  2.422  -92.12   32.88    20.6    10.2    15.4    14.3     0.0    12.23 C    24.9    10.0    15.1   100.0    49.5    82.7   0.333   0.298   0.274 -99.000 -99.000    18.6    18.8    19.3    19.4    22.0
53961 20181019  2.422  -92.12   32.88    23.9    10.7    17.3    17.1     0.4    10.89 C    29.0    11.0    18.3   100.0    55.3    88.2   0.331   0.294   0.273 -99.000 -99.000    19.6    19.3    19.7    19.6    22.1
53961 20181020  2.422  -92.12   32.88    19.4     9.3    14.3    15.5     6.2     6.68 C    22.2     8.7    16.0   100.0    80.2    97.5   0.332   0.296   0.271 -99.000 -99.000    20.1    20.1    20.4    20.3    22.4
53961 20181021  2.422  -92.12   32.88    16.7     3.4    10.1     9.8     0.0    17.07 C    21.1     3.4    11.0   100.0    37.0    81.2   0.335   0.297   0.273 -99.000 -99.000    17.5    18.2    19.0    19.1    21.5
53961 20181022  2.422  -92.12   32.88    18.9     1.8    10.4     9.5     0.0    14.54 C    23.7     1.9    11.0   100.0    43.5    86.0   0.336   0.298   0.275 -99.000 -99.000    16.3    17.0    17.8    17.9    20.7
53961 20181023  2.422  -92.12   32.88    19.0     7.3    13.1    11.7     0.0     8.01 C    21.1     7.0    12.2   100.0    60.3    90.3   0.335   0.297   0.274 -99.000 -99.000    16.7    17.0    17.7    17.7    20.5
53961 20181024  2.422  -92.12   32.88    21.2     5.8    13.5    13.1     1.6    10.14 C    24.8     5.7    13.7   100.0    44.9    85.9   0.335   0.293   0.274 -99.000 -99.000    16.6    16.8    17.4    17.4    20.1
53961 20181025  2.422  -92.12   32.88    14.9    12.1    13.5    13.4    24.2     2.50 C    16.2    12.3    13.8   100.0    98.5    99.9   0.340   0.297   0.274 -99.000 -99.000    17.2    17.2    17.8    17.8    20.2
53961 20181026  2.422  -92.12   32.88    15.8     6.9    11.3    12.3     0.0     5.76 C    19.2     6.5    12.8   100.0    74.0    90.7   0.342   0.300   0.273 -99.000 -99.000    16.9    17.1    17.6    17.7    20.1
53961 20181027  2.422  -92.12   32.88    24.1     5.6    14.8    13.8     0.0    15.33 C    26.5     5.2    14.5   100.0    51.8    87.8   0.342   0.299   0.275 -99.000 -99.000    16.5    16.6    17.1    17.1    19.8
53961 20181028  2.422  -92.12   32.88    28.8    10.2    19.5    18.5     0.0    15.19 C    31.1     9.6    18.7   100.0    49.9    86.3   0.343   0.298   0.272 -99.000 -99.000    18.1    17.8    18.0    17.8    20.2
53961 20181029  2.422  -92.12   32.88    27.1    11.7    19.4    18.1     0.0    14.71 C    30.9    11.2    18.9   100.0    52.7    87.1   0.342   0.298   0.272 -99.000 -99.000    19.1    18.7    18.9    18.6    20.6
53961 20181030  2.422  -92.12   32.88    27.4    13.9    20.6    19.6     0.0    14.52 C    30.0    12.3    19.7   100.0    48.8    85.3   0.339   0.295   0.273 -99.000 -99.000    19.5    19.1    19.3    19.1    20.9
53961 20181031  2.422  -92.12   32.88    26.3    15.8    21.0    21.2    23.0     7.16 C    29.3    14.9    21.3   100.0    71.2    94.6   0.339   0.297   0.268 -99.000 -99.000    20.6    19.9    20.0    19.7    21.2
53961 20181101  2.422  -92.12   32.88    18.1     9.8    14.0    13.9     5.1     3.59 C    18.1     9.9    14.4   100.0    84.8    95.9   0.348   0.299   0.273 -99.000 -99.000    19.5    19.5    20.0    19.9    21.3
53961 20181102  2.422  -92.12   32.88    19.5     6.1    12.8    11.3     0.0    14.89 C    22.0     5.7    12.3   100.0    48.2    85.3   0.349   0.302   0.272 -99.000 -99.000    17.3    17.7    18.4    18.4    20.5
53961 20181103  2.422  -92.12   32.88    23.1     5.2    14.1    14.2     0.0    14.32 C    25.6     5.1    14.4   100.0    42.6    76.6   0.350   0.301   0.276 -99.000 -99.000    16.8    17.0    17.6    17.6    20.1
53961 20181104  2.422  -92.12   32.88    19.0     8.2    13.6    14.3    18.6     5.14 C    21.7     7.9    14.2   100.0    68.6    92.5   0.353   0.301   0.274 -99.000 -99.000    17.1    17.2    17.7    17.7    19.9
53961 20181105  2.422  -92.12   32.88    21.9     8.4    15.2    16.5    24.2     3.91 C    21.7     8.6    16.6   100.0    94.3    99.4   0.353   0.301   0.274 -99.000 -99.000    17.2    17.0    17.4    17.4    19.7
53961 20181106  2.422  -92.12   32.88    23.4    12.8    18.1    17.1     0.0    14.14 C    26.7    12.1    17.7   100.0    42.3    83.9   0.351   0.302   0.274 -99.000 -99.000    18.5    18.1    18.4    18.1    20.1
53961 20181107  2.422  -92.12   32.88    17.3    12.4    14.9    14.8    12.6     2.70 C    17.1    12.1    15.1   100.0    86.7    96.1   0.353   0.302   0.271 -99.000 -99.000    18.0    18.0    18.4    18.3    20.0
53961 20181108  2.422  -92.12   32.88    13.5    10.9    12.2    12.0    18.9     3.87 C    15.3    11.2    12.7   100.0    73.9    92.2   0.355   0.305   0.275 -99.000 -99.000    16.8    17.0    17.6    17.6    19.5
53961 20181109  2.422  -92.12   32.88    11.6     4.1     7.8     8.3     9.4     6.09 C    15.2     3.9     9.0   100.0    69.8    93.3   0.354   0.302   0.282 -99.000 -99.000    15.4    16.0    16.7    16.8    19.0
53961 20181110  2.422  -92.12   32.88     8.8     1.0     4.9     4.4     0.0    14.20 C    13.2     0.2     5.8   100.0    48.3    77.0   0.358   0.305   0.282 -99.000 -99.000    12.8    13.9    14.9    15.1    18.0
53961 20181111  2.422  -92.12   32.88    11.5     4.2     7.8     7.3     8.5     6.64 C    14.8     4.5     8.5   100.0    59.6    75.0   0.359   0.308   0.279 -99.000 -99.000    12.9    13.4    14.2    14.3    17.4
53961 20181112  2.422  -92.12   32.88    10.1     4.5     7.3     7.1    56.7     1.91 C    11.3     5.1     7.7   100.0   100.0   100.0   0.360   0.309   0.278 -99.000 -99.000    12.4    13.2    13.9    14.0    17.1
53961 20181113  2.422  -92.12   32.88     4.8     1.6     3.2     2.8     0.2     1.55 C     5.3     2.6     3.5   100.0    73.5    92.6   0.361   0.310   0.278 -99.000 -99.000    10.8    11.8    12.8    13.1    16.3
53961 20181114  2.422  -92.12   32.88     2.5    -2.3     0.1     0.2     2.4     2.22 C     4.0    -2.7     0.7   100.0    72.3    93.3   0.363   0.313   0.285 -99.000 -99.000     9.1    10.3    11.4    11.8    15.4
53961 20181115  2.422  -92.12   32.88    11.2    -3.9     3.6     2.0     0.0    13.78 C    14.7    -4.2     3.2   100.0    36.5    83.7   0.365   0.310   0.282 -99.000 -99.000     8.6     9.5    10.4    10.7    14.7
53961 20181116  2.422  -92.12   32.88    20.1    -1.3     9.4     7.7     0.0    12.72 C    22.5    -1.3     8.0   100.0    39.7    82.5   0.363   0.311   0.280 -99.000 -99.000     9.9    10.2    10.8    10.8    14.8
53961 20181117  2.422  -92.12   32.88    19.2     1.1    10.2     8.5     0.0    11.53 C    22.0     0.5     8.6   100.0    44.2    85.5   0.364   0.309   0.279 -99.000 -99.000    10.8    10.9    11.5    11.4    14.9
53961 20181118  2.422  -92.12   32.88    18.5     4.1    11.3    10.5     1.2     5.72 C    23.0     3.5    10.9   100.0    60.5    94.3   0.365   0.310   0.278 -99.000 -99.000    11.6    11.6    12.0    11.9    15.0
53961 20181119  2.422  -92.12   32.88     9.9     3.5     6.7     7.4     6.9     2.31 C    10.0     3.0     7.9   100.0    98.6    99.9   0.366   0.308   0.281 -99.000 -99.000    12.0    12.2    12.7    12.6    15.3
53961 20181120  2.422  -92.12   32.88    12.6    -0.6     6.0     4.5     0.0    12.87 C    17.4    -0.6     5.9   100.0    59.1    90.2   0.367   0.314   0.280 -99.000 -99.000    10.6    11.1    11.8    11.9    14.7
53961 20181121  2.422  -92.12   32.88    13.0    -2.0     5.5     4.1     0.0    11.79 C    17.0    -2.2     5.3   100.0    46.9    86.2   0.368   0.309   0.284 -99.000 -99.000     9.8    10.3    11.2    11.2    14.4
53961 20181122  2.422  -92.12   32.88    16.0    -0.7     7.7     6.2     0.0    12.66 C    19.5    -0.8     7.3   100.0    43.2    85.7   0.370   0.312   0.280 -99.000 -99.000    10.2    10.5    11.1    11.1    14.2
53961 20181123  2.422  -92.12   32.88    14.4     4.0     9.2     9.5     6.4     2.09 C    13.7     4.2     9.3   100.0    78.4    96.3   0.368   0.314   0.279 -99.000 -99.000    10.7    10.7    11.4    11.3    14.1
53961 20181124  2.422  -92.12   32.88    18.5     6.7    12.6    11.4     0.0    10.25 C    22.6     6.4    11.9   100.0    70.4    95.5   0.368   0.310   0.282 -99.000 -99.000    12.4    12.0    12.3    12.1    14.6
53961 20181125  2.422  -92.12   32.88    22.2     3.7    12.9    13.0     0.0     5.94 C    24.2     2.8    12.3   100.0    43.6    78.9   0.368   0.311   0.279 -99.000 -99.000    12.8    12.5    12.9    12.7    14.9
53961 20181126  2.422  -92.12   32.88    10.3    -1.1     4.6     3.4     0.0    12.18 C    14.3    -1.5     4.2    92.7    39.4    71.7   0.372   0.313   0.278 -99.000 -99.000    10.4    11.2    11.9    12.0    14.4
53961 20181127  2.422  -92.12   32.88    12.7    -3.7     4.5     2.9     0.0    12.31 C    16.4    -3.6     4.1   100.0    41.7    81.7   0.371   0.315   0.281 -99.000 -99.000     9.0     9.7    10.6    10.7    13.8
53961 20181128  2.422  -92.12   32.88    18.8    -0.5     9.1     9.5     0.0    12.29 C    21.1    -1.2     9.4   100.0    44.3    76.8   0.370   0.314   0.282 -99.000 -99.000     9.7     9.9    10.5    10.4    13.6
53961 20181129  2.422  -92.12   32.88    22.9    10.8    16.9    17.1     0.0     5.92 C    23.7     9.6    16.7    93.8    72.4    82.4   0.369   0.313   0.277 -99.000 -99.000    12.9    12.0    12.2    11.8    14.4
53961 20181130  2.422  -92.12   32.88    21.1    18.9    20.0    19.8     4.5     2.59 C    21.5    18.3    19.3   100.0    88.4    98.6   0.369   0.311   0.279 -99.000 -99.000    15.9    14.7    14.6    14.0    15.7
53961 20181201  2.422  -92.12   32.88    24.5     8.9    16.7    18.3     0.4    10.90 C    26.6     7.6    18.0   100.0    30.6    78.3   0.370   0.310   0.277 -99.000 -99.000    17.1    16.1    16.0    15.5    16.6
53961 20181202  2.422  -92.12   32.88    20.3     6.6    13.5    12.7     0.0    11.94 C    23.3     5.6    12.7    96.8    35.2    68.7   0.370   0.313   0.278 -99.000 -99.000    14.5    14.6    15.0    14.8    16.2
53961 20181203  2.422  -92.12   32.88    13.8     0.6     7.2     8.0     0.0    10.38 C    18.1     0.9     8.9   100.0    47.2    71.7   0.369   0.314   0.278 -99.000 -99.000    13.0    13.4    14.0    13.9    15.8
53961 20181204  2.422  -92.12   32.88     9.9    -1.7     4.1     2.5     0.0    11.96 C    14.5    -1.7     4.2   100.0    48.0    84.9   0.370   0.316   0.278 -99.000 -99.000    10.6    11.5    12.4    12.5    15.0
53961 20181205  2.422  -92.12   32.88     9.7    -2.8     3.4     1.8     0.0    12.05 C    14.2    -2.9     3.4   100.0    41.9    83.6   0.368   0.314   0.284 -99.000 -99.000     9.2    10.0    11.0    11.1    14.1
53961 20181206  2.422  -92.12   32.88    11.0    -2.4     4.3     5.7     0.0     3.73 C    11.9    -2.3     5.8   100.0    57.1    81.6   0.366   0.316   0.281 -99.000 -99.000     8.9     9.4    10.2    10.3    13.5
53961 20181207  2.422  -92.12   32.88     9.1     6.5     7.8     7.1    48.5     0.72 C     8.9     6.9     7.4   100.0    81.6    98.1   0.374   0.315   0.286 -99.000 -99.000    10.0    10.2    10.8    10.8    13.6
53961 20181208  2.422  -92.12   32.88     6.9     2.2     4.6     5.8    72.2     0.83 C     7.2     3.0     6.1   100.0   100.0   100.0   0.375   0.318   0.287 -99.000 -99.000     9.3     9.9    10.5    10.5    13.4
53961 20181209  2.422  -92.12   32.88     5.5    -1.4     2.0     2.1     0.2     2.37 C     6.2    -1.8     2.8   100.0    91.1    98.4   0.376   0.320   0.284 -99.000 -99.000     8.3     9.1     9.8    10.0    12.9
53961 20181210  2.422  -92.12   32.88     8.8    -3.9     2.5     0.7     0.0    12.01 C    13.1    -4.3     2.0   100.0    46.4    86.3   0.377   0.319   0.286 -99.000 -99.000     7.0     8.0     8.8     9.0    12.3
53961 20181211  2.422  -92.12   32.88    13.8    -4.6     4.6     2.9     0.0    11.85 C    17.9    -4.8     3.4   100.0    36.0    81.4   0.377   0.320   0.288 -99.000 -99.000     6.7     7.4     8.2     8.3    11.9
53961 20181212  2.422  -92.12   32.88    13.5     2.2     7.9     9.3     0.0     2.96 C    12.5     1.4     8.4    96.9    63.6    78.6   0.376   0.316   0.285 -99.000 -99.000     8.0     8.1     8.6     8.6    11.9
53961 20181213  2.422  -92.12   32.88    16.2    12.3    14.3    14.2    17.4     1.48 C    15.3    11.4    13.4   100.0    79.6    94.6   0.376   0.319   0.283 -99.000 -99.000    10.8    10.1    10.3    10.0    12.7
53961 20181214  2.422  -92.12   32.88    15.9     8.0    12.0    11.9     8.6     1.42 C    17.0     8.5    11.9   100.0   100.0   100.0   0.376   0.317   0.282 -99.000 -99.000    12.3    11.6    11.8    11.5    13.5
53961 20181215  2.422  -92.12   32.88    10.3     7.3     8.8     9.1     0.9     2.26 C    11.8     7.0     9.4   100.0    86.0    97.9   0.378   0.320   0.281 -99.000 -99.000    11.5    11.3    11.7    11.6    13.5
53961 20181216  2.422  -92.12   32.88    15.7     3.6     9.7     9.0     0.0     8.38 C    20.3     3.1     9.6   100.0    65.0    93.4   0.377   0.320   0.282 -99.000 -99.000    11.3    11.2    11.6    11.5    13.7
53961 20181217  2.422  -92.12   32.88    15.8     2.8     9.3     8.2     0.0     6.94 C    19.1     2.6     8.6   100.0    78.0    96.7   0.376   0.322   0.283 -99.000 -99.000    10.8    10.9    11.4    11.3    13.3
53961 20181218  2.422  -92.12   32.88    15.1     4.7     9.9     8.8     0.0     4.42 C    17.6     4.5     9.5   100.0    85.1    98.4   0.376   0.321   0.285 -99.000 -99.000    11.1    11.0    11.4    11.2    13.3
53961 20181219  2.422  -92.12   32.88    10.6     6.0     8.3     8.7     3.8     2.72 C    13.0     6.5     9.3   100.0   100.0   100.0   0.376   0.321   0.283 -99.000 -99.000    11.4    11.2    11.6    11.5    13.5
53961 20181220  2.422  -92.12   32.88    11.0     6.4     8.7     9.4     1.4     1.62 C    10.9     6.4     9.2   100.0    63.9    90.3   0.377   0.320   0.278 -99.000 -99.000    11.5    11.4    11.8    11.7    13.6
53961 20181221  2.422  -92.12   32.88    13.7     0.5     7.1     6.9     0.0    11.62 C    16.8     0.3     7.8   100.0    39.8    73.4   0.377   0.320   0.283 -99.000 -99.000    10.6    10.8    11.3    11.3    13.4
53961 20181222  2.422  -92.12   32.88    19.1    -0.9     9.1     9.5     0.0    11.22 C    20.0    -0.8     8.9   100.0    45.6    78.4   0.376   0.320   0.287 -99.000 -99.000     9.7    10.0    10.5    10.5    13.0
53961 20181223  2.422  -92.12   32.88    15.1     0.6     7.9    10.0     0.0    11.28 C    18.8     0.6    10.2   100.0    47.9    82.6   0.377   0.319   0.286 -99.000 -99.000    11.0    10.9    11.2    11.1    13.4
53961 20181224  2.422  -92.12   32.88    13.5    -0.5     6.5     5.4     0.0    11.52 C    17.1    -1.0     6.2   100.0    37.5    80.1   0.378   0.326   0.287 -99.000 -99.000     9.3     9.7    10.4    10.4    12.9
53961 20181225  2.422  -92.12   32.88    17.7     7.0    12.4    12.1     0.0     7.87 C    22.9     7.0    12.6   100.0    75.3    90.0   0.377   0.322   0.284 -99.000 -99.000    11.3    10.8    11.0    10.8    13.2
53961 20181226  2.422  -92.12   32.88    20.9    12.0    16.4    15.4     4.0     6.68 C    22.8    11.4    15.0   100.0    57.9    85.2   0.376   0.319   0.284 -99.000 -99.000    13.2    12.4    12.5    12.1    13.8
53961 20181227  2.422  -92.12   32.88    18.7    10.1    14.4    14.4    61.3     1.62 C    17.2     8.9    13.9   100.0    82.2    97.7   0.376   0.322   0.281 -99.000 -99.000    13.8    13.2    13.4    13.0    14.3
53961 20181228  2.422  -92.12   32.88    12.8     3.3     8.1     8.1     0.0    11.06 C    18.2     3.6     9.5   100.0    58.6    88.3   0.377   0.321   0.284 -99.000 -99.000    12.3    12.4    12.8    12.7    14.1
53961 20181229  2.422  -92.12   32.88     8.6     3.4     6.0     6.0     0.0     6.39 C    13.3     3.2     7.0    83.8    59.8    72.4   0.381   0.321   0.284 -99.000 -99.000    10.4    10.9    11.6    11.6    13.5
53961 20181230  2.422  -92.12   32.88     9.9     5.4     7.6     7.5    51.2     2.62 C    11.4     6.1     8.3   100.0    75.0    87.8   0.381   0.323   0.286 -99.000 -99.000    10.5    10.7    11.2    11.2    13.3
53961 20181231  2.422  -92.12   32.88    18.9     7.2    13.1    12.2    25.0     2.62 C    17.3     6.9    12.0   100.0    85.2    98.5   0.380   0.325   0.284 -99.000 -99.000    12.1    11.6    11.9    11.7    13.5
