04127 20180101  2.422 -116.75   43.20     2.5    -7.5    -2.5    -3.8     0.0     7.97 C     3.8    -8.5    -4.4    89.0    57.7    79.7 -99.000 -99.000   0.242 -99.000   0.249    -0.7     0.2     1.1     2.6     5.6
04127 20180102  2.422 -116.75   43.20     3.3    -9.0    -2.9    -3.9     0.0     8.00 C     4.4    -9.9    -5.0    89.5    55.3    78.4 -99.000 -99.000   0.242 -99.000   0.251    -1.1     0.0     0.9     2.6     5.5
04127 20180103  2.422 -116.75   43.20     4.4    -7.7    -1.7    -3.2     0.0     7.57 C     4.6    -8.9    -4.3    90.5    47.7    78.0 -99.000 -99.000   0.260 -99.000   0.250    -1.4    -0.3     0.7     2.6     5.5
04127 20180104  2.422 -116.75   43.20     4.3    -7.4    -1.5    -2.6     0.0     3.81 C     6.1    -8.6    -3.5    89.6    47.0    78.7 -99.000 -99.000   0.258 -99.000   0.251    -1.4    -0.5     0.6     2.4     5.4
04127 20180105  2.422 -116.75   43.20     7.7    -3.6     2.0     1.1     0.0     7.87 C    10.0    -5.1     0.2    87.9    45.1    73.5 -99.000 -99.000 -99.000 -99.000   0.251    -1.0    -0.4     0.5     2.3     5.4
04127 20180106  2.422 -116.75   43.20     6.8    -2.4     2.2     1.5     0.7     2.68 C     5.9    -4.3     0.1    91.0    66.2    83.7 -99.000 -99.000 -99.000 -99.000   0.246    -0.5    -0.3     0.6     2.3     5.3
04127 20180107  2.422 -116.75   43.20     7.6    -4.3     1.6     0.4     0.0     8.37 C     6.5    -5.9    -1.3    90.8    53.6    80.0 -99.000 -99.000   0.250 -99.000   0.249    -0.5    -0.2     0.6     2.2     5.2
04127 20180108  2.422 -116.75   43.20     8.3    -2.5     2.9     3.0     0.0     4.51 C     8.6    -4.3     1.2    90.8    54.2    74.9 -99.000 -99.000   0.251 -99.000   0.249    -0.4    -0.1     0.7     2.2     5.1
04127 20180109  2.422 -116.75   43.20    11.8     1.9     6.8     5.7     3.6     2.88 C     9.6    -0.1     3.4    91.8    61.0    82.9 -99.000 -99.000   0.253 -99.000   0.251    -0.3     0.0     0.7     2.2     5.1
04127 20180110  2.422 -116.75   43.20     5.6     0.4     3.0     2.9     0.0     4.46 C     6.9    -1.3     1.0    81.6    36.7    59.8 -99.000 -99.000   0.247 -99.000   0.249    -0.2     0.0     0.7     2.2     5.0
04127 20180111  2.422 -116.75   43.20    10.5     1.1     5.8     6.3     0.9     3.61 C    10.9    -0.7     3.4    86.4    44.8    62.8 -99.000   0.386   0.257 -99.000   0.251     0.1     0.2     0.8     2.2     5.0
04127 20180112  2.422 -116.75   43.20    10.7    -0.6     5.0     5.9     0.0     6.37 C    11.8    -3.0     3.2    76.3    39.4    54.9   0.365   0.392   0.287 -99.000   0.250     0.6     0.7     1.1     2.2     4.9
04127 20180113  2.422 -116.75   43.20     8.8    -1.6     3.6     2.4     0.0     8.61 C     8.3    -3.9     0.1    85.1    44.8    69.4   0.350   0.370   0.292 -99.000   0.250     0.5     0.8     1.3     2.4     4.9
04127 20180114  2.422 -116.75   43.20     7.9    -3.6     2.2     0.9     0.0     8.45 C     8.0    -5.1    -0.8    90.1    52.5    78.0   0.348   0.352   0.286 -99.000   0.250     0.4     0.8     1.4     2.4     4.9
04127 20180115  2.422 -116.75   43.20     9.4    -4.0     2.7     2.5     0.0     7.19 C     7.8    -5.6     0.5    91.9    46.1    71.6   0.345   0.346   0.283 -99.000   0.251     0.4     0.8     1.4     2.4     4.9
04127 20180116  2.422 -116.75   43.20     6.5     1.1     3.8     3.4     1.7     3.89 C     7.1    -1.0     1.8    96.2    46.7    76.8   0.327   0.352   0.290 -99.000   0.251     0.9     1.1     1.5     2.4     4.9
04127 20180117  2.422 -116.75   43.20     7.3    -4.1     1.6     1.5     0.0     5.30 C     8.7    -4.1     0.9    98.1    63.7    85.0   0.299   0.356   0.297 -99.000   0.251     1.5     1.6     1.8     2.5     4.8
04127 20180118  2.422 -116.75   43.20    15.3     1.4     8.3     6.9     4.8     3.64 C    13.5    -0.4     4.6    94.3    38.3    68.4   0.293   0.360   0.298 -99.000   0.251     2.5     2.2     2.2     2.6     4.8
04127 20180119  2.422 -116.75   43.20     3.8    -2.9     0.5     0.9     1.7     8.77 C     5.8    -4.9     0.0    96.2    50.3    73.9   0.308   0.380   0.318 -99.000   0.246     2.0     2.4     2.6     2.8     4.8
04127 20180120  2.422 -116.75   43.20     3.1    -4.4    -0.6    -0.1     0.0     9.69 C     5.0    -6.0    -1.1    78.9    51.8    64.0   0.329   0.360   0.304 -99.000   0.253     0.7     1.4     2.1     2.8     4.8
04127 20180121  2.422 -116.75   43.20     5.7    -4.1     0.8     1.1     0.0     7.90 C     6.6    -6.3    -0.5    76.8    33.0    57.3   0.356   0.347   0.294 -99.000   0.255     0.3     1.0     1.7     2.8     4.8
04127 20180122  2.422 -116.75   43.20     5.6    -4.3     0.6     2.1     0.0     9.49 C     8.9    -5.7     1.0    74.0    45.2    61.9   0.319   0.350   0.293 -99.000   0.254     0.8     1.2     1.6     2.7     4.9
04127 20180123  2.422 -116.75   43.20     3.9    -6.8    -1.5    -1.4     0.0     6.27 C     6.0    -8.1    -2.0    85.2    51.4    72.9   0.341   0.333   0.290 -99.000   0.255     0.3     1.0     1.7     2.7     4.8
04127 20180124  2.422 -116.75   43.20     7.4    -2.2     2.6     3.1     0.0     3.68 C     6.3    -3.6     0.9    86.5    40.9    57.7   0.344   0.336   0.285 -99.000   0.253     0.3     0.8     1.5     2.6     4.8
04127 20180125  2.422 -116.75   43.20     7.1    -1.6     2.7     2.5     0.6     9.72 C     7.4    -4.2     0.6    89.1    37.1    54.8   0.310   0.337   0.288 -99.000   0.249     0.7     1.0     1.5     2.5     4.8
04127 20180126  2.422 -116.75   43.20     4.3    -2.9     0.7     0.5     0.0     5.79 C     6.2    -5.7    -0.7    73.7    44.9    56.9   0.340   0.325   0.283 -99.000   0.253     0.3     0.9     1.6     2.5     4.8
04127 20180127  2.422 -116.75   43.20     8.1    -2.3     2.9     3.5     0.0     2.52 C     6.1    -2.9     1.7    78.9    48.4    62.4   0.325   0.323   0.278 -99.000   0.258     0.4     0.8     1.4     2.4     4.7
04127 20180128  2.422 -116.75   43.20    13.8     0.3     7.0     7.3     0.0     9.82 C    17.0    -2.1     5.0    87.8    41.9    63.3   0.268   0.328   0.284 -99.000   0.257     2.7     2.2     2.0     2.4     4.7
04127 20180129  2.422 -116.75   43.20    14.2    -0.9     6.6     4.8     0.0     4.20 C    10.4    -2.5     2.9    87.3    22.6    66.9   0.264   0.322   0.286 -99.000   0.256     2.3     2.4     2.6     2.7     4.7
04127 20180130  2.422 -116.75   43.20    15.0    -0.5     7.3     8.7     0.0     6.10 C    16.1    -2.6     6.1    71.1    18.4    41.4   0.262   0.322   0.286 -99.000   0.255     3.6     3.4     3.1     2.9     4.7
04127 20180131  2.422 -116.75   43.20     6.8    -3.7     1.5     1.2     0.0     8.21 C    12.0    -5.1     0.8    81.8    36.7    60.7   0.257   0.315   0.276 -99.000   0.255     2.4     2.7     3.1     3.1     4.7
04127 20180201  2.422 -116.75   43.20    10.0    -2.7     3.6     2.0     0.0     5.10 C    14.5    -3.2     1.8    84.3    41.9    68.1   0.255   0.308   0.274 -99.000   0.251     2.2     2.5     2.9     3.2     4.7
04127 20180202  2.422 -116.75   43.20    16.3     2.8     9.5    11.0     0.2     9.17 C    20.2     1.9     9.0    74.7    38.1    53.9   0.256   0.310   0.275 -99.000   0.250     4.4     3.7     3.4     3.2     4.7
04127 20180203  2.422 -116.75   43.20    14.5     7.8    11.1    10.7     0.0     7.54 C    16.6     2.6     8.2    64.1    36.5    49.3   0.254   0.310   0.274 -99.000   0.249     5.1     4.7     4.3     3.6     4.8
04127 20180204  2.422 -116.75   43.20    15.0     8.6    11.8    11.4     0.0     7.76 C    18.3     4.3     9.2    62.4    42.4    51.9   0.251   0.305   0.272 -99.000   0.244     5.6     5.2     4.8     3.9     4.8
04127 20180205  2.422 -116.75   43.20    12.0    -1.8     5.1     7.1     0.0     8.04 C    14.2    -4.1     5.2    68.7    29.2    49.0   0.246   0.301   0.269 -99.000   0.251     5.3     5.3     5.1     4.2     4.9
04127 20180206  2.422 -116.75   43.20    10.2    -1.7     4.2     4.3     0.0     8.92 C    14.5    -5.1     1.9    69.6    37.4    52.4   0.238   0.295   0.269 -99.000   0.253     3.1     3.8     4.4     4.4     5.0
04127 20180207  2.422 -116.75   43.20    14.4     2.5     8.4     9.2     0.0    10.24 C    15.7    -2.4     5.2    57.4    34.7    43.9   0.237   0.292   0.262 -99.000   0.249     3.2     3.4     3.9     4.3     5.1
04127 20180208  2.422 -116.75   43.20    16.0     5.9    10.9    12.7     0.0     7.34 C    17.1     0.5     9.3    54.0    27.2    35.2   0.236   0.288   0.262 -99.000   0.245     4.6     4.3     4.2     4.2     5.2
04127 20180209  2.422 -116.75   43.20    12.4    -2.5     4.9     6.2     0.0     8.18 C    11.6    -4.9     4.7    75.3    34.8    48.0   0.232   0.288   0.260 -99.000   0.248     5.2     5.1     4.9     4.4     5.3
04127 20180210  2.422 -116.75   43.20     4.5    -5.7    -0.6     0.2     0.0    12.74 C     9.0    -7.7    -0.8    61.6    19.9    43.9   0.224   0.283   0.259 -99.000   0.251     3.0     3.8     4.5     4.6     5.3
04127 20180211  2.422 -116.75   43.20     3.5    -7.8    -2.2    -1.9     0.5     3.94 C     4.9    -9.5    -2.5    92.7    33.7    60.7   0.264   0.277   0.254 -99.000   0.252     1.0     2.3     3.5     4.4     5.4
04127 20180212  2.422 -116.75   43.20     2.8    -6.3    -1.7    -1.7     0.5    12.12 C     5.0    -7.8    -2.4    89.6    42.7    65.3   0.250   0.273   0.253 -99.000   0.253     1.6     2.1     2.9     4.1     5.4
04127 20180213  2.422 -116.75   43.20     4.9   -10.3    -2.7    -3.3     0.0    13.53 C     8.7   -12.1    -4.0    79.8    37.1    61.2   0.266   0.270   0.251 -99.000   0.255     0.4     1.5     2.6     3.9     5.5
04127 20180214  2.422 -116.75   43.20     5.5    -8.1    -1.3     1.0     2.8     4.29 C     6.7    -9.5    -0.4    91.7    32.7    64.5   0.275   0.270   0.250 -99.000   0.254     0.3     1.2     2.1     3.6     5.4
04127 20180215  2.422 -116.75   43.20     2.7    -4.4    -0.9    -1.3     0.0    13.31 C     5.6    -6.8    -2.3    78.6    44.7    61.3   0.248   0.270   0.249 -99.000   0.254     0.8     1.4     2.1     3.4     5.4
04127 20180216  2.422 -116.75   43.20     5.6    -7.3    -0.8    -0.1     0.0     7.54 C     7.1    -9.3    -1.7    74.7    36.8    55.4   0.274   0.268   0.247 -99.000   0.254     0.3     1.2     2.1     3.2     5.3
04127 20180217  2.422 -116.75   43.20    12.3     1.0     6.7     6.9     0.5     7.73 C    13.6    -2.5     4.7    71.0    36.3    50.7   0.250   0.269   0.247 -99.000   0.252     1.5     1.5     2.0     3.1     5.3
04127 20180218  2.422 -116.75   43.20     6.6    -6.1     0.2     0.3     2.2     9.25 C     7.9    -8.0    -0.4    85.2    41.2    61.6   0.221   0.268   0.249 -99.000   0.252     2.1     2.4     2.7     3.1     5.2
04127 20180219  2.422 -116.75   43.20    -1.3   -12.7    -7.0    -6.3     0.0     9.71 C     5.8   -13.7    -5.8    72.6    38.0    56.8   0.268   0.267   0.247 -99.000   0.251     0.4     1.3     2.3     3.2     5.2
04127 20180220  2.422 -116.75   43.20    -3.2   -15.6    -9.4    -8.7     0.0    15.17 C     4.6   -17.0    -7.4    67.5    32.7    48.6 -99.000   0.277   0.244 -99.000   0.252    -0.5     0.6     1.7     3.1     5.1
04127 20180221  2.422 -116.75   43.20    -0.8   -12.0    -6.4    -5.7     1.0     7.68 C     5.0   -12.8    -4.4    88.9    38.0    59.5 -99.000   0.279   0.244 -99.000   0.252    -0.8     0.2     1.3     2.9     5.1
04127 20180222  2.422 -116.75   43.20    -2.4   -12.3    -7.4    -5.8     8.1     8.71 C    -1.6   -15.8    -6.8    92.5    56.2    78.1 -99.000 -99.000   0.240 -99.000   0.252    -0.4     0.2     1.1     2.7     5.0
04127 20180223  2.422 -116.75   43.20    -3.7   -15.7    -9.7    -8.1     0.0    15.67 C    -3.4   -20.5   -10.5    82.6    39.8    61.9 -99.000   0.280   0.238 -99.000   0.253    -0.4     0.2     1.1     2.5     4.9
04127 20180224  2.422 -116.75   43.20     1.4    -5.3    -1.9    -2.6     1.9     7.76 C     1.5    -9.7    -4.7    81.1    50.8    62.0 -99.000 -99.000   0.239 -99.000   0.250    -0.4     0.3     1.1     2.4     4.9
04127 20180225  2.422 -116.75   43.20     3.0    -5.4    -1.2    -0.6     0.0     7.95 C     2.0    -9.7    -2.9    73.9    50.3    57.5 -99.000   0.274   0.240 -99.000   0.246    -0.3     0.3     1.1     2.3     4.8
04127 20180226  2.422 -116.75   43.20     1.5    -9.6    -4.0    -2.3     3.1    11.40 C     0.0   -14.6    -4.0    90.3    49.5    66.3 -99.000   0.277   0.238 -99.000   0.256    -0.3     0.3     1.1     2.3     4.7
04127 20180227  2.422 -116.75   43.20     0.7   -14.3    -6.8    -5.7     0.0    16.26 C     1.7   -19.4    -8.7    71.3    22.3    48.8 -99.000   0.283   0.241 -99.000   0.256    -0.3     0.3     1.0     2.3     4.6
04127 20180228  2.422 -116.75   43.20     3.6    -7.3    -1.9    -1.3     0.0    14.17 C     4.4   -11.3    -3.3    62.3    34.8    47.6 -99.000   0.274   0.232 -99.000   0.246    -0.4     0.2     0.9     2.2     4.5
04127 20180301  2.422 -116.75   43.20     5.6    -1.9     1.9     1.2     1.8    10.94 C     4.7    -2.3     0.1    93.1    49.7    75.7 -99.000 -99.000   0.237 -99.000   0.242    -0.3     0.2     0.9     2.1     4.5
04127 20180302  2.422 -116.75   43.20     5.0    -5.3    -0.2     1.2     0.3    16.76 C     6.5    -6.6     0.3    76.9    26.9    52.1 -99.000   0.286   0.238 -99.000   0.249    -0.2     0.3     0.9     2.1     4.4
04127 20180303  2.422 -116.75   43.20     4.3    -6.2    -1.0    -1.8     0.0    12.15 C     9.5    -7.0    -1.5    77.7    47.1    65.4 -99.000   0.318   0.238 -99.000   0.247    -0.1     0.3     1.0     2.1     4.3
04127 20180304  2.422 -116.75   43.20     4.8    -7.6    -1.4    -1.7     0.3    11.59 C    11.9    -8.4    -2.3    83.6    44.6    63.5 -99.000   0.321   0.243 -99.000   0.246    -0.1     0.4     1.0     2.1     4.3
04127 20180305  2.422 -116.75   43.20     5.9    -5.6     0.1    -0.1     0.0    17.48 C    10.7    -7.9    -1.0    68.2    33.0    52.2 -99.000   0.316   0.250 -99.000   0.242     0.2     0.6     1.1     2.1     4.2
04127 20180306  2.422 -116.75   43.20     8.9    -8.3     0.3    -0.2     0.0    17.69 C    12.6   -10.0    -0.9    75.3    30.3    53.5 -99.000   0.313   0.256 -99.000   0.247     0.4     0.8     1.3     2.0     4.2
04127 20180307  2.422 -116.75   43.20     9.3    -6.6     1.4     1.5     0.0    14.62 C    14.0    -7.8     1.2    79.0    30.7    55.8   0.285   0.311   0.256 -99.000   0.246     1.1     1.2     1.5     2.1     4.2
04127 20180308  2.422 -116.75   43.20    15.9    -1.3     7.3     6.5     0.0    12.57 C    19.0    -3.0     4.9    77.7    20.5    51.1   0.250   0.308   0.257 -99.000   0.251     2.5     2.2     2.0     2.2     4.1
04127 20180309  2.422 -116.75   43.20    12.2     4.2     8.2     7.8     0.0    11.91 C    19.5    -0.3     6.7    66.7    38.9    50.4   0.248   0.307   0.261 -99.000   0.248     3.9     3.4     3.0     2.4     4.1
04127 20180310  2.422 -116.75   43.20    11.2    -2.2     4.5     5.8     0.0    16.03 C    18.0    -4.1     5.4    87.1    35.2    59.2   0.245   0.305   0.261 -99.000   0.247     4.5     4.1     3.7     2.8     4.1
04127 20180311  2.422 -116.75   43.20    12.8     0.0     6.4     7.3     0.0    17.83 C    18.7    -3.9     6.6    70.0    26.9    41.2   0.241   0.300   0.261 -99.000   0.247     5.4     4.9     4.3     3.2     4.1
04127 20180312  2.422 -116.75   43.20    14.0    -3.9     5.0     6.1     0.0    18.79 C    18.2    -6.9     5.0    83.4    34.3    54.8   0.233   0.291   0.262 -99.000   0.246     4.6     4.5     4.4     3.6     4.2
04127 20180313  2.422 -116.75   43.20    15.8     6.5    11.1    10.5     2.2    12.81 C    22.1     2.2     9.4    90.3    30.6    46.7   0.231   0.293   0.259 -99.000   0.250     5.9     5.3     4.8     3.8     4.3
04127 20180314  2.422 -116.75   43.20     9.0    -0.2     4.4     5.4     4.0     6.53 C    12.6    -1.8     5.2    89.6    47.4    74.4   0.243   0.293   0.261 -99.000   0.250     6.0     5.9     5.4     4.1     4.4
04127 20180315  2.422 -116.75   43.20     8.5    -2.9     2.8     2.9     0.0    14.06 C    20.4    -4.9     3.6    83.2    34.7    63.4   0.243   0.290   0.262 -99.000   0.247     4.9     5.1     5.1     4.3     4.5
04127 20180316  2.422 -116.75   43.20     8.8    -1.8     3.5     3.1     0.0    10.95 C    13.8    -3.5     3.2    90.0    29.4    64.4   0.236   0.289   0.259 -99.000   0.253     3.9     4.3     4.6     4.4     4.6
04127 20180317  2.422 -116.75   43.20     8.1    -0.7     3.7     2.6     0.6    16.70 C    18.7    -3.2     3.9    90.3    30.5    59.6   0.233   0.288   0.258 -99.000   0.252     4.4     4.4     4.5     4.3     4.7
04127 20180318  2.422 -116.75   43.20     8.7    -2.4     3.1     2.4     0.0    15.85 C    17.7    -5.9     2.7    80.8    32.3    58.6   0.228   0.284   0.259 -99.000   0.251     4.6     4.7     4.7     4.3     4.8
04127 20180319  2.422 -116.75   43.20     9.1    -3.4     2.9     2.8     0.0     8.80 C    12.8    -5.8     1.8    71.3    32.4    54.4   0.224   0.280   0.254 -99.000   0.250     3.4     4.0     4.5     4.4     4.9
04127 20180320  2.422 -116.75   43.20     9.5    -1.1     4.2     4.7     0.0     8.83 C    16.1    -3.3     4.9    74.9    43.5    59.2   0.223   0.280   0.254 -99.000 -99.000     4.2     4.2     4.3     4.4     5.0
04127 20180321  2.422 -116.75   43.20    16.0     0.9     8.4     8.4     0.9    12.34 C    22.3    -1.5     8.2    83.0    35.6    61.1   0.222   0.278   0.256 -99.000 -99.000     5.9     5.3     4.9     4.4     5.0
04127 20180322  2.422 -116.75   43.20    11.3     3.1     7.2     7.9     7.5     6.39 C    12.2     1.1     7.0    91.0    57.5    76.3   0.231   0.278   0.254 -99.000 -99.000     6.7     6.3     5.8     4.7     5.1
04127 20180323  2.422 -116.75   43.20    11.4    -2.0     4.7     4.5     0.0    14.96 C    19.0    -3.8     4.5    85.4    29.8    56.7   0.242   0.281   0.259 -99.000 -99.000     5.4     5.6     5.6     5.0     5.2
04127 20180324  2.422 -116.75   43.20     9.0    -1.1     4.0     4.3     0.3    19.40 C    18.6    -1.5     5.0    82.1    16.7    39.5   0.236   0.280   0.257 -99.000 -99.000     5.0     5.2     5.3     5.0     5.2
04127 20180325  2.422 -116.75   43.20     6.4    -1.6     2.4     1.6     0.4    11.35 C    14.1    -3.9     2.1    86.2    38.0    64.6   0.232   0.280   0.256 -99.000 -99.000     4.9     5.1     5.4     5.1     5.3
04127 20180326  2.422 -116.75   43.20     8.6    -4.9     1.8     1.3     0.0    19.85 C    15.9    -7.2     1.6    79.7    28.8    56.3   0.226   0.277   0.254 -99.000 -99.000     4.2     4.6     4.9     5.1     5.4
04127 20180327  2.422 -116.75   43.20    14.8    -3.3     5.8     6.5     0.0    17.26 C    23.2    -5.9     6.6    74.9    33.8    54.0   0.223   0.278   0.253 -99.000 -99.000     5.1     4.9     5.0     5.0     5.5
04127 20180328  2.422 -116.75   43.20    15.2     2.6     8.9     8.5     0.0    20.65 C    22.7    -1.3     8.5    65.6    19.1    47.0   0.223   0.279   0.252 -99.000 -99.000     7.4     6.7     6.0     5.1     5.5
04127 20180329  2.422 -116.75   43.20    14.6    -0.9     6.9     6.5     0.0    19.72 C    24.5    -4.0     6.4    73.2    29.4    50.8   0.216   0.274   0.254 -99.000 -99.000     7.2     6.9     6.5     5.4     5.6
04127 20180330  2.422 -116.75   43.20    19.1     0.2     9.7    10.1     0.0    15.87 C    27.5    -3.1     9.0    74.2    16.5    41.2   0.209   0.271   0.254 -99.000 -99.000     7.3     7.0     6.7     5.7     5.7
04127 20180331  2.422 -116.75   43.20    13.4     2.1     7.8     7.9     0.3    14.52 C    25.5    -0.8     8.4    83.7    46.7    59.8   0.205   0.269   0.250 -99.000 -99.000     8.5     7.9     7.2     5.9     5.8
04127 20180401  2.422 -116.75   43.20    15.6     2.0     8.8     9.3     0.0    12.74 C    22.2    -1.7     8.5    76.6    29.0    51.4   0.199   0.267   0.249 -99.000 -99.000     8.0     7.8     7.5     6.2     5.9
04127 20180402  2.422 -116.75   43.20     9.7    -6.0     1.8     2.4     2.4    18.56 C    13.3    -9.0     2.7    87.7    22.2    49.1   0.195   0.262   0.247 -99.000 -99.000     7.2     7.5     7.4     6.3     6.0
04127 20180403  2.422 -116.75   43.20     9.9    -9.5     0.2     1.4     0.0    17.77 C    16.0   -11.3     1.8    75.2    23.8    46.8   0.188   0.257   0.245 -99.000 -99.000     4.8     5.5     6.3     6.3     6.1
04127 20180404  2.422 -116.75   43.20    16.4     2.4     9.4    10.1     0.4    11.60 C    26.3    -0.2     9.8    76.9    28.7    50.2   0.189   0.256   0.243 -99.000 -99.000     7.0     6.5     6.3     6.1     6.2
04127 20180405  2.422 -116.75   43.20    16.9     5.8    11.4    10.3     0.7     8.01 C    23.1     4.3    10.2    86.6    34.7    63.8   0.188   0.255   0.246 -99.000 -99.000     8.4     7.8     7.2     6.2     6.3
04127 20180406  2.422 -116.75   43.20    13.2     6.5     9.8     9.6     0.0     6.71 C    16.0     5.3     9.5    84.9    52.6    68.6   0.187   0.254   0.245 -99.000 -99.000     8.7     8.3     7.8     6.4     6.3
04127 20180407  2.422 -116.75   43.20    18.8     6.8    12.8    11.3     1.2    15.47 C    25.0     3.1    10.7    94.1    20.0    58.8   0.186   0.250   0.244 -99.000 -99.000     9.2     8.7     8.1     6.7     6.4
04127 20180408  2.422 -116.75   43.20    13.4    -0.1     6.6     7.5     0.4    19.13 C    23.2    -2.9     7.9    83.7    28.1    52.2   0.182   0.245   0.242 -99.000 -99.000     8.5     8.4     8.2     7.0     6.5
04127 20180409  2.422 -116.75   43.20    14.6    -3.4     5.6     6.2     0.0    21.04 C    24.6    -5.6     7.2    88.9    39.1    63.3   0.178   0.243   0.238 -99.000 -99.000     8.5     8.2     8.0     7.2     6.6
04127 20180410  2.422 -116.75   43.20    23.0     1.1    12.0    11.2     0.0     8.67 C    27.8    -1.5    10.1    80.6    17.5    50.6   0.175   0.242   0.242 -99.000 -99.000     8.7     8.5     8.3     7.2     6.7
04127 20180411  2.422 -116.75   43.20    16.8     5.2    11.0    10.7     0.0    11.85 C    21.8     1.4    10.3    73.3    23.5    48.6   0.172   0.236   0.238 -99.000 -99.000     9.1     8.8     8.5     7.4     6.9
04127 20180412  2.422 -116.75   43.20    10.3    -0.5     4.9     3.2     2.2    15.59 C    16.9    -1.0     3.4    88.2    22.8    60.3   0.166   0.235   0.239 -99.000   0.193     7.4     8.0     8.2     7.4     7.0
04127 20180413  2.422 -116.75   43.20    13.1    -0.6     6.2     5.4     0.0    21.77 C    26.3    -2.4     7.8    81.5    34.1    52.3   0.166   0.228   0.235 -99.000 -99.000     7.8     7.5     7.6     7.4     7.1
04127 20180414  2.422 -116.75   43.20    14.0     0.9     7.5     8.7     0.0    14.01 C    23.3    -0.1     9.6    82.4    32.7    51.7   0.165   0.229   0.235 -99.000 -99.000     9.3     8.8     8.3     7.4     7.2
04127 20180415  2.422 -116.75   43.20    19.8     3.1    11.4    12.9     1.3    16.18 C    29.6     0.1    13.2    77.6    18.2    38.4   0.162   0.227   0.234 -99.000 -99.000    10.2     9.5     8.9     7.5     7.2
04127 20180416  2.422 -116.75   43.20     8.8    -2.0     3.4     4.0     4.5    22.03 C    18.7    -3.8     5.9    88.5    37.6    64.0   0.168   0.224   0.232 -99.000 -99.000     9.4     9.4     9.1     7.8     7.3
04127 20180417  2.422 -116.75   43.20    10.6    -3.2     3.7     3.6     0.0    23.69 C    21.5    -5.9     4.8    68.1    19.2    45.6   0.163   0.221   0.232 -99.000 -99.000     8.0     8.2     8.4     7.9     7.4
04127 20180418  2.422 -116.75   43.20    13.3    -4.1     4.6     5.6     0.0    18.12 C    21.7    -6.7     6.5    71.0    25.0    45.0   0.160   0.217   0.230 -99.000 -99.000     7.8     7.9     8.2     7.8     7.5
04127 20180419  2.422 -116.75   43.20    16.9     2.1     9.5     9.9     0.0    21.27 C    25.0     0.5    10.9    71.5    19.5    41.9   0.160   0.219   0.227 -99.000 -99.000    10.2     9.3     8.7     7.7     7.5
04127 20180420  2.422 -116.75   43.20    18.7     4.3    11.5    10.9     0.0    26.74 C    28.8    -1.6    11.5    56.8    14.5    35.4   0.158   0.219   0.229 -99.000 -99.000    11.3    10.4     9.5     8.0     7.6
04127 20180421  2.422 -116.75   43.20    21.0     3.1    12.1    12.6     0.0    26.44 C    31.7     0.1    13.2    68.9    17.8    37.1   0.156   0.217   0.228 -99.000   0.254    12.6    11.4    10.3     8.3     7.6
04127 20180422  2.422 -116.75   43.20    16.1     1.2     8.7     8.6     0.0    22.40 C    29.7    -2.1     9.9    75.7    21.8    44.1   0.152   0.214   0.228 -99.000   0.258    12.5    11.8    10.9     8.7     7.7
04127 20180423  2.422 -116.75   43.20    15.7    -0.3     7.7     8.1     0.0    26.65 C    27.6    -4.0     9.8    68.2    19.4    37.4   0.149   0.211   0.226 -99.000   0.258    12.3    11.6    10.9     9.0     7.9
04127 20180424  2.422 -116.75   43.20    18.1     0.2     9.1    11.0     0.0    26.71 C    29.1    -3.6    12.1    64.0    18.5    34.1   0.146   0.210   0.222 -99.000   0.262    12.6    11.8    11.1     9.2     8.0
04127 20180425  2.422 -116.75   43.20    23.5     2.8    13.2    13.8     0.0    25.98 C    36.1    -0.2    15.6    67.2    14.7    35.2   0.145   0.209   0.221 -99.000   0.263    14.3    12.8    11.6     9.4     8.1
04127 20180426  2.422 -116.75   43.20    24.4     3.6    14.0    14.4     0.0    26.93 C    35.5    -2.1    14.6    61.8    13.6    34.2   0.142   0.207   0.221 -99.000   0.258    14.5    13.4    12.3     9.7     8.3
04127 20180427  2.422 -116.75   43.20    28.2     4.4    16.3    17.0     0.2    20.94 C    36.7     0.7    17.1    62.1    12.6    31.5   0.139   0.204   0.217 -99.000   0.256    14.6    13.6    12.6    10.1     8.4
04127 20180428  2.422 -116.75   43.20    18.0     2.1    10.0    11.5     0.0    22.36 C    32.6     1.5    14.5    77.5    17.4    40.2   0.136   0.203   0.216 -99.000   0.257    14.9    14.0    13.0    10.3     8.5
04127 20180429  2.422 -116.75   43.20    12.6     3.0     7.8     6.9     1.8    14.59 C    22.2    -0.7     8.1    87.2    43.6    64.5   0.130   0.200   0.214 -99.000   0.259    12.5    12.7    12.5    10.6     8.7
04127 20180430  2.422 -116.75   43.20    15.2     2.4     8.8     8.4     0.0    20.27 C    27.8    -0.6     9.3    73.2    23.0    49.8   0.128   0.196   0.209 -99.000   0.258    11.5    11.4    11.5    10.5     8.9
04127 20180501  2.422 -116.75   43.20    15.6    -1.2     7.2     8.0     0.0    18.80 C    30.9    -3.7     8.7    82.7    24.4    49.4   0.128   0.195   0.209 -99.000   0.260    11.5    11.3    11.3    10.3     9.0
04127 20180502  2.422 -116.75   43.20    17.5     0.0     8.8     9.4     0.0    27.58 C    31.0    -3.5    11.8    78.4    18.0    47.6   0.130   0.194   0.208 -99.000   0.263    13.2    12.1    11.4    10.2     9.2
04127 20180503  2.422 -116.75   43.20    23.0     3.0    13.0    13.4     0.0    27.27 C    37.6    -0.3    16.1    74.3    17.8    41.9   0.130   0.195   0.207 -99.000   0.255    15.0    13.5    12.3    10.3     9.2
04127 20180504  2.422 -116.75   43.20    27.1     5.1    16.1    16.5     0.0    24.47 C    40.4     1.3    18.5    63.2    14.6    37.0   0.129   0.194   0.208 -99.000   0.251    16.4    14.8    13.3    10.7     9.3
04127 20180505  2.422 -116.75   43.20    24.4     8.3    16.3    16.6     0.0    15.96 C    36.5     5.7    17.7    67.1    24.0    43.0   0.126   0.194   0.207 -99.000   0.251    16.5    15.3    14.0    11.1     9.4
04127 20180506  2.422 -116.75   43.20    27.7     5.4    16.5    16.2     0.0    24.06 C    41.5     2.0    18.6    76.8    13.5    44.0   0.124   0.193   0.205 -99.000 -99.000    17.2    15.7    14.3    11.5     9.5
04127 20180507  2.422 -116.75   43.20    23.8     5.1    14.4    15.1     0.0    26.82 C    37.5     2.0    17.8    71.9    22.1    44.6   0.122   0.192   0.208 -99.000 -99.000    17.9    16.2    14.8    11.8     9.7
04127 20180508  2.422 -116.75   43.20    27.3     5.7    16.5    17.9     0.0    27.32 C    40.3     1.9    20.2    77.1    20.1    41.6   0.121   0.191   0.204 -99.000 -99.000    18.6    16.8    15.3    12.2     9.8
04127 20180509  2.422 -116.75   43.20    23.0     7.8    15.4    17.1     0.0    14.93 C    37.1     5.6    18.1    84.0    33.1    49.8   0.116   0.189   0.205 -99.000 -99.000    18.3    17.2    15.8    12.6    10.0
04127 20180510  2.422 -116.75   43.20    18.3     5.1    11.7    11.6     2.1    16.32 C    30.8     2.9    12.7    87.7    35.4    60.2   0.111   0.187   0.202 -99.000 -99.000    16.1    15.8    15.2    12.8    10.2
04127 20180511  2.422 -116.75   43.20    10.6     4.3     7.5     7.4     1.5     7.94 C    12.5     1.6     7.3    85.2    45.8    63.0   0.104   0.182   0.199 -99.000 -99.000    12.3    13.3    13.9    12.7    10.4
04127 20180512  2.422 -116.75   43.20    14.8     6.3    10.6    10.4     1.9    12.05 C    21.2     5.8    11.3    90.8    43.8    65.2   0.106   0.181   0.197 -99.000 -99.000    12.8    12.6    12.8    12.3    10.6
04127 20180513  2.422 -116.75   43.20    16.7     4.9    10.8    11.1     2.3    19.98 C    27.7     3.5    13.1    93.5    42.5    67.7   0.110   0.182   0.197 -99.000 -99.000    14.2    13.4    12.9    12.1    10.7
04127 20180514  2.422 -116.75   43.20    22.6     2.4    12.5    13.2     0.0    29.18 C    34.8    -0.6    15.7    87.5    20.2    51.7   0.119   0.184   0.199 -99.000 -99.000    16.0    14.4    13.5    12.0    10.8
04127 20180515  2.422 -116.75   43.20    24.6     5.3    14.9    15.1     0.0    25.80 C    37.9     2.4    17.5    73.2    22.9    47.7   0.124   0.185   0.198 -99.000 -99.000    17.3    15.8    14.5    12.2    10.8
04127 20180516  2.422 -116.75   43.20    23.3     7.6    15.5    13.9     2.2    17.92 C    35.6     5.5    16.2    87.4    23.5    60.8   0.125   0.186   0.199 -99.000 -99.000    17.0    16.1    15.1    12.6    10.9
04127 20180517  2.422 -116.75   43.20    18.0     9.7    13.9    12.9     7.8     9.66 C    25.4     9.5    13.3    90.5    53.3    75.8   0.130   0.183   0.197 -99.000 -99.000    15.2    15.1    14.7    12.8    11.0
04127 20180518  2.422 -116.75   43.20    22.3     7.8    15.0    15.6     0.9    23.04 C    32.4     6.1    16.6    85.9    22.8    54.2   0.156   0.185   0.197 -99.000 -99.000    16.5    15.3    14.5    12.7    11.1
04127 20180519  2.422 -116.75   43.20    22.2     4.9    13.6    13.7     0.5    19.40 C    33.9     2.5    14.9    87.9    28.5    61.6   0.153   0.185   0.198 -99.000 -99.000    15.9    15.4    14.8    12.9    11.2
04127 20180520  2.422 -116.75   43.20    20.2     8.5    14.4    13.7    22.1    13.92 C    27.2     8.0    14.1    90.2    46.0    69.9   0.220   0.254   0.196 -99.000 -99.000    15.1    15.0    14.7    13.0    11.2
04127 20180521  2.422 -116.75   43.20    22.4     5.4    13.9    14.4     0.0    25.38 C    30.6     4.4    15.9    91.8    36.9    66.5   0.270   0.331   0.199 -99.000 -99.000    16.1    15.2    14.5    13.0    11.3
04127 20180522  2.422 -116.75   43.20    24.5     8.1    16.3    15.7     0.0    22.55 C    36.0     6.0    17.1    88.0    34.0    63.5   0.248   0.306   0.202 -99.000 -99.000    16.8    16.1    15.3    13.1    11.4
04127 20180523  2.422 -116.75   43.20    24.7     9.7    17.2    15.5     4.0    18.64 C    33.4     8.5    17.1    88.8    33.8    69.7   0.236   0.287   0.203 -99.000 -99.000    17.3    16.5    15.6    13.4    11.5
04127 20180524  2.422 -116.75   43.20    27.0    10.9    18.9    19.0     0.0    27.79 C    34.9     8.9    20.2    85.1    26.4    53.4   0.235   0.276   0.205 -99.000 -99.000    18.7    17.3    16.0    13.5    11.6
04127 20180525  2.422 -116.75   43.20    26.2    11.6    18.9    17.6     8.2    22.23 C    35.0     9.9    18.6    86.2    31.1    58.7   0.226   0.267   0.208 -99.000 -99.000    19.1    18.4    17.0    13.9    11.7
04127 20180526  2.422 -116.75   43.20    21.0     9.3    15.2    15.2     0.2    21.83 C    28.6     7.4    16.2    81.7    38.8    62.4   0.231   0.256   0.207 -99.000 -99.000    17.0    16.8    16.4    14.2    11.9
04127 20180527  2.422 -116.75   43.20    24.3    11.0    17.6    17.6     4.8    29.91 C    31.8     8.0    19.4    90.4    30.5    49.7   0.222   0.252   0.206 -99.000 -99.000    18.9    17.6    16.5    14.2    12.0
04127 20180528  2.422 -116.75   43.20    25.5    11.5    18.5    17.7     0.0    19.98 C    30.8     9.8    17.7    88.7    26.1    56.0   0.220   0.246   0.209 -99.000 -99.000    18.6    18.1    17.2    14.5    12.1
04127 20180529  2.422 -116.75   43.20    27.9     8.8    18.4    19.6     0.0    29.31 C    36.1     7.0    21.0    63.6    17.7    35.9   0.211   0.239   0.208 -99.000 -99.000    19.6    18.3    17.1    14.6    12.3
04127 20180530  2.422 -116.75   43.20    23.5     7.8    15.7    16.2     0.0    25.18 C    32.4     6.5    18.2    83.8    33.6    54.2   0.200   0.234   0.212 -99.000 -99.000    19.9    19.0    17.8    14.8    12.5
04127 20180531  2.422 -116.75   43.20    19.7     7.0    13.4    12.9     0.0    19.92 C    30.1     6.0    15.1    88.5    35.8    65.3   0.189   0.227   0.208 -99.000 -99.000    18.4    18.2    17.5    15.0    12.6
04127 20180601  2.422 -116.75   43.20    20.3     3.8    12.0    12.1     0.0    28.44 C    31.2     2.1    14.9    83.4    21.2    50.4   0.181   0.221   0.209 -99.000 -99.000    18.1    17.6    17.0    15.0    12.7
04127 20180602  2.422 -116.75   43.20    25.5     2.8    14.1    15.6     0.0    30.76 C    36.1     0.8    17.9    77.5    19.8    41.5   0.176   0.218   0.208 -99.000 -99.000    19.2    18.2    17.1    14.9    12.8
04127 20180603  2.422 -116.75   43.20    29.9     7.2    18.5    19.8     0.4    24.26 C    40.2     4.2    20.8    73.4    17.9    37.6   0.172   0.214   0.209 -99.000 -99.000    20.2    19.1    17.9    15.1    13.0
04127 20180604  2.422 -116.75   43.20    26.0    10.6    18.3    19.6     0.0    26.76 C    36.6     8.7    21.2    65.3    29.4    41.4   0.169   0.212   0.209 -99.000 -99.000    21.5    20.0    18.5    15.4    13.0
04127 20180605  2.422 -116.75   43.20    25.0     6.5    15.8    17.5     0.0    28.70 C    36.6     5.2    20.4    79.8    23.6    43.1   0.165   0.209   0.209 -99.000 -99.000    21.8    20.5    19.0    15.7    13.1
04127 20180606  2.422 -116.75   43.20    28.7     8.7    18.7    19.1     0.0    27.00 C    39.9     5.8    21.7    67.1    16.3    37.0   0.160   0.206   0.209 -99.000 -99.000    22.3    21.0    19.4    16.0    13.3
04127 20180607  2.422 -116.75   43.20    28.0    11.4    19.7    19.9     0.0    22.03 C    39.8     8.8    21.9    68.8    19.7    42.3   0.154   0.203   0.209 -99.000 -99.000    22.3    21.2    19.8    16.3    13.4
04127 20180608  2.422 -116.75   43.20    29.4     9.6    19.5    20.0     0.0    25.70 C    41.1     7.8    22.4    82.2    11.9    41.0   0.148   0.202   0.207 -99.000 -99.000    22.5    21.2    19.8    16.6    13.6
04127 20180609  2.422 -116.75   43.20    24.9     4.4    14.7    16.0     0.4    20.51 C    37.3     3.9    18.4    83.5    23.5    41.6   0.141   0.198   0.206 -99.000 -99.000    21.0    20.7    19.7    16.8    13.7
04127 20180610  2.422 -116.75   43.20    17.7     4.1    10.9     9.9     0.2    24.06 C    31.8     2.6    13.5    80.6    19.7    46.0   0.132   0.192   0.202 -99.000 -99.000    18.1    18.3    18.4    16.8    13.9
04127 20180611  2.422 -116.75   43.20    20.7     4.6    12.7    13.3     0.0    26.90 C    33.9     2.7    16.7    68.9    22.3    43.1   0.131   0.193   0.201 -99.000 -99.000    19.7    18.8    18.1    16.5    14.1
04127 20180612  2.422 -116.75   43.20    24.9     1.2    13.1    15.0     0.0    31.60 C    37.3    -2.0    17.7    68.5     9.0    31.6   0.128   0.192   0.201 -99.000 -99.000    20.0    19.1    18.3    16.4    14.2
04127 20180613  2.422 -116.75   43.20    32.1     6.7    19.4    20.6     0.0    30.53 C    45.3     4.7    23.7    58.4    13.6    30.5   0.127   0.193   0.202 -99.000 -99.000    22.4    20.5    19.0    16.4    14.3
04127 20180614  2.422 -116.75   43.20    22.4     8.4    15.4    16.5     0.0    30.09 C    36.7     7.0    19.8    72.1    16.1    38.4   0.121   0.194   0.203 -99.000 -99.000    22.9    21.4    19.9    16.7    14.3
04127 20180615  2.422 -116.75   43.20    22.8     7.6    15.2    15.8     0.0    21.99 C    36.9     6.3    18.8    61.9    24.2    40.2   0.116   0.192   0.202 -99.000 -99.000    21.9    20.9    19.9    17.0    14.4
04127 20180616  2.422 -116.75   43.20    22.0     7.5    14.8    16.3     0.5    25.18 C    33.5     5.7    19.2    64.0    21.1    38.5   0.113   0.191   0.200 -99.000 -99.000    21.3    20.2    19.5    17.1    14.6
04127 20180617  2.422 -116.75   43.20    15.4     9.8    12.6    11.6    16.7     5.40 C    18.5    10.1    12.0    92.0    43.8    79.1   0.145   0.187   0.199 -99.000 -99.000    17.5    18.5    18.8    17.1    14.7
04127 20180618  2.422 -116.75   43.20    17.5    10.4    14.0    13.8     5.3    11.39 C    26.4     9.5    14.2    89.1    51.7    71.0   0.200   0.185   0.196 -99.000 -99.000    16.1    16.5    17.1    16.7    14.7
04127 20180619  2.422 -116.75   43.20    21.9    10.6    16.2    15.9     0.4    14.08 C    26.1     9.4    16.2    85.6    39.1    66.0   0.222   0.187   0.196 -99.000 -99.000    16.8    16.6    16.7    16.3    14.9
04127 20180620  2.422 -116.75   43.20    27.7     9.1    18.4    18.7     0.4    29.71 C    36.8     6.8    20.4    86.5    30.3    57.7   0.215   0.194   0.198 -99.000 -99.000    19.3    18.1    17.2    16.1    14.9
04127 20180621  2.422 -116.75   43.20    26.6    11.2    18.9    19.0     0.0    26.97 C    37.3     9.6    20.6    81.2    28.1    52.2   0.202   0.199   0.199 -99.000 -99.000    20.4    19.5    18.4    16.2    14.9
04127 20180622  2.422 -116.75   43.20    29.8    10.3    20.0    20.7     0.0    27.20 C    39.6     7.6    22.3    82.2    11.4    45.1   0.192   0.202   0.201 -99.000 -99.000    21.6    20.4    18.9    16.5    14.9
04127 20180623  2.422 -116.75   43.20    24.5    10.2    17.4    18.3     0.0    30.12 C    36.5     7.8    20.0    62.3    23.4    36.1   0.183   0.203   0.202 -99.000 -99.000    22.1    21.0    19.7    16.8    14.9
04127 20180624  2.422 -116.75   43.20    27.8     9.3    18.5    19.1     0.0    30.89 C    38.9     7.6    22.3    70.9    22.1    41.7   0.177   0.204   0.204 -99.000 -99.000    22.9    21.5    20.0    17.1    14.9
04127 20180625  2.422 -116.75   43.20    32.7     9.9    21.3    22.4     0.0    26.94 C    44.8     7.4    24.4    68.3    16.3    35.7   0.172   0.203   0.204 -99.000 -99.000    23.5    22.3    20.7    17.3    15.0
04127 20180626  2.422 -116.75   43.20    24.4     8.7    16.6    17.8     0.0    30.85 C    37.3     6.6    21.0    62.5    17.8    33.9   0.168   0.203   0.206 -99.000 -99.000    23.7    22.5    21.0    17.7    15.1
04127 20180627  2.422 -116.75   43.20    31.4     8.2    19.8    20.8     0.0    30.83 C    43.1     4.8    23.5    55.6    14.9    29.9   0.163   0.202   0.205 -99.000 -99.000    23.8    22.6    21.1    17.9    15.3
04127 20180628  2.422 -116.75   43.20    26.1     9.4    17.8    19.6     0.0    25.48 C    38.3     7.9    21.7    62.1    20.3    32.9   0.156   0.201   0.205 -99.000 -99.000    23.5    22.7    21.4    18.2    15.4
04127 20180629  2.422 -116.75   43.20    25.3     7.2    16.2    16.3     0.0    24.53 C    38.7     6.0    19.3    69.8    17.6    41.4   0.148   0.198   0.203 -99.000 -99.000    22.4    21.9    21.0    18.3    15.5
04127 20180630  2.422 -116.75   43.20    27.3     7.8    17.5    18.2     0.0    30.19 C    39.8     6.4    21.4    70.8    12.0    40.1   0.142   0.197   0.202 -99.000 -99.000    22.9    21.8    20.8    18.3    15.7
04127 20180701  2.422 -116.75   43.20    27.6     9.2    18.4    19.2     0.0    29.74 C    39.7     7.7    22.4    66.8    26.1    42.1   0.137   0.197   0.202 -99.000 -99.000    23.9    22.5    21.1    18.4    15.8
04127 20180702  2.422 -116.75   43.20    25.3     8.3    16.8    17.9     0.0    30.71 C    38.9     5.9    21.1    62.3    19.6    32.8   0.130   0.196   0.204 -99.000 -99.000    24.1    22.8    21.5    18.6    15.9
04127 20180703  2.422 -116.75   43.20    20.9     5.3    13.1    14.1     0.0    31.40 C    34.1     2.8    17.5    50.7    16.2    30.2   0.123   0.195   0.203 -99.000 -99.000    23.0    22.2    21.3    18.7    16.0
04127 20180704  2.422 -116.75   43.20    31.0     7.3    19.1    20.0     0.0    29.65 C    39.8     5.6    22.4    51.2     9.7    25.3   0.117   0.193   0.202 -99.000 -99.000    23.0    21.9    21.0    18.7    16.1
04127 20180705  2.422 -116.75   43.20    35.2    11.5    23.4    25.4     0.0    28.49 C    46.7     9.1    27.3    54.3     7.9    22.9   0.115   0.195   0.203 -99.000 -99.000    25.0    23.1    21.5    18.7    16.2
04127 20180706  2.422 -116.75   43.20    33.1    15.8    24.5    23.8     0.0    16.59 C    46.3    13.4    24.4    45.3     7.6    20.1   0.110   0.195   0.204 -99.000 -99.000    24.4    23.3    22.1    18.8    16.3
04127 20180707  2.422 -116.75   43.20    30.8    13.6    22.2    23.4     0.0    29.03 C    44.0    11.7    26.2    55.2    18.8    31.4   0.109   0.194   0.203 -99.000 -99.000    25.6    23.5    22.0    19.0    16.3
04127 20180708  2.422 -116.75   43.20    32.0    13.5    22.8    23.6     0.0    29.03 C    43.9    11.5    26.3    53.8    15.0    30.4   0.107   0.195   0.205 -99.000 -99.000    26.7    24.5    22.7    19.3    16.5
04127 20180709  2.422 -116.75   43.20    35.3    12.0    23.6    25.5     0.0    29.52 C    47.0     8.8    27.4    43.2    12.0    23.0   0.104   0.195   0.206 -99.000 -99.000    26.9    24.8    23.1    19.6    16.7
04127 20180710  2.422 -116.75   43.20    28.6    14.1    21.3    23.7     0.0    29.84 C    41.3    11.8    25.8    49.9    13.9    24.8   0.102   0.194   0.206 -99.000   0.587    27.3    25.1    23.5    19.9    16.7
04127 20180711  2.422 -116.75   43.20    29.2    10.6    19.9    21.2     0.0    29.93 C    40.3     8.3    24.0    65.0    17.8    32.7   0.098   0.192   0.205 -99.000   0.593    26.6    24.7    23.4    20.2    16.9
04127 20180712  2.422 -116.75   43.20    30.6    12.3    21.4    23.1     0.0    29.99 C    41.5    10.9    25.7    59.4    15.2    29.5   0.096   0.192   0.205 -99.000   0.593    27.0    24.9    23.4    20.2    17.1
04127 20180713  2.422 -116.75   43.20    34.0    12.8    23.4    24.7     0.0    27.64 C    46.6     9.0    26.6    47.9    13.6    27.0   0.095   0.190   0.205 -99.000   0.598    27.2    25.0    23.6    20.4    17.2
04127 20180714  2.422 -116.75   43.20    34.4    16.2    25.3    26.3     0.0    26.48 C    45.1    13.8    27.8    41.2    10.5    20.9   0.093   0.190   0.205 -99.000   0.602    27.7    25.4    23.9    20.5    17.3
04127 20180715  2.422 -116.75   43.20    33.4    15.0    24.2    25.4     0.0    20.20 C    46.1    11.0    26.6    42.6    10.6    23.8   0.091   0.188   0.205 -99.000   0.606    26.9    25.1    23.9    20.7    17.4
04127 20180716  2.422 -116.75   43.20    34.3    16.3    25.3    25.9     0.0    25.51 C    47.9    14.4    28.6    47.6    15.7    28.7   0.091   0.186   0.204 -99.000   0.616    27.9    25.4    23.9    20.9    17.6
04127 20180717  2.422 -116.75   43.20    33.6    14.0    23.8    25.3     0.0    28.77 C    45.8    10.4    27.5    51.6    14.0    27.0   0.090   0.185   0.206 -99.000   0.621    28.1    25.7    24.2    21.0    17.7
04127 20180718  2.422 -116.75   43.20    34.1    14.7    24.4    25.4     0.0    28.46 C    45.7    11.7    27.3    44.0    10.5    22.5   0.088   0.184   0.207 -99.000   0.620    28.3    25.9    24.4    21.1    17.9
04127 20180719  2.422 -116.75   43.20    32.4    13.9    23.1    24.6     0.0    28.76 C    43.4    10.6    27.2    44.8    13.8    24.1   0.086   0.182   0.207 -99.000   0.618    28.3    25.9    24.5    21.3    18.0
04127 20180720  2.422 -116.75   43.20    32.9    12.5    22.7    23.7     0.0    28.61 C    43.8     9.0    25.8    45.5    11.2    24.0   0.085   0.179   0.205 -99.000   0.623    28.0    25.8    24.5    21.4    18.1
04127 20180721  2.422 -116.75   43.20    32.1    12.0    22.0    23.8     0.0    26.37 C    43.5     9.5    25.5    37.8     9.5    18.0   0.084   0.178   0.204 -99.000   0.621    27.4    25.5    24.3    21.5    18.2
04127 20180722  2.422 -116.75   43.20    30.4    11.2    20.8    22.5     0.0    28.45 C    42.7     9.5    25.2    37.1     9.1    19.3   0.083   0.176   0.203 -99.000   0.622    27.5    25.4    24.2    21.5    18.4
04127 20180723  2.422 -116.75   43.20    34.9    14.4    24.7    25.8     0.0    28.26 C    47.5    10.0    27.8    36.8     6.4    16.3   0.082   0.175   0.204 -99.000   0.621    27.9    25.5    24.2    21.6    18.6
04127 20180724  2.422 -116.75   43.20    35.0    18.5    26.7    28.0     0.0    23.53 C    46.3    14.4    29.4    42.2    13.8    23.3   0.083   0.175   0.205 -99.000   0.622    29.1    26.4    24.8    21.6    18.7
04127 20180725  2.422 -116.75   43.20    35.0    17.7    26.4    27.1     0.0    26.34 C    45.1    14.4    28.6    44.6     8.5    21.6   0.082   0.174   0.205 -99.000   0.623    29.0    26.5    25.0    21.8    18.8
04127 20180726  2.422 -116.75   43.20    34.1    17.3    25.7    26.4     0.0    27.10 C    44.7    14.3    28.1    35.7     9.9    18.9   0.081   0.173   0.205 -99.000   0.623    28.9    26.5    25.0    22.0    18.8
04127 20180727  2.422 -116.75   43.20    34.3    15.5    24.9    25.8     0.0    28.05 C    44.6    12.9    27.7    37.0     8.8    19.6   0.080   0.172   0.206 -99.000   0.625    28.9    26.5    25.1    22.1    18.9
04127 20180728  2.422 -116.75   43.20    33.3    15.3    24.3    25.1     0.0    27.88 C    44.5    12.6    26.9    36.6    11.7    20.6   0.079   0.171   0.206 -99.000   0.625    28.8    26.5    25.1    22.2    19.0
04127 20180729  2.422 -116.75   43.20    33.2    14.3    23.8    24.8     0.0    27.01 C    44.1     9.7    26.0    41.6    12.2    21.9   0.079   0.168   0.205 -99.000   0.626    28.3    26.2    25.0    22.3    19.1
04127 20180730  2.422 -116.75   43.20    36.2    12.5    24.3    25.9     0.0    24.90 C    45.2     9.3    26.6    43.2     8.1    21.2   0.076   0.167   0.204 -99.000   0.626    27.5    25.8    24.7    22.2    19.3
04127 20180731  2.422 -116.75   43.20    36.6    15.6    26.1    26.9     0.0    15.01 C    46.7    12.5    26.9    40.5    10.0    21.0   0.077   0.166   0.204 -99.000 -99.000    26.9    25.5    24.6    22.3    19.3
04127 20180801  2.422 -116.75   43.20    34.9    16.9    25.9    26.6     0.0    23.04 C    45.4    13.4    27.4    42.2    16.1    25.6   0.077   0.165   0.204 -99.000 -99.000    27.8    25.5    24.4    22.2    19.5
04127 20180802  2.422 -116.75   43.20    31.8    15.1    23.4    24.4     0.0    23.04 C    41.4    13.3    25.8    43.6    12.3    23.9   0.077   0.164   0.204 -99.000 -99.000    27.6    25.7    24.6    22.2    19.5
04127 20180803  2.422 -116.75   43.20    30.6    12.3    21.5    22.1     0.0    27.23 C    42.5     9.6    23.9    41.5     5.6    19.6   0.076   0.163   0.203 -99.000 -99.000    26.7    25.2    24.3    22.2    19.6
04127 20180804  2.422 -116.75   43.20    26.9    11.2    19.1    20.1     0.0    24.95 C    38.7     8.6    22.5    50.0    19.2    28.9   0.075   0.162   0.202 -99.000 -99.000    26.1    24.7    24.0    22.2    19.7
04127 20180805  2.422 -116.75   43.20    28.7    12.6    20.6    21.7     0.0    27.05 C    40.4    10.1    23.7    49.5    16.5    27.1   0.075   0.161   0.202 -99.000 -99.000    26.7    24.9    23.9    22.1    19.7
04127 20180806  2.422 -116.75   43.20    31.0    11.3    21.1    22.2     0.0    27.04 C    41.7     6.0    23.3    42.9    12.2    23.1   0.074   0.160   0.202 -99.000 -99.000    26.5    24.8    23.9    22.0    19.7
04127 20180807  2.422 -116.75   43.20    33.8    12.7    23.2    23.8     0.0    26.32 C    44.2     7.4    24.7    37.3     9.9    20.1   0.075   0.160   0.202 -99.000 -99.000    26.8    25.0    23.9    22.0    19.7
04127 20180808  2.422 -116.75   43.20    36.3    13.1    24.7    25.9     0.0    25.47 C    46.6     9.0    26.2    38.3     6.9    17.7   0.075   0.160   0.202 -99.000 -99.000    27.1    25.2    24.1    22.0    19.9
04127 20180809  2.422 -116.75   43.20    38.5    14.4    26.4    26.9     0.0    25.85 C    48.3     9.7    27.4    34.2     5.8    16.2   0.075   0.161   0.202 -99.000 -99.000    27.7    25.5    24.2    22.1    19.9
04127 20180810  2.422 -116.75   43.20    39.6    14.8    27.2    28.9     0.0    23.90 C    49.3    10.9    28.9    39.5     5.9    16.2   0.075   0.161   0.203 -99.000 -99.000    28.0    25.8    24.5    22.2    19.9
04127 20180811  2.422 -116.75   43.20    36.6    19.7    28.1    29.7     0.0    16.31 C    46.1    16.9    28.7    29.0     7.3    15.7   0.074   0.159   0.203 -99.000 -99.000    27.9    26.1    24.8    22.3    19.9
04127 20180812  2.422 -116.75   43.20    28.5    13.3    20.9    21.4     0.0    24.53 C    38.5    10.8    23.4    56.3    19.7    32.5   0.073   0.159   0.202 -99.000 -99.000    27.3    25.6    24.5    22.4    19.9
04127 20180813  2.422 -116.75   43.20    30.7    11.9    21.3    21.9     0.0    24.88 C    39.8     7.8    22.9    45.2    11.4    24.0   0.073   0.157   0.202 -99.000 -99.000    26.3    24.9    24.2    22.4    20.1
04127 20180814  2.422 -116.75   43.20    31.4    12.5    22.0    22.8     0.0    24.88 C    41.1     7.4    23.6    42.6    11.3    23.1   0.073   0.157   0.200 -99.000 -99.000    26.3    24.8    24.0    22.3    20.1
04127 20180815  2.422 -116.75   43.20    34.1    11.8    23.0    24.6     0.0    23.08 C    43.8     7.0    25.3    39.1     6.7    18.8   0.074   0.156   0.200 -99.000 -99.000    26.3    24.7    23.8    22.2    20.1
04127 20180816  2.422 -116.75   43.20    34.1    19.4    26.8    27.2     0.3    16.19 C    43.4    15.6    27.0    52.0    12.4    21.6   0.074   0.156   0.199 -99.000 -99.000    26.6    25.0    24.1    22.2    20.1
04127 20180817  2.422 -116.75   43.20    32.2    15.1    23.7    24.6     0.0    20.81 C    43.9    12.5    25.6    49.0    11.3    25.6   0.076   0.155   0.199 -99.000 -99.000    26.5    24.9    23.9    22.2    20.1
04127 20180818  2.422 -116.75   43.20    29.7    12.3    21.0    21.7     0.0    24.35 C    38.7     7.9    22.2    48.3    11.6    24.3   0.075   0.155   0.199 -99.000 -99.000    25.8    24.5    23.7    22.2    20.2
04127 20180819  2.422 -116.75   43.20    31.8    10.6    21.2    21.7     0.0    21.58 C    40.1     6.6    21.9    46.6    11.4    25.4   0.074   0.153   0.198 -99.000 -99.000    24.6    23.8    23.4    22.1    20.3
04127 20180820  2.422 -116.75   43.20    28.5    11.2    19.9    20.8     0.0    19.42 C    37.2     8.6    21.2    48.1    18.1    30.1   0.076   0.153   0.197 -99.000 -99.000    24.4    23.6    23.1    22.0    20.3
04127 20180821  2.422 -116.75   43.20    24.7    10.1    17.4    18.3     0.0    19.34 C    34.1     7.8    19.7    62.0    24.9    37.0   0.078   0.152   0.197 -99.000 -99.000    23.6    23.0    22.7    21.8    20.3
04127 20180822  2.422 -116.75   43.20    29.0    10.7    19.8    19.4     0.0    17.10 C    36.4     7.0    19.8    50.4    15.0    31.1   0.076   0.151   0.195 -99.000 -99.000    22.9    22.5    22.3    21.6    20.3
04127 20180823  2.422 -116.75   43.20    30.8    11.6    21.2    21.0     0.0    20.88 C    40.3     9.8    21.8    54.1    10.5    29.2   0.078   0.151   0.194 -99.000 -99.000    23.5    22.5    22.1    21.5    20.2
04127 20180824  2.422 -116.75   43.20    25.9    11.2    18.6    19.3     0.0    19.41 C    34.1     8.2    19.6    49.5    14.5    28.8   0.079   0.152   0.195 -99.000 -99.000    23.2    22.5    22.2    21.3    20.1
04127 20180825  2.422 -116.75   43.20    26.7     8.2    17.5    18.7     0.0    22.39 C    36.3     4.3    20.2    47.1    16.4    27.7   0.079   0.151   0.195 -99.000 -99.000    23.0    22.1    21.9    21.2    20.1
04127 20180826  2.622 -116.75   43.20 -9999.0 -9999.0 -9999.0 -9999.0 -9999.0 -9999.00 U -9999.0 -9999.0 -9999.0 -9999.0 -9999.0 -9999.0 -99.000 -99.000 -99.000 -99.000 -99.000 -9999.0 -9999.0 -9999.0 -9999.0 -9999.0
04127 20180827  2.622 -116.75   43.20    19.5     6.7    13.1    13.7     0.4    14.34 C    29.6     4.0    14.4    84.4    32.0    53.8   0.075   0.150   0.194 -99.000 -99.000    20.8    21.1    21.4    21.0    20.0
04127 20180828  2.622 -116.75   43.20    22.7     3.4    13.0    13.6     0.0    23.67 C    34.7     0.4    15.9    78.1    26.1    49.4   0.079   0.148   0.192 -99.000 -99.000    20.3    20.1    20.4    20.7    19.9
04127 20180829  2.622 -116.75   43.20    28.4     4.0    16.2    18.1     0.0    23.56 C    38.8     1.0    19.2    67.2    13.1    33.4   0.071   0.149   0.192 -99.000 -99.000    21.2    20.5    20.5    20.3    19.9
04127 20180830  2.622 -116.75   43.20    27.8    13.7    20.8    21.4     0.0    19.39 C    38.2    10.3    22.0    42.5    14.5    25.9   0.074   0.151   0.193 -99.000 -99.000    23.0    21.7    21.0    20.2    19.8
04127 20180831  2.622 -116.75   43.20    25.9     7.0    16.4    17.4     0.0    22.38 C    36.6     5.5    19.0    61.6    21.9    36.5   0.073   0.151   0.203 -99.000 -99.000    22.6    21.6    21.2    20.3    19.5
04127 20180901  2.622 -116.75   43.20    25.6     6.6    16.1    16.7     0.0    23.30 C    37.1     3.2    18.0    60.0    16.7    33.3   0.076   0.151   0.231 -99.000 -99.000    22.0    21.3    21.0    20.3    18.9
04127 20180902  2.622 -116.75   43.20    26.5     7.3    16.9    17.3     0.0    23.10 C    37.2     2.8    18.0    47.1    14.5    27.8   0.077   0.150   0.231 -99.000 -99.000    21.7    21.1    20.8    20.2    18.8
04127 20180903  2.622 -116.75   43.20    28.0     7.8    17.9    18.6     0.0    22.77 C    38.4     2.2    18.7    38.5    12.3    22.8   0.078   0.150   0.231 -99.000 -99.000    21.8    21.0    20.7    20.1    18.7
04127 20180904  2.622 -116.75   43.20    28.1     9.7    18.9    19.0     0.0    22.09 C    37.7     6.4    20.0    51.5    17.8    31.0   0.073   0.150   0.231 -99.000 -99.000    22.4    21.3    20.8    20.1    18.7
04127 20180905  2.622 -116.75   43.20    31.6     9.5    20.6    21.1     0.0    15.71 C    41.6     4.6    20.5    43.7     8.9    23.6   0.075   0.150   0.231 -99.000 -99.000    21.6    21.1    20.8    20.1    18.7
04127 20180906  2.622 -116.75   43.20    32.1    12.0    22.0    23.6     0.0    18.77 C    40.6     8.9    23.5    38.1    13.1    21.1   0.079   0.151   0.231 -99.000 -99.000    23.1    21.6    20.9    20.0    18.6
04127 20180907  2.622 -116.75   43.20    30.1    12.0    21.0    21.4     0.0    19.22 C    40.7     8.5    22.5    44.3    13.7    27.0   0.076   0.151   0.232 -99.000 -99.000    23.3    22.0    21.3    20.1    18.6
04127 20180908  2.622 -116.75   43.20    29.4    11.2    20.3    21.9     0.0    19.73 C    39.0     8.1    22.0    41.0    11.7    22.7   0.076   0.152   0.232 -99.000 -99.000    23.1    22.1    21.4    20.2    18.6
04127 20180909  2.622 -116.75   43.20    26.3     6.4    16.3    17.3     0.0    20.58 C    36.0     2.8    17.6    44.5    18.3    28.7   0.075   0.150   0.231 -99.000 -99.000    21.5    21.2    21.0    20.2    18.6
04127 20180910  2.622 -116.75   43.20    27.3     7.3    17.3    17.5     0.0    15.38 C    33.6     3.9    16.7    48.9    11.5    29.5   0.074   0.148   0.230 -99.000 -99.000    20.3    20.4    20.5    20.1    18.6
04127 20180911  2.622 -116.75   43.20    20.1     5.6    12.9    13.5     0.0    18.63 C    30.9     3.1    15.1    62.5    29.3    42.2   0.075   0.148   0.229 -99.000 -99.000    19.9    19.8    20.0    19.9    18.6
04127 20180912  2.622 -116.75   43.20    19.0     4.2    11.6    12.8     0.0    18.43 C    29.3     2.5    14.4    64.6    27.3    39.9   0.071   0.147   0.229 -99.000 -99.000    19.5    19.5    19.7    19.7    18.5
04127 20180913  2.622 -116.75   43.20    19.5     5.3    12.4    12.6     0.0    13.38 C    30.4     1.9    13.4    58.4    27.0    40.8   0.072   0.147   0.228 -99.000 -99.000    18.8    19.1    19.4    19.4    18.4
04127 20180914  2.622 -116.75   43.20    25.9     2.1    14.0    14.5     0.0    17.87 C    33.7    -0.9    14.7    63.3    10.1    32.6   0.066   0.145   0.226 -99.000 -99.000    17.7    18.0    18.6    19.1    18.4
04127 20180915  2.622 -116.75   43.20    24.2     7.4    15.8    15.8     0.0     8.48 C    30.7     3.8    14.5    49.5    13.3    24.0   0.070   0.145   0.226 -99.000 -99.000    17.5    18.0    18.5    18.9    18.3
04127 20180916  2.622 -116.75   43.20    24.2     6.6    15.4    15.2     0.0    20.77 C    34.4     2.5    15.6    48.9     7.0    26.5   0.070   0.145   0.225 -99.000 -99.000    17.6    17.6    18.0    18.6    18.2
04127 20180917  2.622 -116.75   43.20    22.6     1.5    12.1    12.9     0.0    20.17 C    33.2    -1.4    13.1    64.1    16.5    35.1   0.070   0.145   0.225 -99.000 -99.000    17.5    17.5    17.9    18.4    18.1
04127 20180918  2.622 -116.75   43.20    23.0     3.4    13.2    14.0     0.0    19.88 C    32.3    -1.1    14.0    48.1    20.5    31.4   0.073   0.145   0.224 -99.000 -99.000    17.7    17.6    17.9    18.3    18.0
04127 20180919  2.622 -116.75   43.20    22.9     5.3    14.1    13.7     0.0    19.43 C    31.8     0.9    13.8    55.5    14.7    32.9   0.062   0.145   0.225 -99.000 -99.000    17.7    17.7    17.9    18.2    18.0
04127 20180920  2.622 -116.75   43.20    21.8     4.8    13.3    13.0     0.0    19.44 C    32.0     1.8    13.7    53.2    14.1    33.6   0.065   0.145   0.224 -99.000 -99.000    17.3    17.4    17.7    18.1    17.9
04127 20180921  2.622 -116.75   43.20    25.1     2.1    13.6    14.3     0.0    18.48 C    33.6    -1.8    14.4    51.5    13.5    28.1   0.054   0.145   0.224 -99.000 -99.000    17.0    17.1    17.5    17.9    17.7
04127 20180922  2.622 -116.75   43.20    28.1     8.7    18.4    18.6     0.0    14.77 C    38.6     6.4    17.5    42.3    10.5    20.1   0.065   0.146   0.225 -99.000 -99.000    18.1    17.7    17.7    17.7    17.6
04127 20180923  2.622 -116.75   43.20    20.5     3.9    12.2    12.8     0.0    17.53 C    32.0     0.5    13.8    59.9    17.4    39.6   0.065   0.146   0.225 -99.000 -99.000    18.0    17.8    17.8    17.7    17.5
04127 20180924  2.622 -116.75   43.20    18.4     1.9    10.2    10.4     0.0    19.09 C    27.0    -2.3    10.3    54.4    11.8    32.9   0.056   0.144   0.224 -99.000 -99.000    15.9    16.6    17.3    17.7    17.4
04127 20180925  2.622 -116.75   43.20    19.4     1.5    10.4    11.0     0.0    18.39 C    29.7    -1.7    11.2    57.1    20.4    33.2   0.060   0.143   0.223 -99.000 -99.000    15.6    16.1    16.8    17.5    17.4
04127 20180926  2.622 -116.75   43.20    22.4     1.6    12.0    11.9     0.0    18.03 C    31.3    -3.0    11.2    52.6    15.3    28.9   0.054   0.143   0.222 -99.000 -99.000    15.3    15.7    16.4    17.2    17.3
04127 20180927  2.622 -116.75   43.20    27.0     3.2    15.1    14.8     0.0    18.21 C    34.5    -0.2    14.1    41.8     9.7    23.4   0.052   0.144   0.222 -99.000 -99.000    16.2    16.0    16.4    17.0    17.2
04127 20180928  2.622 -116.75   43.20    26.4     6.1    16.2    16.0     0.0    17.09 C    33.7     0.9    14.9    48.4    14.7    28.2   0.056   0.144   0.223 -99.000 -99.000    16.8    16.5    16.6    16.9    17.1
04127 20180929  2.622 -116.75   43.20    25.4     7.5    16.4    16.3     0.0    13.25 C    34.6     3.8    15.4    39.1    15.1    25.3   0.053   0.145   0.223 -99.000 -99.000    16.8    16.7    16.8    16.9    17.0
04127 20180930  2.622 -116.75   43.20    20.5     5.2    12.9    14.5     0.0    10.26 C    32.4     2.6    14.6    62.9    26.3    39.9   0.056   0.145   0.223 -99.000 -99.000    17.1    16.9    16.9    16.9    16.9
04127 20181001  2.622 -116.75   43.20    20.9     2.9    11.9    12.1     0.0     7.78 C    27.6    -0.9    11.5    70.5    20.6    43.1   0.054   0.143   0.222 -99.000 -99.000    14.8    15.5    16.3    16.8    16.8
04127 20181002  2.622 -116.75   43.20    24.9     9.8    17.3    16.9     0.0     7.68 C    31.2     8.5    16.8    53.5    21.5    37.6   0.052   0.144   0.223 -99.000 -99.000    16.3    15.9    16.2    16.6    16.7
04127 20181003  2.622 -116.75   43.20    19.3    11.5    15.4    14.8     0.0    14.39 C    28.9    10.2    16.4    67.4    33.8    48.0   0.053   0.145   0.223 -99.000 -99.000    17.7    16.9    16.6    16.5    16.6
04127 20181004  2.622 -116.75   43.20    14.3     4.7     9.5     9.3     9.1     2.63 C    12.6     1.8     8.6    89.1    61.2    77.4   0.052   0.144   0.224 -99.000 -99.000    14.6    15.9    16.5    16.6    16.6
04127 20181005  2.622 -116.75   43.20    14.3     2.5     8.4     8.3     0.2    10.88 C    20.0     1.2     8.7    91.9    39.3    71.8   0.055   0.140   0.220 -99.000 -99.000    12.0    13.4    14.9    16.4    16.6
04127 20181006  2.622 -116.75   43.20    11.2     5.1     8.2     8.0     1.1     4.46 C    14.2     3.7     7.9    90.4    63.1    76.6   0.063   0.141   0.219 -99.000 -99.000    11.7    13.2    14.5    15.9    16.4
04127 20181007  2.622 -116.75   43.20    14.5     0.7     7.6     7.7     0.0    15.71 C    19.6    -1.3     7.0    81.9    36.6    57.7   0.067   0.140   0.218 -99.000 -99.000    10.6    12.2    13.7    15.6    16.3
04127 20181008  2.622 -116.75   43.20    16.2    -0.3     8.0     8.1     0.3    12.16 C    21.9    -3.1     7.9    85.3    25.8    55.0   0.098   0.140   0.217 -99.000 -99.000    10.3    11.7    13.1    15.1    16.2
04127 20181009  2.622 -116.75   43.20    13.6     6.2     9.9     7.9     3.0     5.07 C    17.0     5.6     7.8    94.2    59.9    79.0   0.101   0.142   0.218 -99.000 -99.000    11.0    12.2    13.3    14.8    16.1
04127 20181010  2.622 -116.75   43.20    10.3     5.0     7.6     7.2     0.0     6.19 C    15.9     3.7     7.4    85.8    52.6    67.6   0.106   0.141   0.216 -99.000 -99.000    10.0    11.4    12.8    14.6    15.9
04127 20181011  2.622 -116.75   43.20    12.3    -0.6     5.8     5.7     0.0    15.66 C    18.5    -3.1     5.6    91.4    36.0    66.2   0.110   0.141   0.215 -99.000 -99.000     9.8    11.1    12.4    14.3    15.8
04127 20181012  2.622 -116.75   43.20    16.3    -1.9     7.2     7.3     0.0    15.16 C    21.8    -4.5     6.0    81.3    31.3    54.3   0.094   0.141   0.214 -99.000 -99.000     8.9    10.4    11.9    13.9    15.6
04127 20181013  2.622 -116.75   43.20    13.5     1.9     7.7     8.8     0.0    15.36 C    19.4    -2.9     7.4    59.9    17.5    38.9   0.107   0.142   0.214 -99.000 -99.000     9.5    10.7    11.9    13.7    15.4
04127 20181014  2.622 -116.75   43.20     8.2    -6.8     0.7     1.3     0.0    15.34 C    16.4    -8.4     1.0    85.2    22.1    49.7   0.104   0.141   0.214 -99.000 -99.000     7.5     9.6    11.4    13.4    15.2
04127 20181015  2.622 -116.75   43.20    13.4    -5.6     3.9     4.0     0.0    14.85 C    19.4    -9.4     2.3    64.6    19.6    40.0   0.103   0.140   0.212 -99.000 -99.000     6.8     8.6    10.5    13.1    15.1
04127 20181016  2.622 -116.75   43.20    14.5    -2.1     6.2     5.6     0.0    14.44 C    21.0    -5.9     4.2    70.4    21.1    45.4   0.104   0.141   0.212 -99.000 -99.000     7.6     8.9    10.3    12.6    14.9
04127 20181017  2.622 -116.75   43.20    17.2    -1.9     7.6     6.5     0.0    14.18 C    23.1    -6.1     5.1    66.3    22.4    47.0   0.105   0.142   0.212 -99.000 -99.000     7.9     9.0    10.3    12.4    14.7
04127 20181018  2.622 -116.75   43.20    19.0    -0.6     9.2     9.0     0.0    14.04 C    23.8    -4.4     6.8    73.0    23.2    46.0   0.106   0.143   0.212 -99.000 -99.000     8.7     9.5    10.4    12.2    14.5
04127 20181019  2.622 -116.75   43.20    20.6     0.0    10.3    10.3     0.0    13.81 C    25.0    -3.1     7.7    69.7    21.4    42.3   0.107   0.145   0.214 -99.000 -99.000     9.2     9.9    10.7    12.1    14.3
04127 20181020  2.622 -116.75   43.20    19.9     0.5    10.2     9.6     0.0    13.59 C    24.2    -4.2     7.2    60.7    21.1    41.2   0.102   0.145   0.214 -99.000 -99.000     9.0     9.9    10.7    12.0    14.1
04127 20181021  2.622 -116.75   43.20    19.9     0.6    10.2     9.5     0.0    13.12 C    25.8    -3.0     7.7    72.8    20.8    47.1   0.075   0.146   0.214 -99.000 -99.000     9.2     9.9    10.7    12.0    13.9
04127 20181022  2.622 -116.75   43.20    20.5     2.0    11.3    11.7     0.0    12.45 C    26.6    -1.1    11.2    71.9    30.2    52.2   0.077   0.148   0.215 -99.000 -99.000    10.5    10.5    11.0    12.0    13.8
04127 20181023  2.622 -116.75   43.20    20.2     4.5    12.3    11.7     0.0    12.67 C    25.8     2.4    11.2    84.8    35.4    58.0   0.095   0.151   0.217 -99.000 -99.000    11.6    11.6    11.6    12.0    13.7
04127 20181024  2.622 -116.75   43.20    18.4     5.9    12.1    12.5     0.0     9.79 C    26.0     2.1    11.7    70.3    21.3    37.9   0.113   0.151   0.218 -99.000 -99.000    11.3    11.5    11.8    12.1    13.6
04127 20181025  2.622 -116.75   43.20    17.7     3.9    10.8    10.9     0.0    10.64 C    24.4     0.3    10.2    74.0    20.1    45.5   0.081   0.152   0.218 -99.000 -99.000    11.1    11.4    11.8    12.2    13.5
04127 20181026  2.622 -116.75   43.20    21.6     6.8    14.2    13.6     0.0     7.82 C    28.9     4.4    12.5    73.4    25.8    44.9   0.087   0.153   0.219 -99.000 -99.000    11.8    11.8    12.0    12.3    13.4
04127 20181027  2.622 -116.75   43.20    17.7     4.0    10.8    10.3     0.0    11.06 C    22.6     1.4     9.5    79.8    47.2    66.0   0.095   0.153   0.219 -99.000 -99.000    11.3    11.7    12.0    12.3    13.4
04127 20181028  2.622 -116.75   43.20    21.4     4.9    13.2    12.6     0.0     8.31 C    27.9     1.7    11.0    82.6    21.3    49.8   0.101   0.153   0.219 -99.000 -99.000    11.0    11.4    11.9    12.3    13.4
04127 20181029  2.622 -116.75   43.20    12.4    -0.9     5.7     6.4     0.0     8.94 C    17.7    -2.8     5.2    79.1    34.1    56.0   0.102   0.153   0.218 -99.000 -99.000     9.7    10.8    11.7    12.3    13.3
04127 20181030  2.622 -116.75   43.20    10.3    -3.2     3.5     3.3     0.0    10.09 C    16.1    -5.4     1.8    83.6    32.4    60.0   0.098   0.150   0.217 -99.000 -99.000     7.3     9.0    10.6    12.1    13.2
04127 20181031  2.622 -116.75   43.20    11.5    -2.5     4.5     6.3     0.0     3.25 C    12.5    -5.5     5.5    81.2    41.3    62.0   0.081   0.149   0.214 -99.000 -99.000     6.9     8.2     9.8    11.7    13.2
04127 20181101  2.622 -116.75   43.20    17.8    10.7    14.3    13.3     0.0     8.52 C    22.7     7.8    12.9    76.8    41.6    60.9   0.074   0.153   0.216 -99.000 -99.000    10.7    10.2    10.3    11.4    13.1
04127 20181102  2.622 -116.75   43.20    17.0     3.2    10.1    12.5     0.0     6.50 C    20.5     0.2    10.2    59.3    23.7    41.9   0.077   0.154   0.218 -99.000 -99.000    10.3    10.7    11.0    11.4    13.0
04127 20181103  2.622 -116.75   43.20    13.3    -0.5     6.4     6.9     0.0     9.18 C    18.6    -3.4     6.3    72.8    32.0    51.1   0.098   0.153   0.217 -99.000 -99.000     8.7     9.6    10.6    11.5    12.9
04127 20181104  2.622 -116.75   43.20    15.2     1.9     8.5    10.9     0.0     4.89 C    16.6    -1.8     8.5    58.5    18.2    32.1   0.095   0.154   0.217 -99.000 -99.000     9.3     9.9    10.5    11.4    12.8
04127 20181105  2.622 -116.75   43.20    11.1    -1.1     5.0     5.2     0.0     9.30 C    18.6    -5.2     3.8    72.4    29.5    48.1   0.095   0.152   0.216 -99.000 -99.000     7.3     8.6    10.0    11.4    12.7
04127 20181106  2.622 -116.75   43.20     9.6    -3.8     2.9     3.3     0.0     7.95 C    15.5    -8.8     1.8    69.8    27.7    51.9   0.094   0.151   0.215 -99.000 -99.000     6.5     8.0     9.4    11.1    12.7
04127 20181107  2.622 -116.75   43.20     7.1    -7.0     0.0    -0.4     0.0     6.98 C    14.9   -10.7    -2.3    78.9    36.0    59.6   0.091   0.148   0.213 -99.000 -99.000     4.4     6.5     8.5    10.8    12.6
04127 20181108  2.622 -116.75   43.20     7.3    -7.1     0.1    -0.5     0.0    10.70 C    11.8   -12.4    -2.9    80.5    22.1    49.8   0.109   0.146   0.210 -99.000 -99.000     3.2     5.4     7.5    10.3    12.5
04127 20181109  2.622 -116.75   43.20     7.1   -10.8    -1.8    -1.6     0.0     9.97 C    12.5   -15.4    -3.3    58.0    22.5    38.3   0.119   0.145   0.208 -99.000 -99.000     2.0     4.3     6.7     9.8    12.3
04127 20181110  2.622 -116.75   43.20     7.0    -5.5     0.7     1.6     0.0     9.66 C    12.5    -9.5     0.2    75.6    31.4    50.0   0.099   0.146   0.208 -99.000 -99.000     3.5     4.9     6.5     9.4    12.2
04127 20181111  2.622 -116.75   43.20     7.1    -8.0    -0.4    -1.3     0.0    10.20 C    11.8   -13.0    -3.5    74.4    22.1    50.4   0.117   0.146   0.208 -99.000 -99.000     2.3     4.3     6.3     9.1    12.0
04127 20181112  2.622 -116.75   43.20     5.0   -10.5    -2.8    -3.3     0.0     9.93 C    10.5   -14.3    -4.9    80.4    31.8    57.1   0.126   0.144   0.206 -99.000 -99.000     1.2     3.4     5.6     8.7    11.8
04127 20181113  2.622 -116.75   43.20     7.6   -10.0    -1.2    -1.8     0.0     9.04 C    12.6   -12.8    -3.4    73.9    21.2    47.3   0.120   0.144   0.205 -99.000 -99.000     1.2     3.1     5.1     8.4    11.6
04127 20181114  2.622 -116.75   43.20     9.3    -8.1     0.6    -0.5     0.0     9.37 C    12.8   -11.6    -2.7    62.2    22.7    42.6   0.120   0.144   0.205 -99.000 -99.000     1.5     3.1     4.9     8.0    11.4
04127 20181115  2.622 -116.75   43.20    10.9    -5.6     2.7     1.4     0.0     8.94 C    15.3    -9.1    -1.0    73.3    25.0    46.3   0.118   0.145   0.205 -99.000 -99.000     2.1     3.4     5.0     7.7    11.2
04127 20181116  2.622 -116.75   43.20    13.6    -5.8     3.9     3.4     0.0     8.94 C    16.4    -9.5     1.7    79.3    28.5    60.2   0.116   0.146   0.206 -99.000 -99.000     2.8     3.7     5.0     7.6    11.0
04127 20181117  2.622 -116.75   43.20     7.5    -6.4     0.6     2.0     0.0     9.44 C    12.5   -11.1     0.6    79.0    35.6    60.1   0.090   0.148   0.207 -99.000 -99.000     4.2     4.9     5.7     7.5    10.8
04127 20181118  2.622 -116.75   43.20     6.5    -9.3    -1.4    -2.8     0.0     9.45 C    10.2   -14.2    -5.2    85.2    39.0    68.1   0.119   0.145   0.206 -99.000 -99.000     0.9     3.1     5.1     7.5    10.6
04127 20181119  2.622 -116.75   43.20     6.4   -10.2    -1.9    -3.2     0.0     9.14 C     9.6   -13.9    -5.3    85.7    34.5    65.4   0.125   0.146   0.205 -99.000 -99.000     0.1     2.2     4.3     7.2    10.5
04127 20181120  2.622 -116.75   43.20     8.1   -10.1    -1.0    -2.6     0.0     9.22 C    10.7   -14.8    -5.6    83.2    28.3    57.2   0.128   0.148   0.204 -99.000 -99.000    -0.5     1.6     3.7     6.8    10.3
04127 20181121  2.622 -116.75   43.20     8.1    -9.6    -0.7    -0.2     0.0     4.91 C    11.0   -13.7    -2.5    65.5    21.8    41.9   0.122   0.150   0.203 -99.000 -99.000    -0.2     1.4     3.3     6.5    10.1
04127 20181122  2.622 -116.75   43.20    12.7     2.1     7.4     6.7     3.7     6.29 C    17.9    -0.8     5.3    84.9    16.8    53.3   0.088   0.146   0.205 -99.000 -99.000     3.5     3.5     4.1     6.3    10.0
04127 20181123  2.622 -116.75   43.20     7.4     1.4     4.4     4.2     7.1     1.69 C     6.1    -1.2     2.5    88.5    61.1    75.3   0.089   0.147   0.206 -99.000 -99.000     3.5     4.1     4.9     6.3     9.8
04127 20181124  2.622 -116.75   43.20     5.7    -4.8     0.5     1.4     0.0     6.94 C     8.5    -6.6     0.2    83.6    45.9    64.0   0.129   0.148   0.207 -99.000 -99.000     3.0     4.0     5.0     6.5     9.6
04127 20181125  2.622 -116.75   43.20     4.6    -7.2    -1.3    -2.5     0.0     8.78 C     6.1    -9.2    -3.8    84.8    49.4    72.6   0.142   0.145   0.206 -99.000 -99.000     0.7     2.6     4.3     6.4     9.5
04127 20181126  2.622 -116.75   43.20     4.7    -8.5    -1.9    -2.0     0.0     6.78 C     7.1   -11.3    -3.2    85.1    43.0    68.2   0.149   0.146   0.204 -99.000 -99.000    -0.5     1.4     3.5     6.2     9.4
04127 20181127  2.622 -116.75   43.20     8.3    -1.2     3.5     3.6     2.8     2.06 C     6.6    -2.2     2.0    86.4    51.4    70.5   0.145   0.145   0.204 -99.000 -99.000     1.0     1.9     3.3     5.9     9.3
04127 20181128  2.622 -116.75   43.20     8.8     0.5     4.6     3.8     1.1     5.74 C    10.9    -1.1     2.4    93.9    47.1    79.3   0.141   0.147   0.205 -99.000 -99.000     2.7     3.1     3.8     5.8     9.1
04127 20181129  2.622 -116.75   43.20     4.5    -3.1     0.7     0.4     9.6     2.61 C     4.4    -3.5    -0.1    96.1    70.6    89.8   0.151   0.147   0.207 -99.000 -99.000     2.0     3.1     4.2     5.8     9.0
04127 20181130  2.622 -116.75   43.20     3.9    -1.3     1.3     1.4     0.5     4.64 C     5.0    -3.0     0.1    96.0    56.6    79.4   0.182   0.170   0.206 -99.000 -99.000     1.7     2.7     3.9     5.8     8.8
04127 20181201  2.622 -116.75   43.20     3.7    -0.7     1.5     1.0     0.6     2.58 C     3.6    -1.9     0.0    91.2    53.8    72.1   0.200   0.218   0.206 -99.000 -99.000     1.3     2.2     3.7     5.7     8.7
04127 20181202  2.622 -116.75   43.20     1.9    -2.8    -0.5    -0.9     0.0     6.56 C     4.1    -3.8    -1.0    84.1    58.8    69.4   0.197   0.219   0.205 -99.000 -99.000     1.2     2.1     3.4     5.6     8.7
04127 20181203  2.622 -116.75   43.20     2.7    -8.7    -3.0    -2.2     0.0     6.62 C     6.0    -9.8    -2.5    86.2    49.4    69.0   0.205   0.216   0.205 -99.000 -99.000     0.9     1.9     3.3     5.4     8.5
04127 20181204  2.622 -116.75   43.20    -2.7   -11.2    -7.0    -7.3     0.0     6.30 C     0.9   -12.5    -7.9    82.5    55.3    71.9   0.228   0.211   0.204 -99.000 -99.000    -0.2     1.3     2.9     5.3     8.4
04127 20181205  2.622 -116.75   43.20    -1.8   -13.6    -7.7    -7.6     0.0     7.92 C     0.8   -14.5    -8.4    84.1    50.1    69.5 -99.000   0.165   0.203 -99.000 -99.000    -1.7     0.3     2.3     5.0     8.3
04127 20181206  2.622 -116.75   43.20    -4.9   -14.1    -9.5    -8.1     0.0     3.56 C    -0.6   -15.8    -7.0    84.3    75.2    80.4 -99.000 -99.000   0.204 -99.000 -99.000    -2.6    -0.8     1.5     4.7     8.2
04127 20181207  2.622 -116.75   43.20    -2.0   -11.9    -7.0    -7.4     0.0     6.58 C     4.2   -13.8    -7.6    90.7    66.5    82.7 -99.000 -99.000   0.220 -99.000 -99.000    -2.6    -1.1     1.0     4.2     8.1
04127 20181208  2.622 -116.75   43.20    -1.4    -9.4    -5.4    -4.8     0.0     2.29 C     0.3   -10.9    -4.4    88.8    72.3    82.6 -99.000 -99.000   0.240 -99.000 -99.000    -2.6    -1.4     0.6     3.9     7.9
04127 20181209  2.622 -116.75   43.20     5.1    -8.0    -1.4    -1.8     0.0     6.76 C     5.9   -10.1    -2.9    91.2    51.5    77.0 -99.000 -99.000   0.226 -99.000 -99.000    -1.7    -0.9     0.7     3.7     7.7
04127 20181210  2.622 -116.75   43.20     1.2    -6.4    -2.6    -2.5     0.0     3.21 C     3.4    -8.5    -2.7    95.8    69.1    85.2 -99.000 -99.000   0.226 -99.000 -99.000    -1.3    -0.6     0.8     3.5     7.5
04127 20181211  2.622 -116.75   43.20     4.1   -10.7    -3.3    -3.9     0.0     4.82 C     3.7   -11.6    -3.9    94.5    65.4    84.2 -99.000 -99.000   0.227 -99.000 -99.000    -1.7    -0.7     0.8     3.4     7.4
04127 20181212  2.622 -116.75   43.20     5.9    -5.8     0.0     1.1     3.8     7.24 C     3.3    -7.9    -0.7    85.6    51.4    64.8 -99.000 -99.000   0.215 -99.000 -99.000    -0.6    -0.3     0.9     3.3     7.2
04127 20181213  2.622 -116.75   43.20     4.3    -8.1    -1.9    -3.4     0.0     6.19 C     3.3    -9.9    -4.9    80.4    37.2    67.2 -99.000 -99.000   0.205 -99.000 -99.000    -1.3    -0.3     1.0     3.3     7.1
04127 20181214  2.622 -116.75   43.20     8.3    -6.8     0.7    -1.0     1.2     3.74 C     4.8    -8.7    -2.6    91.3    39.5    62.4 -99.000 -99.000   0.225 -99.000 -99.000    -1.9    -0.8     0.8     3.2     7.0
04127 20181215  2.622 -116.75   43.20     3.7    -3.8    -0.1     0.7     0.0     2.74 C     3.7    -6.6    -0.7    86.6    57.1    76.4 -99.000 -99.000   0.229 -99.000 -99.000    -0.9    -0.4     0.8     3.1     6.8
04127 20181216  2.622 -116.75   43.20     7.5    -2.9     2.3     2.6     0.0     4.01 C     6.8    -4.9     0.4    78.5    37.1    59.5 -99.000 -99.000   0.205 -99.000 -99.000    -0.7    -0.2     1.0     3.0     6.6
04127 20181217  2.622 -116.75   43.20     8.0    -1.7     3.2     3.7     0.0     2.47 C     9.1    -3.2     1.8    93.3    58.9    77.9 -99.000   0.160   0.203 -99.000 -99.000    -0.3     0.0     1.1     3.0     6.5
04127 20181218  2.622 -116.75   43.20    10.6    -1.0     4.8     6.1     0.4     3.97 C     9.2    -2.1     3.3    92.8    40.1    63.4   0.210   0.161   0.204 -99.000 -99.000     0.1     0.3     1.2     3.0     6.4
04127 20181219  2.622 -116.75   43.20     7.7    -3.1     2.3     3.5     0.0     4.50 C     9.1    -4.5     1.3    88.3    46.3    61.9   0.207   0.162   0.205 -99.000 -99.000     0.5     0.7     1.5     3.1     6.3
04127 20181220  2.622 -116.75   43.20    11.9    -4.7     3.6     2.4     0.0     4.52 C     7.1    -5.8     0.3    89.0    27.8    67.1   0.216   0.163   0.205 -99.000 -99.000     0.2     0.8     1.7     3.2     6.3
04127 20181221  2.622 -116.75   43.20     6.7    -6.9    -0.1     0.1     0.5     3.89 C     6.0    -7.7    -1.5    81.7    46.3    61.2   0.216   0.216   0.206 -99.000 -99.000     0.5     1.0     1.8     3.3     6.2
04127 20181222  2.622 -116.75   43.20     2.2    -8.4    -3.1    -2.9     0.0     6.12 C     3.3    -9.9    -3.8    79.6    44.1    63.7   0.214   0.192   0.206 -99.000 -99.000    -0.1     0.7     1.7     3.3     6.1
04127 20181223  2.622 -116.75   43.20     4.1    -3.8     0.1     0.4     0.6     1.25 C     1.7    -5.2    -0.7    92.3    62.5    78.1 -99.000   0.161   0.206 -99.000 -99.000    -0.3     0.5     1.5     3.2     6.1
04127 20181224  2.622 -116.75   43.20     6.5     0.2     3.4     3.1     0.3     2.60 C     5.6    -0.8     1.6    95.7    55.3    76.8   0.212   0.163   0.206 -99.000 -99.000     0.0     0.6     1.5     3.1     6.0
04127 20181225  2.622 -116.75   43.20     3.1    -4.7    -0.8     0.3     2.0     4.99 C     4.4    -6.5    -0.5    95.7    60.7    79.8   0.209   0.186   0.207 -99.000 -99.000     0.4     0.8     1.6     3.1     6.0
04127 20181226  2.622 -116.75   43.20     3.8    -7.2    -1.7    -1.3     0.7     5.82 C     5.7    -7.9    -2.6    92.1    35.7    63.3   0.217   0.221   0.207 -99.000 -99.000     0.1     0.7     1.7     3.1     5.9
04127 20181227  2.622 -116.75   43.20     0.3    -4.9    -2.3    -1.7     0.8     5.10 C    -0.2    -7.6    -3.0    91.8    56.3    72.8   0.219   0.216   0.207 -99.000 -99.000     0.0     0.7     1.6     3.1     5.9
04127 20181228  2.622 -116.75   43.20    -0.2    -6.0    -3.1    -3.0     0.0     7.10 C     0.5   -10.4    -4.5    72.0    45.1    60.9   0.219   0.214   0.207 -99.000 -99.000    -0.1     0.6     1.5     3.0     5.8
04127 20181229  2.622 -116.75   43.20     7.4    -1.7     2.8     3.0     0.0     3.51 C     7.1    -2.0     1.1    76.1    48.3    63.1 -99.000   0.172   0.208 -99.000 -99.000    -0.2     0.5     1.5     3.0     5.8
04127 20181230  2.622 -116.75   43.20     6.3    -1.9     2.2     1.9     1.8     3.25 C     3.1    -3.4     0.0    92.1    45.7    64.5   0.216   0.203   0.207 -99.000 -99.000     0.0     0.6     1.5     3.0     5.7
04127 20181231  2.622 -116.75   43.20    -1.4    -9.3    -5.4    -3.9     0.0     6.80 C    -1.6   -12.1    -5.7    75.5    50.7    60.6   0.219   0.211   0.208 -99.000 -99.000    -0.1     0.6     1.5     3.0     5.7
