94077 20180101  2.422 -103.74   42.42   -14.4   -24.3   -19.4   -17.6     0.7     6.17 C   -12.5   -29.0   -18.1    84.6    76.9    82.6 -99.000 -99.000 -99.000   0.127   0.187    -3.6    -2.9    -1.6     1.9     5.2
94077 20180102  2.422 -103.74   42.42    -2.7   -25.0   -13.8   -13.4     0.0     8.52 C    -4.9   -27.8   -16.8    86.8    49.8    67.0 -99.000 -99.000 -99.000   0.127   0.187    -4.2    -3.4    -2.0     1.8     5.1
94077 20180103  2.422 -103.74   42.42    -0.9   -13.4    -7.1    -6.5     0.0     7.17 C    -2.3   -18.8    -9.9    85.1    50.0    66.1 -99.000 -99.000 -99.000   0.127   0.187    -3.7    -3.1    -2.0     1.6     5.0
94077 20180104  2.422 -103.74   42.42     2.4   -12.5    -5.1    -6.3     0.0     8.64 C     0.1   -15.8    -9.7    92.0    65.1    81.2 -99.000 -99.000 -99.000   0.127   0.187    -2.9    -2.5    -1.7     1.6     4.9
94077 20180105  2.422 -103.74   42.42     1.6   -15.2    -6.8    -7.5     0.0     6.63 C     0.2   -17.8    -9.6    91.0    61.1    80.8 -99.000 -99.000 -99.000   0.127   0.186    -2.9    -2.4    -1.5     1.6     4.8
94077 20180106  2.422 -103.74   42.42     5.2   -13.1    -3.9    -4.5     0.0     5.11 C     0.6   -15.6    -7.3    89.6    54.9    79.3 -99.000 -99.000 -99.000   0.127   0.186    -2.6    -2.2    -1.3     1.6     4.7
94077 20180107  2.422 -103.74   42.42     4.3    -7.6    -1.7    -0.4     0.5     8.41 C     1.1   -10.4    -2.8    91.6    62.0    79.2 -99.000 -99.000 -99.000   0.126   0.187    -1.3    -1.2    -0.8     1.6     4.6
94077 20180108  2.422 -103.74   42.42     5.6   -10.8    -2.6    -2.7     0.0     6.55 C     1.3   -12.8    -5.2    90.8    49.4    76.2 -99.000 -99.000 -99.000   0.127   0.186    -1.7    -1.2    -0.5     1.8     4.6
94077 20180109  2.422 -103.74   42.42    10.5    -6.4     2.0     3.4     0.0     7.78 C     1.9    -9.2    -1.5    92.2    51.2    67.8 -99.000 -99.000 -99.000   0.126   0.188    -1.0    -0.8    -0.3     1.8     4.5
94077 20180110  2.422 -103.74   42.42     9.9   -11.4    -0.7     1.0     1.9     1.14 C     5.0   -12.7    -2.2    91.8    51.6    69.8 -99.000 -99.000 -99.000   0.127   0.187     0.0     0.0     0.2     2.0     4.5
94077 20180111  2.422 -103.74   42.42    -3.1   -12.1    -7.6    -8.9     0.0     8.83 C    -0.5   -13.3    -8.0    87.3    64.2    77.5 -99.000 -99.000   0.074   0.127   0.186    -0.4    -0.1     0.4     2.2     4.5
94077 20180112  2.422 -103.74   42.42    -6.5   -11.8    -9.2    -9.6     0.0     3.86 C    -3.8   -10.9    -6.9    88.8    74.7    82.4 -99.000 -99.000 -99.000   0.129   0.187    -1.6    -0.6     0.2     2.2     4.5
94077 20180113  2.422 -103.74   42.42     4.8    -9.5    -2.4    -1.9     0.2     4.83 C     2.0    -7.6    -2.3    92.0    50.6    77.8 -99.000 -99.000 -99.000   0.128   0.186    -1.8    -1.2    -0.3     2.2     4.5
94077 20180114  2.422 -103.74   42.42     4.5    -6.5    -1.0     0.1     0.8     1.83 C     1.3    -6.7    -1.0    92.8    54.5    76.2 -99.000 -99.000 -99.000   0.128   0.187    -0.6    -0.5    -0.1     2.2     4.5
94077 20180115  2.422 -103.74   42.42    -6.5   -23.2   -14.8   -15.5     0.0     9.80 C    -6.7   -22.0   -14.4    82.1    50.1    65.2 -99.000 -99.000 -99.000   0.129   0.187    -3.0    -1.6    -0.3     2.2     4.5
94077 20180116  2.422 -103.74   42.42    -2.5   -25.7   -14.1   -15.4     0.0     9.69 C    -2.6   -24.2   -14.8    81.1    32.4    66.6 -99.000 -99.000 -99.000   0.128   0.188    -7.9    -6.3    -3.4     1.9     4.5
94077 20180117  2.422 -103.74   42.42     7.2   -17.2    -5.0    -6.6     0.0     9.71 C     5.0   -17.2    -7.0    91.4    24.6    68.9 -99.000 -99.000 -99.000   0.126   0.187    -6.6    -6.0    -4.5     1.2     4.4
94077 20180118  2.422 -103.74   42.42    12.8   -10.7     1.1     1.2     0.0     6.25 C     7.0    -9.8    -2.1    90.4    31.1    63.8 -99.000 -99.000 -99.000   0.126   0.186    -4.1    -4.0    -3.4     0.7     4.3
94077 20180119  2.422 -103.74   42.42    11.9    -3.8     4.0     5.3     0.0     3.39 C     6.1    -2.5     1.2    92.8    29.6    54.1 -99.000 -99.000 -99.000   0.127   0.185    -0.7    -0.9    -1.2     0.8     4.1
94077 20180120  2.422 -103.74   42.42    -0.3    -5.2    -2.8    -1.9     3.8     0.86 C     0.0    -3.5    -1.5    97.1    88.7    92.7 -99.000 -99.000 -99.000   0.126   0.185    -0.7    -0.6    -0.6     1.2     4.0
94077 20180121  2.422 -103.74   42.42    -2.5    -6.6    -4.6    -3.6     6.3     4.87 C    -2.7    -9.8    -4.4    92.6    74.2    84.9 -99.000 -99.000 -99.000   0.127   0.185    -0.8    -0.6    -0.4     1.5     3.9
94077 20180122  2.422 -103.74   42.42    -0.7   -14.8    -7.8    -6.6     0.0     9.81 C    -3.4   -19.2    -9.9    76.5    52.7    64.1 -99.000 -99.000 -99.000   0.127   0.186    -1.7    -1.2    -0.5     1.6     3.9
94077 20180123  2.422 -103.74   42.42    -1.0   -19.3   -10.1    -8.1     0.0    10.53 C    -2.1   -22.4   -11.4    90.9    56.3    75.1 -99.000 -99.000 -99.000   0.127   0.186    -2.5    -1.8    -1.0     1.6     3.9
94077 20180124  2.422 -103.74   42.42     5.8   -19.9    -7.1    -6.0     0.0    10.44 C     1.2   -22.3    -9.4    83.8    47.7    67.3 -99.000 -99.000 -99.000   0.127   0.186    -3.8    -3.1    -1.9     1.5     3.9
94077 20180125  2.422 -103.74   42.42     6.9    -5.1     0.9     0.6     0.0     5.62 C     1.4    -8.1    -3.8    84.2    32.0    57.9 -99.000 -99.000 -99.000   0.128   0.185    -2.2    -2.0    -1.6     1.3     3.9
94077 20180126  2.422 -103.74   42.42     4.2   -12.1    -4.0    -2.2     0.0    10.35 C     0.7   -14.9    -5.7    82.3    41.5    62.8 -99.000 -99.000 -99.000   0.128   0.185    -1.8    -1.5    -1.1     1.3     3.8
94077 20180127  2.422 -103.74   42.42     4.0   -13.4    -4.7    -5.3     0.0    10.24 C     0.5   -16.5    -9.1    90.1    42.1    68.4 -99.000 -99.000 -99.000   0.127   0.184    -3.6    -2.9    -1.8     1.3     3.8
94077 20180128  2.422 -103.74   42.42     3.5   -14.7    -5.6    -5.1     0.0     7.39 C     0.7   -17.5    -6.8    90.1    55.8    79.5 -99.000 -99.000 -99.000   0.127   0.184    -3.8    -3.4    -2.4     1.0     3.8
94077 20180129  2.422 -103.74   42.42    10.0    -4.0     3.0     1.4     0.0     9.92 C     1.7    -4.7    -1.5    90.6    43.4    73.4 -99.000 -99.000 -99.000   0.127   0.184    -1.6    -1.6    -1.4     0.9     3.7
94077 20180130  2.422 -103.74   42.42    11.2    -3.0     4.1     4.5     0.0     3.29 C     1.5    -5.2    -1.0    86.1    30.9    55.6 -99.000 -99.000 -99.000   0.128   0.185    -0.4    -0.5    -0.6     1.1     3.6
94077 20180131  2.422 -103.74   42.42     0.5    -4.6    -2.1    -2.3     0.5     3.14 C    -0.8    -5.5    -3.2    92.1    50.9    77.6 -99.000 -99.000 -99.000   0.126   0.183    -0.4    -0.4    -0.3     1.3     3.6
94077 20180201  2.422 -103.74   42.42     1.1    -8.3    -3.6    -4.5     0.0     8.16 C     0.4    -9.1    -5.2    89.7    51.4    77.6 -99.000 -99.000 -99.000   0.127   0.184    -1.5    -0.9    -0.4     1.5     3.6
94077 20180202  2.422 -103.74   42.42     8.2   -11.0    -1.4    -2.5     0.0     7.83 C     2.6   -11.5    -4.3    93.7    44.2    78.7 -99.000 -99.000 -99.000   0.127   0.184    -2.6    -2.0    -1.1     1.4     3.6
94077 20180203  2.422 -103.74   42.42     8.6   -13.8    -2.6    -0.3     1.5     5.98 C     4.0   -12.1    -1.5    92.3    47.2    77.7 -99.000 -99.000 -99.000   0.127   0.184    -0.7    -0.7    -0.5     1.3     3.6
94077 20180204  2.422 -103.74   42.42    -8.2   -18.1   -13.1   -14.2     5.7     8.27 C    -8.1   -17.6   -13.6    88.4    68.5    78.5 -99.000 -99.000 -99.000   0.127   0.184    -0.7    -0.5    -0.3     1.4     3.6
94077 20180205  2.422 -103.74   42.42     3.7   -11.6    -4.0    -7.5     4.1     5.46 C     0.5   -11.7    -6.1    91.8    70.1    80.4 -99.000 -99.000 -99.000   0.128   0.184    -0.9    -0.6    -0.2     1.5     3.6
94077 20180206  2.422 -103.74   42.42     2.4   -10.1    -3.9    -5.8     0.5    11.52 C     0.8   -10.7    -4.8    86.1    66.0    78.6 -99.000 -99.000 -99.000   0.128   0.184    -1.8    -1.3    -0.5     1.5     3.6
94077 20180207  2.422 -103.74   42.42     5.2    -8.6    -1.7    -3.3     1.1     7.70 C     1.4    -8.4    -3.7    93.4    60.2    81.6 -99.000 -99.000 -99.000   0.128   0.184    -0.9    -0.7    -0.4     1.5     3.6
94077 20180208  2.422 -103.74   42.42    10.0   -12.6    -1.3     0.6     0.0     7.08 C     4.1    -6.3    -1.3    93.7    49.7    75.1 -99.000 -99.000 -99.000   0.128   0.184    -0.9    -0.6    -0.3     1.6     3.6
94077 20180209  2.422 -103.74   42.42   -12.4   -17.7   -15.1   -14.9     0.5     3.85 C    -6.1   -17.2   -10.0    81.7    73.4    76.8 -99.000 -99.000 -99.000   0.128   0.185    -3.9    -2.7    -1.0     1.6     3.6
94077 20180210  2.422 -103.74   42.42    -6.4   -17.7   -12.0   -12.6     0.0    11.42 C    -4.4   -16.7   -11.6    83.5    60.7    74.3 -99.000 -99.000 -99.000   0.128   0.184    -6.1    -5.2    -3.3     1.1     3.6
94077 20180211  2.422 -103.74   42.42     2.5   -18.5    -8.0    -9.2     0.2    11.97 C     2.3   -19.0    -8.7    84.4    35.5    67.3 -99.000 -99.000 -99.000 -99.000   0.184    -6.6    -5.9    -4.3     0.5     3.5
94077 20180212  2.422 -103.74   42.42   -11.3   -15.2   -13.2   -13.9     0.0     3.25 C    -8.7   -13.2   -11.6    83.9    75.6    80.2 -99.000 -99.000 -99.000 -99.000   0.184    -8.1    -7.3    -5.2     0.0     3.4
94077 20180213  2.422 -103.74   42.42    10.6   -15.2    -2.3    -1.7     0.0    13.75 C     6.4   -16.7    -3.7    90.3    27.9    63.8 -99.000 -99.000 -99.000 -99.000   0.185    -4.3    -4.7    -4.5    -0.5     3.2
94077 20180214  2.422 -103.74   42.42    12.1    -3.0     4.5     4.4     0.0    14.12 C     9.0    -3.4     1.3    85.7    28.6    50.5 -99.000 -99.000 -99.000 -99.000   0.185    -1.4    -1.5    -1.9    -0.4     3.0
94077 20180215  2.422 -103.74   42.42     5.8   -11.8    -3.0    -3.9     0.0     6.74 C     3.4    -8.1    -1.9    89.2    41.8    72.6 -99.000 -99.000 -99.000 -99.000   0.184    -0.8    -0.7    -0.9     0.1     2.9
94077 20180216  2.422 -103.74   42.42     4.6   -14.7    -5.0    -3.3     0.0    12.69 C     4.7   -12.9    -3.4    87.6    31.0    57.3 -99.000 -99.000 -99.000   0.134   0.184    -4.0    -3.3    -2.2     0.4     2.9
94077 20180217  2.422 -103.74   42.42     9.2    -6.2     1.5     2.3     0.0    14.05 C     8.7    -6.7     0.1    73.8    17.9    40.9 -99.000 -99.000 -99.000   0.131   0.184    -2.1    -1.9    -1.7     0.4     2.9
94077 20180218  2.422 -103.74   42.42     9.3   -14.7    -2.7    -0.4     0.0    10.25 C    14.0    -8.7     0.6    91.1    22.8    54.0 -99.000 -99.000 -99.000   0.129   0.184    -0.6    -0.6    -0.7     0.5     2.8
94077 20180219  2.422 -103.74   42.42   -14.6   -19.9   -17.2   -17.9     4.1     6.29 C    -8.6   -19.8   -16.3    78.4    71.0    74.9 -99.000 -99.000 -99.000   0.128   0.184    -4.1    -3.1    -1.7     0.7     2.8
94077 20180220  2.422 -103.74   42.42   -13.0   -29.1   -21.0   -21.0     0.6    15.71 C   -11.2   -34.1   -23.2    79.5    52.8    70.1 -99.000 -99.000 -99.000   0.129   0.184    -5.5    -4.7    -3.2     0.5     2.9
94077 20180221  2.422 -103.74   42.42    -3.5   -29.2   -16.3   -15.5     0.3    15.68 C    -4.7   -32.4   -18.6    83.1    46.9    67.2 -99.000 -99.000 -99.000 -99.000   0.185    -7.1    -6.3    -4.7     0.1     2.8
94077 20180222  2.422 -103.74   42.42    -3.6   -19.0   -11.3   -12.2     0.0    10.76 C    -2.3   -23.1   -14.4    87.4    58.1    78.9 -99.000 -99.000 -99.000 -99.000   0.184    -6.6    -6.1    -4.9    -0.4     2.7
94077 20180223  2.422 -103.74   42.42    -2.5   -21.9   -12.2   -11.9     0.0    15.48 C    -2.2   -25.1   -13.5    85.3    50.3    72.1 -99.000 -99.000 -99.000 -99.000   0.184    -6.6    -6.1    -5.0    -0.7     2.6
94077 20180224  2.422 -103.74   42.42    -2.5   -11.6    -7.1    -6.3     0.7    15.99 C    -4.0   -17.4    -8.8    92.5    40.7    66.0 -99.000 -99.000 -99.000 -99.000   0.184    -4.8    -4.5    -4.0    -0.9     2.5
94077 20180225  2.422 -103.74   42.42     1.6   -11.9    -5.1    -4.1     0.0    16.28 C    -0.5   -15.9    -7.5    78.9    35.8    54.6 -99.000 -99.000 -99.000 -99.000   0.185    -4.4    -4.2    -3.7    -0.9     2.4
94077 20180226  2.422 -103.74   42.42     9.9    -6.6     1.6     2.0     0.0    15.19 C     8.2    -9.6    -1.0    82.8    24.3    45.4 -99.000 -99.000 -99.000 -99.000   0.184    -2.5    -2.7    -2.8    -0.7     2.3
94077 20180227  2.422 -103.74   42.42    11.7    -8.1     1.8     0.7     0.0    16.25 C    13.1    -5.2     1.4    91.7    19.5    64.1 -99.000 -99.000 -99.000 -99.000   0.184    -0.5    -0.8    -1.3    -0.4     2.2
94077 20180228  2.422 -103.74   42.42     3.9    -7.6    -1.9    -2.0     0.0    15.59 C    14.1    -4.7     1.1    89.7    33.3    65.8 -99.000 -99.000 -99.000 -99.000   0.183     0.0    -0.4    -0.7     0.0     2.2
94077 20180301  2.422 -103.74   42.42    10.0   -10.0     0.0     0.7     0.0    16.56 C    12.0    -7.7     0.9    90.7    27.5    58.0 -99.000 -99.000 -99.000 -99.000   0.184    -0.5    -0.4    -0.4     0.4     2.2
94077 20180302  2.422 -103.74   42.42    16.7    -5.8     5.5     4.8     0.0    16.79 C    15.7    -4.2     3.4    88.8    17.0    51.7 -99.000 -99.000 -99.000   0.128   0.184     1.1     0.5    -0.1     0.7     2.3
94077 20180303  2.422 -103.74   42.42    18.4    -6.1     6.2     5.1     0.0    17.27 C    18.6    -4.7     4.2    94.3    12.9    58.6 -99.000   0.122   0.087   0.127   0.185     2.3     2.0     1.0     1.0     2.4
94077 20180304  2.422 -103.74   42.42     4.3    -4.5    -0.1    -2.4     0.0     7.93 C    14.9    -3.8     0.6    95.6    59.0    86.0   0.135   0.126   0.096   0.129   0.184     1.1     1.5     1.4     1.4     2.5
94077 20180305  2.422 -103.74   42.42     2.2    -7.4    -2.6    -2.3     0.0    13.10 C     7.9    -7.9    -2.1    76.1    36.1    53.4 -99.000 -99.000   0.085   0.130   0.184    -0.3     0.2     0.7     1.6     2.6
94077 20180306  2.422 -103.74   42.42     3.1    -9.4    -3.1    -3.0     0.0    16.25 C    13.1    -8.8    -1.7    86.5    34.0    60.5 -99.000 -99.000 -99.000   0.130   0.185    -0.6    -0.1     0.2     1.5     2.7
94077 20180307  2.422 -103.74   42.42     7.9   -12.2    -2.2    -3.2     0.0    17.98 C    17.4   -11.6    -0.8    90.9    22.6    63.4 -99.000 -99.000 -99.000   0.131   0.185    -0.8    -0.3     0.1     1.4     2.7
94077 20180308  2.422 -103.74   42.42    14.9   -10.3     2.3     3.0     0.0    17.03 C    25.3    -9.9     4.3    88.2    14.4    48.8 -99.000 -99.000 -99.000   0.131   0.185     0.8     0.7     0.4     1.4     2.8
94077 20180309  2.422 -103.74   42.42    15.7    -2.5     6.6     6.9     0.0    17.28 C    26.5    -5.1     7.1    75.5    15.5    41.0   0.140   0.122   0.097   0.130   0.184     3.7     3.4     2.2     1.6     2.8
94077 20180310  2.422 -103.74   42.42     6.0    -7.8    -0.9     0.3     0.0    15.28 C    19.2    -8.8     1.4    86.5    39.2    60.8   0.136   0.131   0.099   0.131   0.185     2.5     3.0     2.9     2.2     2.9
94077 20180311  2.422 -103.74   42.42     8.6   -10.4    -0.9    -2.2     0.0    19.05 C    26.2   -11.5     1.9    88.3    15.4    55.1 -99.000   0.114   0.098   0.132   0.185     1.7     2.0     2.1     2.4     3.0
94077 20180312  2.422 -103.74   42.42    11.5    -9.2     1.1    -0.2     0.0    14.42 C    30.2    -9.7     2.5    89.5    17.0    55.7 -99.000   0.115   0.099   0.132   0.185     2.0     2.1     2.1     2.4     3.1
94077 20180313  2.422 -103.74   42.42    12.7    -9.2     1.7     2.1     0.0    19.04 C    28.0    -9.9     5.2    90.5    19.6    53.4 -99.000   0.120   0.100   0.132   0.186     3.5     3.3     2.7     2.5     3.2
94077 20180314  2.422 -103.74   42.42    19.4    -6.6     6.4     7.8     0.0    18.09 C    33.9    -7.7     9.7    92.2    18.0    44.7   0.140   0.130   0.102   0.132   0.185     6.4     5.8     4.5     2.8     3.3
94077 20180315  2.422 -103.74   42.42    18.2    -1.3     8.5     8.6    10.1    12.47 C    35.0    -2.0    10.7    95.8    20.4    47.7   0.144   0.132   0.105   0.134   0.185     8.4     8.0     6.7     3.6     3.4
94077 20180316  2.422 -103.74   42.42     0.3    -7.0    -3.4    -2.9    17.2    13.60 C     2.0   -11.0    -2.9    96.0    80.7    88.5   0.174   0.145   0.103   0.136   0.185     2.6     3.7     4.8     4.3     3.6
94077 20180317  2.422 -103.74   42.42     5.1    -4.3     0.4    -0.1     0.0    18.83 C     5.8    -3.7     0.3    96.4    66.7    87.7   0.192   0.165   0.121   0.135   0.185     1.0     1.5     2.4     3.9     3.8
94077 20180318  2.422 -103.74   42.42     5.4    -2.0     1.7     0.5     0.0    17.33 C    18.4    -1.4     4.7    95.8    63.3    81.9   0.214   0.186   0.167   0.134   0.187     2.6     2.8     2.6     3.4     4.0
94077 20180319  2.422 -103.74   42.42     2.5    -7.9    -2.7    -2.0     0.0    12.44 C    11.3    -4.2     0.8    93.2    63.6    80.9   0.199   0.175   0.178   0.134   0.187     1.7     2.1     2.6     3.4     4.0
94077 20180320  2.422 -103.74   42.42     7.1    -6.5     0.3    -0.3     0.7    18.45 C    18.3    -6.5     2.8    95.9    41.7    77.1   0.186   0.167   0.170   0.134   0.188     2.8     2.9     2.6     3.3     4.0
94077 20180321  2.422 -103.74   42.42    13.8    -7.2     3.3     3.0     0.0    17.32 C    22.9    -5.4     5.0    91.4    26.8    62.6   0.176   0.161   0.166   0.134   0.186     3.8     3.8     3.4     3.4     4.0
94077 20180322  2.422 -103.74   42.42    18.8    -3.5     7.6     8.5     0.0    14.95 C    29.7    -2.6     9.4    95.3    26.0    59.7   0.177   0.161   0.164   0.135   0.188     6.6     6.0     5.0     3.7     4.0
94077 20180323  2.422 -103.74   42.42    17.8     1.5     9.6     8.7     1.0     7.63 C    23.3     0.0     7.9    90.3    36.1    65.6   0.172   0.157   0.161   0.136   0.187     7.2     7.1     6.5     4.4     4.1
94077 20180324  2.422 -103.74   42.42    15.7    -4.2     5.7     6.4     0.0    20.84 C    26.5    -3.6     8.4    96.1    27.2    63.2   0.170   0.155   0.158   0.136   0.187     7.3     7.1     6.4     4.9     4.2
94077 20180325  2.422 -103.74   42.42    11.9    -3.2     4.4     3.6     4.3    12.03 C    31.2    -3.2     6.4    97.3    46.8    81.0   0.167   0.152   0.155   0.138   0.188     6.4     6.6     6.6     5.2     4.4
94077 20180326  2.422 -103.74   42.42     9.1    -5.6     1.7     2.1     0.0    12.71 C    19.7    -4.9     4.3    97.2    47.7    78.2   0.179   0.161   0.155   0.137   0.188     5.4     5.8     5.9     5.4     4.6
94077 20180327  2.422 -103.74   42.42    12.4    -7.8     2.3     3.0     0.0    22.20 C    22.2    -6.8     4.8    92.2    19.3    56.3   0.165   0.154   0.154   0.139   0.188     4.6     4.8     4.9     5.2     4.8
94077 20180328  2.422 -103.74   42.42     9.4    -2.3     3.5     3.6     0.4    11.86 C    20.6    -3.4     5.6    94.2    29.3    68.0   0.164   0.152   0.152   0.138   0.188     5.4     5.5     5.4     5.1     4.9
94077 20180329  2.422 -103.74   42.42     6.3    -6.0     0.1     0.0     3.4    14.40 C    14.2    -5.3     1.6    96.2    44.8    81.7   0.171   0.153   0.150   0.137   0.189     4.0     4.5     4.9     5.1     5.0
94077 20180330  2.422 -103.74   42.42    16.2    -7.3     4.4     4.5     0.0    17.56 C    23.8    -6.7     5.7    94.0    23.2    60.3   0.167   0.154   0.151   0.138   0.189     4.5     4.5     4.4     4.9     5.0
94077 20180331  2.422 -103.74   42.42     2.1    -7.8    -2.9    -5.3     2.7     3.76 C     2.5    -6.6    -2.2    94.2    71.2    80.8   0.161   0.149   0.150   0.137   0.189     1.7     2.7     3.9     4.9     5.0
94077 20180401  2.422 -103.74   42.42     4.3    -7.6    -1.6    -2.2     1.1    21.60 C    13.9    -7.4    -0.3    87.0    59.3    76.4   0.168   0.150   0.147   0.137   0.189     1.9     2.2     2.6     4.3     5.1
94077 20180402  2.422 -103.74   42.42    18.1    -5.4     6.3     2.7     3.6    12.22 C    20.2    -5.4     3.8    91.4    22.4    69.8   0.170   0.154   0.149   0.137   0.189     3.8     3.8     3.6     4.1     5.0
94077 20180403  2.422 -103.74   42.42     3.7    -9.9    -3.1    -4.4     0.0    22.54 C    13.3   -12.6    -3.3    86.1    33.3    66.9   0.168   0.153   0.149   0.137   0.188     2.5     3.0     3.4     4.2     5.0
94077 20180404  2.422 -103.74   42.42    14.4    -7.2     3.6     3.0     0.0    17.68 C    25.2    -7.0     3.9    83.6    19.0    52.2   0.168   0.152   0.150   0.137   0.188     3.2     3.3     3.2     4.1     4.9
94077 20180405  2.422 -103.74   42.42    11.1    -7.0     2.0     0.9     1.6    20.41 C    30.6    -6.5     6.2    94.4    40.1    74.2   0.166   0.152   0.151   0.137   0.188     5.0     4.9     4.3     4.1     4.9
94077 20180406  2.422 -103.74   42.42    -4.8   -12.4    -8.6    -8.8     7.6    16.12 C    -4.1   -16.4    -8.6    88.1    74.0    81.7   0.162   0.149   0.149   0.138   0.189     2.2     3.0     3.9     4.5     4.9
94077 20180407  2.422 -103.74   42.42     5.7   -10.3    -2.3    -1.6     0.0    19.47 C     4.8   -10.2    -1.8    89.5    69.7    78.8   0.174   0.154   0.148   0.138   0.189     3.1     3.0     3.1     4.2     4.9
94077 20180408  2.422 -103.74   42.42    14.1     0.9     7.5     6.1     1.4    20.89 C    24.5    -0.2     7.1    93.9    25.5    63.2   0.182   0.160   0.154   0.138   0.189     6.1     5.8     4.8     4.1     4.9
94077 20180409  2.422 -103.74   42.42    12.4    -3.7     4.4     4.0     0.0    14.35 C    20.9    -3.4     4.7    91.7    29.0    66.5   0.179   0.159   0.155   0.140   0.188     5.3     5.5     5.4     4.7     4.9
94077 20180410  2.422 -103.74   42.42    19.6    -5.6     7.0     7.0     0.0    21.91 C    29.6    -5.0     8.9    90.6    16.8    56.6   0.175   0.158   0.154   0.142   0.188     7.0     6.7     5.8     4.9     5.0
94077 20180411  2.422 -103.74   42.42    24.2     0.3    12.3    11.7     0.0    18.98 C    32.7    -0.6    12.4    91.1    10.5    53.8   0.173   0.158   0.154   0.144   0.191     9.7     9.1     7.9     5.4     5.1
94077 20180412  2.422 -103.74   42.42    16.1     1.9     9.0     9.1     9.5    18.88 C    33.1     0.3    12.0    94.8    36.6    67.1   0.174   0.156   0.154   0.147   0.189    10.1     9.8     8.9     6.2     5.2
94077 20180413  2.422 -103.74   42.42     6.1    -7.2    -0.5    -1.9    11.7     8.80 C     5.6    -8.6    -1.7    96.3    78.4    87.2   0.215   0.186   0.175   0.152   0.190     4.6     5.8     7.0     6.7     5.4
94077 20180414  2.422 -103.74   42.42     3.1    -7.2    -2.0    -2.8     0.7    24.07 C    10.7    -8.2    -1.1    92.5    56.8    78.1   0.206   0.182   0.182   0.154   0.190     4.3     4.6     4.9     6.0     5.7
94077 20180415  2.422 -103.74   42.42    11.2    -7.2     2.0     2.5     0.0    25.13 C    23.8    -5.0     6.0    83.8    34.4    62.1   0.193   0.175   0.178   0.164   0.190     5.7     5.7     5.4     5.6     5.7
94077 20180416  2.422 -103.74   42.42    15.8    -1.5     7.2     6.9     0.0    25.22 C    26.9    -1.9     8.3    82.0    35.4    56.5   0.187   0.170   0.173   0.176   0.190     7.6     7.3     6.6     5.8     5.7
94077 20180417  2.422 -103.74   42.42    14.0    -0.2     6.9     4.3     6.3    14.31 C    31.5    -2.0     6.3    91.6    35.7    68.7   0.190   0.169   0.170   0.180   0.191     6.7     7.1     7.2     6.2     5.8
94077 20180418  2.422 -103.74   42.42    12.4    -2.3     5.1     4.3     0.0    24.05 C    22.6    -3.4     5.8    87.6    26.1    56.6   0.195   0.174   0.174   0.182   0.191     5.8     6.1     6.1     6.2     5.8
94077 20180419  2.422 -103.74   42.42    14.6    -3.3     5.6     6.7     0.0    21.93 C    25.3    -4.2     8.0    88.4    29.8    54.0   0.186   0.168   0.169   0.184   0.192     6.6     6.5     6.3     6.1     5.9
94077 20180420  2.422 -103.74   42.42     7.8     1.6     4.7     3.6     2.5     4.88 C    15.9     1.6     4.1    94.0    51.3    73.6   0.180   0.163   0.165   0.185   0.189     5.5     6.0     6.5     6.3     6.0
94077 20180421  2.422 -103.74   42.42     6.5     0.2     3.4     2.4     6.0     9.46 C    15.6    -1.3     3.5    97.0    71.3    88.4   0.204   0.178   0.171   0.184   0.190     4.7     5.0     5.3     6.0     6.0
94077 20180422  2.422 -103.74   42.42    17.9    -1.8     8.0     7.3     0.0    22.58 C    35.0    -0.6    12.1    98.0    31.8    71.8   0.206   0.182   0.180   0.185   0.190     9.0     8.1     6.7     5.8     6.1
94077 20180423  2.422 -103.74   42.42    18.7    -1.2     8.7     7.8     4.5    19.10 C    34.1    -1.8    10.1    95.0    33.5    70.7   0.200   0.179   0.177   0.189   0.190     9.3     9.3     8.7     6.6     6.1
94077 20180424  2.422 -103.74   42.42     4.6    -5.2    -0.3     1.0     0.0     6.34 C    10.6    -4.7     2.4    94.4    61.8    79.0   0.197   0.176   0.176   0.191   0.191     4.9     5.8     6.8     7.0     6.2
94077 20180425  2.422 -103.74   42.42    19.9    -7.9     6.0     7.2     0.0    27.07 C    33.4    -6.9    10.3    92.4    16.4    51.2   0.188   0.171   0.172   0.191   0.191     7.2     6.8     6.2     6.5     6.3
94077 20180426  2.422 -103.74   42.42    15.9    -0.8     7.5     9.2     0.0    23.24 C    37.1    -2.2    13.1    85.3    22.9    46.8   0.185   0.168   0.170   0.192   0.192    10.5    10.0     8.9     6.8     6.3
94077 20180427  2.422 -103.74   42.42    21.8    -3.0     9.4    10.2     0.0    27.06 C    45.2    -4.0    15.7    90.6    16.9    50.6   0.178   0.163   0.166   0.194   0.192    11.5    10.9     9.7     7.5     6.4
94077 20180428  2.422 -103.74   42.42    21.9     1.3    11.6    12.4     0.0    26.35 C    34.6    -1.5    15.3    74.2    25.9    47.0   0.172   0.158   0.162   0.196   0.193    12.3    11.9    10.8     8.2     6.6
94077 20180429  2.422 -103.74   42.42    24.6     5.9    15.2    15.6     0.2    19.74 C    47.2     3.6    18.4    79.4    18.1    46.8   0.167   0.154   0.160   0.198   0.192    14.3    13.6    12.1     8.8     6.9
94077 20180430  2.422 -103.74   42.42    17.0     5.5    11.2    10.3     5.8    14.92 C    32.8     3.9    13.3    91.8    44.7    70.9   0.162   0.148   0.156   0.200   0.192    12.8    12.7    12.2     9.5     7.1
94077 20180501  2.422 -103.74   42.42    12.4     2.3     7.3     7.1     2.1    13.01 C    24.5     2.0     9.4   100.0    50.0    83.2   0.182   0.153   0.152   0.201   0.194    10.5    10.9    10.9     9.6     7.4
94077 20180502  2.422 -103.74   42.42    12.4     0.1     6.2     7.4     5.1    10.73 C    20.2     0.1     9.2    97.5    54.9    81.1   0.191   0.163   0.150   0.202   0.193     9.6     9.7     9.7     9.3     7.6
94077 20180503  2.422 -103.74   42.42    16.7     3.0     9.9     9.1     3.9    12.83 C    23.8     2.1    10.5    93.4    42.5    79.6   0.209   0.182   0.162   0.203   0.194    10.7    10.7    10.3     9.2     7.8
94077 20180504  2.422 -103.74   42.42    23.2     0.2    11.7    12.0     0.0    26.51 C    37.1    -0.2    14.9    95.1    17.8    58.6   0.202   0.180   0.171   0.205   0.195    12.4    11.9    10.8     9.2     7.9
94077 20180505  2.422 -103.74   42.42    24.7     2.3    13.5    13.3     0.2    21.98 C    44.9     1.7    16.5    94.5    17.9    59.2   0.191   0.173   0.168   0.207   0.195    14.2    13.8    12.6     9.7     8.0
94077 20180506  2.422 -103.74   42.42    23.5     3.1    13.3    15.2     0.0    22.93 C    41.8     3.2    19.0    96.6    26.2    56.0   0.183   0.166   0.165   0.208   0.196    15.7    14.9    13.5    10.3     8.2
94077 20180507  2.422 -103.74   42.42    28.4     8.5    18.4    19.1     0.0    23.20 C    46.1     5.8    20.9    73.3    12.3    41.3   0.173   0.158   0.160   0.211   0.195    17.1    16.4    14.9    11.1     8.4
94077 20180508  2.422 -103.74   42.42    23.2     6.4    14.8    15.0     0.0    24.66 C    39.6     5.3    19.0    94.2    27.3    59.1   0.161   0.148   0.155   0.211   0.196    17.0    16.7    15.5    11.7     8.7
94077 20180509  2.422 -103.74   42.42    25.7     3.9    14.8    15.8     3.0    24.96 C    48.5     3.4    21.4    96.7    26.5    60.6   0.148   0.139   0.150   0.212   0.195    17.6    16.9    15.6    12.1     9.0
94077 20180510  2.422 -103.74   42.42    21.7     5.8    13.8    13.3     0.0    17.05 C    36.9     7.2    16.3    92.8    47.8    71.3   0.137   0.132   0.145   0.213   0.197    16.5    16.5    15.8    12.6     9.3
94077 20180511  2.422 -103.74   42.42    11.1     5.1     8.1     7.6     3.5     4.72 C    19.0     6.3    10.1    96.6    79.7    90.5   0.130   0.124   0.141   0.214   0.198    12.5    13.1    13.7    12.6     9.6
94077 20180512  2.422 -103.74   42.42     8.5     5.0     6.7     6.3     1.5     4.77 C    13.1     5.5     7.9    96.9    85.9    92.8   0.142   0.121   0.137   0.213   0.199     9.8    10.5    11.4    12.0     9.8
94077 20180513  2.422 -103.74   42.42    17.8     6.1    12.0    11.1     0.0    14.65 C    35.2     6.6    14.7    94.5    59.5    81.1   0.151   0.129   0.136   0.213   0.199    13.2    12.5    11.7    11.2     9.9
94077 20180514  2.422 -103.74   42.42    18.7     5.4    12.1    11.1     2.7    13.01 C    41.6     4.9    14.7   100.0    51.6    83.9   0.149   0.131   0.136   0.213   0.199    14.4    14.2    13.4    11.4     9.8
94077 20180515  2.422 -103.74   42.42    21.8     2.3    12.0    13.4     0.0    28.26 C    42.0     1.8    18.5    96.7    33.8    66.2   0.153   0.130   0.134   0.213   0.199    16.2    15.5    14.0    11.6     9.9
94077 20180516  2.422 -103.74   42.42    26.9     4.4    15.6    17.5     0.0    27.76 C    48.7     4.5    23.0    97.3    21.4    59.2   0.146   0.128   0.134   0.214   0.199    19.0    18.1    16.2    12.3    10.0
94077 20180517  2.422 -103.74   42.42    27.1    11.7    19.4    19.3     0.7    19.66 C    44.8    10.5    21.5    89.6    31.0    56.5   0.132   0.120   0.129   0.214   0.199    19.2    18.8    17.3    13.1    10.2
94077 20180518  2.422 -103.74   42.42    21.4     9.2    15.3    14.3    11.1    17.92 C    46.1     8.3    19.5    93.8    47.8    75.5   0.123   0.111   0.125   0.214   0.198    18.2    17.9    16.8    13.6    10.4
94077 20180519  2.422 -103.74   42.42     9.6     4.2     6.9     5.3    36.3     2.48 C     9.5     4.8     6.0    94.4    87.7    90.9   0.249   0.213   0.188   0.216   0.199     9.5    10.9    12.9    13.5    10.7
94077 20180520  2.422 -103.74   42.42    14.9     1.0     8.0     9.7     0.0    24.20 C    23.7     1.2    12.5    96.4    41.3    65.6   0.223   0.204   0.210   0.230   0.200    12.1    11.8    11.4    12.2    10.9
94077 20180521  2.422 -103.74   42.42    23.4     5.9    14.6    14.9     0.0    26.29 C    37.8     4.5    18.1    93.7    40.6    69.7   0.203   0.187   0.194   0.233   0.201    16.0    15.3    13.9    12.0    10.8
94077 20180522  2.422 -103.74   42.42    26.3     5.8    16.0    17.3     0.4    24.83 C    39.8     5.9    20.6    97.0    33.2    67.5   0.190   0.176   0.182   0.242   0.201    18.1    17.4    15.9    12.7    10.8
94077 20180523  2.422 -103.74   42.42    25.5     8.3    16.9    15.5    12.0    22.53 C    44.5     6.4    20.7    96.7    33.0    73.3   0.193   0.178   0.177   0.246   0.201    19.3    18.8    17.5    13.5    11.0
94077 20180524  2.422 -103.74   42.42    26.5     5.8    16.1    17.3     0.0    28.00 C    32.5     6.2    18.0    95.6    28.6    62.8   0.211   0.193   0.185   0.246   0.201    17.5    17.3    16.6    14.0    11.2
94077 20180525  2.422 -103.74   42.42    28.6     8.1    18.3    18.9     0.0    29.01 C    42.2     8.0    22.5    95.0    25.5    62.7   0.191   0.178   0.177   0.247   0.201    20.3    19.5    17.8    14.3    11.4
94077 20180526  2.422 -103.74   42.42    31.3     9.2    20.2    22.0     0.0    28.99 C    48.8     9.4    26.3    96.2    18.1    52.1   0.177   0.166   0.171   0.247   0.202    22.8    21.7    19.7    15.0    11.7
94077 20180527  2.422 -103.74   42.42    24.7    10.6    17.6    18.2     9.3    18.57 C    42.0    10.9    21.4    92.3    45.4    67.9   0.168   0.156   0.164   0.248   0.203    20.9    20.8    20.0    15.9    12.0
94077 20180528  2.422 -103.74   42.42    22.3    10.5    16.4    15.5    24.4    18.48 C    34.7    10.9    18.5    95.1    51.0    79.8   0.214   0.186   0.169   0.246   0.204    18.7    18.8    18.4    16.0    12.4
94077 20180529  2.422 -103.74   42.42    17.0    11.4    14.2    13.7     1.4    12.13 C    18.6    10.2    13.7    89.6    57.6    77.8   0.240   0.221   0.216   0.249   0.205    15.1    15.7    16.4    15.7    12.7
94077 20180530  2.422 -103.74   42.42    25.4     7.8    16.6    17.8     0.0    29.50 C    34.1     7.0    19.9    94.6    32.5    62.5   0.216   0.200   0.202   0.255   0.204    18.4    17.8    16.6    15.1    12.9
94077 20180531  2.422 -103.74   42.42    28.5     9.3    18.9    20.5     0.0    29.36 C    43.8     9.6    24.0    95.5    24.1    57.4   0.199   0.185   0.190   0.257   0.205    21.4    20.6    19.0    15.5    12.9
94077 20180601  2.422 -103.74   42.42    28.4    10.6    19.5    20.4     0.0    26.49 C    42.3     9.8    23.6    85.4    17.8    51.2   0.182   0.172   0.180   0.259   0.206    22.2    21.7    20.3    16.2    13.0
94077 20180602  2.422 -103.74   42.42    22.0     4.6    13.3    13.9     0.0    30.20 C    42.1     5.0    20.1    94.5    25.8    56.5   0.165   0.159   0.172   0.258   0.208    20.2    20.1    19.5    16.7    13.3
94077 20180603  2.422 -103.74   42.42    25.0     1.7    13.3    16.1     0.0    29.63 C    43.6     2.4    21.7    95.8    32.2    56.2   0.150   0.148   0.164   0.258   0.210    20.3    19.9    19.0    16.7    13.5
94077 20180604  2.422 -103.74   42.42    30.2     5.6    17.9    18.6     0.0    29.89 C    48.7     5.8    24.6    94.9    14.5    59.6   0.136   0.137   0.157   0.256   0.211    22.3    21.6    20.2    16.8    13.7
94077 20180605  2.422 -103.74   42.42    33.0     6.6    19.8    20.2     0.0    24.63 C    53.3     6.8    24.5    94.9    11.2    51.6   0.122   0.124   0.149   0.256   0.214    22.4    21.9    20.7    17.2    13.9
94077 20180606  2.422 -103.74   42.42    26.0     8.6    17.3    18.8     0.0    25.87 C    49.0     8.5    25.5    91.0    46.1    66.6   0.117   0.116   0.141   0.254   0.214    22.4    21.9    20.7    17.5    14.1
94077 20180607  2.422 -103.74   42.42    28.6    11.0    19.8    20.4     0.0    26.08 C    47.9    10.1    25.8    89.8    15.1    57.7   0.112   0.111   0.132   0.251   0.215    23.4    22.6    21.2    17.7    14.3
94077 20180608  2.422 -103.74   42.42    29.8    11.8    20.8    21.2     0.0    24.95 C    52.0    10.8    27.4    86.0    36.0    62.8   0.108   0.108   0.128   0.248   0.215    24.5    23.6    21.9    18.0    14.5
94077 20180609  2.422 -103.74   42.42    29.7    13.4    21.5    22.6     0.0    29.05 C    49.9    13.1    28.1    89.5    33.6    58.6   0.104   0.105   0.124   0.245   0.218    25.2    24.3    22.5    18.3    14.7
94077 20180610  2.422 -103.74   42.42    33.5    14.9    24.2    23.6     0.3    25.73 C    52.2    14.2    29.4    95.8    12.2    54.3   0.101   0.104   0.121   0.239   0.218    26.2    25.2    23.3    18.7    14.9
94077 20180611  2.422 -103.74   42.42    24.5     5.9    15.2    16.7     0.0    30.36 C    48.8     6.3    24.6    88.4    21.1    46.9   0.094   0.100   0.118   0.234   0.218    23.9    23.6    22.6    19.0    15.2
94077 20180612  2.422 -103.74   42.42    24.5     5.2    14.8    15.0     0.0    30.20 C    49.5     5.5    24.0    81.2    24.0    53.0   0.090   0.098   0.115   0.230   0.218    23.4    23.0    22.0    18.9    15.4
94077 20180613  2.422 -103.74   42.42    33.0     7.4    20.2    21.1     0.0    24.27 C    52.5     7.3    26.5    85.8    12.9    56.4   0.088   0.097   0.113   0.225   0.220    23.6    23.0    21.9    18.9    15.6
94077 20180614  2.422 -103.74   42.42    35.0    13.8    24.4    24.5     0.0    16.96 C    54.5    11.3    26.1    81.2    10.5    34.3   0.086   0.097   0.113   0.220   0.219    23.5    23.2    22.1    18.9    15.7
94077 20180615  2.422 -103.74   42.42    27.8    12.0    19.9    20.5     0.0    23.11 C    48.8    10.8    25.7    89.6    37.0    56.7   0.084   0.096   0.112   0.215   0.219    23.6    23.0    21.9    18.9    15.8
94077 20180616  2.422 -103.74   42.42    25.5    13.8    19.6    19.3     1.5     3.39 C    51.9    14.4    25.2    95.1    52.6    75.5   0.084   0.096   0.111   0.212   0.219    23.8    23.2    22.1    19.0    15.9
94077 20180617  2.422 -103.74   42.42    13.8    10.0    11.9    12.5     9.5     0.00 C    16.9    10.3    13.5    96.4    88.4    92.3   0.116   0.097   0.108   0.211   0.220    17.3    18.6    19.9    18.9    16.0
94077 20180618  2.422 -103.74   42.42    16.1     9.9    13.0    12.6    12.4     0.00 C    21.9    10.3    14.3    96.4    76.4    89.0   0.186   0.149   0.118   0.211   0.220    15.5    16.0    16.9    18.1    16.0
94077 20180619  2.422 -103.74   42.42    15.7     7.7    11.7    12.9     7.5     0.00 C    19.3     7.8    13.6    95.1    68.8    87.5   0.215   0.190   0.136   0.212   0.220    14.9    15.4    16.2    17.3    16.0
94077 20180620  2.422 -103.74   42.42    19.6     7.7    13.6    13.7     0.0     0.00 C    30.4     7.8    16.4    96.6    53.9    78.8   0.210   0.194   0.166   0.211   0.218    16.0    15.9    15.9    16.6    15.8
94077 20180621  2.422 -103.74   42.42    24.6     6.1    15.4    16.5     0.0     0.92 C    41.1     6.0    21.5    96.5    38.7    67.2   0.194   0.182   0.170   0.211   0.219    19.7    18.9    17.8    16.4    15.6
94077 20180622  2.422 -103.74   42.42    26.9    11.9    19.4    19.1     0.0    21.97 C    46.5    10.9    24.0    88.3    31.2    60.2   0.181   0.171   0.167   0.212   0.219    21.9    21.5    20.2    17.0    15.5
94077 20180623  2.422 -103.74   42.42    26.8     9.5    18.1    17.5     2.9    23.73 C    47.2     9.0    23.0    93.9    26.7    64.3   0.170   0.162   0.160   0.213   0.219    21.9    21.8    21.0    17.7    15.5
94077 20180624  2.422 -103.74   42.42    20.0    10.4    15.2    15.0     1.3    16.77 C    31.0    10.1    17.4    95.8    49.8    75.3   0.161   0.154   0.154   0.214   0.220    18.6    19.1    19.4    18.0    15.6
94077 20180625  2.422 -103.74   42.42    25.1    10.3    17.7    18.0     0.0    21.31 C    47.1     9.7    23.6    94.6    41.8    68.2   0.159   0.152   0.149   0.213   0.219    21.1    20.5    19.5    17.7    15.7
94077 20180626  2.422 -103.74   42.42    32.4     9.2    20.8    22.0     0.0    29.02 C    52.1     9.0    28.2    96.8    19.3    58.7   0.152   0.147   0.146   0.214   0.219    24.3    23.4    21.7    18.0    15.8
94077 20180627  2.422 -103.74   42.42    29.9    11.1    20.5    21.8     0.0    27.17 C    51.9    10.4    28.6    94.8    38.0    66.5   0.140   0.138   0.141   0.212   0.219    25.5    24.7    23.1    18.7    15.8
94077 20180628  2.422 -103.74   42.42    36.1    14.0    25.1    27.0     0.0    29.25 C    55.8    13.5    32.4    94.6    10.8    46.9   0.130   0.129   0.134   0.210   0.218    27.3    26.3    24.3    19.4    16.0
94077 20180629  2.422 -103.74   42.42    29.6    13.9    21.8    21.2     2.8    22.35 C    52.8    14.4    27.4    91.5    24.8    61.2   0.118   0.121   0.128   0.207   0.218    26.5    26.1    24.8    20.1    16.3
94077 20180630  2.422 -103.74   42.42    19.9     9.7    14.8    14.3     4.4     0.19 C    32.2     9.2    16.4    93.4    51.0    80.6   0.111   0.111   0.122   0.206   0.220    20.0    21.2    22.1    20.2    16.6
94077 20180701  2.422 -103.74   42.42    27.8     5.0    16.4    17.5     0.0     0.00 C    43.7     5.2    21.9    95.9    23.3    60.4   0.128   0.109   0.119   0.204   0.220    21.0    20.7    20.1    19.4    16.8
94077 20180702  2.422 -103.74   42.42    33.0     7.2    20.1    21.8     0.0     7.25 C    49.6     7.3    26.4    96.3    15.9    54.1   0.123   0.109   0.119   0.200   0.221    23.9    23.2    21.8    19.1    16.8
94077 20180703  2.422 -103.74   42.42    30.2    13.0    21.6    22.6     0.0    25.15 C    49.5    13.0    27.6    90.5    34.1    55.3   0.115   0.108   0.118   0.195   0.220    25.4    24.6    23.1    19.5    16.8
94077 20180704  2.422 -103.74   42.42    25.4    14.4    19.9    19.7     0.0    27.48 C    49.2    14.0    27.3    93.3    48.1    69.9   0.108   0.106   0.116   0.192   0.220    25.6    24.8    23.5    19.9    16.9
94077 20180705  2.422 -103.74   42.42    27.4    14.7    21.0    21.4     0.0    14.88 C    45.2    14.4    25.0    91.7    52.4    73.6   0.103   0.103   0.114   0.188   0.220    24.2    23.8    23.1    20.1    17.0
94077 20180706  2.422 -103.74   42.42    31.1    16.8    23.9    24.0     0.0    27.71 C    47.8    15.3    28.9    90.0    34.7    61.8   0.102   0.102   0.113   0.185   0.220    26.2    25.3    23.6    20.1    17.2
94077 20180707  2.422 -103.74   42.42    35.2    14.7    24.9    26.4     0.0    28.05 C    56.2    13.4    31.9    91.7    21.5    49.4   0.100   0.101   0.112   0.182   0.220    27.9    26.8    24.8    20.4    17.2
94077 20180708  2.422 -103.74   42.42    35.9    16.4    26.2    26.4     0.0    27.07 C    57.1    15.9    32.2    89.0    15.0    47.7   0.095   0.099   0.111   0.179   0.221    28.8    27.7    25.7    20.9    17.4
94077 20180709  2.422 -103.74   42.42    33.5    11.1    22.3    24.9     0.0    26.48 C    53.8    11.0    30.4    95.1    21.3    50.9   0.089   0.096   0.110   0.175   0.220    28.2    27.3    25.7    21.3    17.5
94077 20180710  2.422 -103.74   42.42    33.5    14.4    23.9    26.2     0.0    28.01 C    51.1    12.9    31.0    76.9    19.5    37.1   0.084   0.095   0.109   0.173   0.220    28.4    27.5    25.9    21.6    17.8
94077 20180711  2.422 -103.74   42.42    34.1    13.9    24.0    24.7     0.0    24.14 C    59.6    13.5    30.9    81.5    28.5    48.6   0.080   0.093   0.108   0.171   0.220    28.6    27.8    26.1    21.7    17.9
94077 20180712  2.422 -103.74   42.42    29.7    13.9    21.8    21.1     5.1     9.15 C    55.2    14.4    26.2    96.6    40.5    67.8   0.075   0.091   0.107   0.170   0.220    26.3    26.3    25.6    21.9    18.1
94077 20180713  2.422 -103.74   42.42    29.8    15.6    22.7    22.3     0.0     0.00 C    51.0    15.8    28.8    96.3    32.9    66.7   0.081   0.090   0.106   0.169   0.221    27.0    26.1    24.7    21.8    18.2
94077 20180714  2.422 -103.74   42.42    32.4    15.6    24.0    24.8     0.0     0.82 C    53.0    14.0    31.0    92.2    26.8    57.3   0.086   0.091   0.106   0.169   0.220    28.1    27.3    25.7    21.8    18.3
94077 20180715  2.422 -103.74   42.42    24.7    14.9    19.8    17.8    10.4     0.00 C    29.3    13.4    18.8    94.2    47.5    82.4   0.120   0.098   0.105   0.169   0.220    22.6    23.6    24.3    22.0    18.5
94077 20180716  2.422 -103.74   42.42    29.1    13.0    21.1    20.5    47.4     0.00 C    45.8    11.5    24.2    93.4    40.7    73.3   0.169   0.135   0.110   0.169   0.220    22.9    22.9    22.5    21.3    18.5
94077 20180717  2.422 -103.74   42.42    27.7    11.6    19.6    20.3    19.8     0.00 C    35.0    11.8    21.5    96.4    39.6    70.1   0.222   0.210   0.171   0.169   0.219    22.1    22.4    22.3    21.0    18.5
94077 20180718  2.422 -103.74   42.42    29.7    13.2    21.5    20.7     0.4     0.00 C    32.4    13.2    21.4    96.0    28.9    67.7   0.229   0.215   0.204   0.169   0.218    21.8    22.0    21.8    20.7    18.5
94077 20180719  2.422 -103.74   42.42    31.3    10.3    20.8    22.0     0.0     4.34 C    41.0    10.6    23.5    95.7    24.0    58.6   0.198   0.188   0.189   0.170   0.219    22.7    22.6    22.1    20.6    18.5
94077 20180720  2.422 -103.74   42.42    30.1    11.9    21.0    22.9     0.0    18.69 C    46.8    12.2    26.8    93.7    38.4    61.3   0.182   0.175   0.178   0.179   0.217    25.1    24.5    23.4    20.8    18.4
94077 20180721  2.422 -103.74   42.42    31.4    17.9    24.6    24.6     0.0    21.65 C    47.3    17.5    29.1    91.5    41.7    66.4   0.173   0.156   0.173   0.191   0.217    27.2    26.6    25.3    21.4    18.4
94077 20180722  2.422 -103.74   42.42    31.9    15.9    23.9    21.9     0.0     0.03 C    45.7    15.2    24.7    95.5    32.7    67.0   0.160   0.116   0.167   0.196   0.219    25.2    25.4    25.1    21.9    18.5
94077 20180723  2.422 -103.74   42.42    25.7    14.3    20.0    20.2     0.0     0.00 C    45.8    13.6    25.2    88.5    39.2    60.6   0.150   0.109   0.161   0.198   0.219    25.0    24.8    24.2    21.9    18.7
94077 20180724  2.422 -103.74   42.42    30.4    14.0    22.2    22.1     0.5    12.00 C    50.4    12.7    27.8    80.5    29.4    59.4   0.139   0.104   0.156   0.197   0.219    26.2    25.8    24.8    21.9    18.8
94077 20180725  2.422 -103.74   42.42    26.0    14.4    20.2    19.9     9.8     0.00 C    44.1    14.9    24.2    90.5    44.7    67.4   0.128   0.094   0.150   0.198   0.219    24.7    24.9    24.6    22.1    18.9
94077 20180726  2.422 -103.74   42.42    24.8    11.4    18.1    18.2    10.5     0.00 C    35.4    11.7    20.9    96.2    45.8    71.6   0.175   0.100   0.144   0.198   0.218    22.3    22.8    23.0    21.9    19.0
94077 20180727  2.422 -103.74   42.42    24.4    10.9    17.7    17.0     5.0     0.00 C    30.3    11.2    18.4    95.6    41.4    78.8   0.209   0.140   0.153   0.198   0.219    19.9    20.3    21.1    21.4    19.1
94077 20180728  2.422 -103.74   42.42    23.2    10.7    16.9    16.1     2.3     0.00 C    30.7    11.0    17.5    95.8    59.5    82.6   0.212   0.146   0.165   0.198   0.219    19.2    19.7    20.2    20.6    19.0
94077 20180729  2.422 -103.74   42.42    22.2     9.0    15.6    14.5     5.0     0.00 C    28.1     9.2    15.6    94.7    51.6    85.0   0.215   0.146   0.181   0.197   0.219    17.4    18.0    18.8    20.0    18.9
94077 20180730  2.422 -103.74   42.42    22.9     5.9    14.4    15.4     0.0     0.00 C    32.0     6.3    18.0    96.9    30.2    64.7   0.205   0.143   0.190   0.196   0.220    18.2    18.4    18.4    19.3    18.7
94077 20180731  2.422 -103.74   42.42    27.8     6.6    17.2    17.7     0.0     0.00 C    40.2     7.1    21.1    95.2    27.8    62.9   0.187   0.144   0.180   0.197   0.218    20.7    20.4    19.7    19.1    18.5
94077 20180801  2.422 -103.74   42.42    27.7     8.5    18.1    18.3     0.0     0.00 C    40.9     8.4    20.7    94.9    25.2    61.5   0.173   0.163   0.173   0.199   0.217    21.0    20.9    20.6    19.4    18.3
94077 20180802  2.422 -103.74   42.42    32.1     8.3    20.2    21.8     0.0    19.20 C    45.3     9.0    25.2    95.2    21.2    55.5   0.163   0.156   0.167   0.198   0.217    23.6    23.0    21.8    19.6    18.3
94077 20180803  2.422 -103.74   42.42    27.8    12.4    20.1    22.3     0.0    14.06 C    38.6    12.1    23.2    90.2    25.4    54.5   0.149   0.149   0.162   0.201   0.216    23.5    23.4    22.9    20.3    18.3
94077 20180804  2.422 -103.74   42.42    30.7     9.4    20.0    20.3     0.0    24.37 C    45.4     9.5    24.1    93.9    19.4    61.6   0.134   0.139   0.154   0.202   0.218    23.4    23.1    22.4    20.4    18.3
94077 20180805  2.422 -103.74   42.42    23.9    10.7    17.3    18.1     1.2     6.59 C    35.2    10.3    19.4    93.5    48.9    71.4   0.121   0.129   0.147   0.202   0.217    21.5    21.8    21.9    20.6    18.4
94077 20180806  2.422 -103.74   42.42    22.9     8.4    15.6    16.1     6.4     0.09 C    40.3     8.6    19.1    96.1    50.4    78.4   0.125   0.123   0.141   0.203   0.218    20.2    20.5    20.6    20.3    18.5
94077 20180807  2.422 -103.74   42.42    28.1     8.3    18.2    18.8     0.0     0.00 C    40.3     8.7    22.4    96.8    31.2    68.1   0.140   0.121   0.138   0.202   0.218    22.1    21.7    21.0    19.9    18.5
94077 20180808  2.422 -103.74   42.42    30.0     9.7    19.9    20.4     0.0     2.54 C    47.1    10.0    24.1    95.2    24.0    63.6   0.132   0.119   0.135   0.203   0.218    23.8    23.4    22.3    20.1    18.4
94077 20180809  2.422 -103.74   42.42    31.1     8.5    19.8    21.1     0.0    18.28 C    48.2     8.8    25.3    96.1    20.0    56.6   0.121   0.115   0.130   0.204   0.218    24.5    24.1    23.1    20.5    18.5
94077 20180810  2.422 -103.74   42.42    31.4     9.1    20.2    22.2     0.0    25.33 C    49.5     9.4    26.6    95.5    26.6    55.2   0.113   0.110   0.125   0.202   0.218    25.5    24.9    23.7    20.9    18.5
94077 20180811  2.422 -103.74   42.42    30.8     9.9    20.4    22.9     0.0    26.12 C    44.8    10.1    26.0    86.5    22.3    44.6   0.106   0.105   0.120   0.198   0.218    25.3    25.0    24.0    21.2    18.6
94077 20180812  2.422 -103.74   42.42    30.3    12.9    21.6    22.6     0.0    25.20 C    41.5     9.7    24.6    65.5    23.3    42.3   0.100   0.100   0.117   0.193   0.218    24.5    24.4    23.7    21.4    18.7
94077 20180813  2.422 -103.74   42.42    29.9     9.5    19.7    21.2     0.0    23.67 C    45.2     8.5    25.2    92.2    26.7    56.5   0.096   0.098   0.114   0.190   0.218    24.8    24.4    23.5    21.4    18.8
94077 20180814  2.422 -103.74   42.42    21.8    12.0    16.9    17.2     0.0    17.06 C    38.3    11.5    21.1    90.0    51.5    66.2   0.090   0.096   0.111   0.187   0.219    22.9    23.1    23.1    21.3    18.9
94077 20180815  2.422 -103.74   42.42    27.1     9.6    18.3    18.3     0.0     0.34 C    49.1     9.1    23.5    95.2    28.8    71.1   0.089   0.095   0.110   0.184   0.217    23.2    22.9    22.4    21.1    18.9
94077 20180816  2.422 -103.74   42.42    29.4     5.6    17.5    17.9     0.0     0.37 C    51.5     5.5    24.3    97.0    24.1    63.5   0.087   0.095   0.109   0.181   0.217    23.4    23.1    22.5    20.9    19.0
94077 20180817  2.422 -103.74   42.42    30.0     6.0    18.0    19.7     0.0     0.13 C    49.4     6.0    25.1    95.5    32.8    61.7   0.084   0.094   0.108   0.179   0.218    23.8    23.5    22.7    20.9    19.0
94077 20180818  2.422 -103.74   42.42    26.5    10.2    18.3    17.9     0.0     0.53 C    40.4    10.1    20.4    94.5    34.5    68.4   0.079   0.093   0.108   0.177   0.217    22.3    22.7    22.6    20.9    19.0
94077 20180819  2.422 -103.74   42.42    18.4     3.0    10.7    13.9     2.3     0.00 C    21.2     1.9    14.2    97.1    45.4    77.5   0.074   0.088   0.104   0.177   0.218    18.1    19.4    20.6    20.7    19.0
94077 20180820  2.422 -103.74   42.42    20.1    -0.6     9.7    10.7     0.0     0.00 C    37.2    -1.3    15.1    97.3    29.8    67.5   0.073   0.086   0.101   0.175   0.218    16.5    17.1    18.1    19.9    18.9
94077 20180821  2.422 -103.74   42.42    19.0     8.6    13.8    13.8     0.9     0.00 C    31.5     8.2    16.2    89.3    54.4    72.9   0.077   0.087   0.102   0.173   0.219    17.7    18.0    18.5    19.2    18.8
94077 20180822  2.422 -103.74   42.42    23.3     9.0    16.1    16.5     3.0     0.00 C    39.4     7.2    20.2    94.8    56.6    77.5   0.080   0.088   0.102   0.173   0.217    19.4    19.1    18.8    18.9    18.6
94077 20180823  2.422 -103.74   42.42    29.0     6.8    17.9    18.4     0.0     0.00 C    37.4     6.4    18.9    95.0    16.1    56.8   0.082   0.089   0.103   0.172   0.216    19.5    19.8    19.6    18.9    18.5
94077 20180824  2.422 -103.74   42.42    31.3     3.1    17.2    18.8     0.0     1.30 C    48.0     2.6    21.8    95.7    12.1    48.6   0.084   0.089   0.103   0.172   0.217    20.1    19.8    19.4    18.9    18.3
94077 20180825  2.622 -103.74   42.42 -9999.0 -9999.0 -9999.0 -9999.0 -9999.0 -9999.00 U -9999.0 -9999.0 -9999.0 -9999.0 -9999.0 -9999.0 -99.000 -99.000 -99.000 -99.000 -99.000 -9999.0 -9999.0 -9999.0 -9999.0 -9999.0
94077 20180826  2.622 -103.74   42.42    34.7    13.1    23.9    24.1     0.0    22.44 C    51.0    13.4    26.5    82.4     7.9    37.6   0.089   0.091   0.104   0.170   0.215    23.2    22.7    21.6    19.2    18.1
94077 20180827  2.622 -103.74   42.42    29.3    10.7    20.0    19.3     0.0    18.80 C    46.1     9.1    22.5    84.9    15.1    49.5   0.085   0.090   0.103   0.170   0.215    22.2    22.1    21.6    19.6    18.1
94077 20180828  2.622 -103.74   42.42    21.0     8.5    14.8    13.3     0.0    17.37 C    43.1     7.4    17.9    85.2    33.6    62.1   0.079   0.088   0.102   0.169   0.214    19.8    20.2    20.5    19.6    18.1
94077 20180829  2.622 -103.74   42.42    28.8     6.2    17.5    18.4     0.0    24.75 C    49.5     4.3    22.7    93.2    14.3    55.5   0.078   0.088   0.101   0.168   0.214    20.8    20.5    20.0    19.3    18.2
94077 20180830  2.622 -103.74   42.42    33.6     6.7    20.1    22.7     0.0    21.42 C    50.7     5.6    24.7    95.8     9.0    39.2   0.078   0.089   0.102   0.168   0.214    22.3    21.9    21.1    19.4    18.1
94077 20180831  2.622 -103.74   42.42    31.3    12.3    21.8    21.9     0.0    17.89 C    51.6    10.0    24.3    66.8    14.7    32.2   0.075   0.089   0.102   0.167   0.214    23.0    22.7    21.8    19.6    18.1
94077 20180901  2.622 -103.74   42.42    30.2     6.3    18.3    18.4     0.0    22.48 C    53.4     5.0    23.2    88.9    19.6    54.1   0.072   0.088   0.101   0.167   0.214    22.3    22.0    21.4    19.7    18.1
94077 20180902  2.622 -103.74   42.42    24.6     6.0    15.3    16.7     0.0    22.94 C    46.2     5.5    21.7    93.7    41.2    61.8   0.070   0.086   0.101   0.166   0.214    21.9    21.7    21.3    19.8    18.2
94077 20180903  2.622 -103.74   42.42    26.9    10.9    18.9    18.8     0.0    13.51 C    36.6     9.6    20.0    96.6    38.3    72.0   0.068   0.085   0.100   0.166   0.213    20.8    20.9    20.9    19.7    18.2
94077 20180904  2.622 -103.74   42.42    22.2     9.3    15.8    14.8     0.0    18.74 C    41.8     7.9    18.9    96.6    49.3    75.9   0.067   0.084   0.099   0.165   0.213    20.2    20.2    20.3    19.5    18.2
94077 20180905  2.622 -103.74   42.42    24.0    11.3    17.7    17.2     0.0    20.91 C    46.8    11.5    22.7    86.7    43.6    64.6   0.069   0.084   0.099   0.165   0.213    21.6    21.0    20.4    19.3    18.2
94077 20180906  2.622 -103.74   42.42    21.1    14.0    17.6    17.3     0.0    12.05 C    33.7    11.2    18.7    92.1    53.7    72.6   0.066   0.083   0.099   0.164   0.212    20.2    20.4    20.4    19.4    18.1
94077 20180907  2.622 -103.74   42.42    27.0     4.2    15.6    17.2     0.0    25.04 C    50.4     3.6    22.7    97.2    24.1    64.5   0.067   0.082   0.099   0.163   0.212    21.2    20.7    20.1    19.2    18.1
94077 20180908  2.622 -103.74   42.42    27.2     6.7    16.9    17.2     3.4    21.89 C    45.9     5.5    20.9    97.2    31.6    73.5   0.066   0.082   0.099   0.163   0.212    20.9    20.9    20.6    19.3    18.1
94077 20180909  2.622 -103.74   42.42    31.2     6.5    18.9    18.1     0.0    22.19 C    45.3     6.6    20.8    97.1    12.3    61.3   0.069   0.082   0.099   0.164   0.212    20.7    20.7    20.3    19.3    18.1
94077 20180910  2.622 -103.74   42.42    29.5     4.4    16.9    18.0     0.0    23.50 C    50.5     3.9    22.1    94.6    15.4    55.3   0.072   0.082   0.099   0.164   0.212    20.4    20.3    20.0    19.2    18.0
94077 20180911  2.622 -103.74   42.42    31.6     6.2    18.9    20.1     0.0    17.85 C    52.3     5.3    22.1    93.6    10.0    45.6   0.076   0.082   0.099   0.163   0.212    21.0    21.0    20.5    19.2    18.0
94077 20180912  2.622 -103.74   42.42    33.4     9.9    21.6    22.7     0.0    24.69 C    53.1     7.0    25.8    93.5    12.3    48.4   0.078   0.083   0.099   0.163   0.211    22.6    22.0    20.9    19.2    18.0
94077 20180913  2.622 -103.74   42.42    32.5     5.7    19.1    19.2     0.0    24.79 C    53.1     4.8    23.6    93.3     8.2    51.4   0.076   0.084   0.100   0.163   0.210    22.7    22.5    21.6    19.5    18.0
94077 20180914  2.622 -103.74   42.42    29.6     9.0    19.3    17.8     0.0    22.56 C    48.4     5.9    23.0    95.8    17.7    66.6   0.072   0.083   0.099   0.163   0.210    22.3    22.0    21.4    19.6    18.0
94077 20180915  2.622 -103.74   42.42    32.6     9.7    21.1    21.5     0.0    21.02 C    51.9     8.5    26.1    96.7    13.6    58.7   0.070   0.083   0.099   0.162   0.209    23.2    22.5    21.5    19.7    18.1
94077 20180916  2.622 -103.74   42.42    32.2    10.3    21.2    22.3     0.0    22.22 C    51.6     9.8    26.4    93.5    13.9    49.9   0.069   0.083   0.100   0.162   0.209    23.9    23.4    22.3    19.9    18.1
94077 20180917  2.622 -103.74   42.42    32.4    10.7    21.5    20.4     0.0    20.29 C    53.6    10.4    24.8    90.9    17.7    56.9   0.067   0.083   0.100   0.162   0.209    23.8    23.3    22.4    20.1    18.1
94077 20180918  2.622 -103.74   42.42    26.1    11.3    18.7    17.3     0.0    17.51 C    43.7    10.9    22.4    96.1    42.6    74.1   0.064   0.081   0.099   0.162   0.208    22.4    22.2    21.8    20.2    18.2
94077 20180919  2.622 -103.74   42.42    17.5    10.9    14.2    13.4     0.0     6.64 C    29.6    11.2    16.5    93.9    72.7    87.7   0.062   0.078   0.098   0.161   0.208    19.9    20.5    21.0    20.1    18.3
94077 20180920  2.622 -103.74   42.42    22.3     2.3    12.3    12.7     0.0    12.85 C    38.6     0.7    15.6    94.5    41.4    76.5   0.061   0.076   0.096   0.161   0.210    18.2    18.8    19.3    19.6    18.3
94077 20180921  2.622 -103.74   42.42    22.2    -1.2    10.5    11.9     0.0    22.78 C    40.2    -3.0    16.0    95.5    28.3    58.8   0.060   0.074   0.094   0.160   0.210    16.8    17.3    17.9    19.1    18.3
94077 20180922  2.622 -103.74   42.42    31.2     1.0    16.1    16.3     0.0    23.56 C    45.5    -1.1    18.2    95.5     4.5    41.6   0.060   0.075   0.095   0.159   0.210    18.3    18.4    18.4    18.6    18.1
94077 20180923  2.622 -103.74   42.42    31.2     0.7    16.0    16.6     0.0    18.52 C    45.9    -0.6    18.7    88.9     9.5    42.1   0.059   0.074   0.095   0.158   0.208    18.1    18.2    18.3    18.4    18.0
94077 20180924  2.622 -103.74   42.42    19.7     6.1    12.9    11.9     4.5    17.70 C    34.7     4.5    15.1    93.4    38.2    72.9   0.058   0.074   0.095   0.158   0.207    17.6    18.1    18.4    18.3    17.9
94077 20180925  2.622 -103.74   42.42    15.8    -1.1     7.4     7.6     2.1    20.55 C    29.1    -2.7     9.2    94.5    28.0    65.6   0.062   0.070   0.093   0.158   0.207    12.7    14.6    16.3    18.0    17.8
94077 20180926  2.622 -103.74   42.42    21.6    -4.7     8.5     8.7     0.0    19.50 C    35.2    -5.5    11.0    95.3    16.1    60.4   0.069   0.068   0.090   0.157   0.208    11.8    12.9    14.3    17.3    17.7
94077 20180927  2.622 -103.74   42.42    20.7     0.9    10.8     8.9     0.0    14.16 C    37.0     0.3    12.2    96.0    22.7    70.0   0.072   0.070   0.091   0.156   0.207    13.4    14.0    14.8    16.6    17.5
94077 20180928  2.622 -103.74   42.42     5.6     0.5     3.0     3.2     1.5     4.19 C     9.4     1.4     4.7    96.1    76.3    86.1   0.067   0.067   0.089   0.156   0.206     9.3    11.2    13.5    16.3    17.3
94077 20180929  2.622 -103.74   42.42    13.0     0.8     6.9     7.2     0.0    15.33 C    28.9    -1.2     9.9    96.1    54.4    77.2   0.070   0.068   0.088   0.155   0.205    10.8    11.4    12.4    15.6    17.1
94077 20180930  2.622 -103.74   42.42     8.4     5.2     6.8     6.3     1.1     4.13 C    12.5     5.5     7.4    95.8    81.6    91.6   0.068   0.068   0.089   0.155   0.206     9.8    10.9    12.4    15.2    16.8
94077 20181001  2.622 -103.74   42.42    23.2     5.8    14.5    12.5     0.2    16.80 C    37.0     5.8    14.1    95.3    30.0    71.4   0.072   0.070   0.089   0.154   0.205    13.3    13.0    12.9    14.8    16.6
94077 20181002  2.622 -103.74   42.42    26.1     4.6    15.3    16.4     0.0    11.68 C    33.6     3.6    16.0    94.7    30.8    56.8   0.075   0.072   0.091   0.154   0.204    14.4    14.3    14.1    14.8    16.3
94077 20181003  2.622 -103.74   42.42    26.7    -1.5    12.6    13.3     0.0    19.98 C    35.9    -2.1    15.0    85.1    18.8    50.8   0.076   0.075   0.092   0.154   0.205    15.6    15.8    15.4    15.1    16.1
94077 20181004  2.622 -103.74   42.42    11.5    -1.7     4.9     5.8     0.8     9.01 C    23.2    -2.5     6.5    89.4    51.2    74.0   0.070   0.070   0.090   0.155   0.205    10.0    11.4    13.3    15.2    16.0
94077 20181005  2.622 -103.74   42.42    10.7    -5.4     2.7     4.9     0.0     8.80 C    18.2    -6.9     5.0    94.4    53.6    74.1   0.069   0.069   0.088   0.154   0.204     9.1    10.5    12.1    14.7    15.9
94077 20181006  2.622 -103.74   42.42    12.2    -9.3     1.5     3.3     0.0    14.54 C    29.7   -10.4     5.6    93.2    38.9    68.0   0.065   0.067   0.087   0.152   0.203     7.4     8.5    10.3    14.1    15.8
94077 20181007  2.622 -103.74   42.42     4.6     0.6     2.6     3.1     0.9     2.01 C     6.8     1.2     3.8    96.6    73.6    90.2   0.066   0.067   0.087   0.152   0.203     7.2     8.6    10.4    13.6    15.6
94077 20181008  2.622 -103.74   42.42     3.0    -1.0     1.0     0.6     3.8     5.46 C     9.8    -1.5     2.0    96.3    79.8    91.9   0.064   0.066   0.086   0.151   0.202     5.3     6.8     8.9    13.1    15.4
94077 20181009  2.622 -103.74   42.42     2.2    -4.4    -1.1    -0.6     0.0     6.04 C     9.3    -5.0     1.2    96.9    77.0    91.3   0.081   0.065   0.085   0.151   0.203     4.5     5.8     7.9    12.5    15.1
94077 20181010  2.622 -103.74   42.42     0.5    -2.9    -1.2    -0.9     0.0     5.05 C     5.2    -2.7     0.6    95.2    78.9    87.2   0.093   0.065   0.084   0.150   0.203     3.3     4.7     7.0    11.9    14.8
94077 20181011  2.622 -103.74   42.42     8.2    -4.1     2.1     2.0     0.7     9.62 C    14.7    -3.3     3.6    96.9    54.8    82.5   0.096   0.067   0.084   0.149   0.203     4.8     5.5     6.9    11.3    14.5
94077 20181012  2.622 -103.74   42.42    15.0    -4.5     5.2     5.2     1.1    19.28 U -9999.0 -9999.0 -9999.0 -9999.0 -9999.0 -9999.0   0.102   0.071   0.085   0.149   0.202     6.0     6.8     7.7    11.1    14.2
94077 20181013  2.622 -103.74   42.42    11.1    -5.1     3.0     1.2     7.8    11.10 U -9999.0 -9999.0 -9999.0 -9999.0 -9999.0 -9999.0   0.099   0.073   0.085   0.149   0.201     5.0     6.1     7.7    11.0    14.0
94077 20181014  2.622 -103.74   42.42    -2.5   -14.2    -8.3    -7.0     0.0    15.00 U -9999.0 -9999.0 -9999.0 -9999.0 -9999.0 -9999.0   0.102   0.074   0.084   0.148   0.200     2.8     4.2     6.6    10.8    13.7
94077 20181015  2.622 -103.74   42.42     9.2   -15.9    -3.3    -3.3     0.0    19.15 U -9999.0 -9999.0 -9999.0 -9999.0 -9999.0 -9999.0   0.109   0.092   0.083   0.148   0.201     1.5     2.9     5.2    10.3    13.5
94077 20181016  2.622 -103.74   42.42    16.4    -4.1     6.1     4.6     0.0    18.06 U -9999.0 -9999.0 -9999.0 -9999.0 -9999.0 -9999.0   0.124   0.108   0.083   0.147   0.201     4.0     4.5     5.5     9.7    13.3
94077 20181017  2.622 -103.74   42.42    17.1    -5.7     5.7     6.1     0.0    17.86 U -9999.0 -9999.0 -9999.0 -9999.0 -9999.0 -9999.0   0.138   0.108   0.084   0.147   0.199     5.7     6.1     6.6     9.6    13.0
94077 20181018  2.622 -103.74   42.42    21.5    -0.2    10.6    10.1     0.0    17.49 U -9999.0 -9999.0 -9999.0 -9999.0 -9999.0 -9999.0   0.138   0.109   0.085   0.147   0.199     8.1     8.2     8.1     9.8    12.7
94077 20181019  2.622 -103.74   42.42    17.5    -1.9     7.8     7.3     0.0    17.56 U -9999.0 -9999.0 -9999.0 -9999.0 -9999.0 -9999.0   0.133   0.107   0.086   0.148   0.199     8.0     8.6     8.9    10.1    12.6
94077 20181020  2.622 -103.74   42.42    19.3    -5.9     6.7     7.8     0.0    17.26 U -9999.0 -9999.0 -9999.0 -9999.0 -9999.0 -9999.0   0.128   0.104   0.086   0.148   0.199     7.9     8.3     8.7    10.4    12.5
94077 20181021  2.622 -103.74   42.42    21.7    -2.0     9.8     8.8     0.0    16.97 U -9999.0 -9999.0 -9999.0 -9999.0 -9999.0 -9999.0   0.127   0.104   0.088   0.148   0.199     9.5     9.8     9.7    10.5    12.4
94077 20181022  2.622 -103.74   42.42    19.8    -4.6     7.6     6.5     0.0    16.55 U -9999.0 -9999.0 -9999.0 -9999.0 -9999.0 -9999.0   0.122   0.102   0.088   0.150   0.199     8.6     9.2     9.6    10.7    12.4
94077 20181023  2.622 -103.74   42.42    16.4     1.9     9.2    10.0     0.0     8.08 U -9999.0 -9999.0 -9999.0 -9999.0 -9999.0 -9999.0   0.118   0.100   0.088   0.149   0.199     8.5     8.9     9.5    10.8    12.4
94077 20181024  2.622 -103.74   42.42    19.4     0.5    10.0    11.1     0.0    12.22 U -9999.0 -9999.0 -9999.0 -9999.0 -9999.0 -9999.0   0.119   0.101   0.089   0.149   0.199    10.9    10.9    10.5    10.8    12.3
94077 20181025  2.622 -103.74   42.42    19.1    -1.4     8.8     8.4     0.0    10.53 U -9999.0 -9999.0 -9999.0 -9999.0 -9999.0 -9999.0   0.114   0.099   0.089   0.149   0.199     9.1     9.5    10.1    11.0    12.3
94077 20181026  2.622 -103.74   42.42    19.4    -1.0     9.2     8.9     0.0    12.74 U -9999.0 -9999.0 -9999.0 -9999.0 -9999.0 -9999.0   0.111   0.098   0.089   0.150   0.199     9.7    10.0    10.2    11.0    12.3
94077 20181027  2.622 -103.74   42.42    24.1    -3.3    10.4     7.5     0.0    15.37 U -9999.0 -9999.0 -9999.0 -9999.0 -9999.0 -9999.0   0.108   0.096   0.089   0.150   0.199     8.8     9.3     9.8    11.0    12.3
94077 20181028  2.622 -103.74   42.42    20.9    -5.0     8.0     7.6     0.0    15.22 U -9999.0 -9999.0 -9999.0 -9999.0 -9999.0 -9999.0   0.105   0.096   0.089   0.150   0.199     8.8     9.2     9.6    11.0    12.3
94077 20181029  2.622 -103.74   42.42    24.7     0.6    12.7    11.2     0.0    12.41 U -9999.0 -9999.0 -9999.0 -9999.0 -9999.0 -9999.0   0.104   0.095   0.090   0.150   0.199    10.0    10.2    10.2    10.9    12.3
94077 20181030  2.622 -103.74   42.42    10.7    -6.6     2.1     3.0     0.0    10.13 U -9999.0 -9999.0 -9999.0 -9999.0 -9999.0 -9999.0   0.098   0.092   0.089   0.150   0.199     7.1     8.2     9.4    11.0    12.2
94077 20181031  2.622 -103.74   42.42    10.6   -10.0     0.3    -0.4     0.0    14.88 U -9999.0 -9999.0 -9999.0 -9999.0 -9999.0 -9999.0   0.090   0.089   0.087   0.150   0.199     4.4     5.6     7.3    10.6    12.2
94077 20181101  2.622 -103.74   42.42     9.8    -3.4     3.2     4.5     0.0     6.75 U -9999.0 -9999.0 -9999.0 -9999.0 -9999.0 -9999.0   0.093   0.088   0.087   0.149   0.198     4.8     5.4     6.7    10.1    12.1
94077 20181102  2.622 -103.74   42.42    11.9     0.9     6.4     5.2     3.8     7.14 U -9999.0 -9999.0 -9999.0 -9999.0 -9999.0 -9999.0   0.094   0.089   0.087   0.148   0.197     6.5     6.7     7.3     9.7    11.9
94077 20181103  2.622 -103.74   42.42     5.9    -5.7     0.1     1.9     0.0     9.11 U -9999.0 -9999.0 -9999.0 -9999.0 -9999.0 -9999.0   0.096   0.087   0.087   0.148   0.198     4.6     5.7     7.2     9.6    11.8
94077 20181104  2.622 -103.74   42.42    11.3    -7.4     1.9     2.2     1.5     9.57 U -9999.0 -9999.0 -9999.0 -9999.0 -9999.0 -9999.0   0.092   0.085   0.085   0.148   0.199     3.3     4.1     5.5     9.3    11.7
94077 20181105  2.622 -103.74   42.42     9.0    -4.5     2.2     2.6     0.0    12.59 U -9999.0 -9999.0 -9999.0 -9999.0 -9999.0 -9999.0   0.101   0.085   0.086   0.147   0.198     3.6     4.5     5.7     9.0    11.5
94077 20181106  2.622 -103.74   42.42     6.8    -6.2     0.3    -0.5     0.0    12.00 U -9999.0 -9999.0 -9999.0 -9999.0 -9999.0 -9999.0   0.093   0.084   0.085   0.147   0.198     2.2     3.3     4.9     8.7    11.3
94077 20181107  2.622 -103.74   42.42     2.2    -6.6    -2.2    -2.6     0.9     7.58 U -9999.0 -9999.0 -9999.0 -9999.0 -9999.0 -9999.0   0.078   0.083   0.084   0.146   0.198     1.2     2.3     4.1     8.3    11.2
94077 20181108  2.622 -103.74   42.42     0.5   -10.2    -4.8    -4.9     0.3    10.88 U -9999.0 -9999.0 -9999.0 -9999.0 -9999.0 -9999.0 -99.000   0.081   0.084   0.146   0.198     0.6     1.7     3.5     7.8    11.0
94077 20181109  2.622 -103.74   42.42     2.5   -11.6    -4.6    -5.6     0.0    13.49 U -9999.0 -9999.0 -9999.0 -9999.0 -9999.0 -9999.0 -99.000 -99.000   0.082   0.145   0.198    -1.3     0.0     2.3     7.4    10.8
94077 20181110  2.622 -103.74   42.42     6.4    -9.1    -1.3    -0.8     0.0     9.54 U -9999.0 -9999.0 -9999.0 -9999.0 -9999.0 -9999.0 -99.000 -99.000   0.083   0.145   0.197    -0.6     0.3     2.0     6.9    10.5
94077 20181111  2.622 -103.74   42.42     0.2   -10.5    -5.2    -4.9     0.0     6.36 U -9999.0 -9999.0 -9999.0 -9999.0 -9999.0 -9999.0 -99.000 -99.000   0.082   0.144   0.196    -1.4    -0.1     1.8     6.5    10.3
94077 20181112  2.622 -103.74   42.42     0.0   -15.0    -7.5    -7.1     0.0    13.57 U -9999.0 -9999.0 -9999.0 -9999.0 -9999.0 -9999.0 -99.000 -99.000   0.081   0.144   0.196    -2.5    -1.1     1.0     6.1    10.0
94077 20181113  2.622 -103.74   42.42    11.3    -7.0     2.1     1.7     0.0    12.22 U -9999.0 -9999.0 -9999.0 -9999.0 -9999.0 -9999.0 -99.000 -99.000   0.080   0.143   0.196    -0.9    -0.4     0.9     5.7     9.8
94077 20181114  2.622 -103.74   42.42    17.6    -9.3     4.1     1.9     0.0    12.90 U -9999.0 -9999.0 -9999.0 -9999.0 -9999.0 -9999.0 -99.000 -99.000   0.083   0.142   0.195     0.4     0.9     1.8     5.6     9.5
94077 20181115  2.622 -103.74   42.42    11.8    -8.5     1.6     0.1     0.0    12.47 U -9999.0 -9999.0 -9999.0 -9999.0 -9999.0 -9999.0 -99.000   0.075   0.083   0.143   0.195     0.6     1.3     2.3     5.6     9.3
94077 20181116  2.622 -103.74   42.42    15.0    -9.5     2.7     1.3     0.0    10.78 U -9999.0 -9999.0 -9999.0 -9999.0 -9999.0 -9999.0 -99.000 -99.000   0.083   0.143   0.195     0.7     1.3     2.3     5.6     9.1
94077 20181117  2.622 -103.74   42.42    -2.6   -19.3   -10.9   -10.9     5.8     4.73 U -9999.0 -9999.0 -9999.0 -9999.0 -9999.0 -9999.0 -99.000   0.078   0.083   0.143   0.195     0.1     1.0     2.5     5.6     9.0
94077 20181118  2.622 -103.74   42.42     3.0   -22.1    -9.6    -8.8     0.0    12.60 U -9999.0 -9999.0 -9999.0 -9999.0 -9999.0 -9999.0 -99.000 -99.000   0.082   0.143   0.195    -0.9     0.0     1.6     5.5     8.9
94077 20181119  2.622 -103.74   42.42     5.1    -8.3    -1.6     0.0     0.0    10.07 U -9999.0 -9999.0 -9999.0 -9999.0 -9999.0 -9999.0 -99.000 -99.000   0.082   0.142   0.194    -0.3     0.4     1.5     5.2     8.7
94077 20181120  2.622 -103.74   42.42    11.9   -10.0     0.9    -1.6     0.0    11.89 U -9999.0 -9999.0 -9999.0 -9999.0 -9999.0 -9999.0 -99.000 -99.000   0.083   0.142   0.193    -0.7     0.1     1.5     5.2     8.6
94077 20181121  2.622 -103.74   42.42    15.6    -9.3     3.1     0.4     0.0    12.00 U -9999.0 -9999.0 -9999.0 -9999.0 -9999.0 -9999.0 -99.000 -99.000   0.082   0.142   0.193    -0.6     0.2     1.4     5.0     8.4
94077 20181122  2.622 -103.74   42.42    16.0   -10.1     2.9     2.4     0.0     6.73 U -9999.0 -9999.0 -9999.0 -9999.0 -9999.0 -9999.0 -99.000 -99.000   0.082   0.142   0.193    -0.9     0.0     1.3     4.9     8.3
94077 20181123  2.622 -103.74   42.42    11.2    -7.3     2.0     2.5     0.0     9.37 U -9999.0 -9999.0 -9999.0 -9999.0 -9999.0 -9999.0 -99.000   0.076   0.082   0.142   0.193     0.5     0.9     1.7     4.8     8.2
94077 20181124  2.622 -103.74   42.42     3.6    -7.3    -1.8    -1.2    10.3     1.82 U -9999.0 -9999.0 -9999.0 -9999.0 -9999.0 -9999.0 -99.000   0.060   0.083   0.142   0.193    -0.1     0.6     1.7     4.8     8.1
94077 20181125  2.622 -103.74   42.42    -1.6   -12.3    -7.0    -5.4     0.6    10.82 U -9999.0 -9999.0 -9999.0 -9999.0 -9999.0 -9999.0 -99.000   0.083   0.082   0.142   0.193     0.1     0.6     1.7     4.8     8.0
94077 20181126  2.622 -103.74   42.42     0.3   -14.3    -7.0    -5.9     0.0    10.67 U -9999.0 -9999.0 -9999.0 -9999.0 -9999.0 -9999.0 -99.000 -99.000   0.082   0.142   0.193    -0.2     0.4     1.6     4.7     7.8
94077 20181127  2.622 -103.74   42.42     8.8    -8.4     0.2     0.7     0.0     9.74 U -9999.0 -9999.0 -9999.0 -9999.0 -9999.0 -9999.0 -99.000   0.060   0.082   0.142   0.193     0.0     0.5     1.5     4.6     7.8
94077 20181128  2.622 -103.74   42.42     8.4    -4.1     2.2     2.4     0.7     8.42 U -9999.0 -9999.0 -9999.0 -9999.0 -9999.0 -9999.0 -99.000   0.101   0.084   0.142   0.192     1.5     1.8     2.1     4.6     7.6
94077 20181129  2.622 -103.74   42.42     8.5    -2.1     3.2     2.0     0.0     7.11 U -9999.0 -9999.0 -9999.0 -9999.0 -9999.0 -9999.0   0.146   0.120   0.100   0.143   0.192     1.6     2.0     2.5     4.7     7.5
94077 20181130  2.622 -103.74   42.42     3.8    -0.7     1.5     2.1     0.2     0.96 U -9999.0 -9999.0 -9999.0 -9999.0 -9999.0 -9999.0   0.164   0.121   0.106   0.143   0.192     1.8     2.1     2.7     4.8     7.5
94077 20181201  2.622 -103.74   42.42     0.6    -2.5    -0.9    -0.6     5.3     3.17 U -9999.0 -9999.0 -9999.0 -9999.0 -9999.0 -9999.0   0.156   0.122   0.109   0.143   0.192     0.9     1.5     2.4     4.9     7.5
94077 20181202  2.622 -103.74   42.42    -1.0    -6.0    -3.5    -3.4     0.4     4.94 U -9999.0 -9999.0 -9999.0 -9999.0 -9999.0 -9999.0   0.131   0.124   0.113   0.143   0.192     0.6     1.1     1.9     4.8     7.4
94077 20181203  2.622 -103.74   42.42    -3.9   -11.8    -7.9    -6.6     0.0     5.36 U -9999.0 -9999.0 -9999.0 -9999.0 -9999.0 -9999.0 -99.000   0.126   0.116   0.143   0.192     0.3     0.8     1.7     4.6     7.4
94077 20181204  2.622 -103.74   42.42    -1.5   -15.6    -8.5    -7.7     1.1     9.57 U -9999.0 -9999.0 -9999.0 -9999.0 -9999.0 -9999.0 -99.000   0.101   0.117   0.143   0.192     0.1     0.6     1.5     4.5     7.3
94077 20181205  2.622 -103.74   42.42    -2.0   -17.5    -9.8    -9.6     0.0     5.87 U -9999.0 -9999.0 -9999.0 -9999.0 -9999.0 -9999.0 -99.000   0.076   0.116   0.143   0.192    -0.1     0.3     1.3     4.4     7.2
94077 20181206  2.622 -103.74   42.42    -4.1   -16.1   -10.1   -10.4     0.0     7.43 U -9999.0 -9999.0 -9999.0 -9999.0 -9999.0 -9999.0 -99.000 -99.000   0.115   0.143   0.192    -0.5     0.0     1.1     4.2     7.2
94077 20181207  2.622 -103.74   42.42    -3.0   -19.0   -11.0   -11.6     0.0    10.68 U -9999.0 -9999.0 -9999.0 -9999.0 -9999.0 -9999.0 -99.000 -99.000   0.101   0.142   0.192    -1.7    -0.8     0.6     4.1     7.1
94077 20181208  2.622 -103.74   42.42     3.4   -15.1    -5.8    -4.5     0.0    10.41 U -9999.0 -9999.0 -9999.0 -9999.0 -9999.0 -9999.0 -99.000 -99.000   0.119   0.142   0.191    -1.9    -1.3     0.1     3.9     7.0
94077 20181209  2.622 -103.74   42.42     2.5   -13.6    -5.6    -5.8     0.0     9.92 U -9999.0 -9999.0 -9999.0 -9999.0 -9999.0 -9999.0 -99.000 -99.000 -99.000   0.142   0.191    -2.1    -1.5    -0.1     3.7     6.8
94077 20181210  2.622 -103.74   42.42     9.3   -17.6    -4.2    -5.4     0.0     8.95 U -9999.0 -9999.0 -9999.0 -9999.0 -9999.0 -9999.0 -99.000 -99.000 -99.000   0.141   0.191    -2.8    -2.3    -0.6     3.4     6.7
94077 20181211  2.622 -103.74   42.42     3.7   -12.0    -4.2    -3.7     0.0     9.05 U -9999.0 -9999.0 -9999.0 -9999.0 -9999.0 -9999.0 -99.000 -99.000 -99.000   0.141   0.190    -2.3    -1.7    -0.6     3.2     6.5
94077 20181212  2.622 -103.74   42.42     7.5   -11.6    -2.1     1.1     0.0     2.33 U -9999.0 -9999.0 -9999.0 -9999.0 -9999.0 -9999.0 -99.000 -99.000 -99.000   0.140   0.189    -2.4    -1.9    -0.8     3.1     6.4
94077 20181213  2.622 -103.74   42.42     4.5   -10.1    -2.8    -3.1     0.0    10.12 U -9999.0 -9999.0 -9999.0 -9999.0 -9999.0 -9999.0 -99.000 -99.000 -99.000   0.140   0.189    -3.1    -2.1    -0.8     3.0     6.3
94077 20181214  2.622 -103.74   42.42    11.3   -12.0    -0.3    -0.8     0.0    10.13 U -9999.0 -9999.0 -9999.0 -9999.0 -9999.0 -9999.0 -99.000 -99.000 -99.000   0.140   0.190    -3.7    -3.0    -1.6     2.7     6.1
94077 20181215  2.622 -103.74   42.42    12.6    -7.0     2.8     3.6     0.0     5.36 U -9999.0 -9999.0 -9999.0 -9999.0 -9999.0 -9999.0 -99.000 -99.000 -99.000   0.140   0.190    -1.8    -1.5    -0.9     2.5     6.0
94077 20181216  2.622 -103.74   42.42    12.3   -10.3     1.0     0.5     0.0    10.09 U -9999.0 -9999.0 -9999.0 -9999.0 -9999.0 -9999.0 -99.000 -99.000 -99.000   0.139   0.190    -1.9    -1.4    -0.7     2.5     5.9
94077 20181217  2.622 -103.74   42.42    14.7   -10.4     2.1     0.3     0.0     8.19 U -9999.0 -9999.0 -9999.0 -9999.0 -9999.0 -9999.0 -99.000 -99.000 -99.000   0.139   0.189    -2.2    -1.6    -0.7     2.5     5.7
94077 20181218  2.622 -103.74   42.42    12.4    -6.3     3.1     2.2     0.0     9.82 U -9999.0 -9999.0 -9999.0 -9999.0 -9999.0 -9999.0 -99.000 -99.000 -99.000   0.140   0.189    -1.3    -0.9    -0.4     2.5     5.6
94077 20181219  2.622 -103.74   42.42     7.2    -1.2     3.0     2.9     1.3     8.90 U -9999.0 -9999.0 -9999.0 -9999.0 -9999.0 -9999.0 -99.000 -99.000 -99.000   0.140   0.189    -0.5    -0.4    -0.1     2.5     5.6
94077 20181220  2.622 -103.74   42.42     7.1    -8.0    -0.4    -1.3     0.0    10.03 U -9999.0 -9999.0 -9999.0 -9999.0 -9999.0 -9999.0 -99.000 -99.000   0.077   0.140   0.189    -1.3    -0.6     0.0     2.6     5.5
94077 20181221  2.622 -103.74   42.42    12.0    -9.3     1.4     0.3     0.0     4.55 U -9999.0 -9999.0 -9999.0 -9999.0 -9999.0 -9999.0 -99.000 -99.000 -99.000   0.140   0.189    -2.2    -1.4    -0.4     2.6     5.4
94077 20181222  2.622 -103.74   42.42     1.4   -11.9    -5.2    -3.7     0.0     7.46 U -9999.0 -9999.0 -9999.0 -9999.0 -9999.0 -9999.0 -99.000 -99.000 -99.000   0.140   0.189    -2.4    -1.5    -0.5     2.5     5.4
94077 20181223  2.622 -103.74   42.42     7.0   -14.9    -3.9    -4.9     0.0     7.41 U -9999.0 -9999.0 -9999.0 -9999.0 -9999.0 -9999.0 -99.000 -99.000 -99.000   0.140   0.189    -5.2    -4.1    -2.1     2.3     5.3
94077 20181224  2.622 -103.74   42.42     8.3   -11.5    -1.6    -3.0     0.0     9.31 U -9999.0 -9999.0 -9999.0 -9999.0 -9999.0 -9999.0 -99.000 -99.000 -99.000   0.139   0.189    -3.6    -3.1    -2.2     1.9     5.2
94077 20181225  2.622 -103.74   42.42     2.4   -12.2    -4.9    -5.0     0.0     5.10 U -9999.0 -9999.0 -9999.0 -9999.0 -9999.0 -9999.0 -99.000 -99.000 -99.000   0.139   0.189    -4.1    -3.4    -2.2     1.7     5.1
94077 20181226  2.622 -103.74   42.42    -0.1    -6.4    -3.2    -2.4     0.4     1.09 U -9999.0 -9999.0 -9999.0 -9999.0 -9999.0 -9999.0 -99.000 -99.000 -99.000   0.139   0.188    -2.6    -2.3    -1.7     1.5     5.0
94077 20181227  2.622 -103.74   42.42    -5.2   -10.9    -8.1    -7.8     0.0     3.51 U -9999.0 -9999.0 -9999.0 -9999.0 -9999.0 -9999.0 -99.000 -99.000 -99.000   0.139   0.188    -5.4    -4.3    -2.4     1.5     4.9
94077 20181228  2.622 -103.74   42.42    -8.5   -20.1   -14.3   -12.9     0.0     5.51 U -9999.0 -9999.0 -9999.0 -9999.0 -9999.0 -9999.0 -99.000 -99.000 -99.000   0.138   0.188    -8.0    -6.6    -4.2     1.1     4.8
94077 20181229  2.622 -103.74   42.42     3.3   -21.8    -9.3    -9.5     0.3    10.07 U -9999.0 -9999.0 -9999.0 -9999.0 -9999.0 -9999.0 -99.000 -99.000 -99.000 -99.000   0.187    -9.5    -8.5    -6.2     0.5     4.6
94077 20181230  2.622 -103.74   42.42     7.0    -8.1    -0.6    -0.9     0.0     7.44 U -9999.0 -9999.0 -9999.0 -9999.0 -9999.0 -9999.0 -99.000 -99.000 -99.000 -99.000   0.188    -4.7    -4.7    -4.3    -0.1     4.4
94077 20181231  2.622 -103.74   42.42    -0.7   -17.0    -8.8   -12.1     2.3     4.13 U -9999.0 -9999.0 -9999.0 -9999.0 -9999.0 -9999.0 -99.000 -99.000 -99.000 -99.000   0.188    -5.1    -4.3    -3.2     0.1     4.2
