25711 20180101  2.424 -170.21   57.16     2.9    -1.5     0.7     1.8     0.3     0.61 C     3.0    -4.2     0.9    98.0    82.1    90.7 -99.000 -99.000 -99.000 -99.000 -99.000 -9999.0 -9999.0 -9999.0 -9999.0 -9999.0
25711 20180102  2.424 -170.21   57.16     1.2    -4.5    -1.7    -0.6     0.2     0.84 C     1.5    -7.3    -1.6    98.8    90.3    95.5 -99.000 -99.000 -99.000 -99.000 -99.000 -9999.0 -9999.0 -9999.0 -9999.0 -9999.0
25711 20180103  2.424 -170.21   57.16     2.9    -6.0    -1.6     0.9     0.3     0.89 C     1.4    -8.6    -0.5    95.4    73.5    84.1 -99.000 -99.000 -99.000 -99.000 -99.000 -9999.0 -9999.0 -9999.0 -9999.0 -9999.0
25711 20180104  2.424 -170.21   57.16     4.8     1.5     3.2     3.2     5.3     0.18 C     4.3     0.4     2.5    96.1    77.9    88.3 -99.000 -99.000 -99.000 -99.000 -99.000 -9999.0 -9999.0 -9999.0 -9999.0 -9999.0
25711 20180105  2.424 -170.21   57.16     4.8     3.1     4.0     3.9     4.4     0.44 C     4.3     2.5     3.5    99.1    91.7    95.9 -99.000 -99.000 -99.000 -99.000 -99.000 -9999.0 -9999.0 -9999.0 -9999.0 -9999.0
25711 20180106  2.424 -170.21   57.16     4.6     2.8     3.7     3.6     0.6     1.50 C     5.5     1.3     3.0    96.2    81.8    90.5 -99.000 -99.000 -99.000 -99.000 -99.000 -9999.0 -9999.0 -9999.0 -9999.0 -9999.0
25711 20180107  2.424 -170.21   57.16     3.9     1.6     2.7     3.1     0.3     0.83 C     5.0     0.0     2.1    92.5    77.3    87.6 -99.000 -99.000 -99.000 -99.000 -99.000 -9999.0 -9999.0 -9999.0 -9999.0 -9999.0
25711 20180108  2.424 -170.21   57.16     3.7     2.0     2.8     2.8     4.1     0.26 C     2.8     1.4     2.0    94.0    80.5    87.2 -99.000 -99.000 -99.000 -99.000 -99.000 -9999.0 -9999.0 -9999.0 -9999.0 -9999.0
25711 20180109  2.424 -170.21   57.16     4.0     2.5     3.2     3.4     0.8     1.68 C     3.4     1.2     2.5    93.9    80.2    86.7 -99.000 -99.000 -99.000 -99.000 -99.000 -9999.0 -9999.0 -9999.0 -9999.0 -9999.0
25711 20180110  2.424 -170.21   57.16     4.3     1.6     2.9     3.5     1.9     0.46 C     3.5     1.2     2.6    94.7    80.6    86.0 -99.000 -99.000 -99.000 -99.000 -99.000 -9999.0 -9999.0 -9999.0 -9999.0 -9999.0
25711 20180111  2.424 -170.21   57.16     3.5     0.9     2.2     2.2     1.1     0.74 C     2.9     0.3     1.7    93.9    87.4    91.2 -99.000 -99.000 -99.000 -99.000 -99.000 -9999.0 -9999.0 -9999.0 -9999.0 -9999.0
25711 20180112  2.424 -170.21   57.16     3.1    -2.3     0.4     1.5     0.6     0.79 C     3.3    -4.3     1.0   100.0    92.1    95.8 -99.000 -99.000 -99.000 -99.000 -99.000 -9999.0 -9999.0 -9999.0 -9999.0 -9999.0
25711 20180113  2.424 -170.21   57.16     2.1     0.5     1.3     1.3     0.0     0.51 C     1.5    -0.5     0.7    99.9    86.2    92.3 -99.000 -99.000 -99.000 -99.000 -99.000 -9999.0 -9999.0 -9999.0 -9999.0 -9999.0
25711 20180114  2.424 -170.21   57.16     1.3    -1.3     0.0     0.3     2.1     0.67 C     0.8    -3.1    -0.4    96.6    86.0    91.6 -99.000 -99.000 -99.000 -99.000 -99.000 -9999.0 -9999.0 -9999.0 -9999.0 -9999.0
25711 20180115  2.424 -170.21   57.16     1.0    -3.6    -1.3    -0.1     1.6     2.03 C     1.3    -6.6    -1.0    92.7    85.5    89.7 -99.000 -99.000 -99.000 -99.000 -99.000 -9999.0 -9999.0 -9999.0 -9999.0 -9999.0
25711 20180116  2.424 -170.21   57.16    -0.9    -7.0    -3.9    -2.4     1.0     1.91 C    -1.3   -11.1    -4.0    89.5    74.8    83.4 -99.000 -99.000 -99.000 -99.000 -99.000 -9999.0 -9999.0 -9999.0 -9999.0 -9999.0
25711 20180117  2.424 -170.21   57.16    -1.2   -10.1    -5.7    -5.0     0.9     2.57 C     0.5   -16.1    -7.5    98.5    66.1    84.7 -99.000 -99.000 -99.000 -99.000 -99.000 -9999.0 -9999.0 -9999.0 -9999.0 -9999.0
25711 20180118  2.424 -170.21   57.16    -2.0   -12.4    -7.2    -5.4     0.2     2.26 C    -2.1   -17.0    -8.3    86.3    68.1    80.1 -99.000 -99.000 -99.000 -99.000 -99.000 -9999.0 -9999.0 -9999.0 -9999.0 -9999.0
25711 20180119  2.424 -170.21   57.16    -1.9    -6.1    -4.0    -3.1     0.4     2.86 C    -2.6    -8.7    -4.5    86.5    65.8    73.3 -99.000 -99.000 -99.000 -99.000 -99.000 -9999.0 -9999.0 -9999.0 -9999.0 -9999.0
25711 20180120  2.424 -170.21   57.16    -2.0    -4.2    -3.1    -2.8     0.0     2.46 C    -2.1    -6.5    -4.3    76.6    65.1    73.6 -99.000 -99.000 -99.000 -99.000 -99.000 -9999.0 -9999.0 -9999.0 -9999.0 -9999.0
25711 20180121  2.424 -170.21   57.16    -0.2    -2.3    -1.2    -1.4     0.0     1.03 C    -1.2    -3.9    -2.3    81.6    66.8    73.3 -99.000 -99.000 -99.000 -99.000 -99.000 -9999.0 -9999.0 -9999.0 -9999.0 -9999.0
25711 20180122  2.424 -170.21   57.16    -0.5    -3.5    -2.0    -1.8     0.7     1.21 C    -0.5    -4.4    -2.6    97.0    75.5    84.9 -99.000 -99.000 -99.000 -99.000 -99.000 -9999.0 -9999.0 -9999.0 -9999.0 -9999.0
25711 20180123  2.424 -170.21   57.16     2.3    -1.1     0.6     1.0     0.8     2.51 C     1.9    -3.1    -0.3    88.7    74.9    82.7 -99.000 -99.000 -99.000 -99.000 -99.000 -9999.0 -9999.0 -9999.0 -9999.0 -9999.0
25711 20180124  2.424 -170.21   57.16     1.7    -3.4    -0.9     0.4     0.5     1.56 C     1.4    -6.5    -1.0    93.1    65.6    78.0 -99.000 -99.000 -99.000 -99.000 -99.000 -9999.0 -9999.0 -9999.0 -9999.0 -9999.0
25711 20180125  2.424 -170.21   57.16     0.7    -4.0    -1.7    -0.5     0.0     1.53 C     0.3    -4.5    -1.6    79.1    61.8    71.2 -99.000 -99.000 -99.000 -99.000 -99.000 -9999.0 -9999.0 -9999.0 -9999.0 -9999.0
25711 20180126  2.424 -170.21   57.16    -3.5    -5.8    -4.7    -4.8     0.0     1.54 C    -3.9    -6.7    -5.3    82.0    73.2    77.8 -99.000 -99.000 -99.000 -99.000 -99.000 -9999.0 -9999.0 -9999.0 -9999.0 -9999.0
25711 20180127  2.424 -170.21   57.16    -2.9    -5.0    -3.9    -4.1     0.0     2.84 C    -2.5    -6.4    -5.1    81.1    77.7    79.6 -99.000 -99.000 -99.000 -99.000 -99.000 -9999.0 -9999.0 -9999.0 -9999.0 -9999.0
25711 20180128  2.424 -170.21   57.16    -2.4    -4.6    -3.5    -3.7     0.0     3.34 C    -1.7    -6.2    -4.6    81.5    78.5    79.6 -99.000 -99.000 -99.000 -99.000 -99.000 -9999.0 -9999.0 -9999.0 -9999.0 -9999.0
25711 20180129  2.424 -170.21   57.16     0.8    -3.4    -1.3    -1.3     0.0     3.92 C     0.1    -5.2    -2.1    90.8    77.5    83.2 -99.000 -99.000 -99.000 -99.000 -99.000 -9999.0 -9999.0 -9999.0 -9999.0 -9999.0
25711 20180130  2.424 -170.21   57.16     1.1    -2.6    -0.7    -0.6     0.0     1.62 C     0.8    -4.0    -1.2    90.4    82.0    86.5 -99.000 -99.000 -99.000 -99.000 -99.000 -9999.0 -9999.0 -9999.0 -9999.0 -9999.0
25711 20180131  2.424 -170.21   57.16    -2.1    -3.9    -3.0    -3.0     0.0     4.61 C    -3.2    -5.1    -4.1    82.4    68.0    75.8 -99.000 -99.000 -99.000 -99.000 -99.000 -9999.0 -9999.0 -9999.0 -9999.0 -9999.0
25711 20180201  2.424 -170.21   57.16    -3.0    -5.7    -4.4    -4.2     0.0     4.19 C    -2.9    -6.2    -4.9    78.6    68.9    75.2 -99.000 -99.000 -99.000 -99.000 -99.000 -9999.0 -9999.0 -9999.0 -9999.0 -9999.0
25711 20180202  2.424 -170.21   57.16    -0.9    -5.2    -3.1    -2.5     0.0     4.79 C    -1.1    -5.4    -3.3    87.7    75.3    80.3 -99.000 -99.000 -99.000 -99.000 -99.000 -9999.0 -9999.0 -9999.0 -9999.0 -9999.0
25711 20180203  2.424 -170.21   57.16     2.9    -1.0     1.0     0.9     1.3     1.17 C     2.5    -1.4     0.5    98.4    83.9    90.6 -99.000 -99.000 -99.000 -99.000 -99.000 -9999.0 -9999.0 -9999.0 -9999.0 -9999.0
25711 20180204  2.424 -170.21   57.16     3.4     1.9     2.6     2.9     0.7     1.22 C     3.4     1.1     2.6   100.0    93.4    98.0 -99.000 -99.000 -99.000 -99.000 -99.000 -9999.0 -9999.0 -9999.0 -9999.0 -9999.0
25711 20180205  2.424 -170.21   57.16     1.9    -0.4     0.7     0.6     3.2     0.77 C     1.6    -0.6     0.2    99.0    86.0    93.2 -99.000 -99.000 -99.000 -99.000 -99.000 -9999.0 -9999.0 -9999.0 -9999.0 -9999.0
25711 20180206  2.424 -170.21   57.16     3.4     0.1     1.8     2.1     0.9     3.21 C     4.2    -0.1     1.5   100.0    88.0    93.9 -99.000 -99.000 -99.000 -99.000 -99.000 -9999.0 -9999.0 -9999.0 -9999.0 -9999.0
25711 20180207  2.424 -170.21   57.16     4.4     3.2     3.8     3.9     3.2     0.54 C     3.9     2.4     3.4    95.5    90.0    93.1 -99.000 -99.000 -99.000 -99.000 -99.000 -9999.0 -9999.0 -9999.0 -9999.0 -9999.0
25711 20180208  2.424 -170.21   57.16     4.4     2.8     3.6     3.6     0.5     2.42 C     4.8     2.2     3.2    96.5    85.4    90.7 -99.000 -99.000 -99.000 -99.000 -99.000 -9999.0 -9999.0 -9999.0 -9999.0 -9999.0
25711 20180209  2.424 -170.21   57.16     3.0    -0.1     1.5     1.9     0.2     3.26 C     5.1    -0.4     1.8   100.0    91.2    96.7 -99.000 -99.000 -99.000 -99.000 -99.000 -9999.0 -9999.0 -9999.0 -9999.0 -9999.0
25711 20180210  2.424 -170.21   57.16     3.5     0.2     1.8     2.5     1.4     1.45 C     3.9    -0.1     2.2   100.0    93.8    98.0 -99.000 -99.000 -99.000 -99.000 -99.000 -9999.0 -9999.0 -9999.0 -9999.0 -9999.0
25711 20180211  2.424 -170.21   57.16     3.3     1.2     2.3     2.1     0.0     3.73 C     7.4     0.2     2.0    99.5    91.7    97.1 -99.000 -99.000 -99.000 -99.000 -99.000 -9999.0 -9999.0 -9999.0 -9999.0 -9999.0
25711 20180212  2.424 -170.21   57.16     3.9     0.6     2.2     2.2     2.5     3.39 C     4.8    -1.7     1.5    93.5    61.1    77.7 -99.000 -99.000 -99.000 -99.000 -99.000 -9999.0 -9999.0 -9999.0 -9999.0 -9999.0
25711 20180213  2.424 -170.21   57.16     3.9     1.0     2.4     3.0     1.9     2.78 C     3.8    -1.0     2.4    95.6    73.3    86.7 -99.000 -99.000 -99.000 -99.000 -99.000 -9999.0 -9999.0 -9999.0 -9999.0 -9999.0
25711 20180214  2.424 -170.21   57.16     4.0     0.6     2.3     2.4     0.3     5.35 C     6.2    -0.4     1.8    88.6    77.3    83.1 -99.000 -99.000 -99.000 -99.000 -99.000 -9999.0 -9999.0 -9999.0 -9999.0 -9999.0
25711 20180215  2.424 -170.21   57.16     4.2     0.5     2.3     2.6     3.5     4.09 C     4.7    -0.5     2.0    93.9    71.2    83.7 -99.000 -99.000 -99.000 -99.000 -99.000 -9999.0 -9999.0 -9999.0 -9999.0 -9999.0
25711 20180216  2.424 -170.21   57.16     4.1     1.7     2.9     3.1     0.0     6.09 C     4.7     0.0     2.3    84.3    73.1    78.0 -99.000 -99.000 -99.000 -99.000 -99.000 -9999.0 -9999.0 -9999.0 -9999.0 -9999.0
25711 20180217  2.424 -170.21   57.16     4.0     0.9     2.5     2.9     8.8     1.01 C     4.2     0.2     2.4   100.0    74.9    90.7 -99.000 -99.000 -99.000 -99.000 -99.000 -9999.0 -9999.0 -9999.0 -9999.0 -9999.0
25711 20180218  2.424 -170.21   57.16     5.1     1.8     3.5     3.2     4.4     1.53 C     4.3     0.3     2.2    92.8    77.6    84.0 -99.000 -99.000 -99.000 -99.000 -99.000 -9999.0 -9999.0 -9999.0 -9999.0 -9999.0
25711 20180219  2.424 -170.21   57.16     5.1     2.2     3.6     4.2     0.3     5.44 C     5.9     0.2     3.6    95.7    63.0    82.9 -99.000 -99.000 -99.000 -99.000 -99.000 -9999.0 -9999.0 -9999.0 -9999.0 -9999.0
25711 20180220  2.424 -170.21   57.16     4.5    -0.3     2.1     3.3     3.0     1.46 C     4.3    -4.3     2.5    98.6    61.2    85.1 -99.000 -99.000 -99.000 -99.000 -99.000 -9999.0 -9999.0 -9999.0 -9999.0 -9999.0
25711 20180221  2.424 -170.21   57.16     5.0     1.6     3.3     3.7     0.0     3.35 C     5.9     0.7     3.4    97.9    82.6    91.2 -99.000 -99.000 -99.000 -99.000 -99.000 -9999.0 -9999.0 -9999.0 -9999.0 -9999.0
25711 20180222  2.424 -170.21   57.16     3.4    -0.7     1.4     1.9     1.2     3.65 C     6.7    -2.9     1.5    87.7    57.6    75.1 -99.000 -99.000 -99.000 -99.000 -99.000 -9999.0 -9999.0 -9999.0 -9999.0 -9999.0
25711 20180223  2.424 -170.21   57.16     4.1    -0.3     1.9     2.3     9.4     5.37 C     4.7    -1.1     1.8    97.7    57.3    83.6 -99.000 -99.000 -99.000 -99.000 -99.000 -9999.0 -9999.0 -9999.0 -9999.0 -9999.0
25711 20180224  2.424 -170.21   57.16     3.5    -7.1    -1.8     0.8     0.4     5.46 C     4.5    -9.4    -0.5    78.5    54.0    66.5 -99.000 -99.000 -99.000 -99.000 -99.000 -9999.0 -9999.0 -9999.0 -9999.0 -9999.0
25711 20180225  2.424 -170.21   57.16     4.2     1.5     2.9     2.7     2.8     3.02 C     4.1     0.7     2.2    96.6    70.9    85.7 -99.000 -99.000 -99.000 -99.000 -99.000 -9999.0 -9999.0 -9999.0 -9999.0 -9999.0
25711 20180226  2.424 -170.21   57.16     3.5    -2.7     0.4     0.4     5.0     2.98 C     3.3    -5.1    -0.2    95.8    73.5    84.8 -99.000 -99.000 -99.000 -99.000 -99.000 -9999.0 -9999.0 -9999.0 -9999.0 -9999.0
25711 20180227  2.424 -170.21   57.16     1.7    -1.8     0.0     0.3     0.3     4.85 C     2.8    -3.3    -0.6    83.9    56.7    73.1 -99.000 -99.000 -99.000 -99.000 -99.000 -9999.0 -9999.0 -9999.0 -9999.0 -9999.0
25711 20180228  2.424 -170.21   57.16     4.4     1.4     2.9     3.0     6.1     2.31 C     4.6    -0.4     2.4    96.3    63.0    81.5 -99.000 -99.000 -99.000 -99.000 -99.000 -9999.0 -9999.0 -9999.0 -9999.0 -9999.0
25711 20180301  2.424 -170.21   57.16     4.9     0.2     2.6     2.1     7.6     5.71 C     6.6    -0.1     1.9    99.7    79.3    92.0 -99.000 -99.000 -99.000 -99.000 -99.000 -9999.0 -9999.0 -9999.0 -9999.0 -9999.0
25711 20180302  2.424 -170.21   57.16     4.6    -4.2     0.2     1.3     0.0     9.22 C     7.1    -5.6     0.6    90.4    70.2    81.0 -99.000 -99.000 -99.000 -99.000 -99.000 -9999.0 -9999.0 -9999.0 -9999.0 -9999.0
25711 20180303  2.424 -170.21   57.16     3.5    -8.0    -2.3     0.8     1.4     2.05 C     3.8    -9.8    -0.2    97.7    83.2    90.4 -99.000 -99.000 -99.000 -99.000 -99.000 -9999.0 -9999.0 -9999.0 -9999.0 -9999.0
25711 20180304  2.424 -170.21   57.16     5.4     0.8     3.1     3.2     0.6     9.03 C     8.1    -0.2     3.2   100.0    71.2    87.8 -99.000 -99.000 -99.000 -99.000 -99.000 -9999.0 -9999.0 -9999.0 -9999.0 -9999.0
25711 20180305  2.424 -170.21   57.16     3.4     0.7     2.0     2.3     2.8     2.56 C     3.6    -0.7     1.6    93.8    73.5    82.6 -99.000 -99.000 -99.000 -99.000 -99.000 -9999.0 -9999.0 -9999.0 -9999.0 -9999.0
25711 20180306  2.424 -170.21   57.16     4.5     0.9     2.7     3.0     4.5     1.00 C     4.4     0.1     2.5    98.3    85.5    93.3 -99.000 -99.000 -99.000 -99.000 -99.000 -9999.0 -9999.0 -9999.0 -9999.0 -9999.0
25711 20180307  2.424 -170.21   57.16     4.2    -0.8     1.7     2.5     0.9     4.08 C     4.0    -2.4     2.0    99.4    51.3    83.5 -99.000 -99.000 -99.000 -99.000 -99.000 -9999.0 -9999.0 -9999.0 -9999.0 -9999.0
25711 20180308  2.424 -170.21   57.16     0.5    -3.6    -1.5    -1.8     1.8     5.54 C     0.3    -4.1    -2.4    80.6    55.6    74.4 -99.000 -99.000 -99.000 -99.000 -99.000 -9999.0 -9999.0 -9999.0 -9999.0 -9999.0
25711 20180309  2.424 -170.21   57.16    -0.6    -5.4    -3.0    -3.4     0.7     6.95 C    -1.5    -6.1    -3.9    81.5    58.5    72.3 -99.000 -99.000 -99.000 -99.000 -99.000 -9999.0 -9999.0 -9999.0 -9999.0 -9999.0
25711 20180310  2.424 -170.21   57.16    -0.1    -5.1    -2.6    -2.9     0.9     4.87 C     2.1    -5.6    -3.0    91.7    59.2    70.5 -99.000 -99.000 -99.000 -99.000 -99.000 -9999.0 -9999.0 -9999.0 -9999.0 -9999.0
25711 20180311  2.424 -170.21   57.16     3.2    -0.1     1.5     1.8    10.1     6.39 C     4.3    -0.5     1.3    99.6    74.4    90.4 -99.000 -99.000 -99.000 -99.000 -99.000 -9999.0 -9999.0 -9999.0 -9999.0 -9999.0
25711 20180312  2.424 -170.21   57.16     2.1    -1.6     0.2     0.8     1.3     3.34 C     3.4    -2.3     0.6    99.4    73.2    84.6 -99.000 -99.000 -99.000 -99.000 -99.000 -9999.0 -9999.0 -9999.0 -9999.0 -9999.0
25711 20180313  2.424 -170.21   57.16     1.8    -4.5    -1.4    -0.4     0.5     9.39 C     5.1    -7.2    -0.6    97.8    57.7    79.9 -99.000 -99.000 -99.000 -99.000 -99.000 -9999.0 -9999.0 -9999.0 -9999.0 -9999.0
25711 20180314  2.424 -170.21   57.16     2.4    -2.4     0.0     0.0     0.0    11.70 C     8.2    -4.8     0.2    71.2    51.7    62.4 -99.000 -99.000 -99.000 -99.000 -99.000 -9999.0 -9999.0 -9999.0 -9999.0 -9999.0
25711 20180315  2.424 -170.21   57.16     1.1    -2.8    -0.9    -1.3     0.0     8.07 C     3.0    -3.1    -1.4    77.8    62.0    70.4 -99.000 -99.000 -99.000 -99.000 -99.000 -9999.0 -9999.0 -9999.0 -9999.0 -9999.0
25711 20180316  2.424 -170.21   57.16     0.7    -2.7    -1.0    -1.6     0.0     2.40 C     0.3    -3.6    -1.8    92.4    67.3    78.4 -99.000 -99.000 -99.000 -99.000 -99.000 -9999.0 -9999.0 -9999.0 -9999.0 -9999.0
25711 20180317  2.424 -170.21   57.16     4.0    -0.7     1.6     1.9     1.7     6.43 C     6.5    -3.0     1.7    96.1    82.5    91.2 -99.000 -99.000 -99.000 -99.000 -99.000 -9999.0 -9999.0 -9999.0 -9999.0 -9999.0
25711 20180318  2.424 -170.21   57.16     3.4    -1.2     1.1     0.9     0.3     9.14 C     6.0    -3.9     0.5    91.4    72.7    84.2 -99.000 -99.000 -99.000 -99.000 -99.000 -9999.0 -9999.0 -9999.0 -9999.0 -9999.0
25711 20180319  2.424 -170.21   57.16     5.3     0.4     2.9     2.5     0.0    12.88 C     7.8    -0.6     2.4    81.3    64.4    74.0 -99.000 -99.000 -99.000 -99.000 -99.000 -9999.0 -9999.0 -9999.0 -9999.0 -9999.0
25711 20180320  2.424 -170.21   57.16     4.8    -1.1     1.8     2.5     0.4    12.67 C     8.9    -4.6     2.7    93.3    73.1    82.9 -99.000 -99.000 -99.000 -99.000 -99.000 -9999.0 -9999.0 -9999.0 -9999.0 -9999.0
25711 20180321  2.424 -170.21   57.16     4.0     2.8     3.4     3.5     0.0     2.74 C     4.8     2.4     3.4   100.0    90.1    95.3 -99.000 -99.000 -99.000 -99.000 -99.000 -9999.0 -9999.0 -9999.0 -9999.0 -9999.0
25711 20180322  2.424 -170.21   57.16     4.3     0.2     2.2     2.7     4.4    11.83 C     6.2    -1.0     2.6    96.0    53.5    81.7 -99.000 -99.000 -99.000 -99.000 -99.000 -9999.0 -9999.0 -9999.0 -9999.0 -9999.0
25711 20180323  2.424 -170.21   57.16     4.8     0.2     2.5     2.4     0.7    12.01 C     8.1    -1.2     2.3    91.5    75.7    83.7 -99.000 -99.000 -99.000 -99.000 -99.000 -9999.0 -9999.0 -9999.0 -9999.0 -9999.0
25711 20180324  2.424 -170.21   57.16     2.8     0.9     1.9     2.1     7.8     3.42 C     2.6     0.0     1.7    96.7    88.9    93.3 -99.000 -99.000 -99.000 -99.000 -99.000 -9999.0 -9999.0 -9999.0 -9999.0 -9999.0
25711 20180325  2.424 -170.21   57.16     4.1     0.7     2.4     2.4     1.9     8.33 C     7.4     0.3     3.0    99.7    94.6    97.2 -99.000 -99.000 -99.000 -99.000 -99.000 -9999.0 -9999.0 -9999.0 -9999.0 -9999.0
25711 20180326  2.424 -170.21   57.16     3.1     0.5     1.8     1.4     8.4     5.42 C     3.5     0.0     1.0    99.2    86.3    96.1 -99.000 -99.000 -99.000 -99.000 -99.000 -9999.0 -9999.0 -9999.0 -9999.0 -9999.0
25711 20180327  2.424 -170.21   57.16     3.5    -1.3     1.1     0.9     0.3    10.72 C     7.0    -2.9     0.9    88.4    54.3    76.0 -99.000 -99.000 -99.000 -99.000 -99.000 -9999.0 -9999.0 -9999.0 -9999.0 -9999.0
25711 20180328  2.424 -170.21   57.16     3.4    -7.1    -1.9    -0.3     0.8     9.24 C     7.9   -10.2    -0.9    96.1    81.3    90.4 -99.000 -99.000 -99.000 -99.000 -99.000 -9999.0 -9999.0 -9999.0 -9999.0 -9999.0
25711 20180329  2.424 -170.21   57.16     4.5    -7.7    -1.6    -1.0     0.0     9.41 C    16.2   -10.8    -1.2    99.6    55.4    82.3 -99.000 -99.000 -99.000 -99.000 -99.000 -9999.0 -9999.0 -9999.0 -9999.0 -9999.0
25711 20180330  2.424 -170.21   57.16     4.1    -8.1    -2.0    -0.9     0.0    12.13 C    10.4   -10.2    -0.8    95.9    70.5    83.4 -99.000 -99.000 -99.000 -99.000 -99.000 -9999.0 -9999.0 -9999.0 -9999.0 -9999.0
25711 20180331  2.424 -170.21   57.16     3.9    -0.2     1.8     1.4     0.0    15.36 C     7.4    -1.3     1.7    82.2    63.7    75.3 -99.000 -99.000 -99.000 -99.000 -99.000 -9999.0 -9999.0 -9999.0 -9999.0 -9999.0
25711 20180401  2.424 -170.21   57.16     5.1     0.5     2.8     2.4     0.0    14.74 C     9.1    -0.2     2.6    94.6    68.6    79.3 -99.000 -99.000 -99.000 -99.000 -99.000 -9999.0 -9999.0 -9999.0 -9999.0 -9999.0
25711 20180402  2.424 -170.21   57.16     5.3     0.4     2.8     2.5     0.0    14.14 C     9.0    -0.1     3.0    96.7    66.4    83.4 -99.000 -99.000 -99.000 -99.000 -99.000 -9999.0 -9999.0 -9999.0 -9999.0 -9999.0
25711 20180403  2.424 -170.21   57.16     5.0    -1.2     1.9     2.1     0.0    16.00 C    10.9    -2.6     3.4    88.6    49.0    78.9 -99.000 -99.000 -99.000 -99.000 -99.000 -9999.0 -9999.0 -9999.0 -9999.0 -9999.0
25711 20180404  2.424 -170.21   57.16     1.0    -4.0    -1.5    -1.7     0.0    10.32 C     6.3    -4.8    -1.2    82.5    48.1    64.6 -99.000 -99.000 -99.000 -99.000 -99.000 -9999.0 -9999.0 -9999.0 -9999.0 -9999.0
25711 20180405  2.424 -170.21   57.16    -1.3    -7.1    -4.2    -3.4     1.0     7.85 C     6.8    -7.9    -2.6    85.0    64.8    77.8 -99.000 -99.000 -99.000 -99.000 -99.000 -9999.0 -9999.0 -9999.0 -9999.0 -9999.0
25711 20180406  2.424 -170.21   57.16     1.6    -7.9    -3.2    -1.4     4.2    11.22 C     2.0    -9.7    -1.8    95.6    67.9    82.8 -99.000 -99.000 -99.000 -99.000 -99.000 -9999.0 -9999.0 -9999.0 -9999.0 -9999.0
25711 20180407  2.424 -170.21   57.16     1.2    -2.1    -0.5     0.0     0.0     6.17 C     1.6    -2.9    -0.4    75.9    62.0    69.0 -99.000 -99.000 -99.000 -99.000 -99.000 -9999.0 -9999.0 -9999.0 -9999.0 -9999.0
25711 20180408  2.424 -170.21   57.16     2.1    -2.4    -0.2    -0.1     0.0     4.16 C     2.8    -3.5    -0.1    78.3    67.1    71.8 -99.000 -99.000 -99.000 -99.000 -99.000 -9999.0 -9999.0 -9999.0 -9999.0 -9999.0
25711 20180409  2.424 -170.21   57.16     5.0     1.0     3.0     2.7     3.7    13.27 C    11.4     0.2     3.7    94.3    77.4    90.5 -99.000 -99.000 -99.000 -99.000 -99.000 -9999.0 -9999.0 -9999.0 -9999.0 -9999.0
25711 20180410  2.424 -170.21   57.16     6.8    -3.8     1.5     2.0     0.0    12.64 C    13.1    -5.2     2.3    98.2    60.6    83.7 -99.000 -99.000 -99.000 -99.000 -99.000 -9999.0 -9999.0 -9999.0 -9999.0 -9999.0
25711 20180411  2.424 -170.21   57.16     4.9    -3.1     0.9     1.7     0.0     8.87 C    12.2    -5.2     2.5    96.9    57.1    80.0 -99.000 -99.000 -99.000 -99.000 -99.000 -9999.0 -9999.0 -9999.0 -9999.0 -9999.0
25711 20180412  2.424 -170.21   57.16     5.8    -1.7     2.1     2.5     0.0    13.11 C    11.9    -3.4     3.5    86.3    57.4    75.4 -99.000 -99.000 -99.000 -99.000 -99.000 -9999.0 -9999.0 -9999.0 -9999.0 -9999.0
25711 20180413  2.424 -170.21   57.16     5.5    -2.0     1.7     1.9     0.0    13.88 C    13.6    -2.3     3.6    97.6    71.4    84.4 -99.000 -99.000 -99.000 -99.000 -99.000 -9999.0 -9999.0 -9999.0 -9999.0 -9999.0
25711 20180414  2.424 -170.21   57.16     5.2     2.9     4.0     4.1    10.8     4.19 C     6.0     2.5     4.0   100.0    87.2    96.6 -99.000 -99.000 -99.000 -99.000 -99.000 -9999.0 -9999.0 -9999.0 -9999.0 -9999.0
25711 20180415  2.424 -170.21   57.16     5.9     1.0     3.5     4.0     3.1    16.88 C    10.0     0.2     4.6    99.0    77.2    88.2 -99.000 -99.000 -99.000 -99.000 -99.000 -9999.0 -9999.0 -9999.0 -9999.0 -9999.0
25711 20180416  2.424 -170.21   57.16     5.0     1.2     3.1     2.9     2.8     9.46 C     7.8     0.2     3.0    93.1    79.7    88.0 -99.000 -99.000 -99.000 -99.000 -99.000 -9999.0 -9999.0 -9999.0 -9999.0 -9999.0
25711 20180417  2.424 -170.21   57.16     5.4     2.7     4.1     3.5     3.1    11.83 C    10.1     2.2     4.2    96.6    92.1    94.5 -99.000 -99.000 -99.000 -99.000 -99.000 -9999.0 -9999.0 -9999.0 -9999.0 -9999.0
25711 20180418  2.424 -170.21   57.16     5.5     2.2     3.8     3.3     0.8     9.76 C     8.7     1.3     3.7    97.3    93.2    95.6 -99.000 -99.000 -99.000 -99.000 -99.000 -9999.0 -9999.0 -9999.0 -9999.0 -9999.0
25711 20180419  2.424 -170.21   57.16     5.3    -0.5     2.4     2.9     0.6    11.13 C    10.2    -1.9     3.9    97.8    84.6    93.4 -99.000 -99.000 -99.000 -99.000 -99.000 -9999.0 -9999.0 -9999.0 -9999.0 -9999.0
25711 20180420  2.424 -170.21   57.16     2.8    -5.5    -1.3     0.7     0.0     5.28 C     6.0    -7.6     1.2   100.0    75.2    92.5 -99.000 -99.000 -99.000 -99.000 -99.000 -9999.0 -9999.0 -9999.0 -9999.0 -9999.0
25711 20180421  2.424 -170.21   57.16     2.6    -1.7     0.4    -0.1     3.0    11.22 C     8.9    -3.5     0.3    92.3    66.6    80.1 -99.000 -99.000 -99.000 -99.000 -99.000 -9999.0 -9999.0 -9999.0 -9999.0 -9999.0
25711 20180422  2.424 -170.21   57.16     2.6    -3.6    -0.5     0.2     4.2     7.97 C     4.0    -5.6    -0.2    95.3    72.3    88.9 -99.000 -99.000 -99.000 -99.000 -99.000 -9999.0 -9999.0 -9999.0 -9999.0 -9999.0
25711 20180423  2.424 -170.21   57.16     4.3     0.4     2.4     2.2     4.8    10.78 C     6.6    -0.2     2.4    94.7    75.7    91.2 -99.000 -99.000 -99.000 -99.000 -99.000 -9999.0 -9999.0 -9999.0 -9999.0 -9999.0
25711 20180424  2.424 -170.21   57.16     5.6    -0.6     2.5     2.4     1.4    13.85 C    14.5    -2.3     3.7    96.7    80.0    89.8 -99.000 -99.000 -99.000 -99.000 -99.000 -9999.0 -9999.0 -9999.0 -9999.0 -9999.0
25711 20180425  2.424 -170.21   57.16     5.9    -4.5     0.7     2.0     0.6    14.27 C    12.5    -6.8     2.5    97.6    67.5    84.7 -99.000 -99.000 -99.000 -99.000 -99.000 -9999.0 -9999.0 -9999.0 -9999.0 -9999.0
25711 20180426  2.424 -170.21   57.16     4.4     1.5     2.9     2.8     2.0     4.92 C     4.8     0.8     2.3    93.7    76.6    85.5 -99.000 -99.000 -99.000 -99.000 -99.000 -9999.0 -9999.0 -9999.0 -9999.0 -9999.0
25711 20180427  2.424 -170.21   57.16     4.9     1.9     3.4     3.6     5.2     4.56 C     5.4     0.8     3.2    98.2    83.4    91.5 -99.000 -99.000 -99.000 -99.000 -99.000 -9999.0 -9999.0 -9999.0 -9999.0 -9999.0
25711 20180428  2.424 -170.21   57.16     5.4     3.1     4.3     4.0     4.0    10.72 C     9.9     2.4     4.7    99.1    91.5    95.9 -99.000 -99.000 -99.000 -99.000 -99.000 -9999.0 -9999.0 -9999.0 -9999.0 -9999.0
25711 20180429  2.424 -170.21   57.16     7.0     2.1     4.5     4.6     0.4    17.26 C    10.1     1.0     4.8    98.0    65.4    80.6 -99.000 -99.000 -99.000 -99.000 -99.000 -9999.0 -9999.0 -9999.0 -9999.0 -9999.0
25711 20180430  2.424 -170.21   57.16     7.2     1.5     4.3     3.8     0.0    20.35 C    13.1     0.1     4.9    87.7    65.8    79.2 -99.000 -99.000 -99.000 -99.000 -99.000 -9999.0 -9999.0 -9999.0 -9999.0 -9999.0
25711 20180501  2.424 -170.21   57.16     6.4    -3.1     1.6     2.9     1.4    18.31 C    13.8    -4.2     4.3    95.6    74.3    87.1 -99.000 -99.000 -99.000 -99.000 -99.000 -9999.0 -9999.0 -9999.0 -9999.0 -9999.0
25711 20180502  2.424 -170.21   57.16     5.4     1.8     3.6     3.4     1.8     9.53 C    10.0     1.4     4.2    98.0    91.0    94.3 -99.000 -99.000 -99.000 -99.000 -99.000 -9999.0 -9999.0 -9999.0 -9999.0 -9999.0
25711 20180503  2.424 -170.21   57.16     3.1    -0.1     1.5     1.4     3.7     8.11 C     4.1    -0.6     1.5    97.9    81.2    93.9 -99.000 -99.000 -99.000 -99.000 -99.000 -9999.0 -9999.0 -9999.0 -9999.0 -9999.0
25711 20180504  2.424 -170.21   57.16     2.6    -0.2     1.2     0.6     0.4    11.46 C     5.1    -0.8     0.6    87.3    57.9    75.0 -99.000 -99.000 -99.000 -99.000 -99.000 -9999.0 -9999.0 -9999.0 -9999.0 -9999.0
25711 20180505  2.424 -170.21   57.16     3.9    -4.7    -0.4     0.4     1.1    15.60 C     9.7    -8.2     1.0    88.2    63.8    78.5 -99.000 -99.000 -99.000 -99.000 -99.000 -9999.0 -9999.0 -9999.0 -9999.0 -9999.0
25711 20180506  2.424 -170.21   57.16     3.5    -7.4    -2.0     0.1     5.6     9.77 C     6.9   -10.9    -0.4    94.1    60.4    80.5 -99.000 -99.000 -99.000 -99.000 -99.000 -9999.0 -9999.0 -9999.0 -9999.0 -9999.0
25711 20180507  2.424 -170.21   57.16     5.3     2.6     4.0     3.9     6.0     8.98 C     8.5     2.1     3.9    94.4    89.2    92.2 -99.000 -99.000 -99.000 -99.000 -99.000 -9999.0 -9999.0 -9999.0 -9999.0 -9999.0
25711 20180508  2.424 -170.21   57.16     5.4     2.9     4.1     4.0     4.1    14.56 C     9.4     1.9     4.5    94.4    86.4    90.5 -99.000 -99.000 -99.000 -99.000 -99.000 -9999.0 -9999.0 -9999.0 -9999.0 -9999.0
25711 20180509  2.424 -170.21   57.16     6.0     3.1     4.5     4.2     0.0    18.19 C    13.3     2.1     5.8    93.6    82.3    89.4 -99.000 -99.000 -99.000 -99.000 -99.000 -9999.0 -9999.0 -9999.0 -9999.0 -9999.0
25711 20180510  2.424 -170.21   57.16     7.4     2.2     4.8     4.1     0.0    17.18 C    13.2     1.5     5.3    94.1    69.8    85.1 -99.000 -99.000 -99.000 -99.000 -99.000 -9999.0 -9999.0 -9999.0 -9999.0 -9999.0
25711 20180511  2.424 -170.21   57.16     5.2     2.0     3.6     3.3     0.2    11.06 C     8.3     1.4     4.0    91.7    71.9    83.3 -99.000 -99.000 -99.000 -99.000 -99.000 -9999.0 -9999.0 -9999.0 -9999.0 -9999.0
25711 20180512  2.424 -170.21   57.16     6.0     1.4     3.7     3.3     0.5     6.81 C     9.3     0.7     3.7    94.5    74.3    89.5 -99.000 -99.000 -99.000 -99.000 -99.000 -9999.0 -9999.0 -9999.0 -9999.0 -9999.0
25711 20180513  2.424 -170.21   57.16     5.8     0.6     3.2     2.6     1.3    12.50 C    10.0     0.1     3.5    94.2    67.3    84.4 -99.000 -99.000 -99.000 -99.000 -99.000 -9999.0 -9999.0 -9999.0 -9999.0 -9999.0
25711 20180514  2.424 -170.21   57.16     6.0    -1.3     2.3     2.4     0.2    16.32 C    12.9    -2.4     3.6    93.7    47.1    73.7 -99.000 -99.000 -99.000 -99.000 -99.000 -9999.0 -9999.0 -9999.0 -9999.0 -9999.0
25711 20180515  2.424 -170.21   57.16     5.7     0.8     3.3     2.8     0.4    14.38 C    13.5     0.2     4.3    93.5    72.6    84.8 -99.000 -99.000 -99.000 -99.000 -99.000 -9999.0 -9999.0 -9999.0 -9999.0 -9999.0
25711 20180516  2.424 -170.21   57.16     5.4     0.4     2.9     2.6     0.0    12.04 C    11.8    -0.1     4.1    84.4    67.6    77.3 -99.000 -99.000 -99.000 -99.000 -99.000 -9999.0 -9999.0 -9999.0 -9999.0 -9999.0
25711 20180517  2.424 -170.21   57.16     6.6     1.6     4.1     3.7     1.5    20.22 C    11.3     1.0     4.8    94.0    58.1    78.4 -99.000 -99.000 -99.000 -99.000 -99.000 -9999.0 -9999.0 -9999.0 -9999.0 -9999.0
25711 20180518  2.424 -170.21   57.16     5.2     2.7     4.0     3.6     0.5     7.88 C     7.6     2.3     4.0   100.0    93.8    97.9 -99.000 -99.000 -99.000 -99.000 -99.000 -9999.0 -9999.0 -9999.0 -9999.0 -9999.0
25711 20180519  2.424 -170.21   57.16     8.5     3.3     5.9     5.0     0.8    12.24 C    12.7     3.2     6.0   100.0    79.5    95.1 -99.000 -99.000 -99.000 -99.000 -99.000 -9999.0 -9999.0 -9999.0 -9999.0 -9999.0
25711 20180520  2.424 -170.21   57.16     7.0     1.6     4.3     4.0     0.0    16.14 C    11.8     0.8     5.1    97.9    72.8    87.4 -99.000 -99.000 -99.000 -99.000 -99.000 -9999.0 -9999.0 -9999.0 -9999.0 -9999.0
25711 20180521  2.424 -170.21   57.16     6.7     0.9     3.8     3.3     0.0    20.37 C    15.9     0.1     5.3    89.1    61.3    77.1 -99.000 -99.000 -99.000 -99.000 -99.000 -9999.0 -9999.0 -9999.0 -9999.0 -9999.0
25711 20180522  2.424 -170.21   57.16     5.4     1.7     3.5     3.5     2.5     6.56 C     8.6     1.6     3.9    99.2    80.0    88.9 -99.000 -99.000 -99.000 -99.000 -99.000 -9999.0 -9999.0 -9999.0 -9999.0 -9999.0
25711 20180523  2.424 -170.21   57.16     7.5     4.2     5.8     5.4     1.0    22.38 C    16.3     3.8     8.0   100.0    83.3    92.9 -99.000 -99.000 -99.000 -99.000 -99.000 -9999.0 -9999.0 -9999.0 -9999.0 -9999.0
25711 20180524  2.424 -170.21   57.16     8.5     2.5     5.5     5.3     0.2    15.35 C    14.1     1.7     6.7    98.7    78.0    90.4 -99.000 -99.000 -99.000 -99.000 -99.000 -9999.0 -9999.0 -9999.0 -9999.0 -9999.0
25711 20180525  2.424 -170.21   57.16     5.4     2.3     3.8     4.0     0.2    10.43 C     8.4     2.2     4.9    98.8    80.9    91.4 -99.000 -99.000 -99.000 -99.000 -99.000 -9999.0 -9999.0 -9999.0 -9999.0 -9999.0
25711 20180526  2.424 -170.21   57.16     6.9     2.3     4.6     4.5     0.0     7.55 C    10.2     1.9     5.2    92.4    79.5    87.5 -99.000 -99.000 -99.000 -99.000 -99.000 -9999.0 -9999.0 -9999.0 -9999.0 -9999.0
25711 20180527  2.424 -170.21   57.16     7.7     2.7     5.2     5.1     0.0    16.68 C    14.5     1.9     7.1    90.8    62.0    81.0 -99.000 -99.000 -99.000 -99.000 -99.000 -9999.0 -9999.0 -9999.0 -9999.0 -9999.0
25711 20180528  2.424 -170.21   57.16     7.0     3.8     5.4     5.0     7.2     8.10 C     9.5     3.4     5.2    99.9    85.9    93.8 -99.000 -99.000 -99.000 -99.000 -99.000 -9999.0 -9999.0 -9999.0 -9999.0 -9999.0
25711 20180529  2.424 -170.21   57.16     7.9     4.9     6.4     5.8     0.0    15.09 C    11.4     4.3     6.3    96.4    79.8    90.6 -99.000 -99.000 -99.000 -99.000 -99.000 -9999.0 -9999.0 -9999.0 -9999.0 -9999.0
25711 20180530  2.424 -170.21   57.16     8.2     4.6     6.4     5.8     0.2    15.37 C    13.0     4.1     6.8    92.7    80.4    88.3 -99.000 -99.000 -99.000 -99.000 -99.000 -9999.0 -9999.0 -9999.0 -9999.0 -9999.0
25711 20180531  2.424 -170.21   57.16     7.2     4.2     5.7     5.2     0.5     8.65 C     9.4     3.8     5.7    95.7    82.7    91.3 -99.000 -99.000 -99.000 -99.000 -99.000 -9999.0 -9999.0 -9999.0 -9999.0 -9999.0
25711 20180601  2.424 -170.21   57.16     6.9     3.8     5.3     5.5     0.0    11.03 C    10.6     3.2     6.4    86.9    76.7    82.3 -99.000 -99.000 -99.000 -99.000 -99.000 -9999.0 -9999.0 -9999.0 -9999.0 -9999.0
25711 20180602  2.424 -170.21   57.16     6.7     5.1     5.9     5.8     8.6    10.04 C     8.6     4.6     5.9    96.6    82.7    92.4 -99.000 -99.000 -99.000 -99.000 -99.000 -9999.0 -9999.0 -9999.0 -9999.0 -9999.0
25711 20180603  2.424 -170.21   57.16     7.5     5.0     6.3     5.8     1.2    12.12 C    13.1     4.2     6.6    95.7    86.8    91.4 -99.000 -99.000 -99.000 -99.000 -99.000 -9999.0 -9999.0 -9999.0 -9999.0 -9999.0
25711 20180604  2.424 -170.21   57.16     7.1     4.8     5.9     5.5     4.2    11.54 C    10.6     4.7     6.1   100.0    95.2    98.4 -99.000 -99.000 -99.000 -99.000 -99.000 -9999.0 -9999.0 -9999.0 -9999.0 -9999.0
25711 20180605  2.424 -170.21   57.16     9.8     4.4     7.1     6.2     0.4    15.35 C    15.5     4.2     7.3   100.0    73.4    91.9 -99.000 -99.000 -99.000 -99.000 -99.000 -9999.0 -9999.0 -9999.0 -9999.0 -9999.0
25711 20180606  2.424 -170.21   57.16    10.1     3.4     6.7     6.0     0.0    24.35 C    16.7     2.7     8.1   100.0    70.6    88.9 -99.000 -99.000 -99.000 -99.000 -99.000 -9999.0 -9999.0 -9999.0 -9999.0 -9999.0
25711 20180607  2.424 -170.21   57.16     8.5     2.5     5.5     4.8     0.0    17.98 C    18.7     1.5     7.0   100.0    75.6    91.6 -99.000 -99.000 -99.000 -99.000 -99.000 -9999.0 -9999.0 -9999.0 -9999.0 -9999.0
25711 20180608  2.424 -170.21   57.16     7.5     3.0     5.3     4.4     0.0    13.43 C    14.4     3.2     6.1    94.9    82.4    90.9 -99.000 -99.000 -99.000 -99.000 -99.000 -9999.0 -9999.0 -9999.0 -9999.0 -9999.0
25711 20180609  2.424 -170.21   57.16     6.2     3.7     5.0     4.9     0.0    10.44 C     8.9     3.7     5.6    99.2    84.2    93.0 -99.000 -99.000 -99.000 -99.000 -99.000 -9999.0 -9999.0 -9999.0 -9999.0 -9999.0
25711 20180610  2.424 -170.21   57.16     6.8     3.0     4.9     4.4     0.0    10.15 C    11.5     3.0     5.6    97.8    83.6    91.0 -99.000 -99.000 -99.000 -99.000 -99.000 -9999.0 -9999.0 -9999.0 -9999.0 -9999.0
25711 20180611  2.424 -170.21   57.16     7.4     2.6     5.0     5.0     0.0    12.96 C    11.2     2.5     6.0   100.0    81.1    93.5 -99.000 -99.000 -99.000 -99.000 -99.000 -9999.0 -9999.0 -9999.0 -9999.0 -9999.0
25711 20180612  2.424 -170.21   57.16    11.6     2.9     7.3     7.2     0.0    28.30 C    19.3     1.9     9.9    98.6    72.9    86.7 -99.000 -99.000 -99.000 -99.000 -99.000 -9999.0 -9999.0 -9999.0 -9999.0 -9999.0
25711 20180613  2.424 -170.21   57.16    10.0     3.3     6.7     6.2     0.0    26.30 C    18.8     1.9     9.0    99.0    73.6    90.7 -99.000 -99.000 -99.000 -99.000 -99.000 -9999.0 -9999.0 -9999.0 -9999.0 -9999.0
25711 20180614  2.424 -170.21   57.16    13.5     2.8     8.2     8.4     0.0    29.93 C    19.3     1.5    10.2   100.0    46.5    77.4 -99.000 -99.000 -99.000 -99.000 -99.000 -9999.0 -9999.0 -9999.0 -9999.0 -9999.0
25711 20180615  2.424 -170.21   57.16     9.2     5.9     7.6     7.9     1.1     7.42 C    10.0     5.3     7.8    98.8    83.2    91.0 -99.000 -99.000 -99.000 -99.000 -99.000 -9999.0 -9999.0 -9999.0 -9999.0 -9999.0
25711 20180616  2.424 -170.21   57.16     9.3     5.9     7.6     7.5     0.0    11.01 C    11.8     5.4     8.0   100.0    89.6    95.8 -99.000 -99.000 -99.000 -99.000 -99.000 -9999.0 -9999.0 -9999.0 -9999.0 -9999.0
25711 20180617  2.424 -170.21   57.16     7.1     3.8     5.4     5.8     0.0    12.19 C     9.5     3.7     6.6    93.2    84.2    89.0 -99.000 -99.000 -99.000 -99.000 -99.000 -9999.0 -9999.0 -9999.0 -9999.0 -9999.0
25711 20180618  2.424 -170.21   57.16     8.3     3.6     5.9     5.5     2.6    10.20 C    12.3     3.4     6.0    99.1    77.0    89.6 -99.000 -99.000 -99.000 -99.000 -99.000 -9999.0 -9999.0 -9999.0 -9999.0 -9999.0
25711 20180619  2.424 -170.21   57.16    10.1     5.6     7.8     6.8     5.0    13.62 C    14.0     5.4     7.4   100.0    75.3    94.4 -99.000 -99.000 -99.000 -99.000 -99.000 -9999.0 -9999.0 -9999.0 -9999.0 -9999.0
25711 20180620  2.424 -170.21   57.16     9.8     5.4     7.6     6.8     0.0    14.38 C    14.6     5.4     7.8   100.0    83.4    94.6 -99.000 -99.000 -99.000 -99.000 -99.000 -9999.0 -9999.0 -9999.0 -9999.0 -9999.0
25711 20180621  2.424 -170.21   57.16    10.1     5.6     7.8     7.0     0.0    10.21 C    14.3     5.4     7.9   100.0    75.4    88.3 -99.000 -99.000 -99.000 -99.000 -99.000 -9999.0 -9999.0 -9999.0 -9999.0 -9999.0
25711 20180622  2.424 -170.21   57.16     9.8     5.7     7.7     7.0     0.0    15.61 C    16.8     5.4     8.5    98.9    78.4    88.5 -99.000 -99.000 -99.000 -99.000 -99.000 -9999.0 -9999.0 -9999.0 -9999.0 -9999.0
25711 20180623  2.424 -170.21   57.16     9.0     5.9     7.5     6.9     0.0    10.94 C    14.6     5.8     7.9    99.0    86.3    95.1 -99.000 -99.000 -99.000 -99.000 -99.000 -9999.0 -9999.0 -9999.0 -9999.0 -9999.0
25711 20180624  2.424 -170.21   57.16     7.9     5.9     6.9     6.8     0.6     6.19 C    10.1     5.7     7.1    97.7    91.8    95.1 -99.000 -99.000 -99.000 -99.000 -99.000 -9999.0 -9999.0 -9999.0 -9999.0 -9999.0
25711 20180625  2.424 -170.21   57.16     8.5     6.5     7.5     7.3     3.5     8.28 C     9.0     6.2     7.4    99.5    97.3    98.6 -99.000 -99.000 -99.000 -99.000 -99.000 -9999.0 -9999.0 -9999.0 -9999.0 -9999.0
25711 20180626  2.424 -170.21   57.16    10.7     6.8     8.7     7.9     3.6    14.72 C    16.0     6.6     8.7   100.0    88.8    96.8 -99.000 -99.000 -99.000 -99.000 -99.000 -9999.0 -9999.0 -9999.0 -9999.0 -9999.0
25711 20180627  2.424 -170.21   57.16     9.7     6.1     7.9     7.5     0.0     9.66 C    15.3     5.9     8.7   100.0    93.0    97.4 -99.000 -99.000 -99.000 -99.000 -99.000 -9999.0 -9999.0 -9999.0 -9999.0 -9999.0
25711 20180628  2.424 -170.21   57.16    11.1     4.8     7.9     8.1     0.0    13.02 C    16.9     4.6     9.6   100.0    77.6    91.1 -99.000 -99.000 -99.000 -99.000 -99.000 -9999.0 -9999.0 -9999.0 -9999.0 -9999.0
25711 20180629  2.424 -170.21   57.16    10.8     6.1     8.4     7.7     0.0    12.85 C    15.8     6.0     9.0   100.0    84.5    95.1 -99.000 -99.000 -99.000 -99.000 -99.000 -9999.0 -9999.0 -9999.0 -9999.0 -9999.0
25711 20180630  2.424 -170.21   57.16     8.8     6.7     7.7     7.5     0.0     9.90 C    12.1     6.7     8.2   100.0    90.3    96.0 -99.000 -99.000 -99.000 -99.000 -99.000 -9999.0 -9999.0 -9999.0 -9999.0 -9999.0
25711 20180701  2.424 -170.21   57.16     9.8     6.4     8.1     7.5     0.0    15.54 C    15.0     6.2     8.9    95.7    83.9    91.6 -99.000 -99.000 -99.000 -99.000 -99.000 -9999.0 -9999.0 -9999.0 -9999.0 -9999.0
25711 20180702  2.424 -170.21   57.16    10.6     7.3     9.0     8.6     0.0    16.88 C    14.1     7.2     9.7    94.7    84.2    88.5 -99.000 -99.000 -99.000 -99.000 -99.000 -9999.0 -9999.0 -9999.0 -9999.0 -9999.0
25711 20180703  2.424 -170.21   57.16    10.0     7.7     8.9     8.5     3.5    11.30 C    13.9     7.6     9.2   100.0    94.6    98.3 -99.000 -99.000 -99.000 -99.000 -99.000 -9999.0 -9999.0 -9999.0 -9999.0 -9999.0
25711 20180704  2.424 -170.21   57.16    11.5     7.2     9.3     8.7     0.0    14.07 C    17.2     7.1     9.9   100.0    93.9    98.7 -99.000 -99.000 -99.000 -99.000 -99.000 -9999.0 -9999.0 -9999.0 -9999.0 -9999.0
25711 20180705  2.424 -170.21   57.16    11.1     7.8     9.4     8.9     0.0    10.92 C    14.4     7.8     9.6   100.0    88.3    96.5 -99.000 -99.000 -99.000 -99.000 -99.000 -9999.0 -9999.0 -9999.0 -9999.0 -9999.0
25711 20180706  2.424 -170.21   57.16     8.7     7.5     8.1     8.2    10.8     5.65 C     9.7     7.5     8.3   100.0    98.4    99.7 -99.000 -99.000 -99.000 -99.000 -99.000 -9999.0 -9999.0 -9999.0 -9999.0 -9999.0
25711 20180707  2.424 -170.21   57.16    10.5     7.3     8.9     8.4     2.3    13.28 C    12.6     7.0     8.7   100.0    83.4    94.6 -99.000 -99.000 -99.000 -99.000 -99.000 -9999.0 -9999.0 -9999.0 -9999.0 -9999.0
25711 20180708  2.424 -170.21   57.16    11.5     6.6     9.0     8.5     2.3    17.98 C    15.3     6.3     9.2    98.0    82.3    92.1 -99.000 -99.000 -99.000 -99.000 -99.000 -9999.0 -9999.0 -9999.0 -9999.0 -9999.0
25711 20180709  2.424 -170.21   57.16     9.7     6.0     7.9     7.1     0.6    13.32 C    12.3     5.6     7.3    96.6    75.7    88.8 -99.000 -99.000 -99.000 -99.000 -99.000 -9999.0 -9999.0 -9999.0 -9999.0 -9999.0
25711 20180710  2.424 -170.21   57.16    10.8     4.6     7.7     7.8     0.0    15.98 C    14.0     3.7     8.5    93.0    72.8    81.6 -99.000 -99.000 -99.000 -99.000 -99.000 -9999.0 -9999.0 -9999.0 -9999.0 -9999.0
25711 20180711  2.424 -170.21   57.16     9.7     4.1     6.9     7.5     0.0    13.55 C    14.6     3.3     8.4    97.1    68.0    84.9 -99.000 -99.000 -99.000 -99.000 -99.000 -9999.0 -9999.0 -9999.0 -9999.0 -9999.0
25711 20180712  2.424 -170.21   57.16     8.3     6.9     7.6     7.8    20.7     4.07 C     8.3     6.2     7.7    95.6    84.3    92.1 -99.000 -99.000 -99.000 -99.000 -99.000 -9999.0 -9999.0 -9999.0 -9999.0 -9999.0
25711 20180713  2.424 -170.21   57.16 -9999.0     7.6 -9999.0 -9999.0    13.9     7.83 C    11.3     7.5     8.3   100.0    92.2    96.4 -99.000 -99.000 -99.000 -99.000 -99.000 -9999.0 -9999.0 -9999.0 -9999.0 -9999.0
25711 20180714  2.424 -170.21   57.16    10.8     6.4     8.6     8.4     0.2    11.10 C    13.9     6.3     9.0    96.1    87.2    93.5 -99.000 -99.000 -99.000 -99.000 -99.000 -9999.0 -9999.0 -9999.0 -9999.0 -9999.0
25711 20180715  2.424 -170.21   57.16    10.1     6.1     8.1     7.7     0.0     9.97 C    12.7     6.0     8.3    97.1    89.8    94.8 -99.000 -99.000 -99.000 -99.000 -99.000 -9999.0 -9999.0 -9999.0 -9999.0 -9999.0
25711 20180716  2.424 -170.21   57.16    10.9     6.3     8.6     8.1     0.3    17.48 C    16.4     6.2     9.2    97.1    81.1    92.0 -99.000 -99.000 -99.000 -99.000 -99.000 -9999.0 -9999.0 -9999.0 -9999.0 -9999.0
25711 20180717  2.424 -170.21   57.16     9.4     6.2     7.8     7.5     0.0    10.95 C    12.8     6.0     8.2    94.9    90.7    93.0 -99.000 -99.000 -99.000 -99.000 -99.000 -9999.0 -9999.0 -9999.0 -9999.0 -9999.0
25711 20180718  2.424 -170.21   57.16    11.1     7.7     9.4 -9999.0     0.0    15.83 C    15.7     7.7    10.3    99.0    81.9    93.9 -99.000 -99.000 -99.000 -99.000 -99.000 -9999.0 -9999.0 -9999.0 -9999.0 -9999.0
25711 20180719  2.424 -170.21   57.16 -9999.0 -9999.0 -9999.0 -9999.0     0.0    21.00 C    19.1     1.9    11.0    95.1    79.3    88.9 -99.000 -99.000 -99.000 -99.000 -99.000 -9999.0 -9999.0 -9999.0 -9999.0 -9999.0
25711 20180720  2.424 -170.21   57.16    11.3     8.3     9.8     9.2     0.7    14.32 C    17.0     8.3    10.4    94.4    84.8    90.2 -99.000 -99.000 -99.000 -99.000 -99.000 -9999.0 -9999.0 -9999.0 -9999.0 -9999.0
25711 20180721  2.424 -170.21   57.16     9.0     8.3     8.7     8.6    18.3     3.94 C     9.6     8.3     8.7    96.8    92.4    95.6 -99.000 -99.000 -99.000 -99.000 -99.000 -9999.0 -9999.0 -9999.0 -9999.0 -9999.0
25711 20180722  2.424 -170.21   57.16    10.8     8.2     9.5     9.3     4.9     6.72 C    14.4     8.2     9.9    96.9    92.9    95.1 -99.000 -99.000 -99.000 -99.000 -99.000 -9999.0 -9999.0 -9999.0 -9999.0 -9999.0
25711 20180723  2.424 -170.21   57.16    13.2     8.8    11.0    10.2     0.0    15.21 C    16.6     8.7    11.4    98.8    92.1    95.3 -99.000 -99.000 -99.000 -99.000 -99.000 -9999.0 -9999.0 -9999.0 -9999.0 -9999.0
25711 20180724  2.424 -170.21   57.16    13.8     9.1    11.4    10.7     0.0    11.48 C    16.7     8.9    11.2    97.7    85.0    92.5 -99.000 -99.000 -99.000 -99.000 -99.000 -9999.0 -9999.0 -9999.0 -9999.0 -9999.0
25711 20180725  2.424 -170.21   57.16    11.9     8.8    10.3     9.9     0.0    11.56 C    14.9     8.7    10.7    95.7    85.9    91.5 -99.000 -99.000 -99.000 -99.000 -99.000 -9999.0 -9999.0 -9999.0 -9999.0 -9999.0
25711 20180726  2.424 -170.21   57.16    13.7     7.7    10.7    10.0     0.0    14.58 C    20.5     7.7    11.6    95.6    77.4    89.3 -99.000 -99.000 -99.000 -99.000 -99.000 -9999.0 -9999.0 -9999.0 -9999.0 -9999.0
25711 20180727  2.424 -170.21   57.16    11.5     7.1     9.3     8.8     0.0    12.16 C    16.8     7.0     9.8   100.0    89.1    94.7 -99.000 -99.000 -99.000 -99.000 -99.000 -9999.0 -9999.0 -9999.0 -9999.0 -9999.0
25711 20180728  2.424 -170.21   57.16    12.8     9.1    11.0    10.1     1.9    11.94 C    16.3     8.9    10.7    95.9    85.2    93.2 -99.000 -99.000 -99.000 -99.000 -99.000 -9999.0 -9999.0 -9999.0 -9999.0 -9999.0
25711 20180729  2.424 -170.21   57.16    11.0     9.2    10.1     9.7    16.1     7.87 C    13.6     9.0     9.8    98.1    94.4    96.0 -99.000 -99.000 -99.000 -99.000 -99.000 -9999.0 -9999.0 -9999.0 -9999.0 -9999.0
25711 20180730  2.424 -170.21   57.16     9.5     8.6     9.0     9.1     6.0     6.51 C     9.7     8.4     8.9    96.0    91.5    93.7 -99.000 -99.000 -99.000 -99.000 -99.000 -9999.0 -9999.0 -9999.0 -9999.0 -9999.0
25711 20180731  2.424 -170.21   57.16    10.2     8.7     9.5     9.3     1.1     6.89 C    11.6     8.6     9.4    97.2    93.2    95.3 -99.000 -99.000 -99.000 -99.000 -99.000 -9999.0 -9999.0 -9999.0 -9999.0 -9999.0
25711 20180801  2.424 -170.21   57.16    10.5     8.4     9.4     9.2     5.3     7.38 C    11.7     8.3     9.4    97.6    94.5    96.0 -99.000 -99.000 -99.000 -99.000 -99.000 -9999.0 -9999.0 -9999.0 -9999.0 -9999.0
25711 20180802  2.424 -170.21   57.16    12.5     9.1    10.8    10.2     3.4    11.77 C    15.1     8.9    10.6    96.0    76.8    88.4 -99.000 -99.000 -99.000 -99.000 -99.000 -9999.0 -9999.0 -9999.0 -9999.0 -9999.0
25711 20180803  2.424 -170.21   57.16    12.0     8.5    10.2     9.9     6.2     7.77 C    13.3     8.2    10.1    96.3    86.8    92.8 -99.000 -99.000 -99.000 -99.000 -99.000 -9999.0 -9999.0 -9999.0 -9999.0 -9999.0
25711 20180804  2.424 -170.21   57.16    12.7     9.7    11.2    10.9     0.0     9.43 C    13.7     9.6    11.1    98.7    95.6    96.6 -99.000 -99.000 -99.000 -99.000 -99.000 -9999.0 -9999.0 -9999.0 -9999.0 -9999.0
25711 20180805  2.424 -170.21   57.16    12.3     9.8    11.0    10.7     6.3     9.04 C    14.4     9.7    11.0   100.0    90.8    95.8 -99.000 -99.000 -99.000 -99.000 -99.000 -9999.0 -9999.0 -9999.0 -9999.0 -9999.0
25711 20180806  2.424 -170.21   57.16    13.0     9.1    11.0    10.6     0.7     9.08 C    16.5     8.7    11.1   100.0    79.4    91.9 -99.000 -99.000 -99.000 -99.000 -99.000 -9999.0 -9999.0 -9999.0 -9999.0 -9999.0
25711 20180807  2.424 -170.21   57.16    11.8     8.2    10.0     9.7     0.0     7.18 C    13.1     7.8    10.2    95.8    88.4    92.2 -99.000 -99.000 -99.000 -99.000 -99.000 -9999.0 -9999.0 -9999.0 -9999.0 -9999.0
25711 20180808  2.424 -170.21   57.16    10.8     7.9     9.4     9.4     0.0     7.99 C    14.4     7.9    10.5    95.9    82.0    90.2 -99.000 -99.000 -99.000 -99.000 -99.000 -9999.0 -9999.0 -9999.0 -9999.0 -9999.0
25711 20180809  2.424 -170.21   57.16    11.3     8.5     9.9     9.5     4.1     8.28 C    13.7     8.3     9.8    95.6    82.8    89.5 -99.000 -99.000 -99.000 -99.000 -99.000 -9999.0 -9999.0 -9999.0 -9999.0 -9999.0
25711 20180810  2.424 -170.21   57.16    12.2     9.0    10.6    10.2    21.7    10.51 C    15.5     8.8    10.9    97.3    90.7    95.0 -99.000 -99.000 -99.000 -99.000 -99.000 -9999.0 -9999.0 -9999.0 -9999.0 -9999.0
25711 20180811  2.424 -170.21   57.16    11.5     9.5    10.5    10.0    14.0     6.05 C    12.6     9.3    10.1    99.9    95.1    97.2 -99.000 -99.000 -99.000 -99.000 -99.000 -9999.0 -9999.0 -9999.0 -9999.0 -9999.0
25711 20180812  2.424 -170.21   57.16 -9999.0 -9999.0 -9999.0 -9999.0    24.1    10.47 C    12.2     8.0     9.8    97.1    73.8    86.8 -99.000 -99.000 -99.000 -99.000 -99.000 -9999.0 -9999.0 -9999.0 -9999.0 -9999.0
25711 20180813  2.424 -170.21   57.16    12.4     8.5    10.5    10.1     0.0    14.60 C    15.1     7.7    10.5    90.4    78.5    84.6 -99.000 -99.000 -99.000 -99.000 -99.000 -9999.0 -9999.0 -9999.0 -9999.0 -9999.0
25711 20180814  2.424 -170.21   57.16    12.9     6.2     9.5     9.6     0.6    14.55 C    17.8     5.3    10.5    95.3    67.3    85.7 -99.000 -99.000 -99.000 -99.000 -99.000 -9999.0 -9999.0 -9999.0 -9999.0 -9999.0
25711 20180815  2.424 -170.21   57.16    11.3 -9999.0 -9999.0 -9999.0     1.1    13.16 C    15.4     5.1     8.5    91.5    72.4    84.3 -99.000 -99.000 -99.000 -99.000 -99.000 -9999.0 -9999.0 -9999.0 -9999.0 -9999.0
25711 20180816  2.424 -170.21   57.16    11.6     7.4     9.5     9.2     0.0    17.16 C    16.6     7.2    10.4    91.9    73.1    83.3 -99.000 -99.000 -99.000 -99.000 -99.000 -9999.0 -9999.0 -9999.0 -9999.0 -9999.0
25711 20180817  2.424 -170.21   57.16    11.4     6.1     8.8     9.2     0.0    13.76 C    15.7     4.8    10.1    86.7    63.7    77.5 -99.000 -99.000 -99.000 -99.000 -99.000 -9999.0 -9999.0 -9999.0 -9999.0 -9999.0
25711 20180818  2.424 -170.21   57.16    11.7     6.1     8.9     8.9     0.0    18.75 C    15.5     4.8     9.6    93.5    76.0    84.5 -99.000 -99.000 -99.000 -99.000 -99.000 -9999.0 -9999.0 -9999.0 -9999.0 -9999.0
25711 20180819  2.424 -170.21   57.16    12.7     8.8    10.8    10.3     0.4    10.91 C    16.7     8.7    11.4    96.7    82.6    92.9 -99.000 -99.000 -99.000 -99.000 -99.000 -9999.0 -9999.0 -9999.0 -9999.0 -9999.0
25711 20180820  2.424 -170.21   57.16     9.9     9.0     9.4     9.3     7.4     4.05 C    11.1     8.9     9.5    96.4    94.8    95.6 -99.000 -99.000 -99.000 -99.000 -99.000 -9999.0 -9999.0 -9999.0 -9999.0 -9999.0
25711 20180821  2.424 -170.21   57.16     9.8     8.8     9.3     9.5     6.9     2.89 C    10.1     8.2     9.5    99.6    94.2    95.9 -99.000 -99.000 -99.000 -99.000 -99.000 -9999.0 -9999.0 -9999.0 -9999.0 -9999.0
25711 20180822  2.424 -170.21   57.16    12.1     8.9    10.5     9.9     2.6    13.14 C    15.6     8.5    10.5    97.0    81.3    91.3 -99.000 -99.000 -99.000 -99.000 -99.000 -9999.0 -9999.0 -9999.0 -9999.0 -9999.0
25711 20180823  2.424 -170.21   57.16    10.2     8.9     9.6     9.6     2.8     3.93 C    10.9     8.5     9.5    97.3    90.5    94.4 -99.000 -99.000 -99.000 -99.000 -99.000 -9999.0 -9999.0 -9999.0 -9999.0 -9999.0
25711 20180824  2.424 -170.21   57.16    10.5     9.1     9.8     9.5     1.8     4.80 C    12.6     8.9     9.8    96.1    91.5    94.0 -99.000 -99.000 -99.000 -99.000 -99.000 -9999.0 -9999.0 -9999.0 -9999.0 -9999.0
25711 20180825  2.424 -170.21   57.16    10.7     9.2     9.9     9.6     3.5     5.78 C    12.0     8.9     9.7    97.8    90.3    95.4 -99.000 -99.000 -99.000 -99.000 -99.000 -9999.0 -9999.0 -9999.0 -9999.0 -9999.0
25711 20180826  2.424 -170.21   57.16    13.6     9.2    11.4    10.6     0.2    12.63 C    15.8     9.1    11.0    99.9    67.4    87.9 -99.000 -99.000 -99.000 -99.000 -99.000 -9999.0 -9999.0 -9999.0 -9999.0 -9999.0
25711 20180827  2.424 -170.21   57.16    12.2     9.5    10.8    10.3     0.0     5.15 C    13.9     9.0    10.6    89.5    76.2    85.7 -99.000 -99.000 -99.000 -99.000 -99.000 -9999.0 -9999.0 -9999.0 -9999.0 -9999.0
25711 20180828  2.424 -170.21   57.16    10.9     9.2    10.1     9.7     3.6     6.68 C    13.1     8.8     9.7    96.2    79.5    86.2 -99.000 -99.000 -99.000 -99.000 -99.000 -9999.0 -9999.0 -9999.0 -9999.0 -9999.0
25711 20180829  2.424 -170.21   57.16    12.1     9.6    10.8    10.3     1.2    10.13 C    13.8     9.2    10.5    97.8    81.7    90.5 -99.000 -99.000 -99.000 -99.000 -99.000 -9999.0 -9999.0 -9999.0 -9999.0 -9999.0
25711 20180830  2.424 -170.21   57.16    11.9     9.0    10.4     9.9     3.5     6.62 C    14.2     8.7     9.9    94.9    81.0    86.5 -99.000 -99.000 -99.000 -99.000 -99.000 -9999.0 -9999.0 -9999.0 -9999.0 -9999.0
25711 20180831  2.424 -170.21   57.16    11.1     8.7     9.9     9.6     0.4     8.91 C    14.2     8.6    10.1    96.2    85.7    93.0 -99.000 -99.000 -99.000 -99.000 -99.000 -9999.0 -9999.0 -9999.0 -9999.0 -9999.0
25711 20180901  2.424 -170.21   57.16     9.9     7.5     8.7     8.7     0.0     5.06 C    12.4     7.3     9.2    94.4    80.4    89.3 -99.000 -99.000 -99.000 -99.000 -99.000 -9999.0 -9999.0 -9999.0 -9999.0 -9999.0
25711 20180902  2.424 -170.21   57.16    10.3     7.6     8.9     9.0     0.0     3.70 C    11.3     7.4     9.1    90.2    76.1    83.5 -99.000 -99.000 -99.000 -99.000 -99.000 -9999.0 -9999.0 -9999.0 -9999.0 -9999.0
25711 20180903  2.424 -170.21   57.16    12.3     7.6     9.9     9.6     0.0    12.37 C    20.0     7.2    10.8    85.8    61.5    78.0 -99.000 -99.000 -99.000 -99.000 -99.000 -9999.0 -9999.0 -9999.0 -9999.0 -9999.0
25711 20180904  2.424 -170.21   57.16    10.0     8.5     9.2     9.2     0.0     4.09 C    11.3     8.1     9.2    83.3    75.7    79.2 -99.000 -99.000 -99.000 -99.000 -99.000 -9999.0 -9999.0 -9999.0 -9999.0 -9999.0
25711 20180905  2.424 -170.21   57.16    10.8     8.8     9.8     9.6     7.8     4.26 C    12.3     8.3     9.8    97.5    83.3    89.5 -99.000 -99.000 -99.000 -99.000 -99.000 -9999.0 -9999.0 -9999.0 -9999.0 -9999.0
25711 20180906  2.424 -170.21   57.16    12.9     9.9    11.4    10.9     4.2     4.05 C    14.1     9.8    11.1    97.8    93.9    95.4 -99.000 -99.000 -99.000 -99.000 -99.000 -9999.0 -9999.0 -9999.0 -9999.0 -9999.0
25711 20180907  2.424 -170.21   57.16    12.8     3.5     8.1     9.2     0.0     8.00 C    16.7     0.6     9.7   100.0    81.1    93.4 -99.000 -99.000 -99.000 -99.000 -99.000 -9999.0 -9999.0 -9999.0 -9999.0 -9999.0
25711 20180908  2.424 -170.21   57.16    11.6     3.4     7.5     8.6     0.0     8.24 C    16.1     0.5     9.1   100.0    77.3    90.9 -99.000 -99.000 -99.000 -99.000 -99.000 -9999.0 -9999.0 -9999.0 -9999.0 -9999.0
25711 20180909  2.424 -170.21   57.16     9.7     6.0     7.8     7.9     0.0     7.66 C    14.7     5.1     8.9    96.2    84.5    90.3 -99.000 -99.000 -99.000 -99.000 -99.000 -9999.0 -9999.0 -9999.0 -9999.0 -9999.0
25711 20180910  2.424 -170.21   57.16    12.5     6.6     9.5     9.0     0.0     7.98 C    17.3     5.9    10.0    98.0    85.2    91.6 -99.000 -99.000 -99.000 -99.000 -99.000 -9999.0 -9999.0 -9999.0 -9999.0 -9999.0
25711 20180911  2.424 -170.21   57.16    13.3     8.3    10.8     9.8     0.0     9.88 C    18.5     8.2    10.9   100.0    90.1    98.1 -99.000 -99.000 -99.000 -99.000 -99.000 -9999.0 -9999.0 -9999.0 -9999.0 -9999.0
25711 20180912  2.424 -170.21   57.16    11.1     8.3     9.7     9.5     0.0     4.33 C    11.5     8.2     9.5   100.0    95.3    98.6 -99.000 -99.000 -99.000 -99.000 -99.000 -9999.0 -9999.0 -9999.0 -9999.0 -9999.0
25711 20180913  2.424 -170.21   57.16    11.0    10.3    10.6    10.6     4.4     2.63 C    11.5    10.2    10.6   100.0    98.6    99.3 -99.000 -99.000 -99.000 -99.000 -99.000 -9999.0 -9999.0 -9999.0 -9999.0 -9999.0
25711 20180914  2.424 -170.21   57.16    12.2     9.7    11.0    10.5     0.5     6.48 C    14.9     9.6    10.8   100.0    91.9    97.6 -99.000 -99.000 -99.000 -99.000 -99.000 -9999.0 -9999.0 -9999.0 -9999.0 -9999.0
25711 20180915  2.424 -170.21   57.16    12.3     6.4     9.3    10.0     0.7     9.56 C    14.3     5.1    10.1   100.0    70.8    90.4 -99.000 -99.000 -99.000 -99.000 -99.000 -9999.0 -9999.0 -9999.0 -9999.0 -9999.0
25711 20180916  2.424 -170.21   57.16    11.1     6.2     8.6     9.3     0.0     3.27 C    12.2     4.7     9.2   100.0    91.9    96.4 -99.000 -99.000 -99.000 -99.000 -99.000 -9999.0 -9999.0 -9999.0 -9999.0 -9999.0
25711 20180917  2.424 -170.21   57.16    13.1     4.8     9.0    10.2     0.2    13.59 C    16.9     2.3    11.0   100.0    69.6    90.8 -99.000 -99.000 -99.000 -99.000 -99.000 -9999.0 -9999.0 -9999.0 -9999.0 -9999.0
25711 20180918  2.424 -170.21   57.16    10.3     5.1     7.7     8.9     0.0     4.93 C    13.6     3.0     9.1   100.0    81.8    90.5 -99.000 -99.000 -99.000 -99.000 -99.000 -9999.0 -9999.0 -9999.0 -9999.0 -9999.0
25711 20180919  2.424 -170.21   57.16    10.8     9.4    10.1    10.0     0.8     2.32 C    11.4     8.9     9.9    99.7    89.2    94.6 -99.000 -99.000 -99.000 -99.000 -99.000 -9999.0 -9999.0 -9999.0 -9999.0 -9999.0
25711 20180920  2.424 -170.21   57.16    10.6     5.6     8.1     9.2    14.0     1.30 C    10.6     5.1     9.0   100.0    94.9    98.7 -99.000 -99.000 -99.000 -99.000 -99.000 -9999.0 -9999.0 -9999.0 -9999.0 -9999.0
25711 20180921  2.424 -170.21   57.16    11.8     8.9    10.4    10.1     0.7     9.42 C    13.5     8.1    10.0    99.0    79.6    90.5 -99.000 -99.000 -99.000 -99.000 -99.000 -9999.0 -9999.0 -9999.0 -9999.0 -9999.0
25711 20180922  2.424 -170.21   57.16    11.7     8.5    10.1     9.8     0.0    10.02 C    14.1     7.6     9.9    89.2    77.0    84.0 -99.000 -99.000 -99.000 -99.000 -99.000 -9999.0 -9999.0 -9999.0 -9999.0 -9999.0
25711 20180923  2.424 -170.21   57.16    12.0     5.8     8.9     8.9     0.3    10.32 C    15.5     4.2     9.1    96.8    77.9    88.1 -99.000 -99.000 -99.000 -99.000 -99.000 -9999.0 -9999.0 -9999.0 -9999.0 -9999.0
25711 20180924  2.424 -170.21   57.16    11.5     0.5     6.0     7.6     2.6     9.33 C    15.3    -1.5     7.6   100.0    73.1    87.4 -99.000 -99.000 -99.000 -99.000 -99.000 -9999.0 -9999.0 -9999.0 -9999.0 -9999.0
25711 20180925  2.424 -170.21   57.16    11.5    -0.3     5.6     5.4     0.0     9.99 C    15.2    -2.7     4.7   100.0    61.2    88.4 -99.000 -99.000 -99.000 -99.000 -99.000 -9999.0 -9999.0 -9999.0 -9999.0 -9999.0
25711 20180926  2.424 -170.21   57.16    10.4    -2.6     3.9     5.3     0.0    12.00 C    15.1    -4.2     5.4   100.0    65.8    86.2 -99.000 -99.000 -99.000 -99.000 -99.000 -9999.0 -9999.0 -9999.0 -9999.0 -9999.0
25711 20180927  2.424 -170.21   57.16    11.6     8.2     9.9     9.4    10.1     8.61 C    14.7     7.3     9.6    98.0    78.3    84.8 -99.000 -99.000 -99.000 -99.000 -99.000 -9999.0 -9999.0 -9999.0 -9999.0 -9999.0
25711 20180928  2.424 -170.21   57.16    10.8     8.6     9.7     9.7    11.0     1.77 C    10.7     8.4     9.6   100.0    96.9    99.0 -99.000 -99.000 -99.000 -99.000 -99.000 -9999.0 -9999.0 -9999.0 -9999.0 -9999.0
25711 20180929  2.424 -170.21   57.16     9.7     7.3     8.5     8.8    11.5     3.37 C    10.9     7.1     8.6   100.0    90.3    96.5 -99.000 -99.000 -99.000 -99.000 -99.000 -9999.0 -9999.0 -9999.0 -9999.0 -9999.0
25711 20180930  2.424 -170.21   57.16    10.0     8.5     9.2     9.1     7.2     2.47 C    10.6     7.6     8.8    98.2    90.0    95.8 -99.000 -99.000 -99.000 -99.000 -99.000 -9999.0 -9999.0 -9999.0 -9999.0 -9999.0
25711 20181001  2.424 -170.21   57.16     9.4     7.7     8.6     8.7     2.6     2.89 C     9.5     7.0     8.4    97.0    83.9    90.9 -99.000 -99.000 -99.000 -99.000 -99.000 -9999.0 -9999.0 -9999.0 -9999.0 -9999.0
25711 20181002  2.424 -170.21   57.16    10.4     4.9     7.6     8.7     6.4     2.19 C    10.5     3.0     8.1    97.0    78.2    92.0 -99.000 -99.000 -99.000 -99.000 -99.000 -9999.0 -9999.0 -9999.0 -9999.0 -9999.0
25711 20181003  2.424 -170.21   57.16     9.1     6.6     7.9     8.3     5.2     4.59 C     9.4     5.3     7.6    97.2    75.9    86.1 -99.000 -99.000 -99.000 -99.000 -99.000 -9999.0 -9999.0 -9999.0 -9999.0 -9999.0
25711 20181004  2.424 -170.21   57.16    10.4     8.0     9.2     8.8     0.3     6.82 C    11.8     7.0     8.5    98.3    79.9    88.1 -99.000 -99.000 -99.000 -99.000 -99.000 -9999.0 -9999.0 -9999.0 -9999.0 -9999.0
25711 20181005  2.424 -170.21   57.16    10.5     4.0     7.2     8.6     2.6     6.27 C    14.1     3.2     8.6    97.8    81.9    90.8 -99.000 -99.000 -99.000 -99.000 -99.000 -9999.0 -9999.0 -9999.0 -9999.0 -9999.0
25711 20181006  2.424 -170.21   57.16    10.8     8.0     9.4     9.2     0.5     7.80 C    14.5     7.1     9.3    95.3    88.9    92.5 -99.000 -99.000 -99.000 -99.000 -99.000 -9999.0 -9999.0 -9999.0 -9999.0 -9999.0
25711 20181007  2.424 -170.21   57.16    10.6     8.7     9.7     9.4     0.5     6.62 C    13.9     7.9     9.5    96.9    83.7    92.3 -99.000 -99.000 -99.000 -99.000 -99.000 -9999.0 -9999.0 -9999.0 -9999.0 -9999.0
25711 20181008  2.424 -170.21   57.16     9.8     8.0     8.9     9.0    25.4     1.41 C    10.2     7.2     8.6    98.5    89.8    94.4 -99.000 -99.000 -99.000 -99.000 -99.000 -9999.0 -9999.0 -9999.0 -9999.0 -9999.0
25711 20181009  2.424 -170.21   57.16     9.9     8.0     8.9     8.7     0.3     8.05 C    12.4     6.9     8.5    93.3    83.1    89.1 -99.000 -99.000 -99.000 -99.000 -99.000 -9999.0 -9999.0 -9999.0 -9999.0 -9999.0
25711 20181010  2.424 -170.21   57.16    10.1     6.4     8.2     8.1     3.0     5.63 C    12.2     5.0     7.6    90.6    83.0    88.2 -99.000 -99.000 -99.000 -99.000 -99.000 -9999.0 -9999.0 -9999.0 -9999.0 -9999.0
25711 20181011  2.424 -170.21   57.16     9.6     2.2     5.9     6.5     1.0     5.17 C    11.8     1.1     6.0    96.8    76.5    87.8 -99.000 -99.000 -99.000 -99.000 -99.000 -9999.0 -9999.0 -9999.0 -9999.0 -9999.0
25711 20181012  2.424 -170.21   57.16     9.5     5.0     7.2     7.0     4.2     5.68 C    11.0     3.6     6.4    91.1    78.1    86.9 -99.000 -99.000 -99.000 -99.000 -99.000 -9999.0 -9999.0 -9999.0 -9999.0 -9999.0
25711 20181013  2.424 -170.21   57.16     9.4     6.9     8.2     7.8     4.9     5.70 C    11.9     6.1     7.5    96.2    72.5    86.5 -99.000 -99.000 -99.000 -99.000 -99.000 -9999.0 -9999.0 -9999.0 -9999.0 -9999.0
25711 20181014  2.424 -170.21   57.16     8.7     6.6     7.6     7.9    10.4     1.10 C     8.5     5.8     7.3    97.2    85.6    92.7 -99.000 -99.000 -99.000 -99.000 -99.000 -9999.0 -9999.0 -9999.0 -9999.0 -9999.0
25711 20181015  2.424 -170.21   57.16     9.8     6.9     8.4     8.3     0.9     3.50 C    12.3     6.5     8.4    97.4    90.8    95.0 -99.000 -99.000 -99.000 -99.000 -99.000 -9999.0 -9999.0 -9999.0 -9999.0 -9999.0
25711 20181016  2.424 -170.21   57.16     9.9     7.2     8.5     8.1     6.1     3.99 C    11.9     6.7     7.9    97.3    81.3    92.2 -99.000 -99.000 -99.000 -99.000 -99.000 -9999.0 -9999.0 -9999.0 -9999.0 -9999.0
25711 20181017  2.424 -170.21   57.16     7.4     4.4     5.9     6.5     3.1     3.35 C     8.0     3.7     6.0    95.6    72.8    88.2 -99.000 -99.000 -99.000 -99.000 -99.000 -9999.0 -9999.0 -9999.0 -9999.0 -9999.0
25711 20181018  2.424 -170.21   57.16     6.7     2.1     4.4     4.3     0.5     4.43 C     8.6     0.7     3.9    84.1    57.9    74.3 -99.000 -99.000 -99.000 -99.000 -99.000 -9999.0 -9999.0 -9999.0 -9999.0 -9999.0
25711 20181019  2.424 -170.21   57.16     7.1     2.0     4.6     4.3     0.0     5.73 C     9.2     0.7     4.0    89.6    56.4    73.4 -99.000 -99.000 -99.000 -99.000 -99.000 -9999.0 -9999.0 -9999.0 -9999.0 -9999.0
25711 20181020  2.424 -170.21   57.16     8.8     0.8     4.8     5.4     0.8     5.23 C    11.8     0.0     5.1    98.2    73.5    90.1 -99.000 -99.000 -99.000 -99.000 -99.000 -9999.0 -9999.0 -9999.0 -9999.0 -9999.0
25711 20181021  2.424 -170.21   57.16     7.8     5.0     6.4     6.3     0.7     3.23 C     8.6     3.8     5.7    89.0    65.2    77.8 -99.000 -99.000 -99.000 -99.000 -99.000 -9999.0 -9999.0 -9999.0 -9999.0 -9999.0
25711 20181022  2.424 -170.21   57.16     7.4     3.0     5.2     5.1     3.4     3.00 C     8.0     1.3     4.3    90.2    71.5    82.9 -99.000 -99.000 -99.000 -99.000 -99.000 -9999.0 -9999.0 -9999.0 -9999.0 -9999.0
25711 20181023  2.424 -170.21   57.16     6.8     2.6     4.7     5.4    13.2     1.53 C     6.3     2.2     4.8    95.2    66.9    87.1 -99.000 -99.000 -99.000 -99.000 -99.000 -9999.0 -9999.0 -9999.0 -9999.0 -9999.0
25711 20181024  2.424 -170.21   57.16     6.4     1.4     3.9     3.3     3.0     5.85 C     9.1     0.0     2.7    92.9    56.3    75.0 -99.000 -99.000 -99.000 -99.000 -99.000 -9999.0 -9999.0 -9999.0 -9999.0 -9999.0
25711 20181025  2.424 -170.21   57.16     5.1     1.8     3.5     3.9     2.6     3.27 C     5.6     0.3     3.2    92.6    78.0    84.4 -99.000 -99.000 -99.000 -99.000 -99.000 -9999.0 -9999.0 -9999.0 -9999.0 -9999.0
25711 20181026  2.424 -170.21   57.16     5.4     1.7     3.6     3.9     0.0     3.17 C     6.6     0.8     3.5    85.8    57.2    75.8 -99.000 -99.000 -99.000 -99.000 -99.000 -9999.0 -9999.0 -9999.0 -9999.0 -9999.0
25711 20181027  2.424 -170.21   57.16     4.6     1.4     3.0     2.7     0.0     2.46 C     6.4     0.5     2.1    77.4    52.9    63.1 -99.000 -99.000 -99.000 -99.000 -99.000 -9999.0 -9999.0 -9999.0 -9999.0 -9999.0
25711 20181028  2.424 -170.21   57.16     4.7    -3.2     0.8     2.2     0.9     3.15 C     8.2    -5.0     1.8    91.2    57.6    71.0 -99.000 -99.000 -99.000 -99.000 -99.000 -9999.0 -9999.0 -9999.0 -9999.0 -9999.0
25711 20181029  2.424 -170.21   57.16     6.7     3.4     5.0     4.8     0.0     2.77 C     7.6     2.1     4.2    83.5    63.4    73.0 -99.000 -99.000 -99.000 -99.000 -99.000 -9999.0 -9999.0 -9999.0 -9999.0 -9999.0
25711 20181030  2.424 -170.21   57.16     6.8    -1.8     2.5     4.2     1.9     3.45 C     9.1    -3.7     3.5    95.4    70.6    84.7 -99.000 -99.000 -99.000 -99.000 -99.000 -9999.0 -9999.0 -9999.0 -9999.0 -9999.0
25711 20181031  2.424 -170.21   57.16     6.9     0.6     3.8     5.6     0.5     1.92 C     7.0    -0.2     4.7    88.7    72.3    80.3 -99.000 -99.000 -99.000 -99.000 -99.000 -9999.0 -9999.0 -9999.0 -9999.0 -9999.0
25711 20181101  2.424 -170.21   57.16     7.4     6.3     6.9     7.0     1.1     1.04 C     7.3     5.2     6.5    96.5    73.7    88.5 -99.000 -99.000 -99.000 -99.000 -99.000 -9999.0 -9999.0 -9999.0 -9999.0 -9999.0
25711 20181102  2.424 -170.21   57.16     7.3     5.4     6.3     6.4     0.0     0.68 C     6.8     5.0     5.9    93.1    83.2    88.4 -99.000 -99.000 -99.000 -99.000 -99.000 -9999.0 -9999.0 -9999.0 -9999.0 -9999.0
25711 20181103  2.424 -170.21   57.16     7.0     3.3     5.1     5.6     0.0     1.06 C     7.4     2.3     5.3    96.4    83.3    92.2 -99.000 -99.000 -99.000 -99.000 -99.000 -9999.0 -9999.0 -9999.0 -9999.0 -9999.0
25711 20181104  2.424 -170.21   57.16     7.7     0.4     4.1     4.6     0.0     2.98 C     8.8    -1.1     3.9    93.2    73.5    86.3 -99.000 -99.000 -99.000 -99.000 -99.000 -9999.0 -9999.0 -9999.0 -9999.0 -9999.0
25711 20181105  2.424 -170.21   57.16     7.3     4.2     5.7     6.2     3.4     1.78 C     7.3     3.1     5.6    92.9    69.1    79.7 -99.000 -99.000 -99.000 -99.000 -99.000 -9999.0 -9999.0 -9999.0 -9999.0 -9999.0
25711 20181106  2.424 -170.21   57.16     6.8    -1.5     2.7     3.9     1.3     4.06 C     8.3    -3.0     3.1    90.4    71.7    81.4 -99.000 -99.000 -99.000 -99.000 -99.000 -9999.0 -9999.0 -9999.0 -9999.0 -9999.0
25711 20181107  2.424 -170.21   57.16     6.1    -3.2     1.5     2.2     0.2     4.03 C     8.1    -4.9     1.2    93.6    69.7    82.3 -99.000 -99.000 -99.000 -99.000 -99.000 -9999.0 -9999.0 -9999.0 -9999.0 -9999.0
25711 20181108  2.424 -170.21   57.16     6.0     1.1     3.5     3.9     7.4     2.17 C     5.6     0.0     3.1    94.4    64.8    81.0 -99.000 -99.000 -99.000 -99.000 -99.000 -9999.0 -9999.0 -9999.0 -9999.0 -9999.0
25711 20181109  2.424 -170.21   57.16     5.4     1.8     3.6     4.1     1.8     2.95 C     5.8     0.6     3.2    82.1    59.6    73.8 -99.000 -99.000 -99.000 -99.000 -99.000 -9999.0 -9999.0 -9999.0 -9999.0 -9999.0
25711 20181110  2.424 -170.21   57.16     7.5     0.8     4.1     4.3    10.0     1.05 C     7.9     0.3     3.7    98.5    63.4    87.5 -99.000 -99.000 -99.000 -99.000 -99.000 -9999.0 -9999.0 -9999.0 -9999.0 -9999.0
25711 20181111  2.424 -170.21   57.16     4.9     1.7     3.3     3.0     5.4     0.96 C     4.7     1.1     2.6    94.6    80.8    90.7 -99.000 -99.000 -99.000 -99.000 -99.000 -9999.0 -9999.0 -9999.0 -9999.0 -9999.0
25711 20181112  2.424 -170.21   57.16     3.9     0.8     2.4     2.7     4.6     1.06 C     3.3     0.3     2.3    95.5    76.0    88.6 -99.000 -99.000 -99.000 -99.000 -99.000 -9999.0 -9999.0 -9999.0 -9999.0 -9999.0
25711 20181113  2.424 -170.21   57.16     2.6     0.8     1.7     1.9     1.4     0.75 C     2.1     0.3     1.4    91.3    75.9    85.6 -99.000 -99.000 -99.000 -99.000 -99.000 -9999.0 -9999.0 -9999.0 -9999.0 -9999.0
25711 20181114  2.424 -170.21   57.16     2.0     0.0     1.0     1.1     2.0     1.31 C     2.1    -0.4     0.6    93.6    65.8    79.0 -99.000 -99.000 -99.000 -99.000 -99.000 -9999.0 -9999.0 -9999.0 -9999.0 -9999.0
25711 20181115  2.424 -170.21   57.16     1.8    -3.7    -0.9     0.5     1.3     2.13 C     2.7    -6.2    -0.2    94.5    77.9    88.0 -99.000 -99.000 -99.000 -99.000 -99.000 -9999.0 -9999.0 -9999.0 -9999.0 -9999.0
25711 20181116  2.424 -170.21   57.16     5.4    -5.6    -0.1     1.8     1.6     0.64 C     4.9    -7.8     0.8    98.4    82.5    90.9 -99.000 -99.000 -99.000 -99.000 -99.000 -9999.0 -9999.0 -9999.0 -9999.0 -9999.0
25711 20181117  2.424 -170.21   57.16     5.5     2.5     4.0     3.8     2.3     1.98 C     5.9     1.5     3.4   100.0    88.1    94.6 -99.000 -99.000 -99.000 -99.000 -99.000 -9999.0 -9999.0 -9999.0 -9999.0 -9999.0
25711 20181118  2.424 -170.21   57.16     4.7     1.7     3.2     3.5     2.2     1.70 C     4.4     0.5     2.8    94.7    74.2    85.1 -99.000 -99.000 -99.000 -99.000 -99.000 -9999.0 -9999.0 -9999.0 -9999.0 -9999.0
25711 20181119  2.424 -170.21   57.16     5.1     1.5     3.3     3.6     2.9     0.68 C     4.8     0.3     2.8    92.9    78.1    87.2 -99.000 -99.000 -99.000 -99.000 -99.000 -9999.0 -9999.0 -9999.0 -9999.0 -9999.0
25711 20181120  2.424 -170.21   57.16     2.9     0.3     1.6     1.6     2.6     1.78 C     2.9    -0.8     0.7    91.2    59.7    77.9 -99.000 -99.000 -99.000 -99.000 -99.000 -9999.0 -9999.0 -9999.0 -9999.0 -9999.0
25711 20181121  2.424 -170.21   57.16     2.4    -0.7     0.8     0.7     0.0     1.86 C     3.1    -2.3    -0.2    80.6    61.0    70.7 -99.000 -99.000 -99.000 -99.000 -99.000 -9999.0 -9999.0 -9999.0 -9999.0 -9999.0
25711 20181122  2.424 -170.21   57.16     3.2    -0.5     1.3     1.7     0.2     0.95 C     2.4    -1.9     0.9    89.9    64.5    79.0 -99.000 -99.000 -99.000 -99.000 -99.000 -9999.0 -9999.0 -9999.0 -9999.0 -9999.0
25711 20181123  2.424 -170.21   57.16     3.7     1.6     2.7     2.8     3.0     0.52 C     3.3     1.2     2.3    95.2    74.1    90.4 -99.000 -99.000 -99.000 -99.000 -99.000 -9999.0 -9999.0 -9999.0 -9999.0 -9999.0
25711 20181124  2.424 -170.21   57.16     2.3     1.0     1.7     1.7     0.0     1.12 C     2.6     0.4     1.3    95.4    87.0    91.9 -99.000 -99.000 -99.000 -99.000 -99.000 -9999.0 -9999.0 -9999.0 -9999.0 -9999.0
25711 20181125  2.424 -170.21   57.16     2.0    -0.6     0.7     0.9     1.3     1.32 C     2.1    -1.8     0.2    90.0    58.4    78.8 -99.000 -99.000 -99.000 -99.000 -99.000 -9999.0 -9999.0 -9999.0 -9999.0 -9999.0
25711 20181126  2.424 -170.21   57.16     1.2    -2.0    -0.4    -0.3     3.6     1.52 C     1.0    -3.5    -1.3    84.7    56.9    75.6 -99.000 -99.000 -99.000 -99.000 -99.000 -9999.0 -9999.0 -9999.0 -9999.0 -9999.0
25711 20181127  2.424 -170.21   57.16    -0.5    -6.4    -3.5    -2.5     1.0     2.25 C     0.1    -9.0    -4.0    80.3    55.7    71.3 -99.000 -99.000 -99.000 -99.000 -99.000 -9999.0 -9999.0 -9999.0 -9999.0 -9999.0
25711 20181128  2.424 -170.21   57.16     0.4    -8.6    -4.1    -2.9     1.0     1.72 C    -0.9   -11.3    -4.7    83.6    52.0    71.6 -99.000 -99.000 -99.000 -99.000 -99.000 -9999.0 -9999.0 -9999.0 -9999.0 -9999.0
25711 20181129  2.424 -170.21   57.16     4.3     0.4     2.4     2.7     5.7     1.81 C     4.0    -1.4     1.4    94.0    57.0    82.2 -99.000 -99.000 -99.000 -99.000 -99.000 -9999.0 -9999.0 -9999.0 -9999.0 -9999.0
25711 20181130  2.424 -170.21   57.16     3.7     0.2     2.0     2.1     9.2     1.14 C     3.0    -0.1     1.2    99.6    75.5    89.3 -99.000 -99.000 -99.000 -99.000 -99.000 -9999.0 -9999.0 -9999.0 -9999.0 -9999.0
25711 20181201  2.424 -170.21   57.16     3.2     0.9     2.0     2.3     0.8     0.92 C     2.4    -0.1     1.1    89.9    71.5    79.6 -99.000 -99.000 -99.000 -99.000 -99.000 -9999.0 -9999.0 -9999.0 -9999.0 -9999.0
25711 20181202  2.424 -170.21   57.16     3.8     0.3     2.0     2.3     0.7     1.88 C     4.1    -0.8     1.0    91.5    64.6    79.7 -99.000 -99.000 -99.000 -99.000 -99.000 -9999.0 -9999.0 -9999.0 -9999.0 -9999.0
25711 20181203  2.424 -170.21   57.16     5.5     3.5     4.5     4.9     2.9     0.27 C     5.1     1.8     4.1    92.2    66.3    78.7 -99.000 -99.000 -99.000 -99.000 -99.000 -9999.0 -9999.0 -9999.0 -9999.0 -9999.0
25711 20181204  2.424 -170.21   57.16     5.3     2.2     3.8     4.7     5.4     0.51 C     5.0     1.2     4.0    97.6    82.7    91.7 -99.000 -99.000 -99.000 -99.000 -99.000 -9999.0 -9999.0 -9999.0 -9999.0 -9999.0
25711 20181205  2.424 -170.21   57.16     5.7     3.0     4.3     4.7     1.2     0.53 C     6.1     2.5     4.3    97.9    89.5    95.8 -99.000 -99.000 -99.000 -99.000 -99.000 -9999.0 -9999.0 -9999.0 -9999.0 -9999.0
25711 20181206  2.424 -170.21   57.16     3.5    -2.0     0.7     1.0     0.3     0.57 C     2.7    -2.9     0.6    99.4    71.9    91.0 -99.000 -99.000 -99.000 -99.000 -99.000 -9999.0 -9999.0 -9999.0 -9999.0 -9999.0
25711 20181207  2.424 -170.21   57.16    -1.2    -3.7    -2.5    -2.3     1.2     1.34 C    -1.2    -5.1    -3.1    86.4    52.8    71.2 -99.000 -99.000 -99.000 -99.000 -99.000 -9999.0 -9999.0 -9999.0 -9999.0 -9999.0
25711 20181208  2.424 -170.21   57.16     0.7    -7.7    -3.5    -2.0     0.0     1.13 C     0.8   -10.1    -3.0    77.5    48.0    62.8 -99.000 -99.000 -99.000 -99.000 -99.000 -9999.0 -9999.0 -9999.0 -9999.0 -9999.0
25711 20181209  2.424 -170.21   57.16     1.9    -0.3     0.8     0.9     8.5     0.36 C     1.5    -0.8     0.4    97.0    77.0    92.6 -99.000 -99.000 -99.000 -99.000 -99.000 -9999.0 -9999.0 -9999.0 -9999.0 -9999.0
25711 20181210  2.424 -170.21   57.16     0.5    -5.3    -2.4    -2.6     0.8     0.66 C     0.0    -7.0    -3.4    95.4    58.9    76.2 -99.000 -99.000 -99.000 -99.000 -99.000 -9999.0 -9999.0 -9999.0 -9999.0 -9999.0
25711 20181211  2.424 -170.21   57.16    -3.1    -6.4    -4.8    -4.6     0.6     0.77 C    -3.4    -8.7    -6.0    80.1    53.6    69.6 -99.000 -99.000 -99.000 -99.000 -99.000 -9999.0 -9999.0 -9999.0 -9999.0 -9999.0
25711 20181212  2.424 -170.21   57.16    -0.4    -9.0    -4.7    -4.5     5.7     0.78 C    -0.9   -11.0    -5.9    93.6    56.7    82.2 -99.000 -99.000 -99.000 -99.000 -99.000 -9999.0 -9999.0 -9999.0 -9999.0 -9999.0
25711 20181213  2.424 -170.21   57.16    -2.2   -11.6    -6.9    -5.2     0.8     2.04 C    -2.4   -13.4    -7.3    91.0    53.9    76.6 -99.000 -99.000 -99.000 -99.000 -99.000 -9999.0 -9999.0 -9999.0 -9999.0 -9999.0
25711 20181214  2.424 -170.21   57.16    -1.5    -9.1    -5.3    -3.1     0.0     1.13 C    -2.7   -11.1    -4.6    85.9    53.0    68.0 -99.000 -99.000 -99.000 -99.000 -99.000 -9999.0 -9999.0 -9999.0 -9999.0 -9999.0
25711 20181215  2.424 -170.21   57.16    -2.2    -9.2    -5.7    -4.4     0.0     0.67 C    -3.0   -12.2    -6.0    82.7    59.1    74.4 -99.000 -99.000 -99.000 -99.000 -99.000 -9999.0 -9999.0 -9999.0 -9999.0 -9999.0
25711 20181216  2.424 -170.21   57.16    -3.9    -6.8    -5.3    -5.3     1.4     1.26 C    -4.8    -8.6    -6.2    86.5    52.5    72.2 -99.000 -99.000 -99.000 -99.000 -99.000 -9999.0 -9999.0 -9999.0 -9999.0 -9999.0
25711 20181217  2.424 -170.21   57.16    -2.4    -7.1    -4.8    -5.1     0.7     1.34 C    -3.5    -8.3    -6.2    83.0    55.7    73.0 -99.000 -99.000 -99.000 -99.000 -99.000 -9999.0 -9999.0 -9999.0 -9999.0 -9999.0
25711 20181218  2.424 -170.21   57.16     1.7    -5.9    -2.1    -2.0     0.9     0.84 C     0.2    -7.9    -3.3    87.6    62.4    73.9 -99.000 -99.000 -99.000 -99.000 -99.000 -9999.0 -9999.0 -9999.0 -9999.0 -9999.0
25711 20181219  2.424 -170.21   57.16    -0.4    -6.9    -3.6    -1.5     1.1     0.39 C    -0.8   -10.9    -2.4    91.6    62.3    84.0 -99.000 -99.000 -99.000 -99.000 -99.000 -9999.0 -9999.0 -9999.0 -9999.0 -9999.0
25711 20181220  2.424 -170.21   57.16    -0.4    -4.7    -2.6    -2.5     0.4     0.39 C    -0.9    -5.4    -3.0    91.0    72.1    83.8 -99.000 -99.000 -99.000 -99.000 -99.000 -9999.0 -9999.0 -9999.0 -9999.0 -9999.0
25711 20181221  2.424 -170.21   57.16    -4.0    -5.4    -4.7    -4.6     0.0     0.67 C    -4.6    -6.1    -5.2    78.7    71.6    75.2 -99.000 -99.000 -99.000 -99.000 -99.000 -9999.0 -9999.0 -9999.0 -9999.0 -9999.0
25711 20181222  2.424 -170.21   57.16    -3.6    -5.4    -4.5    -4.3     0.0     0.57 C    -4.3    -6.2    -4.9    79.8    72.3    77.1 -99.000 -99.000 -99.000 -99.000 -99.000 -9999.0 -9999.0 -9999.0 -9999.0 -9999.0
25711 20181223  2.424 -170.21   57.16    -2.1    -4.1    -3.1    -3.2     0.0     0.32 C    -3.2    -4.8    -4.1    79.6    61.1    69.8 -99.000 -99.000 -99.000 -99.000 -99.000 -9999.0 -9999.0 -9999.0 -9999.0 -9999.0
25711 20181224  2.424 -170.21   57.16    -2.4    -6.5    -4.5    -4.0     0.0     0.62 C    -3.7    -8.8    -4.7    82.1    64.8    72.5 -99.000 -99.000 -99.000 -99.000 -99.000 -9999.0 -9999.0 -9999.0 -9999.0 -9999.0
25711 20181225  2.424 -170.21   57.16    -3.9    -4.9    -4.4    -4.3     0.0     0.35 C    -4.6    -5.3    -4.9    80.2    70.5    75.5 -99.000 -99.000 -99.000 -99.000 -99.000 -9999.0 -9999.0 -9999.0 -9999.0 -9999.0
25711 20181226  2.424 -170.21   57.16    -3.3    -6.4    -4.9    -4.3     1.2     0.93 C    -3.8    -8.0    -5.2    87.2    64.4    74.1 -99.000 -99.000 -99.000 -99.000 -99.000 -9999.0 -9999.0 -9999.0 -9999.0 -9999.0
25711 20181227  2.424 -170.21   57.16    -3.7   -11.4    -7.6    -5.5     1.5     0.57 C    -4.7   -14.3    -6.9    88.0    55.8    75.8 -99.000 -99.000 -99.000 -99.000 -99.000 -9999.0 -9999.0 -9999.0 -9999.0 -9999.0
25711 20181228  2.424 -170.21   57.16    -3.2   -17.3   -10.3    -8.4     0.3     1.35 C    -4.9   -20.0   -10.1    87.3    52.5    74.9 -99.000 -99.000 -99.000 -99.000 -99.000 -9999.0 -9999.0 -9999.0 -9999.0 -9999.0
25711 20181229  2.424 -170.21   57.16     2.2    -3.3    -0.5    -0.2    10.4     0.15 C     1.2    -5.0    -0.8    97.2    57.2    88.9 -99.000 -99.000 -99.000 -99.000 -99.000 -9999.0 -9999.0 -9999.0 -9999.0 -9999.0
25711 20181230  2.424 -170.21   57.16     3.5    -1.6     0.9     1.7     1.4     0.91 C     3.0    -3.8     0.8    95.0    74.8    85.6 -99.000 -99.000 -99.000 -99.000 -99.000 -9999.0 -9999.0 -9999.0 -9999.0 -9999.0
25711 20181231  2.424 -170.21   57.16     3.2    -6.6    -1.7    -0.1     2.7     1.17 C     3.3    -7.9    -1.4   100.0    84.0    93.3 -99.000 -99.000 -99.000 -99.000 -99.000 -9999.0 -9999.0 -9999.0 -9999.0 -9999.0
