23803 20180101  2.422  -89.43   34.82    -5.8   -12.9    -9.4   -10.0     0.0    12.01 C     5.3   -16.4    -9.0    69.7    39.4    54.3   0.388   0.393   0.375   0.425   0.482     4.5     4.8     6.1     9.8    12.8
23803 20180102  2.422  -89.43   34.82    -2.6   -13.6    -8.1    -8.6     0.0    10.56 C    10.5   -16.4    -6.5    61.2    26.6    45.7   0.386   0.390   0.373   0.423   0.482     3.8     4.1     5.3     9.2    12.6
23803 20180103  2.422  -89.43   34.82     1.2   -11.4    -5.1    -5.0     0.0    11.39 C    12.9   -15.2    -4.7    78.8    22.8    51.1   0.386   0.390   0.372   0.421   0.480     4.0     4.2     5.3     8.8    12.3
23803 20180104  2.422  -89.43   34.82    -1.8   -11.7    -6.8    -7.3     0.0    12.01 C    10.9   -14.9    -7.2    83.7    30.8    59.9   0.383   0.388   0.370   0.420   0.479     3.6     3.8     4.9     8.5    12.0
23803 20180105  2.422  -89.43   34.82     4.6   -13.8    -4.6    -5.6     0.0    11.61 C    16.9   -16.0    -4.6    85.3    24.5    57.2   0.381   0.385   0.368   0.419   0.480     3.4     3.6     4.6     8.2    11.7
23803 20180106  2.422  -89.43   34.82     4.3    -8.3    -2.0    -2.4     0.0    11.53 C    15.5   -11.7    -2.6    72.7    30.7    47.4   0.381   0.385   0.367   0.418   0.480     3.7     3.9     4.8     7.9    11.5
23803 20180107  2.422  -89.43   34.82     8.4    -3.3     2.5     2.9     5.0     4.64 C    12.8    -7.2     2.2    83.8    36.3    52.8   0.382   0.385   0.368   0.418   0.478     4.2     4.4     5.1     7.8    11.2
23803 20180108  2.422  -89.43   34.82     7.2     3.7     5.5     5.5    12.9     1.75 C    10.4     3.3     5.7    94.2    82.8    91.7   0.438   0.428   0.422   0.428   0.480     5.6     5.6     6.0     7.9    11.0
23803 20180109  2.422  -89.43   34.82    11.3     5.4     8.3     8.0     0.4     2.17 C    12.5     4.9     8.5    95.4    91.5    94.3   0.431   0.428   0.423   0.434   0.480     6.8     6.8     7.1     8.2    10.9
23803 20180110  2.422  -89.43   34.82    16.1    10.8    13.4    13.1     0.2     1.70 C    15.0    10.2    12.7    94.6    87.0    91.8   0.422   0.423   0.405   0.431   0.480     8.3     8.3     8.2     8.6    10.8
23803 20180111  2.422  -89.43   34.82    17.9    12.1    15.0    15.9    16.8     2.42 C    21.2    11.6    15.4    93.7    85.4    90.3   0.445   0.441   0.421   0.436   0.480    10.3    10.3     9.9     9.3    10.8
23803 20180112  2.422  -89.43   34.82    12.2    -6.8     2.7    -2.9    29.3     2.14 C    11.6    -6.5    -2.0    91.4    73.5    83.6   0.473   0.464   0.441   0.448   0.481     7.8     8.0     9.1     9.9    10.8
23803 20180113  2.422  -89.43   34.82    -2.7   -11.0    -6.9    -6.1     0.0    10.79 C    -0.5   -13.7    -6.6    86.2    48.7    67.7   0.475   0.467   0.445   0.443   0.482     6.3     6.5     7.8     9.6    11.0
23803 20180114  2.422  -89.43   34.82    -0.7   -11.6    -6.2    -5.5     0.0     6.96 C     2.6   -14.1    -6.0    86.6    41.1    68.2   0.453   0.453   0.439   0.440   0.482     5.5     5.7     7.0     9.3    11.2
23803 20180115  2.422  -89.43   34.82     8.7    -6.5     1.1     0.6     0.3    12.53 C    11.6    -9.9    -0.7    89.7    41.9    70.3   0.451   0.450   0.430   0.439   0.482     5.2     5.4     6.5     8.9    11.1
23803 20180116  2.422  -89.43   34.82    -2.8   -16.0    -9.4    -9.8     1.9    10.00 C    -2.0   -20.6   -10.2    88.0    45.3    66.5   0.464   0.461   0.442   0.441   0.483     5.0     5.1     6.2     8.6    11.0
23803 20180117  2.422  -89.43   34.82    -5.5   -18.0   -11.7   -12.5     0.0    12.36 C    -2.7   -22.8   -13.9    84.8    52.6    73.9   0.441   0.443   0.420   0.436   0.482     4.4     4.6     5.8     8.3    10.9
23803 20180118  2.422  -89.43   34.82     3.2   -16.5    -6.6    -7.2     0.0    13.22 C    10.7   -18.9    -7.6    83.9    35.8    66.9   0.429   0.434   0.408   0.433   0.480     3.9     4.1     5.2     8.0    10.7
23803 20180119  2.422  -89.43   34.82     6.8   -10.6    -1.9     0.0     0.0     6.91 C    11.4   -12.5    -0.7    87.9    35.5    55.1   0.436   0.432   0.418   0.433   0.481     3.5     3.7     4.8     7.6    10.6
23803 20180120  2.422  -89.43   34.82    16.6     5.0    10.8    11.5     0.0     7.79 C    24.6     4.0    11.1    77.1    37.0    53.3   0.435   0.432   0.425   0.436   0.480     5.1     5.2     5.6     7.4    10.4
23803 20180121  2.422  -89.43   34.82    21.8    11.1    16.5    15.4     0.0     8.99 C    30.8     8.2    15.2    80.0    49.5    66.2   0.421   0.427   0.407   0.433   0.480     7.5     7.5     7.5     7.8    10.2
23803 20180122  2.422  -89.43   34.82    18.0     7.1    12.6    13.4    10.4    11.53 C    21.3     2.7    12.1    92.2    27.7    55.7   0.449   0.441   0.427   0.438   0.480     8.9     8.9     8.9     8.5    10.1
23803 20180123  2.422  -89.43   34.82     8.2    -4.3     2.0     3.4     0.0    12.51 C    21.4    -8.4     2.9    91.8    48.4    64.9   0.431   0.433   0.415   0.436   0.480     7.7     7.9     8.4     9.0    10.2
23803 20180124  2.422  -89.43   34.82    11.4    -7.2     2.1     0.5     0.0    13.94 C    22.0   -10.8     0.7    91.6    33.6    72.7   0.416   0.423   0.400   0.432   0.480     6.3     6.5     7.2     9.0    10.4
23803 20180125  2.422  -89.43   34.82    15.9    -5.9     5.0     4.5     0.0    14.06 C    27.5    -9.2     3.9    91.6    22.1    58.9   0.408   0.417   0.392   0.429   0.480     6.1     6.2     6.9     8.7    10.5
23803 20180126  2.422  -89.43   34.82    15.9    -3.1     6.4     8.1     0.0    13.05 C    24.6    -6.4     7.6    88.2    29.8    56.4   0.404   0.413   0.387   0.426   0.480     6.5     6.5     7.1     8.6    10.5
23803 20180127  2.422  -89.43   34.82    13.2     8.9    11.0    11.6    18.4     1.56 C    14.5     8.2    11.2    95.5    56.2    87.1   0.443   0.438   0.414   0.435   0.480     8.1     8.1     8.2     8.7    10.4
23803 20180128  2.422  -89.43   34.82    15.2    -1.4     6.9     9.2     0.9    12.93 C    19.2    -4.6     8.7    94.8    29.3    72.2   0.476   0.464   0.438   0.441   0.481     9.1     9.1     9.2     9.1    10.3
23803 20180129  2.422  -89.43   34.82     8.6    -4.0     2.3     1.0     0.0    12.09 C    17.7    -7.9     1.2    92.7    54.4    72.9   0.443   0.444   0.421   0.436   0.481     7.4     7.6     8.2     9.4    10.5
23803 20180130  2.422  -89.43   34.82     6.0    -6.3    -0.1    -0.8     0.0    12.86 C    18.8   -10.4    -0.4    86.1    29.4    60.9   0.420   0.429   0.402   0.432   0.480     6.1     6.4     7.2     9.1    10.5
23803 20180131  2.422  -89.43   34.82    16.7    -0.8     8.0     7.5     0.0    14.29 C    25.1    -4.7     6.3    60.6    25.1    43.9   0.411   0.422   0.394   0.429   0.480     6.3     6.4     7.0     8.8    10.5
23803 20180201  2.422  -89.43   34.82    15.1    -1.4     6.8     7.8     1.8     2.15 C    18.9    -3.6     6.5    92.1    50.7    73.9   0.409   0.419   0.390   0.427   0.480     7.1     7.2     7.6     8.8    10.5
23803 20180202  2.422  -89.43   34.82     2.0    -5.1    -1.5    -2.1     0.0    14.05 C    15.2    -9.2    -0.7    64.3    27.9    45.0   0.406   0.413   0.386   0.427   0.480     6.2     6.4     7.1     8.8    10.4
23803 20180203  2.422  -89.43   34.82    11.6    -3.3     4.1     4.6     6.0    11.25 C    20.1    -6.8     6.0    87.0    18.8    41.3   0.401   0.408   0.383   0.425   0.480     6.1     6.2     6.8     8.6    10.4
23803 20180204  2.422  -89.43   34.82    13.3    -0.9     6.2     6.6     9.4    13.06 C    20.9    -0.6     8.0    94.6    49.9    76.2   0.468   0.453   0.432   0.438   0.481     7.2     7.2     7.5     8.5    10.3
23803 20180205  2.422  -89.43   34.82     8.1    -5.9     1.1     1.3     0.0    15.05 C    19.5    -8.2     3.7    78.2    36.3    58.8   0.438   0.438   0.415   0.433   0.480     6.7     6.9     7.4     8.7    10.2
23803 20180206  2.422  -89.43   34.82     6.4     3.8     5.1     5.0    34.5     2.47 C     9.1     2.9     5.5    94.3    61.0    78.8   0.433   0.437   0.410   0.434   0.481     7.0     7.1     7.5     8.6    10.2
23803 20180207  2.422  -89.43   34.82     4.8    -3.0     0.9     0.6    15.3     3.51 C     5.3    -4.8     1.6    94.7    72.2    85.3   0.472   0.461   0.436   0.444   0.482     6.1     6.3     7.0     8.5    10.1
23803 20180208  2.422  -89.43   34.82    11.1    -6.8     2.2     0.6     0.0    15.66 C    18.6    -8.0     1.8    91.5    33.2    72.9   0.469   0.462   0.438   0.439   0.483     5.4     5.5     6.3     8.3    10.1
23803 20180209  2.422  -89.43   34.82    17.9    -3.5     7.2     8.9     0.0    13.43 C    25.8    -5.4     8.4    92.4    29.0    63.0   0.441   0.446   0.424   0.435   0.482     6.0     6.1     6.6     8.2    10.0
23803 20180210  2.422  -89.43   34.82    14.7     7.8    11.3    12.9    52.2     1.17 C    14.0     8.6    12.3    95.2    91.7    94.1   0.469   0.461   0.435   0.441   0.481     9.1     9.1     8.7     8.4     9.9
23803 20180211  2.422  -89.43   34.82     8.0    -0.9     3.6     3.2     8.4     2.87 C     8.8    -0.2     4.8    95.1    80.5    89.1   0.483   0.470   0.444   0.445   0.482     8.9     9.0     9.2     9.1     9.8
23803 20180212  2.422  -89.43   34.82     7.0    -3.0     2.0     0.6     0.0    10.70 C    13.3    -4.2     2.0    92.3    55.6    75.3   0.476   0.468   0.447   0.441   0.483     6.9     7.1     7.8     9.1    10.0
23803 20180213  2.422  -89.43   34.82    11.1    -1.9     4.6     6.1    10.2     5.14 C    15.0    -1.6     6.9    93.0    74.7    87.1   0.446   0.449   0.429   0.437   0.483     7.0     7.1     7.6     8.9    10.1
23803 20180214  2.422  -89.43   34.82    19.2    10.9    15.1    15.3    31.3     1.83 C    17.3    10.5    14.1    93.8    90.7    93.0   0.481   0.470   0.444   0.446   0.483     9.9     9.8     9.4     9.0    10.0
23803 20180215  2.422  -89.43   34.82    23.7    18.4    21.0    20.6     0.0    10.04 C    25.4    16.5    18.9    90.5    59.9    74.6   0.486   0.475   0.450   0.447   0.482    13.0    12.8    11.8    10.0    10.1
23803 20180216  2.422  -89.43   34.82    20.9     6.0    13.4    11.8     1.1     1.82 C    18.0     5.6    11.3    90.2    68.2    80.1   0.473   0.468   0.450   0.443   0.483    12.7    12.8    12.4    10.8    10.3
23803 20180217  2.422  -89.43   34.82     8.5     2.0     5.3     6.2     8.1     1.57 C    10.9     0.5     6.4    94.0    80.0    88.8   0.465   0.458   0.443   0.443   0.484    10.6    10.7    10.9    11.1    10.6
23803 20180218  2.422  -89.43   34.82    15.6    -0.9     7.4     8.0     0.0    12.27 C    22.6    -2.5     8.4    95.6    43.4    81.2   0.450   0.448   0.434   0.441   0.484     9.6     9.7    10.0    10.8    10.9
23803 20180219  2.422  -89.43   34.82    23.6    12.1    17.9    18.2     0.0     9.51 C    28.7    11.8    17.7    94.0    51.8    75.3   0.434   0.438   0.416   0.436   0.483    11.5    11.4    11.1    10.7    10.9
23803 20180220  2.422  -89.43   34.82    24.0    17.5    20.7    20.8     0.0     8.23 C    33.1    14.9    20.1    85.8    60.9    73.0   0.422   0.432   0.406   0.434   0.483    13.2    13.1    12.6    11.2    11.1
23803 20180221  2.422  -89.43   34.82    21.6     8.4    15.0    13.8    56.0     1.65 C    19.6     9.3    14.0    93.0    74.0    88.4   0.466   0.461   0.432   0.446   0.483    13.5    13.5    13.3    12.0    11.4
23803 20180222  2.422  -89.43   34.82    16.5     7.9    12.2    11.1    31.4     2.22 C    15.1     8.9    11.8    95.2    91.3    93.8   0.495   0.481   0.453   0.453   0.484    11.8    11.9    12.1    12.0    11.6
23803 20180223  2.422  -89.43   34.82    23.4    16.2    19.8    19.2     8.6    10.78 C    28.9    14.0    19.2    94.7    64.5    84.4   0.482   0.472   0.455   0.445   0.484    13.5    13.4    13.0    12.0    11.6
23803 20180224  2.422  -89.43   34.82    23.8    12.1    17.9    19.5    27.6     5.28 C    24.9    13.0    18.8    94.2    64.9    83.2   0.492   0.475   0.458   0.455   0.484    15.2    15.2    14.6    13.1    11.9
23803 20180225  2.422  -89.43   34.82    12.3     8.0    10.2    10.1     3.3     4.62 C    15.9     8.5    11.0    92.3    60.8    79.6   0.495   0.479   0.460   0.452   0.484    13.8    13.9    14.0    13.4    12.2
23803 20180226  2.422  -89.43   34.82    18.4     2.0    10.2    10.1     0.3    18.20 C    29.4     0.1    12.6    94.3    30.0    74.9   0.466   0.458   0.448   0.445   0.484    13.2    13.2    13.3    13.1    12.2
23803 20180227  2.422  -89.43   34.82    20.2     0.1    10.1    10.9    13.6    15.38 C    34.8    -1.9    12.1    93.9    31.7    69.5   0.438   0.440   0.421   0.440   0.484    12.1    12.2    12.5    12.9    12.4
23803 20180228  2.422  -89.43   34.82    20.9    12.6    16.7    16.2    88.5     2.57 C    20.6    12.2    15.7    94.1    85.9    92.3   0.488   0.475   0.451   0.454   0.485    14.0    13.9    13.5    13.2    12.6
23803 20180301  2.422  -89.43   34.82    18.3     6.5    12.4    13.6    24.8     6.33 C    21.7     4.7    13.2    95.3    54.5    84.3   0.493   0.480   0.459   0.454   0.485    14.3    14.3    14.2    13.5    12.9
23803 20180302  2.422  -89.43   34.82    15.2     0.0     7.6     7.1     0.0    19.54 C    25.0    -1.8     8.3    94.4    32.6    70.9   0.473   0.463   0.453   0.446   0.484    12.4    12.5    12.9    13.4    12.8
23803 20180303  2.422  -89.43   34.82    17.5    -1.9     7.8     6.3     0.0    20.06 C    31.3    -4.3     8.1    93.1    17.8    61.7   0.431   0.438   0.421   0.440   0.485    11.1    11.2    11.8    12.9    12.7
23803 20180304  2.422  -89.43   34.82    21.2    -1.3     9.9    10.3     0.0    16.60 C    35.2    -3.6    11.6    89.3    17.9    55.1   0.418   0.430   0.405   0.435   0.485    10.8    10.9    11.4    12.5    12.7
23803 20180305  2.422  -89.43   34.82    16.8     9.0    12.9    12.6    11.0     5.78 C    19.3     8.9    12.4    93.1    41.1    80.5   0.458   0.450   0.433   0.438   0.484    11.9    12.0    12.1    12.4    12.7
23803 20180306  2.422  -89.43   34.82    17.5    -0.2     8.6    10.8     0.0    20.21 C    28.2    -2.1    11.4    88.5    16.9    37.9   0.435   0.438   0.415   0.437   0.485    11.5    11.7    11.9    12.4    12.6
23803 20180307  2.422  -89.43   34.82     9.3    -2.4     3.5     3.3     0.0    17.25 C    27.7    -4.9     5.7    91.0    38.3    58.0   0.415   0.425   0.398   0.433   0.485    10.3    10.5    11.1    12.2    12.6
23803 20180308  2.422  -89.43   34.82     9.4    -2.9     3.3     2.5     0.0    20.56 C    25.1    -6.1     4.6    91.1    30.7    62.3   0.407   0.415   0.390   0.431   0.485     9.2     9.4    10.1    11.9    12.5
23803 20180309  2.422  -89.43   34.82    19.3    -3.5     7.9     8.3     0.0    19.02 C    30.1    -5.5     9.2    90.1    21.7    52.8   0.401   0.409   0.388   0.428   0.482     9.2     9.3     9.9    11.5    12.4
23803 20180310  2.422  -89.43   34.82    19.7    10.4    15.1    14.6     8.1    10.80 C    35.6     7.0    16.0    92.6    37.7    65.6   0.401   0.407   0.397   0.427   0.482    11.0    11.0    11.0    11.4    12.2
23803 20180311  2.422  -89.43   34.82    14.8     3.6     9.2    10.2     0.7     3.40 C    18.4     3.9    10.5    94.1    76.1    87.3   0.442   0.441   0.429   0.429   0.484    11.8    11.9    12.0    11.7    12.2
23803 20180312  2.422  -89.43   34.82    12.0     0.3     6.2     5.2     0.0    20.49 C    26.0    -1.5     7.7    87.9    42.0    67.0   0.417   0.429   0.421   0.430   0.484    10.6    10.7    11.1    11.9    12.2
23803 20180313  2.422  -89.43   34.82    12.6    -3.7     4.4     3.7     0.0    20.96 C    27.8    -6.3     6.1    92.5    26.3    65.9   0.406   0.415   0.409   0.429   0.484     9.7     9.9    10.5    11.6    12.2
23803 20180314  2.422  -89.43   34.82    12.4    -4.6     3.9     3.0     0.0    21.72 C    28.8    -7.3     5.9    91.0    16.5    59.4   0.399   0.407   0.399   0.427   0.483     9.1     9.3     9.9    11.4    12.2
23803 20180315  2.422  -89.43   34.82    19.9    -2.6     8.7    10.2     0.0    20.75 C    33.8    -4.7    10.9    87.0    23.7    51.7   0.396   0.403   0.393   0.427   0.482     9.5     9.6    10.0    11.2    12.1
23803 20180316  2.422  -89.43   34.82    15.4     4.2     9.8    11.7     9.6     3.45 C    16.3     2.5    11.1    94.0    45.1    81.9   0.423   0.422   0.410   0.426   0.483    10.3    10.4    10.6    11.2    12.0
23803 20180317  2.422  -89.43   34.82    24.8    10.0    17.4    18.2     0.0    14.09 C    31.7     6.9    18.2    94.3    32.1    72.3   0.432   0.437   0.423   0.429   0.484    12.6    12.5    12.2    11.4    12.0
23803 20180318  2.422  -89.43   34.82    16.5     8.0    12.2    11.5     0.8     9.39 C    31.9     6.8    13.3    94.4    53.5    73.0   0.413   0.425   0.416   0.429   0.484    12.5    12.6    12.6    12.0    12.0
23803 20180319  2.422  -89.43   34.82    22.2     8.9    15.6    14.5    27.8     7.93 C    24.2     8.5    13.5    94.6    44.3    79.3   0.460   0.453   0.429   0.440   0.484    13.0    13.0    12.9    12.3    12.1
23803 20180320  2.422  -89.43   34.82    13.1     2.8     8.0     7.9     0.3     2.03 C    12.4     1.5     8.0    91.8    69.6    82.3   0.470   0.460   0.440   0.441   0.484    12.3    12.4    12.6    12.6    12.2
23803 20180321  2.422  -89.43   34.82    11.4    -1.3     5.0     5.2     0.0    12.60 C    23.0    -2.6     6.5    93.6    44.9    73.2   0.433   0.440   0.429   0.437   0.485    10.9    11.0    11.4    12.3    12.3
23803 20180322  2.422  -89.43   34.82    17.6    -2.9     7.3     7.1     0.0    22.21 C    32.9    -4.0    10.9    93.3    22.8    64.4   0.415   0.428   0.421   0.432   0.485    10.5    10.6    11.0    12.0    12.4
23803 20180323  2.422  -89.43   34.82    21.3     6.7    14.0    14.4     0.0    11.13 C    33.2     6.7    14.9    87.9    18.1    50.8   0.407   0.417   0.410   0.430   0.485    11.6    11.7    11.8    11.9    12.3
23803 20180324  2.422  -89.43   34.82    19.3    11.8    15.6    16.9     2.8     1.82 C    18.7    11.8    15.7    90.6    47.8    76.7   0.403   0.411   0.402   0.429   0.484    12.6    12.6    12.6    12.1    12.3
23803 20180325  2.422  -89.43   34.82    14.3     6.9    10.6     9.8     0.0    10.32 C    25.7     5.8    11.8    91.3    58.7    80.1   0.407   0.418   0.410   0.430   0.484    12.6    12.7    12.7    12.5    12.4
23803 20180326  2.422  -89.43   34.82    15.3     7.9    11.6    12.3     0.0     6.88 C    20.3     7.3    13.2    88.3    71.7    80.4   0.402   0.411   0.401   0.429   0.484    12.5    12.6    12.7    12.6    12.4
23803 20180327  2.422  -89.43   34.82    24.9    12.0    18.4    17.7     0.0    15.29 C    33.8    11.6    18.9    81.8    44.3    67.6   0.399   0.407   0.395   0.428   0.484    13.5    13.5    13.3    12.7    12.6
23803 20180328  2.422  -89.43   34.82    19.3    16.2    17.7    17.5    70.6     3.42 C    22.4    15.7    17.4    94.6    75.1    88.9   0.454   0.444   0.425   0.437   0.484    14.8    14.7    14.4    13.2    12.7
23803 20180329  2.422  -89.43   34.82    20.0    11.0    15.5    15.4    10.3     7.55 C    24.0    10.8    15.4    93.9    61.3    82.7   0.492   0.477   0.442   0.457   0.485    15.3    15.3    14.9    13.9    13.3
23803 20180330  2.422  -89.43   34.82    16.2     2.3     9.3    10.4     0.0    14.27 C    27.1     1.2    11.9    93.2    42.2    70.5   0.471   0.464   0.442   0.444   0.485    14.5    14.6    14.6    14.0    13.1
23803 20180331  2.422  -89.43   34.82    21.8     0.3    11.0    11.3     0.0    22.80 C    33.1    -0.2    13.2    94.0    27.9    64.3   0.428   0.439   0.428   0.439   0.481    13.5    13.6    13.8    13.8    13.1
23803 20180401  2.422  -89.43   34.82    21.5     6.7    14.1    14.1     0.0    10.43 C    31.5     5.8    15.4    90.3    57.0    75.2   0.414   0.424   0.418   0.434   0.471    14.0    14.0    14.0    13.7    13.3
23803 20180402  2.422  -89.43   34.82    20.2     7.6    13.9    13.8     0.0     8.35 C    27.1     6.9    15.3    87.6    68.3    79.4   0.407   0.415   0.404   0.432   0.460    14.2    14.2    14.3    13.8    13.3
23803 20180403  2.422  -89.43   34.82    28.0     8.9    18.4    20.5    19.7    15.74 C    37.9     9.0    21.4    89.9    39.0    67.4   0.423   0.424   0.408   0.436   0.460    15.8    15.7    15.3    14.0    13.3
23803 20180404  2.422  -89.43   34.82    12.1    -0.9     5.6     6.8     0.0    24.57 C    25.7    -1.2    10.2    89.6    32.9    56.4   0.458   0.458   0.436   0.442   0.472    14.6    14.7    15.0    14.4    13.4
23803 20180405  2.422  -89.43   34.82    16.7    -1.9     7.4     7.2     0.0    18.51 C    27.9    -2.8     9.8    92.8    24.4    63.0   0.420   0.433   0.421   0.436   0.475    12.9    13.1    13.6    14.2    13.5
23803 20180406  2.422  -89.43   34.82    11.5     8.3     9.9    10.1    25.6     2.27 C    13.4     8.8    10.8    93.9    76.2    91.1   0.456   0.451   0.432   0.445   0.475    13.0    13.1    13.4    13.9    13.5
23803 20180407  2.422  -89.43   34.82     8.5    -2.9     2.8     2.0     0.5     5.23 C     9.2    -3.4     3.6    93.1    64.3    76.7   0.486   0.471   0.446   0.449   0.479    11.3    11.5    12.3    13.5    13.5
23803 20180408  2.422  -89.43   34.82    11.4    -4.1     3.6     4.4     0.0    16.45 C    21.6    -4.8     6.5    92.4    36.2    63.7   0.448   0.448   0.441   0.441   0.475    10.1    10.2    11.0    13.0    13.5
23803 20180409  2.422  -89.43   34.82    17.2     0.6     8.9     9.9     0.0    23.98 C    33.4    -0.3    13.7    89.4    33.2    56.0   0.421   0.432   0.428   0.436   0.463    11.7    11.7    11.9    12.6    13.4
23803 20180410  2.422  -89.43   34.82    17.1     0.7     8.9     8.6     0.0    24.08 C    33.8    -0.2    12.4    92.5    39.2    66.5   0.409   0.417   0.409   0.433   0.461    12.4    12.4    12.7    12.8    13.3
23803 20180411  2.422  -89.43   34.82    22.3    -0.6    10.8    11.5     0.0    21.09 C    34.4    -1.3    13.9    93.4    22.9    56.2   0.404   0.408   0.397   0.430   0.459    12.5    12.6    12.8    12.9    13.2
23803 20180412  2.422  -89.43   34.82    27.8     9.1    18.4    19.9     0.0    24.48 C    38.5     5.6    20.6    74.7    19.4    41.9   0.400   0.403   0.389   0.428   0.457    13.9    13.9    13.8    13.1    13.1
23803 20180413  2.422  -89.43   34.82    27.0    16.2    21.6    21.6     0.0    16.47 C    40.2    14.0    22.7    75.4    45.0    59.5   0.394   0.398   0.382   0.426   0.455    15.4    15.4    15.0    13.5    13.2
23803 20180414  2.422  -89.43   34.82    22.3     8.2    15.2    15.8    31.0     3.88 C    21.0     8.1    15.7    93.9    58.6    84.2   0.475   0.456   0.427   0.447   0.473    15.9    16.0    15.7    14.3    13.5
23803 20180415  2.422  -89.43   34.82     8.2     1.2     4.7     5.2     0.0     6.45 C    13.1     0.0     5.9    88.1    55.4    64.8   0.470   0.458   0.438   0.443   0.477    13.6    13.8    14.3    14.5    13.5
23803 20180416  2.422  -89.43   34.82    12.3     0.9     6.6     5.3     0.0    26.12 C    25.7     0.0     9.3    92.8    41.9    59.2   0.432   0.437   0.424   0.438   0.466    12.5    12.6    13.1    13.9    13.6
23803 20180417  2.422  -89.43   34.82    26.2     0.6    13.4    15.7     0.0    25.20 C    37.4     0.2    17.7    93.7    25.8    55.9   0.414   0.421   0.411   0.434   0.467    13.5    13.5    13.6    13.6    13.6
23803 20180418  2.622  -89.43   34.82 -9999.0 -9999.0 -9999.0 -9999.0 -9999.0 -9999.00 U -9999.0 -9999.0 -9999.0 -9999.0 -9999.0 -9999.0 -99.000 -99.000 -99.000 -99.000 -99.000 -9999.0 -9999.0 -9999.0 -9999.0 -9999.0
23803 20180419  2.622  -89.43   34.82    14.4     3.3     8.9     9.2     0.0    23.20 C    31.5     0.7    12.4    77.4    36.5    51.3   0.397   0.401   0.388   0.430   0.456    14.3    14.4    14.5    14.1    13.5
23803 20180420  2.622  -89.43   34.82    21.5    -1.4    10.1    10.0     0.0    27.03 C    37.5    -3.2    13.5    92.8    19.8    58.6   0.391   0.395   0.381   0.428   0.453    13.7    13.7    14.0    14.1    13.7
23803 20180421  2.622  -89.43   34.82    24.1     2.9    13.5    15.4     0.0    23.51 C    38.1     1.0    17.7    87.4    29.4    55.2   0.383   0.389   0.376   0.421   0.453    14.3    14.3    14.3    14.0    13.7
23803 20180422  2.622  -89.43   34.82    18.5    14.6    16.6    16.3    23.2     1.42 C    18.3    13.9    15.7    94.9    56.1    86.5   0.429   0.421   0.400   0.428   0.457    15.0    15.1    15.0    14.3    13.7
23803 20180423  2.622  -89.43   34.82    17.8    12.1    15.0    14.0     5.0     7.80 C    21.2    12.1    14.7    95.2    65.2    87.9   0.466   0.450   0.434   0.442   0.474    15.3    15.4    15.3    14.5    13.8
23803 20180424  2.622  -89.43   34.82    18.3     9.9    14.1    14.1     0.0     8.85 C    25.0     7.7    15.3    95.5    69.1    87.0   0.448   0.443   0.429   0.442   0.473    15.5    15.5    15.4    14.6    13.9
23803 20180425  2.622  -89.43   34.82    24.4     6.7    15.6    15.0     2.8    18.27 C    38.8     5.9    17.5    99.1    34.3    74.2   0.426   0.430   0.419   0.440   0.470    15.6    15.6    15.5    14.7    14.0
23803 20180426  2.622  -89.43   34.82    16.9     8.1    12.5    12.7    42.2     7.01 C    20.1     7.6    13.4    95.6    76.4    90.6   0.479   0.468   0.437   0.454   0.476    15.4    15.6    15.5    15.0    14.2
23803 20180427  2.622  -89.43   34.82    22.7     5.6    14.1    14.2     0.0    24.64 C    30.7     5.2    16.3    98.3    39.3    73.2   0.472   0.462   0.441   0.449   0.477    15.6    15.6    15.5    15.0    14.3
23803 20180428  2.622  -89.43   34.82    25.6     4.6    15.1    15.2     0.0    26.40 C    37.9     3.5    17.8    93.9    28.6    60.8   0.431   0.434   0.426   0.443   0.475    16.2    16.1    16.0    15.1    14.3
23803 20180429  2.622  -89.43   34.82    21.2     4.0    12.6    12.8     0.0    27.83 C    35.8     2.2    16.2    92.2    19.9    51.4   0.411   0.415   0.406   0.438   0.473    16.0    16.1    16.1    15.3    14.3
23803 20180430  2.622  -89.43   34.82    25.6     1.3    13.5    14.0     0.0    28.03 C    38.8     0.4    17.1    93.2    19.1    55.6   0.399   0.403   0.392   0.436   0.471    15.8    15.8    15.8    15.4    14.4
23803 20180501  2.622  -89.43   34.82    28.6     7.0    17.8    19.4     0.0    26.11 C    43.2     5.3    21.7    89.4    23.5    55.4   0.390   0.395   0.384   0.433   0.456    16.6    16.6    16.3    15.4    14.5
23803 20180502  2.622  -89.43   34.82    29.7    17.3    23.5    23.3     0.0    22.80 C    43.9    14.4    25.4    89.9    43.9    64.9   0.384   0.391   0.379   0.428   0.455    18.2    18.1    17.5    15.7    14.6
23803 20180503  2.622  -89.43   34.82    29.2    18.2    23.7    23.2     0.0    21.36 C    41.6    15.6    25.0    80.3    40.8    60.5   0.378   0.386   0.374   0.421   0.453    19.0    18.9    18.4    16.3    14.7
23803 20180504  2.622  -89.43   34.82    24.8    17.8    21.3    21.6     1.5     8.50 C    29.6    15.2    21.7    94.4    58.4    79.3   0.375   0.384   0.373   0.418   0.451    19.1    19.1    18.7    16.7    14.9
23803 20180505  2.622  -89.43   34.82    22.6    10.5    16.5    17.2    29.0    10.11 C    32.1    10.2    18.6    96.5    64.2    89.1   0.462   0.449   0.428   0.440   0.469    19.2    19.2    18.8    17.1    15.2
23803 20180506  2.622  -89.43   34.82    28.0     8.5    18.2    18.2     0.0    26.08 C    38.1     8.3    21.3    96.6    32.1    72.3   0.447   0.445   0.438   0.445   0.471    19.4    19.3    18.8    17.2    15.4
23803 20180507  2.622  -89.43   34.82    28.6    12.1    20.3    19.9     0.6    26.76 C    40.4    11.1    23.3    94.1    33.4    68.3   0.416   0.423   0.416   0.442   0.462    20.4    20.3    19.8    17.5    15.6
23803 20180508  2.622  -89.43   34.82    29.4    11.4    20.4    20.6     0.0    25.30 C    41.1    10.4    23.5    93.2    36.8    67.1   0.398   0.404   0.400   0.439   0.459    20.7    20.6    20.2    18.0    15.8
23803 20180509  2.622  -89.43   34.82    30.4    18.4    24.4    24.4     0.0    22.39 C    39.9    15.7    25.0    73.1    39.2    56.1   0.384   0.393   0.392   0.437   0.456    21.2    21.1    20.6    18.3    16.0
23803 20180510  2.622  -89.43   34.82    30.4    16.7    23.5    23.9     0.0    23.67 C    40.2    14.6    24.9    88.8    37.0    60.3   0.370   0.385   0.386   0.431   0.454    21.5    21.4    21.0    18.6    16.2
23803 20180511  2.622  -89.43   34.82    29.8    15.2    22.5    23.8     0.0    26.74 C    38.7    13.6    25.2    91.3    39.9    59.2   0.354   0.375   0.381   0.423   0.454    21.8    21.8    21.3    18.9    16.4
23803 20180512  2.622  -89.43   34.82    29.2    16.0    22.6    23.0     0.0    23.36 C    38.7    14.1    24.4    89.4    42.0    67.7   0.339   0.365   0.375   0.418   0.453    22.0    22.0    21.5    19.3    16.7
23803 20180513  2.622  -89.43   34.82    31.6    15.3    23.4    23.5     0.0    26.06 C    40.3    14.1    25.4    93.3    37.7    71.2   0.325   0.356   0.369   0.415   0.453    22.4    22.3    21.8    19.5    16.9
23803 20180514  2.622  -89.43   34.82    31.9    16.1    24.0    24.2     0.0    26.73 C    42.0    14.5    26.5    93.1    43.7    72.9   0.308   0.345   0.364   0.411   0.453    22.9    22.9    22.3    19.8    17.1
23803 20180515  2.622  -89.43   34.82    32.1    17.0    24.5    24.6     3.9    24.34 C    41.5    15.4    26.9    95.3    36.9    71.6   0.294   0.336   0.359   0.409   0.452    23.4    23.3    22.8    20.2    17.3
23803 20180516  2.622  -89.43   34.82    29.3    17.3    23.3    22.4     0.7    19.32 C    39.1    16.0    24.1    95.2    59.1    83.3   0.299   0.340   0.357   0.407   0.452    23.5    23.5    23.1    20.5    17.5
23803 20180517  2.622  -89.43   34.82    25.3    15.7    20.5    20.5     1.3    12.58 C    33.9    14.6    21.8    94.7    67.9    86.9   0.297   0.336   0.355   0.404   0.451    22.7    22.8    22.6    20.8    17.8
23803 20180518  2.622  -89.43   34.82    26.9    17.9    22.4    21.5     0.0    16.78 C    35.5    16.3    23.5    94.6    59.8    84.8   0.296   0.334   0.354   0.402   0.449    22.8    22.8    22.5    20.7    18.0
23803 20180519  2.622  -89.43   34.82    30.5    16.1    23.3    21.5    20.9    15.26 C    39.6    14.7    22.3    94.5    60.8    85.1   0.347   0.369   0.381   0.410   0.457    22.6    22.6    22.4    20.8    18.1
23803 20180520  2.622  -89.43   34.82    30.5    18.4    24.5    22.4    26.0    14.71 C    38.5    16.7    23.2    94.6    55.3    83.5   0.419   0.419   0.416   0.432   0.461    22.5    22.5    22.4    20.9    18.5
23803 20180521  2.622  -89.43   34.82    25.7    19.7    22.7    22.3     8.8    10.58 C    31.8    19.0    23.1    94.8    74.0    87.1   0.459   0.450   0.449   0.450   0.477    22.5    22.5    22.3    21.0    18.7
23803 20180522  2.622  -89.43   34.82    28.2    18.6    23.4    22.7     0.4    17.80 C    35.4    17.3    24.0    94.9    63.2    84.7   0.416   0.427   0.435   0.445   0.474    23.1    23.0    22.7    21.0    18.6
23803 20180523  2.622  -89.43   34.82    30.4    17.9    24.2    23.7     0.0    23.27 C    37.8    17.2    25.7    94.4    53.4    79.8   0.392   0.405   0.416   0.442   0.465    23.9    23.8    23.3    21.1    18.7
23803 20180524  2.622  -89.43   34.82    30.4    18.8    24.6    23.4     6.6    18.21 C    38.1    18.2    25.1    94.8    51.7    82.7   0.384   0.397   0.404   0.440   0.462    24.2    24.2    23.8    21.5    18.8
23803 20180525  2.622  -89.43   34.82    29.1    19.8    24.4    23.2     4.3    19.06 C    36.2    19.2    24.9    95.0    61.3    84.1   0.397   0.408   0.410   0.440   0.459    24.4    24.4    24.0    21.7    18.9
23803 20180526  2.622  -89.43   34.82    29.0    19.3    24.2    23.4     0.0    21.07 C    36.2    18.3    25.4    95.4    58.7    83.7   0.392   0.407   0.412   0.440   0.458    24.6    24.6    24.2    21.9    19.1
23803 20180527  2.622  -89.43   34.82    29.7    19.9    24.8    23.6     0.0    23.48 C    37.8    19.2    25.7    94.4    56.7    82.3   0.372   0.392   0.399   0.439   0.459    25.1    25.0    24.6    22.3    19.3
23803 20180528  2.622  -89.43   34.82    29.1    18.6    23.9    23.1     0.0    21.79 C    36.2    17.9    24.9    94.5    62.5    84.4   0.356   0.380   0.390   0.436   0.456    25.0    25.0    24.7    22.5    19.5
23803 20180529  2.622  -89.43   34.82    26.4    19.7    23.0    22.6    26.0     9.93 C    30.9    19.1    23.6    94.6    72.3    88.6   0.394   0.406   0.405   0.435   0.462    24.5    24.5    24.4    22.6    19.8
23803 20180530  2.622  -89.43   34.82    31.3    20.4    25.8    25.8     0.0    22.90 C    36.1    18.6    26.6    94.9    58.2    79.3   0.433   0.442   0.439   0.449   0.475    24.8    24.8    24.4    22.7    19.9
23803 20180531  2.622  -89.43   34.82    29.9    21.8    25.9    26.4     0.0    21.29 C    34.3    20.8    27.0    90.4    61.0    75.9   0.390   0.408   0.415   0.444   0.466    25.3    25.3    24.9    22.8    20.0
23803 20180601  2.622  -89.43   34.82    25.5    18.8    22.1    22.1    43.7     9.77 C    31.0    18.3    22.3    95.0    65.9    87.5   0.440   0.439   0.429   0.455   0.470    24.6    24.7    24.5    23.1    20.7
23803 20180602  2.622  -89.43   34.82    31.8    17.8    24.8    25.3    14.1    25.80 C    37.9    16.9    27.1    95.1    49.9    80.5   0.450   0.450   0.448   0.456   0.479    24.9    24.8    24.4    23.0    20.7
23803 20180603  2.622  -89.43   34.82    28.3    15.1    21.7    22.8    11.4    24.46 C    34.5    14.0    24.1    93.9    43.9    76.2   0.472   0.464   0.454   0.462   0.480    24.8    24.8    24.6    23.2    20.9
23803 20180604  2.622  -89.43   34.82    28.8    12.7    20.8    21.0     0.0    27.77 C    34.7    11.1    22.6    93.9    36.6    71.6   0.416   0.426   0.433   0.451   0.476    24.3    24.4    24.2    23.1    20.7
23803 20180605  2.622  -89.43   34.82    28.5    15.3    21.9    21.6     0.0    27.28 C    34.9    14.1    23.4    93.9    38.2    71.5   0.388   0.403   0.409   0.445   0.467    24.3    24.4    24.2    23.0    20.7
23803 20180606  2.622  -89.43   34.82    30.2    13.7    22.0    22.4     0.0    28.40 C    36.0    12.5    23.7    93.3    38.2    72.2   0.366   0.386   0.395   0.440   0.462    24.2    24.3    24.1    22.9    20.7
23803 20180607  2.622  -89.43   34.82    31.8    14.3    23.1    23.6     0.0    28.61 C    36.6    12.5    24.6    93.6    31.4    70.8   0.345   0.372   0.385   0.431   0.459    24.3    24.3    24.2    22.9    20.7
23803 20180608  2.622  -89.43   34.82    32.2    17.0    24.6    25.0     0.0    26.27 C    38.2    15.8    26.2    93.4    40.5    73.6   0.325   0.357   0.375   0.424   0.457    24.7    24.7    24.5    23.0    20.8
23803 20180609  2.622  -89.43   34.82    32.0    18.6    25.3    25.6     0.0    26.61 C    36.7    17.3    26.7    93.7    42.3    72.6   0.307   0.341   0.361   0.419   0.457    25.1    25.1    24.9    23.1    20.8
23803 20180610  2.622  -89.43   34.82    31.7    20.7    26.2    26.1     0.0    27.01 C    36.6    18.8    26.7    91.7    46.4    69.6   0.289   0.324   0.348   0.414   0.457    25.3    25.4    25.1    23.4    20.9
23803 20180611  2.622  -89.43   34.82    30.4    21.1    25.7    26.0     0.0    24.65 C    36.2    19.6    26.9    90.4    58.7    75.9   0.274   0.303   0.333   0.409   0.456    25.4    25.4    25.1    23.4    21.0
23803 20180612  2.622  -89.43   34.82    31.3    19.7    25.5    24.7    78.9    21.14 C    36.2    19.0    25.7    93.8    56.0    79.8   0.297   0.313   0.341   0.408   0.458    25.0    25.2    25.0    23.5    21.1
23803 20180613  2.622  -89.43   34.82    27.3    20.5    23.9    23.5     7.0    14.20 C    33.1    20.3    24.2    94.1    75.7    88.0   0.454   0.452   0.429   0.454   0.482    24.1    24.2    24.1    23.5    21.6
23803 20180614  2.622  -89.43   34.82    30.5    20.1    25.3    25.4     0.0    22.40 C    35.8    19.0    26.7    95.0    54.8    80.6   0.413   0.424   0.407   0.450   0.478    25.0    25.0    24.7    23.4    21.3
23803 20180615  2.622  -89.43   34.82    32.3    19.7    26.0    26.2     0.0    26.58 C    37.8    18.6    27.4    94.5    51.0    78.1   0.380   0.396   0.377   0.445   0.467    25.5    25.5    25.1    23.5    21.3
23803 20180616  2.622  -89.43   34.82    32.6    20.4    26.5    26.5     0.0    22.65 C    38.0    19.2    27.6    94.2    53.6    79.6   0.354   0.377   0.358   0.440   0.462    25.8    25.8    25.5    23.7    21.4
23803 20180617  2.622  -89.43   34.82    32.0    21.8    26.9    27.2     0.0    23.06 C    37.2    20.6    28.1    94.1    57.1    76.5   0.334   0.363   0.346   0.427   0.458    26.0    26.0    25.7    23.8    21.4
23803 20180618  2.622  -89.43   34.82    31.5    20.5    26.0    25.9     0.0    27.29 C    37.0    19.1    27.0    93.9    44.4    73.9   0.313   0.344   0.333   0.421   0.456    26.1    26.1    25.8    24.0    21.5
23803 20180619  2.622  -89.43   34.82    29.7    20.0    24.9    24.4     0.0    18.04 C    35.4    18.8    25.2    93.7    53.0    80.8   0.298   0.330   0.323   0.416   0.454    25.7    25.7    25.6    24.1    21.6
23803 20180620  2.622  -89.43   34.82    30.0    21.0    25.5    24.8    26.6    14.01 C    43.0    20.9    26.5    94.8    63.6    82.9   0.325   0.348   0.345   0.418   0.459    25.4    25.5    25.4    24.0    21.7
23803 20180621  2.622  -89.43   34.82    30.5    19.6    25.0    24.4    51.9    21.79 C    38.7    19.4    26.7    94.8    58.3    81.7   0.449   0.453   0.435   0.456   0.478    25.5    25.5    25.2    24.0    22.0
23803 20180622  2.622  -89.43   34.82    29.6    18.5    24.1    24.2     0.0    21.43 C    37.5    18.3    26.1    94.7    59.1    81.8   0.449   0.459   0.445   0.461   0.482    24.9    25.0    24.8    24.0    22.3
23803 20180623  2.622  -89.43   34.82    31.7    20.1    25.9    25.7     4.8    19.76 C    41.7    20.1    27.9    94.1    59.1    82.3   0.435   0.444   0.438   0.456   0.483    25.5    25.7    25.2    23.9    21.9
23803 20180624  2.622  -89.43   34.82    31.1    23.3    27.2    26.9     0.0    23.27 C    44.9    22.8    30.4    94.0    55.6    76.9   0.417   0.426   0.409   0.452   0.476    26.2    26.6    26.0    24.1    21.9
23803 20180625  2.622  -89.43   34.82    31.7    21.8    26.8    26.6     0.0    23.98 C    46.6    21.0    30.5    93.6    58.8    76.8   0.403   0.409   0.391   0.447   0.471    26.5    26.8    26.2    24.3    21.9
23803 20180626  2.622  -89.43   34.82    33.1    22.7    27.9    28.0     0.0    25.23 C    47.7    22.0    31.8    93.7    52.9    73.0   0.387   0.395   0.375   0.445   0.465    27.0    27.1    26.5    24.5    21.9
23803 20180627  2.622  -89.43   34.82    32.9    20.9    26.9    27.3     0.0    23.08 C    46.1    21.2    30.7    90.4    55.1    73.6   0.372   0.381   0.363   0.438   0.461    26.9    27.2    26.6    24.7    22.1
23803 20180628  2.622  -89.43   34.82    33.9    20.5    27.2    28.9    15.6    26.10 C    45.8    20.5    32.3    92.8    53.6    72.1   0.358   0.368   0.354   0.428   0.457    27.3    27.6    26.9    24.8    22.2
23803 20180629  2.622  -89.43   34.82    27.6    20.4    24.0    24.0     3.9    12.03 C    33.9    20.4    26.2    94.4    61.1    82.5   0.425   0.436   0.427   0.454   0.479    26.4    26.6    26.3    25.0    22.4
23803 20180630  2.622  -89.43   34.82    32.7    20.1    26.4    26.0     0.0    26.10 C    44.3    19.7    29.8    94.5    51.6    76.5   0.399   0.406   0.391   0.448   0.476    26.8    26.9    26.4    24.8    22.4
23803 20180701  2.622  -89.43   34.82    33.4    20.6    27.0    27.0     0.0    26.83 C    43.3    20.7    30.4    93.8    50.7    77.2   0.380   0.383   0.390   0.444   0.464    27.1    27.4    26.8    24.9    22.5
23803 20180702  2.622  -89.43   34.82    32.6    21.5    27.0    26.8     0.0    23.66 C    43.2    21.0    29.6    93.9    54.8    78.5   0.364   0.367   0.378   0.438   0.460    27.5    27.5    27.0    25.1    22.6
23803 20180703  2.622  -89.43   34.82    31.5    22.3    26.9    26.4     0.0    21.70 C    42.3    21.8    28.7    93.9    58.9    80.7   0.352   0.354   0.370   0.428   0.458    27.2    27.5    26.9    25.2    22.6
23803 20180704  2.622  -89.43   34.82    33.4    20.5    26.9    26.6    10.7    23.64 C    42.5    19.5    29.3    94.2    56.1    79.4   0.344   0.347   0.362   0.423   0.458    27.1    27.3    26.8    25.2    22.7
23803 20180705  2.622  -89.43   34.82    32.7    21.4    27.1    26.7     1.3    27.21 C    41.1    20.8    29.7    94.7    53.7    78.5   0.370   0.370   0.366   0.420   0.456    27.4    27.6    27.0    25.2    22.8
23803 20180706  2.622  -89.43   34.82    31.6    21.1    26.4    24.5     2.2    19.65 C    40.0    20.8    26.9    94.7    61.8    84.6   0.356   0.354   0.354   0.418   0.456    27.4    27.6    27.1    25.4    22.8
23803 20180707  2.622  -89.43   34.82    29.0    22.0    25.5    24.8     0.0    18.73 C    37.6    21.0    26.9    94.1    62.7    81.4   0.351   0.350   0.352   0.416   0.456    27.1    27.2    26.8    25.3    22.9
23803 20180708  2.622  -89.43   34.82    29.9    21.3    25.6    24.7     0.0    18.99 C    38.2    20.2    26.5    93.8    60.8    82.6   0.343   0.342   0.347   0.413   0.455    26.8    26.9    26.6    25.3    23.0
23803 20180709  2.622  -89.43   34.82    29.9    21.2    25.5    24.8    13.1    17.46 C    39.0    19.9    26.6    94.9    62.2    85.4   0.356   0.361   0.356   0.411   0.456    26.5    26.7    26.4    25.3    23.0
23803 20180710  2.622  -89.43   34.82    31.9    20.6    26.3    25.9     0.0    23.33 C    40.7    20.0    28.2    94.9    54.8    81.3   0.376   0.377   0.367   0.412   0.456    26.7    27.0    26.5    25.2    23.0
23803 20180711  2.622  -89.43   34.82    32.8    21.3    27.1    27.0     0.0    26.64 C    41.2    20.6    29.7    94.1    54.0    77.6   0.359   0.357   0.354   0.411   0.455    27.2    27.4    26.9    25.3    23.0
23803 20180712  2.622  -89.43   34.82    32.7    21.3    27.0    25.5    21.9    18.09 C    41.4    20.6    27.2    94.9    55.4    85.0   0.376   0.378   0.371   0.420   0.467    27.0    27.2    26.9    25.4    23.1
23803 20180713  2.622  -89.43   34.82    33.3    21.5    27.4    27.6     0.0    25.14 C    40.7    20.8    29.9    94.9    53.6    80.2   0.396   0.397   0.386   0.436   0.470    27.0    27.2    26.8    25.4    23.3
23803 20180714  2.622  -89.43   34.82    33.4    23.2    28.3    28.1     0.0    25.44 C    39.9    22.4    30.0    94.4    52.8    79.0   0.379   0.375   0.371   0.429   0.456    27.6    27.9    27.4    25.6    23.3
23803 20180715  2.622  -89.43   34.82    32.9    22.4    27.7    26.6     2.8    17.80 C    41.4    22.5    27.9    94.2    61.3    82.5   0.368   0.364   0.362   0.423   0.454    27.6    27.8    27.4    25.7    23.3
23803 20180716  2.622  -89.43   34.82    32.0    23.2    27.6    26.3     0.2    20.37 C    39.5    22.7    28.3    93.8    59.7    83.1   0.364   0.359   0.356   0.420   0.453    27.5    27.8    27.5    25.8    23.4
23803 20180717  2.622  -89.43   34.82    32.4    22.6    27.5    27.0     0.0    23.59 C    39.3    21.5    29.2    93.6    57.1    79.4   0.354   0.349   0.350   0.416   0.452    27.6    27.9    27.5    25.8    23.5
23803 20180718  2.622  -89.43   34.82    31.1    21.5    26.3    25.1     0.0    14.94 C    38.6    20.7    26.7    94.2    62.2    85.8   0.346   0.341   0.343   0.413   0.452    27.3    27.6    27.3    25.8    23.5
23803 20180719  2.622  -89.43   34.82    32.1    21.1    26.6    26.0    34.3    22.10 C    38.8    20.8    27.9    94.1    60.0    80.6   0.364   0.361   0.358   0.419   0.456    27.0    27.2    27.0    25.8    23.7
23803 20180720  2.622  -89.43   34.82    32.7    21.9    27.3    27.5     0.0    22.26 C    37.6    21.1    28.8    94.0    65.7    82.4   0.427   0.433   0.416   0.450   0.473    26.6    26.9    26.8    25.7    23.7
23803 20180721  2.622  -89.43   34.82    32.0    20.9    26.4    27.1     0.0    26.24 C    38.5    19.3    28.7    93.3    55.5    75.3   0.398   0.398   0.385   0.443   0.464    27.5    27.8    27.4    25.8    23.7
23803 20180722  2.622  -89.43   34.82    29.5    19.0    24.2    24.3     0.0    25.53 C    36.3    17.4    25.9    94.3    54.3    77.7   0.378   0.377   0.370   0.436   0.458    26.9    27.1    27.0    25.8    23.7
23803 20180723  2.622  -89.43   34.82    28.1    18.5    23.3    22.6     0.0    18.88 C    34.5    16.9    23.9    93.9    58.5    81.2   0.366   0.365   0.362   0.426   0.456    26.3    26.6    26.4    25.7    23.7
23803 20180724  2.622  -89.43   34.82    29.6    16.8    23.2    23.3     0.0    25.31 C    36.7    15.3    24.9    94.1    52.8    78.1   0.355   0.353   0.353   0.421   0.455    26.0    26.2    26.0    25.5    23.7
23803 20180725  2.622  -89.43   34.82    31.7    17.1    24.4    24.1     0.0    26.21 C    43.0    15.4    26.3    94.0    38.7    75.4   0.342   0.342   0.345   0.416   0.454    25.9    26.1    25.9    25.3    23.7
23803 20180726  2.622  -89.43   34.82    32.2    16.2    24.2    24.8     0.0    23.89 C    48.4    14.8    29.2    93.8    43.7    75.1   0.334   0.337   0.340   0.412   0.453    26.0    26.1    25.8    25.2    23.7
23803 20180727  2.622  -89.43   34.82    30.2    18.7    24.5    24.3    12.5    18.58 C    46.4    17.6    27.5    94.3    57.3    82.7   0.375   0.366   0.351   0.411   0.454    26.2    26.3    26.1    25.2    23.6
23803 20180728  2.622  -89.43   34.82    30.7    16.6    23.7    23.6     0.0    20.40 C    46.9    15.6    27.3    94.1    43.6    76.6   0.376   0.370   0.354   0.410   0.454    25.8    26.0    25.9    25.2    23.6
23803 20180729  2.622  -89.43   34.82    31.1    17.8    24.4    24.7     0.0    22.33 C    47.7    16.9    29.0    94.5    45.2    74.3   0.370   0.364   0.350   0.410   0.454    25.8    25.9    25.8    25.2    23.5
23803 20180730  2.622  -89.43   34.82    30.1    19.8    25.0    24.8     0.0    18.94 C    44.6    19.3    28.4    93.9    60.8    79.9   0.365   0.358   0.348   0.410   0.454    26.0    26.2    26.0    25.2    23.5
23803 20180731  2.622  -89.43   34.82    26.5    19.2    22.8    22.6     0.0    12.42 C    39.1    18.0    25.0    94.5    66.9    85.2   0.360   0.355   0.346   0.409   0.453    25.6    25.7    25.7    25.2    23.5
23803 20180801  2.622  -89.43   34.82    28.7    16.5    22.6    21.9     0.0    23.08 C    45.4    15.1    26.3    95.7    50.1    79.3   0.355   0.351   0.344   0.410   0.453    25.3    25.4    25.4    25.0    23.5
23803 20180802  2.622  -89.43   34.82    30.6    15.1    22.9    22.6     0.0    25.45 C    45.1    14.1    26.9    93.9    42.2    75.6   0.347   0.343   0.340   0.408   0.451    25.0    25.2    25.2    24.9    23.5
23803 20180803  2.622  -89.43   34.82    32.9    15.6    24.2    24.1     0.0    25.47 C    45.9    14.5    28.0    93.5    37.9    73.1   0.341   0.335   0.335   0.407   0.450    25.1    25.3    25.3    24.8    23.5
23803 20180804  2.622  -89.43   34.82    33.0    17.5    25.3    25.5     0.0    25.57 C    44.8    16.4    28.9    93.5    43.1    73.1   0.333   0.327   0.330   0.407   0.450    25.3    25.5    25.4    24.7    23.5
23803 20180805  2.622  -89.43   34.82    32.6    22.2    27.4    26.4     0.0    21.68 C    44.8    20.7    29.4    93.8    49.0    76.8   0.327   0.319   0.326   0.406   0.450    25.7    25.9    25.8    24.8    23.4
23803 20180806  2.622  -89.43   34.82    33.4    20.6    27.0    26.4     0.0    24.72 C    43.6    19.2    29.0    94.5    43.7    73.2   0.320   0.310   0.320   0.405   0.448    25.8    26.0    25.9    25.0    23.4
23803 20180807  2.622  -89.43   34.82    33.2    19.7    26.5    26.6     0.0    23.94 C    43.7    18.4    28.9    93.3    45.6    73.2   0.311   0.298   0.312   0.401   0.447    25.7    26.0    25.9    25.0    23.5
23803 20180808  2.622  -89.43   34.82    31.1    21.5    26.3    25.5     0.0    15.31 C    40.8    20.0    27.1    92.1    54.0    80.4   0.306   0.290   0.307   0.400   0.448    25.6    25.9    25.9    25.1    23.5
23803 20180809  2.622  -89.43   34.82    28.7    20.3    24.5    23.7     6.1    14.38 C    37.7    19.2    25.2    94.3    62.7    85.0   0.315   0.306   0.309   0.399   0.447    25.5    25.7    25.7    25.0    23.5
23803 20180810  2.622  -89.43   34.82    32.0    18.3    25.2    24.5     0.0    23.40 C    41.3    17.2    26.9    94.6    47.5    78.8   0.313   0.299   0.307   0.398   0.447    25.4    25.7    25.6    25.0    23.5
23803 20180811  2.622  -89.43   34.82    33.5    17.8    25.6    24.7     2.6    22.17 C    42.5    16.4    26.9    94.6    47.0    80.4   0.306   0.287   0.300   0.397   0.446    25.4    25.6    25.6    25.0    23.5
23803 20180812  2.622  -89.43   34.82    33.1    20.4    26.8    25.2     0.0    19.32 C    41.5    19.3    27.0    94.6    48.3    79.9   0.305   0.282   0.296   0.396   0.446    25.7    25.9    25.9    25.0    23.5
23803 20180813  2.622  -89.43   34.82    32.3    19.2    25.7    24.5     0.0    20.17 C    41.3    17.9    26.4    94.1    38.9    77.4   0.298   0.275   0.288   0.395   0.446    25.6    25.8    25.8    25.0    23.5
23803 20180814  2.622  -89.43   34.82    32.0    19.4    25.7    25.0     0.0    18.77 C    40.0    18.1    26.8    94.2    52.9    78.7   0.291   0.267   0.279   0.394   0.445    25.5    25.7    25.7    25.0    23.5
23803 20180815  2.622  -89.43   34.82    33.3    22.2    27.8    27.2     0.0    19.39 C    39.5    20.4    28.2    92.7    45.0    70.4   0.283   0.259   0.269   0.392   0.444    25.6    25.9    25.8    25.0    23.5
23803 20180816  2.622  -89.43   34.82    33.0    24.6    28.8    27.6     0.0     9.69 C    36.3    23.2    27.8    80.1    56.0    71.4   0.277   0.253   0.262   0.392   0.444    25.7    25.9    25.8    25.0    23.6
23803 20180817  2.622  -89.43   34.82    30.4    21.9    26.1    25.8     0.0    17.49 C    37.5    21.1    27.2    90.6    59.2    77.3   0.274   0.249   0.256   0.390   0.442    25.7    25.9    25.9    25.0    23.6
23803 20180818  2.622  -89.43   34.82    29.5    21.3    25.4    24.4     0.0    13.92 C    38.0    19.6    26.0    93.9    62.4    82.7   0.268   0.244   0.250   0.387   0.442    25.6    25.8    25.8    25.0    23.6
23803 20180819  2.622  -89.43   34.82    30.3    20.5    25.4    25.1     0.0    15.97 C    38.0    19.7    26.9    99.1    65.4    84.7   0.263   0.240   0.243   0.386   0.442    25.6    25.8    25.7    25.0    23.6
23803 20180820  2.622  -89.43   34.82    29.6    21.5    25.5    24.0    12.5    11.76 C    34.8    21.1    24.6    92.8    67.7    84.7   0.268   0.246   0.245   0.385   0.441    25.5    25.7    25.7    25.0    23.6
23803 20180821  2.622  -89.43   34.82    27.1    20.3    23.7    23.4     0.0    15.32 C    33.5    18.0    24.5    93.4    63.6    81.8   0.292   0.282   0.271   0.384   0.441    25.4    25.5    25.5    25.0    23.6
23803 20180822  2.622  -89.43   34.82    28.9    16.7    22.8    22.3     0.0    20.57 C    37.3    14.5    23.5    95.1    52.7    77.5   0.284   0.271   0.264   0.385   0.439    25.2    25.3    25.3    24.9    23.6
23803 20180823  2.622  -89.43   34.82    28.0    13.9    20.9    20.4     0.0    22.45 C    36.0    11.2    21.8    94.5    37.4    73.0   0.273   0.257   0.253   0.384   0.438    24.6    24.6    24.8    24.8    23.6
23803 20180824  2.622  -89.43   34.82    30.2    15.4    22.8    22.7     0.0    19.52 C    37.8    13.6    23.7    93.5    45.4    71.2   0.261   0.244   0.242   0.382   0.438    24.3    24.5    24.6    24.6    23.5
23803 20180825  2.622  -89.43   34.82    32.0    20.8    26.4    25.7     0.0    21.42 C    39.6    19.2    26.9    93.0    47.5    73.2   0.252   0.234   0.231   0.381   0.438    24.8    25.0    24.9    24.5    23.5
23803 20180826  2.622  -89.43   34.82    33.3    20.3    26.8    26.7     0.0    21.48 C    40.2    18.6    27.6    93.8    46.4    73.9   0.243   0.225   0.220   0.378   0.438    25.2    25.4    25.3    24.5    23.5
23803 20180827  2.622  -89.43   34.82    33.1    20.7    26.9    26.8     0.0    21.96 C    39.6    18.4    27.7    93.2    47.2    72.0   0.234   0.216   0.210   0.377   0.437    25.4    25.6    25.5    24.6    23.4
23803 20180828  2.622  -89.43   34.82    33.3    21.0    27.2    27.5     0.0    21.04 C    40.2    19.2    28.4    93.4    49.9    70.5   0.227   0.208   0.200   0.374   0.436    25.5    25.7    25.6    24.7    23.5
23803 20180829  2.622  -89.43   34.82    32.6    20.5    26.5    25.4    10.6    18.46 C    39.4    19.1    26.8    94.2    49.8    77.9   0.229   0.215   0.200   0.373   0.436    25.5    25.7    25.6    24.8    23.5
23803 20180830  2.622  -89.43   34.82    28.4    19.0    23.7    23.2     0.0    10.24 C    34.7    18.0    24.0    95.1    69.3    86.7   0.248   0.242   0.211   0.373   0.435    25.2    25.4    25.3    24.8    23.5
23803 20180831  2.622  -89.43   34.82    30.0    19.2    24.6    24.3     0.0    19.74 C    37.1    18.0    25.7    95.0    59.0    81.6   0.242   0.233   0.207   0.371   0.434    25.3    25.4    25.4    24.8    23.5
23803 20180901  2.622  -89.43   34.82    31.3    20.3    25.8    25.5     0.0    20.61 C    37.7    19.1    26.7    91.4    53.2    73.7   0.234   0.221   0.201   0.369   0.435    25.3    25.5    25.4    24.7    23.5
23803 20180902  2.622  -89.43   34.82    33.0    19.4    26.2    25.6     0.0    20.33 C    39.0    18.1    26.6    94.5    47.5    76.0   0.226   0.211   0.195   0.369   0.434    25.4    25.5    25.5    24.8    23.5
23803 20180903  2.622  -89.43   34.82    32.4    20.0    26.2    25.5     0.0    19.52 C    38.6    18.2    26.1    94.1    47.8    75.8   0.218   0.204   0.189   0.367   0.433    25.3    25.4    25.3    24.8    23.5
23803 20180904  2.622  -89.43   34.82    33.0    19.5    26.2    25.7     0.0    20.58 C    38.7    17.8    26.4    93.8    45.1    73.6   0.214   0.199   0.184   0.365   0.432    25.2    25.3    25.3    24.7    23.5
23803 20180905  2.622  -89.43   34.82    28.6    19.2    23.9    23.4     1.7    10.83 C    34.2    17.7    23.6    94.5    58.5    83.7   0.211   0.197   0.181   0.363   0.432    24.9    24.9    24.9    24.7    23.5
23803 20180906  2.622  -89.43   34.82    29.8    22.8    26.3    24.8    10.9    12.19 C    37.6    22.4    25.6    94.4    66.3    85.7   0.219   0.232   0.210   0.363   0.432    25.2    25.2    25.0    24.6    23.5
23803 20180907  2.622  -89.43   34.82    31.3    22.2    26.8    25.2     0.0    15.92 C    41.6    21.2    27.0    94.2    56.9    83.2   0.231   0.258   0.230   0.364   0.431    25.6    25.6    25.3    24.6    23.5
23803 20180908  2.622  -89.43   34.82    31.9    22.0    26.9    26.2     0.0    18.29 C    44.7    20.7    28.8    94.2    53.3    77.8   0.235   0.251   0.223   0.364   0.431    25.8    25.9    25.4    24.7    23.5
23803 20180909  2.622  -89.43   34.82    23.8    17.7    20.7    20.9    10.4     4.11 C    25.3    18.4    21.9    93.4    87.5    90.7   0.254   0.282   0.236   0.363   0.432    25.4    25.4    25.2    24.8    23.5
23803 20180910  2.622  -89.43   34.82    20.4    15.2    17.8    18.2     0.6     6.16 C    25.6    13.8    19.7    93.7    70.4    85.1   0.268   0.283   0.241   0.364   0.432    24.4    24.3    24.4    24.6    23.5
23803 20180911  2.622  -89.43   34.82    23.2    14.8    19.0    18.7     0.0    10.81 C    32.8    13.6    20.8    94.5    63.6    83.2   0.266   0.275   0.238   0.363   0.432    23.7    23.6    23.7    24.2    23.5
23803 20180912  2.622  -89.43   34.82    29.7    17.5    23.6    22.2     0.3    17.80 C    43.5    17.2    25.7    94.3    50.3    79.1   0.266   0.271   0.237   0.363   0.432    24.1    24.1    23.9    23.9    23.4
23803 20180913  2.622  -89.43   34.82    32.4    17.9    25.1    24.5     0.0    16.42 C    46.4    17.3    27.5    94.4    51.0    77.3   0.265   0.267   0.235   0.363   0.430    24.5    24.5    24.2    23.9    23.3
23803 20180914  2.622  -89.43   34.82    33.5    19.8    26.6    25.8     0.0    19.84 C    45.8    19.0    28.8    94.6    45.6    75.9   0.264   0.264   0.233   0.363   0.429    25.0    25.0    24.6    24.0    23.3
23803 20180915  2.622  -89.43   34.82    33.5    19.3    26.4    25.7     0.0    20.65 C    45.6    18.2    28.5    94.5    46.7    74.8   0.263   0.259   0.230   0.363   0.429    25.0    25.1    24.7    24.2    23.3
23803 20180916  2.622  -89.43   34.82    33.1    19.1    26.1    25.4     0.0    20.69 C    44.2    17.7    28.0    94.3    44.8    74.9   0.261   0.254   0.225   0.363   0.427    25.1    25.1    24.7    24.3    23.3
23803 20180917  2.622  -89.43   34.82    32.3    17.4    24.9    24.3     0.0    19.62 C    45.0    16.1    27.0    94.0    42.2    75.7   0.259   0.249   0.220   0.363   0.427    24.9    24.9    24.6    24.2    23.3
23803 20180918  2.622  -89.43   34.82    33.6    16.7    25.1    24.4     0.0    19.79 C    44.7    15.3    26.8    93.7    37.5    72.1   0.256   0.243   0.215   0.362   0.428    24.7    24.8    24.4    24.2    23.3
23803 20180919  2.622  -89.43   34.82    34.8    17.4    26.1    25.5     0.0    19.13 C    46.1    16.3    27.8    93.5    35.8    71.0   0.253   0.236   0.208   0.363   0.428    24.7    24.8    24.4    24.1    23.3
23803 20180920  2.622  -89.43   34.82    34.9    18.4    26.6    26.0     0.0    18.05 C    44.1    17.2    27.5    93.5    35.8    69.8   0.250   0.230   0.203   0.362   0.428    24.8    24.9    24.5    24.1    23.3
23803 20180921  2.622  -89.43   34.82    33.5    21.2    27.3    26.3     2.0    14.48 C    44.5    19.5    27.7    93.7    43.2    73.7   0.248   0.224   0.198   0.362   0.428    24.9    25.0    24.6    24.1    23.3
23803 20180922  2.622  -89.43   34.82    29.1    20.4    24.7    22.6    42.5     6.53 C    36.8    20.8    23.5    95.1    71.3    91.3   0.288   0.306   0.300   0.380   0.429    24.6    24.7    24.5    24.2    23.3
23803 20180923  2.622  -89.43   34.82    26.1    20.7    23.4    22.3    26.7     4.08 C    28.8    21.2    22.9   100.0    81.5    94.4   0.345   0.367   0.375   0.407   0.444    24.5    24.6    24.4    24.2    23.3
23803 20180924  2.622  -89.43   34.82    26.9    21.6    24.3    23.5    23.5     6.62 C    31.1    21.7    23.8    95.0    81.1    91.4   0.427   0.438   0.431   0.443   0.470    24.8    24.8    24.5    24.2    23.4
23803 20180925  2.622  -89.43   34.82    29.9    21.4    25.6    25.2     8.0    12.59 C    36.1    21.3    26.1    93.1    59.0    82.6   0.434   0.437   0.429   0.445   0.470    25.1    25.2    24.8    24.2    23.4
23803 20180926  2.622  -89.43   34.82    24.7    19.0    21.8    21.4     0.6     4.19 C    28.3    19.3    22.1    93.9    82.1    88.3   0.410   0.410   0.412   0.443   0.470    25.0    25.0    24.8    24.3    23.4
23803 20180927  2.622  -89.43   34.82    19.0    15.1    17.0    16.7     2.4     3.72 C    23.7    15.7    18.0    94.1    81.5    90.8   0.400   0.403   0.402   0.441   0.464    24.0    23.9    24.0    24.2    23.4
23803 20180928  2.622  -89.43   34.82    20.4    12.4    16.4    17.0     0.0     6.41 C    24.7    11.3    18.2    95.4    71.7    86.0   0.389   0.394   0.393   0.440   0.461    23.4    23.3    23.4    23.9    23.4
23803 20180929  2.622  -89.43   34.82    26.6    11.4    19.0    18.1     0.0    17.70 C    35.4    10.5    19.9    95.3    52.1    82.3   0.380   0.383   0.383   0.437   0.471    22.9    22.8    23.0    23.6    23.3
23803 20180930  2.622  -89.43   34.82    29.0    11.8    20.4    20.4     0.0    18.72 C    36.8    10.8    22.4    94.4    43.8    78.5   0.373   0.374   0.374   0.434   0.456    22.9    22.9    22.9    23.4    23.1
23803 20181001  2.622  -89.43   34.82    29.7    18.2    24.0    23.0     0.0    13.07 C    37.9    17.4    24.1    94.7    49.9    81.7   0.368   0.366   0.366   0.427   0.451    23.6    23.6    23.4    23.4    23.0
23803 20181002  2.622  -89.43   34.82    30.0    19.5    24.7    23.7     0.3    16.10 C    38.8    18.0    24.8    94.7    58.1    84.0   0.362   0.359   0.361   0.422   0.449    24.0    24.0    23.8    23.5    22.9
23803 20181003  2.622  -89.43   34.82    30.7    18.6    24.7    24.4     0.0    17.75 C    37.1    17.6    25.1    94.2    54.6    78.5   0.357   0.350   0.354   0.419   0.447    24.1    24.2    23.9    23.6    22.9
23803 20181004  2.622  -89.43   34.82    31.3    18.9    25.1    24.4     0.0    16.80 C    39.3    17.5    25.3    94.2    51.7    80.1   0.350   0.342   0.349   0.416   0.446    24.3    24.3    24.1    23.6    22.9
23803 20181005  2.622  -89.43   34.82    31.1    18.6    24.8    24.1     0.0    16.33 C    37.5    17.5    24.9    94.1    49.0    78.9   0.342   0.334   0.343   0.413   0.445    24.3    24.4    24.1    23.6    22.9
23803 20181006  2.622  -89.43   34.82    30.6    18.3    24.4    23.6     0.0    15.17 C    36.7    16.3    24.0    94.4    46.3    78.6   0.336   0.326   0.339   0.410   0.445    24.2    24.3    24.1    23.7    22.9
23803 20181007  2.622  -89.43   34.82    30.9    16.6    23.7    23.1     0.0    16.87 C    36.5    15.1    23.5    94.7    47.9    77.9   0.329   0.319   0.333   0.407   0.446    23.9    23.9    23.9    23.7    22.9
23803 20181008  2.622  -89.43   34.82    30.7    17.5    24.1    23.2     0.0    16.00 C    35.6    15.6    23.3    94.5    49.2    78.4   0.323   0.312   0.328   0.405   0.444    23.7    23.8    23.8    23.6    22.9
23803 20181009  2.622  -89.43   34.82    29.3    18.9    24.1    24.1     0.0    13.99 C    35.0    17.0    24.2    92.6    56.4    75.2   0.318   0.306   0.324   0.402   0.444    23.7    23.8    23.8    23.6    22.9
23803 20181010  2.622  -89.43   34.82    28.0    17.2    22.6    22.8     0.9    10.85 C    33.7    15.2    23.1    93.6    65.3    81.4   0.315   0.301   0.320   0.399   0.443    23.9    24.1    23.9    23.6    22.9
23803 20181011  2.622  -89.43   34.82    20.1     6.7    13.4    13.9     0.0    18.01 C    27.9     4.3    15.0    93.6    48.5    74.2   0.311   0.297   0.316   0.398   0.441    22.9    22.9    23.2    23.6    22.9
23803 20181012  2.622  -89.43   34.82    20.2     4.7    12.4    12.7     0.0    15.22 C    29.0     2.2    14.2    94.6    40.8    74.2   0.307   0.291   0.311   0.397   0.439    21.4    21.3    21.7    23.2    22.9
23803 20181013  2.622  -89.43   34.82    17.3    12.2    14.7    14.1     5.6     5.66 C    22.8    12.4    15.2    93.1    66.7    82.8   0.307   0.294   0.310   0.394   0.438    21.4    21.3    21.6    22.7    22.7
23803 20181014  2.622  -89.43   34.82    25.1    14.0    19.5    20.3     5.7     6.26 C    28.9    13.7    20.5    94.6    75.6    88.3   0.322   0.315   0.314   0.394   0.437    21.4    21.5    21.6    22.4    22.6
23803 20181015  2.622  -89.43   34.82    21.7     8.9    15.3    15.7     0.0     3.86 C    21.0     9.7    16.5    94.7    79.5    88.0   0.334   0.320   0.317   0.394   0.436    21.8    21.9    22.0    22.4    22.5
23803 20181016  2.622  -89.43   34.82    10.1     7.8     9.0     9.0     3.9     2.45 C    12.8     8.6    10.2    93.5    87.3    91.6   0.333   0.317   0.317   0.394   0.436    20.6    20.5    21.0    22.2    22.4
23803 20181017  2.622  -89.43   34.82    19.9     6.7    13.3    12.5     0.0    14.03 C    25.9     5.9    13.7    93.3    42.8    75.7   0.341   0.328   0.321   0.393   0.436    19.9    19.8    20.3    21.7    22.2
23803 20181018  2.622  -89.43   34.82    18.7     5.9    12.3    11.7     0.0    14.60 C    25.3     3.9    12.6    93.8    32.4    69.0   0.332   0.320   0.319   0.393   0.434    19.7    19.6    20.0    21.4    22.0
23803 20181019  2.622  -89.43   34.82    22.4     4.4    13.4    13.2     9.0    10.22 C    28.8     2.9    14.1    94.3    44.8    79.7   0.326   0.316   0.317   0.393   0.434    19.1    19.0    19.5    21.1    21.9
23803 20181020  2.622  -89.43   34.82    19.0     7.0    13.0    12.8     7.4     8.31 C    23.5     4.0    13.1    94.7    55.9    86.6   0.380   0.384   0.368   0.393   0.434    19.4    19.3    19.6    20.9    21.7
23803 20181021  2.622  -89.43   34.82    14.8     0.5     7.6     6.8     0.0    17.39 C    22.1    -1.4     7.8    94.0    34.6    66.5   0.365   0.365   0.361   0.398   0.431    18.3    18.1    18.8    20.6    21.5
23803 20181022  2.622  -89.43   34.82    18.7    -1.2     8.7     7.8     0.0    15.40 C    27.0    -2.9     8.7    94.3    32.1    75.6   0.356   0.354   0.354   0.401   0.430    17.3    17.2    17.9    20.1    21.3
23803 20181023  2.622  -89.43   34.82    20.2     3.3    11.8     9.9     0.0    12.97 C    27.1     2.2    10.8    93.8    36.6    77.6   0.350   0.347   0.351   0.400   0.430    17.2    17.1    17.7    19.7    21.1
23803 20181024  2.622  -89.43   34.82    20.3     2.6    11.4    11.0     0.0    15.74 C    28.7     0.6    11.8    94.4    29.5    67.6   0.346   0.342   0.347   0.399   0.429    17.0    16.9    17.4    19.4    20.9
23803 20181025  2.622  -89.43   34.82    13.4    10.2    11.8    11.6    22.4     1.87 C    14.6     9.8    11.6    94.0    66.0    87.9   0.381   0.385   0.394   0.421   0.447    17.1    17.0    17.5    19.1    20.7
23803 20181026  2.622  -89.43   34.82    13.0    10.4    11.7    11.8     1.5     1.67 C    13.6     9.8    11.8    94.3    79.9    87.7   0.413   0.413   0.419   0.441   0.462    17.1    17.1    17.5    18.9    20.4
23803 20181027  2.622  -89.43   34.82    19.2     5.7    12.4    11.3     0.0    14.97 C    26.4     2.9    11.7    95.4    52.5    82.0   0.395   0.398   0.408   0.438   0.454    17.0    16.9    17.3    18.8    20.3
23803 20181028  2.622  -89.43   34.82    26.0     6.6    16.3    14.9     0.0    14.88 C    31.7     3.9    14.8    94.1    47.8    79.4   0.383   0.382   0.396   0.433   0.451    17.0    17.0    17.3    18.7    20.1
23803 20181029  2.622  -89.43   34.82    20.9     2.5    11.7    11.2     0.0    14.39 C    28.2     0.7    11.6    94.2    32.1    73.4   0.374   0.373   0.381   0.431   0.452    16.7    16.7    17.1    18.6    20.0
23803 20181030  2.622  -89.43   34.82    25.8     9.8    17.8    16.8     0.0    13.92 C    30.8     7.9    16.8    91.3    42.4    70.1   0.369   0.367   0.375   0.430   0.450    17.0    17.0    17.3    18.5    19.8
23803 20181031  2.622  -89.43   34.82    24.9    16.6    20.8    20.2    11.5     6.42 C    29.2    14.9    20.1    92.6    66.2    82.2   0.379   0.375   0.383   0.430   0.448    17.9    17.9    17.9    18.5    19.7
23803 20181101  2.622  -89.43   34.82    19.6     7.4    13.5    13.7    27.0     2.36 C    19.1     7.8    14.0    93.4    81.9    89.5   0.466   0.471   0.444   0.451   0.465    18.2    18.3    18.4    18.7    19.2
23803 20181102  2.622  -89.43   34.82    14.0     4.0     9.0     8.7     1.9     9.77 C    22.4     2.2     9.6    95.3    51.0    79.8   0.433   0.437   0.424   0.445   0.468    17.2    17.2    17.6    18.8    19.4
23803 20181103  2.622  -89.43   34.82    19.0     0.6     9.8    10.0     0.0    13.90 C    23.5    -0.2    10.2    95.9    47.0    79.4   0.415   0.416   0.415   0.440   0.465    16.3    16.2    16.8    18.4    19.4
23803 20181104  2.622  -89.43   34.82    13.8    11.7    12.8    12.7     4.4     1.45 C    13.4    10.4    12.1    92.9    74.8    86.8   0.419   0.414   0.414   0.438   0.466    16.3    16.2    16.6    18.1    19.3
23803 20181105  2.622  -89.43   34.82    20.4    12.3    16.4    15.6    46.4     6.10 C    22.4    11.8    15.8    95.0    74.1    88.5   0.425   0.420   0.418   0.440   0.475    16.7    16.7    16.9    18.0    19.1
23803 20181106  2.622  -89.43   34.82    21.1     6.3    13.7    12.7     0.0    14.48 C    27.5     4.6    13.6    99.9    34.0    79.8   0.474   0.472   0.450   0.454   0.475    16.9    16.8    17.0    17.8    18.6
23803 20181107  2.622  -89.43   34.82    15.8     6.1    10.9    10.8     3.2     5.67 C    20.1     4.8    10.5    93.9    60.2    81.6   0.450   0.436   0.432   0.447   0.475    16.1    16.0    16.4    17.8    18.9
23803 20181108  2.622  -89.43   34.82    14.5     7.6    11.0    10.5     0.0     9.03 C    21.7     6.2    11.5    81.8    46.2    65.4   0.426   0.415   0.418   0.440   0.465    15.7    15.6    16.0    17.6    18.9
23803 20181109  2.622  -89.43   34.82    10.5    -1.2     4.7     5.4    11.2     6.23 C    16.6    -2.4     6.0    93.8    61.5    81.5   0.450   0.433   0.434   0.445   0.473    15.1    15.0    15.5    17.3    18.7
23803 20181110  2.622  -89.43   34.82     5.7    -4.1     0.8     0.1     0.0    14.41 C    13.9    -6.2     0.9    94.1    40.6    71.2   0.426   0.412   0.416   0.439   0.470    13.4    13.2    14.2    16.9    18.6
23803 20181111  2.622  -89.43   34.82    11.1    -4.7     3.2     4.2     0.0     9.32 C    19.0    -6.5     5.8    91.3    34.0    70.9   0.416   0.404   0.410   0.436   0.459    12.6    12.5    13.3    16.3    18.4
23803 20181112  2.622  -89.43   34.82    10.7     3.4     7.0     7.1    21.0     1.30 C    13.1     3.7     7.6    94.5    80.7    92.2   0.448   0.438   0.439   0.443   0.466    13.3    13.1    13.7    15.9    18.1
23803 20181113  2.622  -89.43   34.82     3.5    -1.0     1.2     0.8     1.4     1.70 C     3.8    -0.4     1.6    92.0    76.8    83.3   0.471   0.471   0.452   0.448   0.474    12.0    12.0    13.0    15.5    17.8
23803 20181114  2.622  -89.43   34.82    -0.9    -2.0    -1.5    -1.5     1.6     1.09 C     1.4    -1.1    -0.4    91.5    74.9    85.0   0.455   0.441   0.428   0.442   0.475    11.1    11.0    12.1    15.1    17.6
23803 20181115  2.622  -89.43   34.82     5.9    -3.2     1.4    -0.4     0.0     7.48 C    10.7    -4.9     0.3    92.5    53.3    83.2   0.434   0.420   0.419   0.438   0.460    10.9    10.8    11.8    14.7    17.4
23803 20181116  2.622  -89.43   34.82    16.4    -3.1     6.6     5.3     0.0    12.89 C    22.5    -4.7     5.6    93.5    40.1    75.4   0.421   0.409   0.413   0.434   0.469    10.7    10.7    11.5    14.3    17.1
23803 20181117  2.622  -89.43   34.82    19.3    -0.7     9.3     7.2     0.0    13.14 C    25.6    -2.3     7.5    94.1    35.8    75.8   0.413   0.403   0.409   0.433   0.452    11.2    11.1    11.7    14.1    16.8
23803 20181118  2.622  -89.43   34.82    18.9     1.4    10.2    10.0     0.0    10.35 C    26.8    -0.1    10.7    94.1    43.6    77.3   0.407   0.398   0.406   0.431   0.451    11.7    11.7    12.1    14.0    16.6
23803 20181119  2.622  -89.43   34.82    12.5     6.8     9.7     9.5     0.4     2.18 C    14.2     6.5     9.5    92.9    68.0    80.8   0.403   0.394   0.404   0.430   0.450    12.6    12.6    12.8    14.1    16.4
23803 20181120  2.622  -89.43   34.82    12.0    -2.5     4.8     4.7     0.0    12.41 C    21.0    -5.3     5.2    93.5    48.5    75.6   0.398   0.390   0.399   0.429   0.451    12.1    12.1    12.5    14.2    16.3
23803 20181121  2.622  -89.43   34.82    13.4    -5.2     4.1     2.4     0.0    12.74 C    21.0    -7.7     3.2    95.0    39.4    78.0   0.391   0.384   0.389   0.429   0.450    10.9    10.9    11.6    14.1    16.2
23803 20181122  2.622  -89.43   34.82    16.9    -2.9     7.0     5.0     0.0    12.59 C    23.8    -4.7     5.5    93.3    36.4    76.0   0.387   0.380   0.386   0.427   0.450    10.7    10.6    11.2    13.7    16.1
23803 20181123  2.622  -89.43   34.82    12.7     2.2     7.4     8.6    12.9     3.32 C    16.1    -0.9     8.0    93.4    65.7    79.6   0.400   0.394   0.398   0.429   0.451    10.9    10.8    11.3    13.5    15.9
23803 20181124  2.622  -89.43   34.82    18.6     6.0    12.3    12.2     0.0    10.87 C    23.9     2.7    11.9    95.2    53.8    83.2   0.442   0.420   0.417   0.438   0.467    12.0    12.0    12.1    13.5    15.7
23803 20181125  2.622  -89.43   34.82    17.2     4.1    10.6    11.3     0.3     5.04 C    17.9     3.6    10.5    94.5    51.2    78.3   0.431   0.407   0.408   0.432   0.468    12.1    12.1    12.4    13.6    15.6
23803 20181126  2.622  -89.43   34.82     5.0    -4.3     0.3     1.3     0.0    10.38 C    13.3    -7.8     2.0    90.2    48.6    65.1   0.408   0.401   0.405   0.430   0.467    11.5    11.5    12.0    13.7    15.6
23803 20181127  2.622  -89.43   34.82     3.7    -6.1    -1.2    -2.3     0.0     8.90 C    11.2    -8.8    -2.8    90.6    48.1    71.0   0.399   0.392   0.403   0.428   0.467     9.7     9.6    10.5    13.4    15.5
23803 20181128  2.622  -89.43   34.82    10.7    -7.0     1.8     2.0     0.0    11.62 C    16.5    -8.6     2.1    90.2    41.4    68.1   0.392   0.386   0.397   0.427   0.453     9.0     8.9     9.7    12.9    15.3
23803 20181129  2.622  -89.43   34.82    18.7     6.7    12.7    13.0     0.3     2.29 C    17.7     6.3    12.4    87.8    66.9    77.1   0.389   0.384   0.392   0.425   0.449    10.2    10.2    10.5    12.5    15.2
23803 20181130  2.622  -89.43   34.82    18.6    16.9    17.8    17.9     9.9     1.53 C    19.7    16.1    17.4    92.9    86.3    91.0   0.427   0.414   0.412   0.426   0.454    12.4    12.5    12.3    12.7    15.0
23803 20181201  2.622  -89.43   34.82    21.5     9.4    15.5    17.2    46.7     4.94 C    23.2     7.4    15.8    93.3    57.6    83.0   0.459   0.462   0.450   0.450   0.471    14.3    14.4    14.0    13.6    14.8
23803 20181202  2.622  -89.43   34.82    18.5     5.3    11.9    12.5     0.0    11.80 C    21.9     2.8    11.3    84.1    29.8    57.4   0.467   0.477   0.456   0.447   0.474    13.5    13.5    13.7    14.1    14.7
23803 20181203  2.622  -89.43   34.82     9.2    -0.4     4.4     5.0     0.0     8.43 C    16.5    -1.9     5.7    92.5    51.7    66.5   0.459   0.447   0.434   0.441   0.464    12.3    12.2    12.7    14.0    14.9
23803 20181204  2.622  -89.43   34.82     6.7    -4.0     1.4     2.0     0.0    10.38 C    15.7    -6.5     2.7    90.3    42.2    65.4   0.432   0.422   0.422   0.435   0.456    11.5    11.3    11.9    13.7    15.1
23803 20181205  2.622  -89.43   34.82     6.8    -5.5     0.7    -0.6     0.0    11.75 C    14.7    -7.9    -0.4    91.7    42.3    72.2   0.413   0.410   0.416   0.431   0.456     9.9     9.7    10.5    13.3    15.0
23803 20181206  2.622  -89.43   34.82     8.5    -5.3     1.6     2.4     0.5     3.73 C    11.9    -7.0     2.3    92.7    40.0    73.5   0.405   0.401   0.412   0.429   0.451     9.1     9.0     9.7    12.7    14.9
23803 20181207  2.622  -89.43   34.82     5.6     4.0     4.8     4.8     9.1     1.17 C     7.0     4.2     5.2    94.1    91.8    93.4   0.430   0.419   0.420   0.429   0.460     9.8     9.7    10.1    12.3    14.7
23803 20181208  2.622  -89.43   34.82     4.5     1.0     2.8     3.6    39.6     0.48 C     4.9     0.8     3.8    93.4    89.8    92.0   0.459   0.463   0.457   0.449   0.471     9.2     9.2     9.8    11.9    13.9
23803 20181209  2.622  -89.43   34.82     1.0    -0.7     0.2     0.4     6.7     1.64 C     3.3    -1.3     1.2    92.9    84.2    90.8   0.465   0.474   0.461   0.455   0.471     8.0     7.9     8.7    11.3    13.3
23803 20181210  2.622  -89.43   34.82     5.2    -5.4    -0.1    -0.6     0.0     7.82 C    12.7    -8.1    -0.4    94.0    67.0    83.5   0.468   0.476   0.463   0.453   0.473     7.8     7.5     8.4    11.0    13.4
23803 20181211  2.622  -89.43   34.82    10.3    -8.5     0.9     0.9     0.0    11.62 C    15.2   -10.6     0.9    94.1    33.0    67.9   0.464   0.456   0.445   0.441   0.472     7.2     6.9     7.9    10.8    13.6
23803 20181212  2.622  -89.43   34.82    11.2     3.1     7.2     7.8     0.0     3.30 C    13.1     0.2     7.0    68.1    40.0    50.8   0.452   0.433   0.429   0.436   0.470     7.7     7.6     8.2    10.6    13.5
23803 20181213  2.622  -89.43   34.82    15.2     8.8    12.0    11.3     9.7     3.34 C    16.2     8.1    11.0    91.6    59.6    79.7   0.433   0.424   0.424   0.432   0.463     9.0     9.0     9.2    10.6    13.4
23803 20181214  2.622  -89.43   34.82    13.7     8.2    11.0    11.7     6.4     1.71 C    15.4     8.1    11.6    95.0    84.4    91.2   0.452   0.450   0.445   0.439   0.470    10.2    10.2    10.2    11.0    13.1
23803 20181215  2.622  -89.43   34.82     9.1     7.2     8.2     8.0     6.4     1.05 C     9.9     7.3     8.2    94.1    89.7    92.6   0.461   0.471   0.459   0.446   0.471    10.4    10.4    10.6    11.3    13.0
23803 20181216  2.622  -89.43   34.82    15.2     2.0     8.6     8.3     0.0     9.33 C    20.3     0.4     8.6    95.4    59.4    83.5   0.464   0.468   0.448   0.442   0.471    10.5    10.5    10.7    11.5    13.1
23803 20181217  2.622  -89.43   34.82    15.7    -0.8     7.5     5.0     0.0    10.54 C    21.7    -2.5     6.1   100.0    31.9    86.6   0.453   0.439   0.429   0.436   0.469    10.1    10.0    10.4    11.6    13.1
23803 20181218  2.622  -89.43   34.82    15.2    -1.9     6.7     4.9     0.0    10.58 C    22.4    -3.6     5.4    94.3    34.9    78.8   0.438   0.421   0.421   0.432   0.466     9.5     9.4     9.9    11.5    13.2
23803 20181219  2.622  -89.43   34.82    15.4    -0.8     7.3     7.1     2.2     5.13 C    20.6    -2.3     6.6    94.4    57.7    82.7   0.423   0.413   0.416   0.429   0.468     9.4     9.3     9.7    11.4    13.2
23803 20181220  2.622  -89.43   34.82    10.1     4.7     7.4     7.9     9.1     1.84 C    12.8     4.6     8.2    94.4    81.3    89.8   0.445   0.438   0.435   0.434   0.472    10.0    10.0    10.2    11.4    13.1
23803 20181221  2.622  -89.43   34.82     5.2    -3.2     1.0     2.7     2.0     1.44 C     5.6    -5.2     2.3    94.1    72.5    85.2   0.447   0.436   0.434   0.437   0.472     9.7     9.6    10.0    11.4    13.1
23803 20181222  2.622  -89.43   34.82    13.5    -3.7     4.9     5.2     0.0    11.31 C    17.5    -6.0     4.7    93.6    40.5    70.9   0.438   0.420   0.422   0.432   0.467     8.6     8.4     9.1    11.2    13.0
23803 20181223  2.622  -89.43   34.82    10.7    -3.2     3.7     6.3     0.2     7.51 C    15.1    -5.8     6.2    93.5    57.8    77.5   0.429   0.413   0.417   0.429   0.454     9.4     9.3     9.6    11.0    13.0
23803 20181224  2.622  -89.43   34.82    10.7    -5.6     2.6     2.1     0.0    10.74 C    17.0    -7.7     2.1    92.2    32.4    72.3   0.416   0.407   0.413   0.428   0.455     8.3     8.2     8.8    11.0    12.9
23803 20181225  2.622  -89.43   34.82    11.0     2.5     6.7     6.7     1.3     5.89 C    16.4    -0.2     7.3    94.0    58.3    80.6   0.413   0.406   0.411   0.426   0.452     8.7     8.6     9.0    10.7    12.8
23803 20181226  2.622  -89.43   34.82    14.7     7.1    10.9    10.7     0.0     3.63 C    18.5     7.1    10.4    96.6    59.4    79.3   0.411   0.404   0.410   0.426   0.464     9.6     9.6     9.7    10.8    12.7
23803 20181227  2.622  -89.43   34.82    14.7    11.2    12.9    13.1    29.8     0.24 C    13.8     9.7    12.2    94.2    61.2    83.6   0.437   0.436   0.433   0.438   0.470    10.5    10.5    10.5    11.0    12.4
23803 20181228  2.622  -89.43   34.82    13.9     0.2     7.0     9.5     0.5     8.68 C    17.9    -1.6     9.5    94.4    60.0    82.5   0.468   0.474   0.460   0.446   0.472    11.2    11.2    11.2    11.3    12.2
23803 20181229  2.622  -89.43   34.82     8.8    -2.0     3.4     3.4     0.0     9.06 C    15.6    -3.3     4.0    92.7    50.6    72.4   0.464   0.454   0.441   0.439   0.470     9.7     9.6    10.1    11.5    12.5
23803 20181230  2.622  -89.43   34.82    13.0     1.9     7.5     7.6    30.6     3.63 C    18.1     1.2     8.0    94.1    61.2    79.2   0.454   0.435   0.430   0.435   0.459     9.7     9.6     9.9    11.2    12.6
23803 20181231  2.622  -89.43   34.82    21.1     7.6    14.4    14.4    28.9     1.11 C    20.0     6.4    13.4    95.6    76.9    89.9   0.469   0.470   0.459   0.455   0.470    11.5    11.6    11.4    11.4    12.2
