03733 20200101  2.622  -79.47   39.01    -0.1    -4.2    -2.2    -2.7     0.0     6.60 C     5.0    -7.0    -2.9    82.1    58.1    71.4   0.339   0.361   0.410   0.346   0.387     2.8     3.7     4.9     5.1     5.7
03733 20200102  2.622  -79.47   39.01     8.8    -3.2     2.8     3.7     0.0     5.85 C    13.0    -8.2     2.0    91.6    19.8    58.1   0.335   0.357   0.407   0.343   0.386     2.4     3.1     4.5     4.7     5.6
03733 20200103  2.622  -79.47   39.01     9.8     6.0     7.9     8.4    10.7     0.63 C     9.8     5.9     8.1    95.2    89.1    93.6   0.359   0.381   0.424   0.354   0.388     4.3     4.5     4.6     4.7     5.5
03733 20200104  2.622  -79.47   39.01     9.5    -4.2     2.7     4.1    22.5     0.15 C     8.7    -4.1     4.0    95.5    86.5    92.1   0.365   0.391   0.439   0.407   0.405     5.0     5.4     5.2     5.1     5.5
03733 20200105  2.622  -79.47   39.01    -0.2    -6.1    -3.1    -5.0     5.2     0.46 C    -2.0   -10.2    -5.5    89.9    65.8    84.8   0.352   0.380   0.431   0.407   0.411     4.0     4.6     5.1     5.2     5.6
03733 20200106  2.622  -79.47   39.01     0.1    -4.1    -2.0    -1.5     0.0     6.46 C    -0.5   -13.0    -4.2    80.8    49.6    68.7   0.345   0.370   0.421   0.400   0.410     3.6     4.2     4.9     5.0     5.6
03733 20200107  2.622  -79.47   39.01    -0.5    -8.5    -4.5    -3.9     9.2     0.55 C    -2.4   -13.4    -5.9    94.3    27.2    79.3   0.343   0.366   0.415   0.376   0.410     3.3     4.0     4.7     4.9     5.6
03733 20200108  2.622  -79.47   39.01    -2.4    -7.9    -5.2    -3.9     0.5     6.95 C    -2.3   -14.0    -6.7    89.8    36.3    60.0   0.340   0.362   0.411   0.355   0.408     3.1     3.8     4.6     4.7     5.5
03733 20200109  2.622  -79.47   39.01     7.4   -10.2    -1.4    -1.2     0.0     9.59 C     3.1   -17.7    -6.5    76.0    25.7    46.8   0.337   0.360   0.408   0.348   0.404     2.8     3.5     4.4     4.6     5.5
03733 20200110  2.622  -79.47   39.01    11.3     2.1     6.7     7.3     0.0     7.49 C     5.6    -4.6     2.3    80.1    38.1    66.6   0.343   0.373   0.420   0.367   0.398     2.9     3.5     4.3     4.5     5.4
03733 20200111  2.622  -79.47   39.01    17.3     9.9    13.6    13.9    21.5     4.44 C    18.1     5.6    12.3    92.5    55.8    71.7   0.355   0.393   0.447   0.418   0.409     5.0     4.8     4.5     4.4     5.2
03733 20200112  2.622  -79.47   39.01    15.0     2.0     8.5     7.0     0.2     5.93 C    12.6    -3.0     5.4    88.0    61.6    73.4   0.356   0.419   0.477   0.420   0.414     6.2     6.3     5.7     5.3     5.3
03733 20200113  2.622  -79.47   39.01     8.9     3.1     6.0     6.5     0.0     4.82 C    10.4    -1.7     3.6    83.7    51.1    68.5   0.337   0.370   0.426   0.404   0.413     4.7     5.3     5.5     5.4     5.6
03733 20200114  2.622  -79.47   39.01    10.7     1.7     6.2     6.7     5.9     0.36 C    10.6    -0.3     5.7    95.3    39.9    83.7   0.345   0.379   0.422   0.405   0.413     4.8     5.2     5.4     5.3     5.7
03733 20200115  2.622  -79.47   39.01    13.2     1.4     7.3     7.4     0.0     9.05 C    15.9    -0.4     6.9    92.9    29.9    71.4   0.342   0.376   0.422   0.403   0.413     5.1     5.5     5.5     5.4     5.7
03733 20200116  2.622  -79.47   39.01    11.9    -7.0     2.4     0.2     3.4     6.79 C    10.5    -7.2     0.5    91.5    50.7    69.1   0.346   0.377   0.419   0.369   0.413     5.0     5.6     5.7     5.6     5.8
03733 20200117  2.622  -79.47   39.01    -2.7    -9.3    -6.0    -6.2     0.0     9.04 C     3.7   -11.0    -5.6    74.4    34.0    59.0   0.336   0.367   0.413   0.356   0.413     2.8     3.8     5.2     5.3     5.8
03733 20200118  2.622  -79.47   39.01     6.0    -5.3     0.3    -0.1    15.1     0.98 C     4.8    -4.9    -0.4    95.1    34.9    75.7   0.345   0.376   0.424   0.370   0.410     2.2     3.0     4.5     4.8     5.7
03733 20200119  2.622  -79.47   39.01     4.9   -13.3    -4.2    -6.7     6.2     1.87 C     4.3   -13.3    -6.5    91.8    64.9    81.6   0.350   0.384   0.439   0.411   0.414     2.2     3.0     4.2     4.5     5.5
03733 20200120  2.622  -79.47   39.01   -10.1   -14.0   -12.0   -12.2     0.4     7.29 C    -5.4   -15.7   -12.1    84.8    60.5    74.4   0.338   0.369   0.421   0.398   0.414     2.0     2.8     4.0     4.3     5.3
03733 20200121  2.622  -79.47   39.01    -6.8   -16.0   -11.4   -11.4     0.0    11.12 C    -5.0   -22.9   -13.3    85.6    58.9    74.3   0.336   0.364   0.413   0.359   0.414     2.0     2.7     3.8     4.1     5.1
03733 20200122  2.622  -79.47   39.01     5.0   -16.2    -5.6    -6.0     0.0    11.09 C     5.5   -19.4    -9.2    84.9    19.9    58.2   0.335   0.362   0.410   0.348   0.409     1.2     1.8     3.5     3.9     5.0
03733 20200123  2.622  -79.47   39.01     7.3    -6.1     0.6     1.5     0.0     6.54 C     9.7   -11.8    -1.5    65.5    16.2    29.8   0.335   0.365   0.410   0.344   0.401     0.8     1.4     3.1     3.6     4.8
03733 20200124  2.622  -79.47   39.01     5.5     1.4     3.5     4.2    19.7     1.23 C     5.1    -4.2     2.8    95.5    14.5    75.7   0.348   0.376   0.416   0.352   0.386     1.4     1.8     3.1     3.4     4.6
03733 20200125  2.622  -79.47   39.01     4.9    -2.9     1.0     0.3     8.3     1.45 C     3.7    -2.9     0.3    95.3    81.0    88.7   0.363   0.400   0.472   0.421   0.402     2.2     2.8     3.3     3.5     4.4
03733 20200126  2.622  -79.47   39.01    -2.7    -4.3    -3.5    -3.6     3.0     0.89 C    -2.4    -3.7    -3.2    94.5    85.8    91.8   0.342   0.375   0.432   0.406   0.403     1.5     2.3     3.3     3.6     4.4
03733 20200127  2.622  -79.47   39.01    -2.6    -4.2    -3.4    -3.0     1.8     0.52 C    -1.5    -4.0    -2.8    94.5    84.4    90.8   0.336   0.366   0.420   0.397   0.403     1.3     2.0     3.1     3.4     4.4
03733 20200128  2.622  -79.47   39.01    -3.6    -4.7    -4.1    -4.1     2.7     1.12 C    -2.7    -4.6    -3.6    93.7    87.0    91.9   0.333   0.362   0.413   0.359   0.404     1.3     2.0     3.0     3.3     4.3
03733 20200129  2.622  -79.47   39.01    -4.3    -9.9    -7.1    -6.0     0.7     3.70 C    -1.1   -14.0    -6.2    90.8    83.2    88.6   0.332   0.359   0.409   0.348   0.401     1.3     2.0     3.0     3.3     4.2
03733 20200130  2.622  -79.47   39.01    -1.5   -10.3    -5.9    -3.9     0.9     2.99 C    -0.5   -12.5    -3.5    94.4    80.8    88.8   0.330   0.357   0.406   0.343   0.389     1.2     1.8     2.9     3.2     4.1
03733 20200131  2.622  -79.47   39.01     3.1    -2.4     0.3     0.0     0.0     4.53 C     2.2    -4.3    -0.7    94.4    68.7    86.5   0.333   0.358   0.404   0.340   0.372     1.3     1.9     2.9     3.1     4.1
03733 20200201  2.622  -79.47   39.01     1.3    -2.3    -0.5    -0.3     8.3     1.48 C     1.4    -2.2    -0.5    95.9    88.6    93.6   0.348   0.369   0.407   0.338   0.362     1.5     2.1     2.9     3.1     4.1
03733 20200202  2.622  -79.47   39.01     8.3    -3.6     2.4     2.3     1.5    10.01 C     3.4    -3.7    -0.2    94.2    45.3    67.9   0.353   0.378   0.415   0.341   0.362     1.6     2.2     2.9     3.1     4.1
03733 20200203  2.622  -79.47   39.01    15.1     4.8    10.0     9.9     0.0    10.17 C    12.9     0.0     5.2    65.6    23.8    43.7   0.353   0.388   0.434   0.384   0.401     2.3     2.6     3.0     3.1     4.0
03733 20200204  2.622  -79.47   39.01    13.5     7.1    10.3     9.0     9.1     0.14 C     9.0     6.1     7.9    95.5    24.7    82.5   0.349   0.380   0.431   0.407   0.405     3.6     3.7     3.4     3.4     4.0
03733 20200205  2.622  -79.47   39.01     9.3     1.0     5.1     5.2     9.1     3.74 C     9.6     2.5     6.1    95.4    85.2    92.4   0.360   0.394   0.445   0.413   0.409     4.5     4.7     4.0     3.9     4.1
03733 20200206  2.622  -79.47   39.01    12.6     6.0     9.3     9.5     6.2     1.25 C    11.3     5.1     8.4    94.3    63.8    85.3   0.363   0.395   0.445   0.413   0.410     5.0     5.1     4.4     4.2     4.3
03733 20200207  2.622  -79.47   39.01     9.5    -7.9     0.8    -3.5    14.9     2.74 C     8.2    -8.0    -3.2    95.7    78.3    86.4   0.358   0.392   0.458   0.416   0.410     4.2     4.8     4.7     4.5     4.6
03733 20200208  2.622  -79.47   39.01    -2.7    -8.1    -5.4    -5.6     2.9     6.59 C    -0.5    -9.1    -5.5    92.3    58.0    80.4   0.345   0.374   0.427   0.404   0.411     3.1     3.8     4.3     4.4     4.7
03733 20200209  2.622  -79.47   39.01     3.5    -5.4    -1.0    -1.3     0.0    10.58 C     2.0    -8.1    -2.4    87.8    43.9    64.8   0.346   0.370   0.417   0.373   0.411     2.9     3.5     4.1     4.2     4.7
03733 20200210  2.622  -79.47   39.01     6.9     2.7     4.8     5.1    26.2     0.30 C     6.6     0.2     3.5    95.5    47.6    86.5   0.370   0.412   0.460   0.405   0.413     2.9     3.4     3.9     3.9     4.6
03733 20200211  2.622  -79.47   39.01     7.6    -2.1     2.8     4.0     9.9     1.13 C     7.4    -2.8     4.3    96.3    66.7    94.0   0.368   0.415   0.473   0.424   0.413     3.9     4.2     4.0     4.0     4.5
03733 20200212  2.622  -79.47   39.01     7.9    -4.1     1.9    -0.3     5.2     2.57 C     7.0    -5.2    -0.1    93.7    53.0    82.9   0.361   0.385   0.436   0.410   0.412     2.7     3.5     4.0     4.1     4.5
03733 20200213  2.622  -79.47   39.01    10.0    -3.8     3.1     3.4    16.7     0.71 C     9.2    -4.3     3.3    96.1    76.6    89.8   0.376   0.403   0.463   0.423   0.413     3.7     4.1     4.0     4.1     4.5
03733 20200214  2.622  -79.47   39.01    -3.7   -12.7    -8.2    -8.6     3.5     5.80 C    -3.7   -21.0    -8.4    92.1    66.9    77.4   0.360   0.378   0.433   0.409   0.413     2.8     3.5     4.0     4.1     4.6
03733 20200215  2.622  -79.47   39.01     1.7   -16.8    -7.5    -6.6     0.0    12.98 C     2.3   -24.5   -10.2    82.4    35.1    57.4   0.355   0.370   0.419   0.380   0.414     2.2     2.9     3.7     3.9     4.5
03733 20200216  2.622  -79.47   39.01     7.1    -2.1     2.5     2.3     0.0    11.09 C    10.6    -5.4     0.7    86.0    37.6    50.4   0.360   0.374   0.417   0.359   0.412     2.1     2.7     3.5     3.7     4.4
03733 20200217  2.622  -79.47   39.01     7.8    -5.2     1.3     1.9     0.0    13.91 C    15.8    -9.8     1.6    94.0    25.5    59.8   0.358   0.371   0.416   0.355   0.410     2.1     2.8     3.5     3.6     4.3
03733 20200218  2.622  -79.47   39.01     9.2     0.7     4.9     5.1     8.9     1.62 C    10.7    -1.5     4.6    95.7    56.0    76.9   0.359   0.371   0.414   0.350   0.408     2.9     3.3     3.6     3.6     4.3
03733 20200219  2.622  -79.47   39.01     1.7    -4.4    -1.4    -1.7     0.0    12.33 C    10.3   -10.4    -1.5    91.0    39.0    64.6   0.366   0.382   0.428   0.363   0.411     2.6     3.3     3.8     3.8     4.3
03733 20200220  2.622  -79.47   39.01    -1.4    -9.9    -5.7    -4.8     0.0     7.52 C     7.0   -10.1    -4.4    77.2    43.7    63.1   0.353   0.368   0.416   0.356   0.413     1.4     2.2     3.4     3.6     4.3
03733 20200221  2.622  -79.47   39.01    -2.7   -15.1    -8.9    -8.8     0.0    15.93 C     8.5   -18.9    -7.6    83.5    30.1    56.8   0.371   0.361   0.410   0.347   0.407     0.5     1.4     3.0     3.3     4.1
03733 20200222  2.622  -79.47   39.01     5.0    -8.3    -1.6    -2.0     0.0    16.50 C    12.9   -11.5    -2.9    50.1    11.0    27.2 -99.000   0.356   0.407   0.342   0.368     0.1     1.0     2.6     2.9     4.0
03733 20200223  2.622  -79.47   39.01     9.6    -2.5     3.6     2.9     0.0    14.43 C    19.2   -11.7     0.4    32.8    16.6    23.3 -99.000   0.353   0.405   0.339   0.355     0.1     0.9     2.3     2.6     3.8
03733 20200224  2.622  -79.47   39.01    10.9    -2.1     4.4     4.6     0.0    10.14 C    21.9    -8.0     3.9    62.9    22.9    39.3 -99.000   0.351   0.404   0.337   0.351     0.6     1.3     2.3     2.5     3.7
03733 20200225  2.622  -79.47   39.01     8.9     2.9     5.9     6.1    10.0     3.30 C    12.2     2.3     5.9    95.7    63.8    89.9   0.368   0.370   0.419   0.346   0.350     2.3     2.7     2.7     2.7     3.6
03733 20200226  2.622  -79.47   39.01    13.2    -3.5     4.8     5.8    18.6    10.10 C    20.4    -3.5     6.5    93.1    43.4    79.4   0.367   0.375   0.425   0.356   0.361     3.6     3.9     3.3     3.2     3.7
03733 20200227  2.622  -79.47   39.01    -3.5   -10.4    -7.0    -8.2     5.5     4.03 C    -3.5   -10.3    -8.2    87.9    68.1    80.4   0.366   0.377   0.432   0.406   0.389     2.7     3.4     3.6     3.5     3.9
03733 20200228  2.622  -79.47   39.01    -4.7    -8.2    -6.5    -6.6     4.8     4.47 C    -3.9    -8.3    -6.7    87.6    68.2    82.6   0.355   0.368   0.420   0.398   0.391     2.1     2.8     3.3     3.5     4.0
03733 20200229  2.622  -79.47   39.01    -7.6   -12.6   -10.1    -9.5     1.2     7.70 C    -5.1   -14.0   -10.4    88.2    59.2    71.3   0.352   0.365   0.415   0.360   0.392     1.9     2.6     3.2     3.4     3.9
03733 20200301  2.622  -79.47   39.01     5.1    -8.8    -1.9    -2.0     0.0    17.37 C     2.1   -13.9    -6.1    67.8    23.1    44.1   0.349   0.363   0.410   0.348   0.390     1.5     2.4     3.0     3.3     3.9
03733 20200302  2.622  -79.47   39.01     9.0     3.0     6.0     5.1     7.1     6.27 C     4.0    -5.0     0.6    95.6    40.4    65.8   0.365   0.375   0.423   0.365   0.383     1.7     2.4     3.0     3.2     3.9
03733 20200303  2.622  -79.47   39.01    11.8     1.5     6.6     6.4     7.6     3.17 C    16.7     0.1     5.2    95.7    65.4    83.4   0.378   0.388   0.451   0.423   0.403     2.8     3.0     3.0     3.1     3.8
03733 20200304  2.622  -79.47   39.01     9.6    -1.1     4.2     3.9     0.0    17.01 C    17.8    -3.6     3.8    76.3    24.1    50.2   0.369   0.381   0.435   0.409   0.403     3.0     3.4     3.4     3.3     3.8
03733 20200305  2.622  -79.47   39.01     9.2    -4.7     2.2     2.7     0.0    13.81 C    20.0   -10.6     2.1    81.7    18.7    50.5   0.358   0.369   0.422   0.403   0.404     2.7     3.3     3.5     3.5     3.9
03733 20200306  2.622  -79.47   39.01     2.9    -4.1    -0.6    -1.0    14.3     4.19 C     2.9    -5.1    -2.0    93.4    58.5    79.4   0.357   0.366   0.415   0.374   0.403     2.1     2.8     3.4     3.4     3.9
03733 20200307  2.622  -79.47   39.01    -1.4    -5.7    -3.6    -4.1     3.7    11.30 C     2.1   -12.7    -5.6    87.0    54.1    73.8   0.361   0.367   0.411   0.348   0.399     2.1     2.7     3.2     3.4     3.9
03733 20200308  2.622  -79.47   39.01    12.2    -6.3     2.9     3.3     0.0    19.07 C     6.5   -14.7    -2.9    80.7    10.3    35.2   0.362   0.368   0.415   0.347   0.384     2.0     2.6     3.1     3.3     3.9
03733 20200309  2.622  -79.47   39.01    15.1     7.0    11.1    10.2     0.0    16.15 C    19.5    -1.1     5.9    33.8    14.7    25.0   0.369   0.376   0.429   0.388   0.392     2.5     2.9     3.1     3.2     3.9
03733 20200310  2.622  -79.47   39.01     9.8     4.8     7.3     8.2     6.5     0.63 C     9.1     4.7     7.2    95.4    31.8    78.3   0.373   0.376   0.428   0.404   0.396     3.7     3.9     3.5     3.4     3.9
03733 20200311  2.622  -79.47   39.01     8.0     4.0     6.0     6.0     0.9     2.68 C    11.3     0.9     5.6    95.5    79.3    91.9   0.377   0.380   0.431   0.406   0.400     4.3     4.5     4.0     3.8     4.0
03733 20200312  2.622  -79.47   39.01    16.8     4.4    10.6    10.4     3.9    17.09 C    27.8     0.3    10.8    92.7    32.5    64.3   0.367   0.373   0.421   0.390   0.400     4.9     5.0     4.3     4.1     4.1
03733 20200313  2.622  -79.47   39.01    12.1     1.5     6.8     8.7     2.0    12.47 C    18.6    -1.8     8.4    93.6    32.7    60.6   0.379   0.380   0.425   0.383   0.400     6.0     6.2     5.0     4.6     4.3
03733 20200314  2.622  -79.47   39.01     8.1    -1.9     3.1     2.0     6.1    11.33 C    22.3    -5.4     3.2    94.0    14.2    51.5   0.365   0.370   0.417   0.358   0.400     4.4     5.0     4.9     4.8     4.6
03733 20200315  2.622  -79.47   39.01     1.6    -1.5     0.1    -0.2     2.3     7.49 C    10.3    -3.1     1.3    94.1    67.8    85.3   0.381   0.381   0.426   0.367   0.397     3.9     4.5     4.7     4.6     4.7
03733 20200316  2.622  -79.47   39.01     4.4    -1.0     1.7     1.6     0.0     6.85 C    14.8    -5.0     2.2    82.1    67.3    74.1   0.369   0.372   0.419   0.361   0.401     3.6     4.1     4.4     4.4     4.7
03733 20200317  2.622  -79.47   39.01     6.5     2.2     4.4     4.3     5.4     1.68 C     8.0     2.3     4.6    95.5    81.2    93.4   0.375   0.373   0.416   0.352   0.395     4.1     4.4     4.4     4.4     4.7
03733 20200318  2.622  -79.47   39.01    12.0    -2.3     4.9     5.4     5.7    13.33 C    23.8    -4.2     6.8    95.3    57.8    83.9   0.378   0.378   0.421   0.353   0.388     4.6     4.9     4.6     4.5     4.7
03733 20200319  2.622  -79.47   39.01    17.3     7.6    12.5    13.0    18.3     5.15 C    23.3     7.4    12.6    95.5    58.8    83.3   0.388   0.395   0.461   0.417   0.399     6.6     6.5     5.2     4.9     4.8
03733 20200320  2.622  -79.47   39.01    19.4     9.2    14.3    15.8     4.7     9.13 C    26.8     8.9    15.0    93.3    40.8    66.1   0.376   0.382   0.427   0.406   0.402     8.2     8.0     6.1     5.6     5.0
03733 20200321  2.622  -79.47   39.01     9.3    -3.3     3.0     0.1     0.3     2.50 C     8.9    -2.7     1.4    93.4    88.0    91.8   0.374   0.384   0.421   0.383   0.402     6.8     7.2     6.5     6.1     5.4
03733 20200322  2.622  -79.47   39.01     5.7    -4.2     0.8     0.3     0.0    17.87 C    16.6    -4.2     3.1    89.0    43.7    66.0   0.365   0.375   0.414   0.353   0.397     5.4     5.8     5.9     5.8     5.6
03733 20200323  2.622  -79.47   39.01     7.4     1.5     4.5     4.4     4.6     3.17 C    18.4     0.6     5.0    94.9    67.4    85.6   0.368   0.375   0.412   0.347   0.373     5.3     5.7     5.7     5.6     5.6
03733 20200324  2.622  -79.47   39.01    12.7     1.3     7.0     5.6     0.7    15.00 C    23.9     1.4     7.8    94.9    29.0    75.0   0.375   0.383   0.416   0.347   0.358     5.9     6.1     5.8     5.6     5.6
03733 20200325  2.622  -79.47   39.01     6.7     1.7     4.2     4.2     8.8     5.90 C    11.4     0.7     5.3    94.2    80.4    88.3   0.385   0.394   0.429   0.360   0.378     6.0     6.4     6.0     5.8     5.6
03733 20200326  2.622  -79.47   39.01    18.5    -0.8     8.8     8.9     0.5    19.69 C    28.0    -0.9    10.3    95.6    17.8    60.3   0.375   0.386   0.420   0.361   0.399     6.4     6.6     6.0     5.9     5.7
03733 20200327  2.622  -79.47   39.01    14.6     9.0    11.8    11.7     8.0     8.25 C    20.0     6.8    11.5    95.3    59.6    79.4   0.382   0.389   0.418   0.353   0.394     7.6     7.7     6.5     6.2     5.8
03733 20200328  2.622  -79.47   39.01    24.4    10.7    17.6    16.4     1.2    12.59 C    32.0     8.1    16.0    93.8    36.4    72.2   0.384   0.395   0.428   0.363   0.394     9.0     8.8     7.1     6.7     6.0
03733 20200329  2.622  -79.47   39.01    22.4    11.4    16.9    16.6    28.3    14.40 C    30.0     7.5    15.3    90.9    17.8    53.1   0.381   0.393   0.424   0.360   0.398     9.6     9.6     7.8     7.2     6.3
03733 20200330  2.622  -79.47   39.01    12.6     1.9     7.2     8.2     0.0    20.22 C    24.2     1.2     9.4    73.0    30.3    46.2   0.367   0.385   0.417   0.354   0.398     8.4     8.8     7.9     7.5     6.7
03733 20200331  2.622  -79.47   39.01     4.3     0.0     2.2     1.5     5.5     4.60 C     9.7    -0.6     2.8    92.8    60.3    76.1   0.358   0.378   0.411   0.347   0.374     7.0     7.6     7.5     7.3     6.8
03733 20200401  2.622  -79.47   39.01     5.3    -0.7     2.3     1.6     3.8     9.68 C    14.1    -2.4     2.7    93.1    71.8    85.7   0.375   0.383   0.414   0.348   0.357     6.1     6.7     7.1     6.9     6.8
03733 20200402  2.622  -79.47   39.01     8.1    -3.0     2.5     2.5     0.0    21.34 C    20.3    -6.2     3.6    80.5    39.4    53.2   0.377   0.389   0.421   0.352   0.361     5.6     6.2     6.6     6.6     6.7
03733 20200403  2.622  -79.47   39.01    12.4    -0.3     6.0     5.7     0.0    23.75 C    24.8    -4.9     6.4    50.8    18.8    31.8   0.365   0.382   0.414   0.347   0.358     5.5     6.0     6.4     6.4     6.6
03733 20200404  2.622  -79.47   39.01    13.5    -2.8     5.3     5.6     0.0    20.09 C    29.1    -7.3     6.2    84.6    41.9    61.6   0.357   0.377   0.409   0.344   0.354     5.7     6.2     6.3     6.3     6.5
03733 20200405  2.622  -79.47   39.01    16.1     2.3     9.2     9.0     0.9    10.71 C    34.0    -3.5     8.8    87.5    38.9    64.7   0.351   0.374   0.406   0.340   0.353     6.5     6.8     6.5     6.3     6.4
03733 20200406  2.622  -79.47   39.01    13.6     7.0    10.3     9.5     0.0    12.68 C    25.6     1.6     9.9    92.8    47.2    74.5   0.347   0.371   0.405   0.339   0.352     7.3     7.6     6.8     6.6     6.5
03733 20200407  2.622  -79.47   39.01    16.2     8.5    12.4    12.2     3.1    11.21 C    27.2     3.0    12.5    86.0    59.3    72.0   0.351   0.371   0.403   0.338   0.352     8.0     8.1     7.2     6.9     6.6
03733 20200408  2.622  -79.47   39.01    16.7     6.3    11.5    12.0    18.0    15.70 C    26.9     1.1    12.1    92.9    41.5    71.3   0.384   0.393   0.428   0.394   0.381     9.0     9.1     7.7     7.3     6.7
03733 20200409  2.622  -79.47   39.01    10.9    -1.4     4.8     5.2    14.4     7.12 C    14.5    -1.8     5.1    94.0    44.5    71.5   0.391   0.403   0.440   0.413   0.396     7.9     8.4     7.9     7.5     7.0
03733 20200410  2.622  -79.47   39.01     1.5    -4.5    -1.5    -1.8     2.4     9.65 C     6.0    -5.2    -1.5    84.2    43.0    60.9   0.383   0.395   0.425   0.405   0.400     5.7     6.4     7.2     7.2     7.1
03733 20200411  2.622  -79.47   39.01     7.3    -2.3     2.5     2.4     0.0    19.42 C    21.5    -5.2     3.9    67.2    35.1    50.3   0.377   0.392   0.418   0.367   0.398     5.3     5.8     6.6     6.7     7.0
03733 20200412  2.622  -79.47   39.01    18.1    -0.7     8.7    10.0    15.8    11.31 C    30.6    -5.3    10.0    88.4    15.1    48.5   0.376   0.389   0.416   0.354   0.391     6.2     6.4     6.5     6.5     6.8
03733 20200413  2.622  -79.47   39.01    16.1    -0.1     8.0     9.5    15.5     3.02 C    15.8    -0.1     8.8    92.6    69.1    80.8   0.400   0.418   0.476   0.424   0.400     8.1     8.2     7.2     6.9     6.7
03733 20200414  2.622  -79.47   39.01     4.4    -3.9     0.3    -0.3     8.6    12.01 C    15.0    -4.9     1.6    94.5    54.6    76.5   0.381   0.397   0.431   0.405   0.404     6.4     6.9     7.2     7.0     6.8
03733 20200415  2.622  -79.47   39.01     4.3    -5.7    -0.7    -1.0     1.4    25.49 C    12.8   -10.8    -0.4    94.7    29.4    57.8   0.383   0.397   0.426   0.389   0.404     5.9     6.4     6.8     6.8     6.8
03733 20200416  2.622  -79.47   39.01     3.0    -5.1    -1.1    -1.2     0.0    24.95 C    14.4    -6.5     0.5    92.0    30.2    53.8   0.384   0.395   0.420   0.373   0.406     5.5     5.9     6.5     6.5     6.8
03733 20200417  2.622  -79.47   39.01    10.3    -3.7     3.3     3.5     3.9     8.26 C    21.1    -9.0     3.1    95.0    32.1    57.1   0.377   0.390   0.413   0.349   0.400     4.7     5.3     6.1     6.3     6.7
03733 20200418  2.622  -79.47   39.01     4.9    -2.6     1.1     0.6    12.8     6.86 C    12.0    -6.5     1.2    95.6    63.6    84.3   0.399   0.410   0.438   0.395   0.391     4.9     5.4     6.0     6.1     6.5
03733 20200419  2.622  -79.47   39.01    13.3    -3.0     5.2     5.6     0.0    18.41 C    23.4    -7.6     5.7    84.3    17.4    44.0   0.381   0.396   0.423   0.388   0.405     4.7     5.2     5.8     5.9     6.4
03733 20200420  2.622  -79.47   39.01    11.8     2.5     7.2     7.2     0.0    17.39 C    25.9    -1.3     8.3    78.5    28.8    49.1   0.374   0.389   0.414   0.352   0.404     6.0     6.2     6.0     6.0     6.3
03733 20200421  2.622  -79.47   39.01     8.4    -1.3     3.6     5.1     2.9    10.80 C    14.1    -4.5     4.2    88.5    23.1    49.3   0.369   0.384   0.409   0.344   0.370     5.8     6.2     6.3     6.2     6.3
03733 20200422  2.622  -79.47   39.01     7.0    -4.0     1.5     2.3     0.0    21.59 C    20.3    -7.3     4.0    46.6    28.7    39.0   0.366   0.381   0.406   0.341   0.354     5.0     5.5     6.0     6.1     6.3
03733 20200423  2.622  -79.47   39.01    11.9     4.1     8.0     8.4     9.1     6.16 C    17.0     0.6     7.6    92.1    42.4    67.0   0.367   0.381   0.405   0.341   0.352     5.8     6.1     6.0     6.0     6.3
03733 20200424  2.622  -79.47   39.01    10.5     2.5     6.5     7.9    20.3     3.67 C    13.9     0.4     8.2    95.8    88.9    94.5   0.402   0.416   0.447   0.402   0.386     7.0     7.2     6.5     6.3     6.3
03733 20200425  2.622  -79.47   39.01    14.6     1.4     8.0     8.1     7.0    13.49 C    26.2     0.5     9.2    95.6    52.4    80.7   0.390   0.404   0.430   0.407   0.399     7.2     7.3     6.8     6.6     6.4
03733 20200426  2.622  -79.47   39.01    10.3     2.3     6.3     7.1    18.4     5.78 C    16.8     2.3     7.9    95.6    85.0    90.5   0.406   0.420   0.462   0.420   0.402     7.8     7.9     7.1     6.9     6.6
03733 20200427  2.622  -79.47   39.01     8.1     0.0     4.0     2.7     1.4     7.08 C    13.5    -2.5     2.6    93.9    45.5    76.8   0.397   0.410   0.448   0.414   0.406     6.5     7.0     7.1     6.9     6.7
03733 20200428  2.622  -79.47   39.01    13.9     2.5     8.2     7.1     2.1     3.87 C    17.4    -0.4     6.0    95.1    58.6    76.1   0.389   0.400   0.423   0.392   0.405     6.2     6.5     6.8     6.7     6.8
03733 20200429  2.622  -79.47   39.01    20.8     6.6    13.7    13.6     6.8    15.16 C    30.2     1.6    13.2    88.5    34.7    63.5   0.384   0.397   0.417   0.356   0.403     7.7     7.6     7.0     6.8     6.7
03733 20200430  2.622  -79.47   39.01    10.4     4.6     7.5     7.4    27.7     3.96 C    15.4     4.3     7.7    94.0    71.2    84.6   0.404   0.424   0.473   0.424   0.408     8.2     8.3     7.6     7.3     6.8
03733 20200501  2.622  -79.47   39.01     5.8     2.7     4.3     4.2 -9999.0     5.74 C    10.8     3.3     5.3    93.7    80.8    89.6   0.399   0.409   0.431   0.410   0.410     7.3     7.6     7.5     7.3     7.0
03733 20200502  2.622  -79.47   39.01    18.7     3.8    11.2    11.6 -9999.0    20.20 C    32.6     1.3    13.4    88.4    19.9    53.9   0.392   0.405   0.426   0.387   0.413     8.4     8.2     7.6     7.3     7.1
03733 20200503  2.622  -79.47   39.01    16.4    10.4    13.4    14.0    33.0     3.70 C    20.7     9.9    13.4    95.2    46.4    79.9   0.401   0.418   0.442   0.397   0.414     9.6     9.5     8.2     7.8     7.2
03733 20200504  2.622  -79.47   39.01    15.2     3.8     9.5    10.3     0.0    26.76 C    27.9    -1.8    12.1    94.3    34.7    56.9   0.394   0.427   0.459   0.419   0.416    10.2    10.0     8.8     8.3     7.5
03733 20200505  2.622  -79.47   39.01     8.9     3.2     6.0     5.8     6.6     5.57 C    19.3     0.6     6.7    95.2    54.5    78.2   0.383   0.400   0.421   0.376   0.417     8.9     9.1     8.8     8.4     7.7
03733 20200506  2.622  -79.47   39.01     6.4    -0.2     3.1     1.9     6.9     3.32 C     6.5    -0.8     2.2    95.3    78.8    90.4   0.406   0.422   0.436   0.377   0.416     7.5     8.0     8.4     8.2     7.8
03733 20200507  2.622  -79.47   39.01    11.1    -0.8     5.1     5.7     0.0    25.97 C    23.7    -3.8     7.4    84.9    27.1    47.9   0.391   0.404   0.426   0.376   0.419     7.1     7.3     7.8     7.8     7.8
03733 20200508  2.622  -79.47   39.01     8.0    -4.1     2.0     3.9    17.5     2.74 C     8.9    -4.9     3.6    94.7    53.7    77.4   0.394   0.407   0.427   0.369   0.406     7.1     7.5     7.8     7.7     7.7
03733 20200509  2.622  -79.47   39.01     0.0    -6.3    -3.2    -3.1     0.4    14.51 C     1.3    -9.8    -3.9    87.6    47.9    66.1   0.395   0.408   0.428   0.395   0.406     5.5     6.2     7.3     7.4     7.6
03733 20200510  2.622  -79.47   39.01    13.6    -1.7     5.9     5.8     0.4    26.91 C    24.3    -7.1     6.5    86.2    19.6    41.9   0.393   0.404   0.418   0.354   0.401     5.8     6.0     6.8     6.9     7.4
03733 20200511  2.622  -79.47   39.01     2.8    -1.3     0.7     0.0     5.6     3.27 C     2.7    -1.0     0.4    93.4    78.7    86.5   0.398   0.410   0.422   0.352   0.365     5.6     6.2     6.9     7.0     7.3
03733 20200512  2.622  -79.47   39.01     7.7    -1.5     3.1     2.5     0.0    22.95 C    20.2    -5.5     4.2    87.8    33.5    59.5   0.390   0.405   0.420   0.351   0.359     5.8     6.0     6.6     6.7     7.2
03733 20200513  2.622  -79.47   39.01    14.0     0.4     7.2     7.3     0.0    28.11 C    29.3    -6.4     9.0    61.6    24.3    42.2   0.378   0.394   0.413   0.346   0.355     6.6     6.7     6.8     6.7     7.0
03733 20200514  2.622  -79.47   39.01    19.4     4.5    12.0    11.4     4.6     7.60 C    24.2    -0.2    10.9    94.9    41.7    73.4   0.380   0.391   0.410   0.344   0.353     7.9     7.9     7.3     7.1     7.0
03733 20200515  2.622  -79.47   39.01    24.3    12.8    18.5    17.7     0.9    22.62 C    34.7     7.1    18.4    85.1    22.7    58.2   0.382   0.395   0.411   0.343   0.353    10.0     9.6     8.0     7.6     7.2
03733 20200516  2.622  -79.47   39.01    22.0    13.1    17.6    16.2     2.1    16.05 C    37.9     9.2    17.5    94.6    39.8    70.4   0.382   0.392   0.410   0.343   0.352    11.7    11.3     9.1     8.4     7.5
03733 20200517  2.622  -79.47   39.01    21.3    13.9    17.6    17.1     0.0    22.07 C    33.6    10.3    19.4    83.8    56.2    71.2   0.368   0.386   0.408   0.343   0.353    12.6    12.1     9.8     9.1     7.9
03733 20200518  2.622  -79.47   39.01    20.3    10.9    15.6    15.1     0.5    22.44 C    33.5     8.2    18.1    90.5    55.6    77.0   0.350   0.377   0.406   0.341   0.353    13.3    13.0    10.5     9.8     8.3
03733 20200519  2.622  -79.47   39.01    11.0     3.7     7.3     8.1     1.3     4.94 C    11.1     3.3     8.0    90.9    43.9    71.7   0.338   0.372   0.403   0.340   0.353    11.5    11.8    10.7    10.1     8.7
03733 20200520  2.622  -79.47   39.01    12.6     3.0     7.8     7.0     0.0    12.17 C    23.9     2.0     8.3    80.3    45.2    57.8   0.335   0.370   0.400   0.338   0.352     9.7    10.0    10.0     9.7     9.0
03733 20200521  2.622  -79.47   39.01    12.3     6.2     9.2     9.2     0.5     6.99 C    20.5     5.9    10.2    94.7    74.7    88.1   0.330   0.366   0.399   0.337   0.352     9.8     9.9     9.7     9.4     8.9
03733 20200522  2.622  -79.47   39.01    20.7    10.9    15.8    14.9     4.0    19.24 C    34.2     7.7    16.8    95.3    49.1    76.3   0.350   0.370   0.397   0.337   0.351    11.6    11.2     9.9     9.5     8.9
03733 20200523  2.622  -79.47   39.01    21.5    11.7    16.6    15.7     0.0    20.63 C    34.9     7.2    17.3    94.4    43.6    70.4   0.334   0.365   0.396   0.337   0.351    12.7    12.4    10.6    10.0     9.0
03733 20200524  2.622  -79.47   39.01    21.4    10.1    15.7    16.1     0.3    12.74 C    28.4     7.5    16.1    93.0    63.0    79.8   0.317   0.358   0.395   0.336   0.352    12.7    12.6    11.0    10.4     9.3
03733 20200525  2.622  -79.47   39.01    24.8    12.9    18.8    18.5     0.0    27.01 C    38.3     8.5    20.8    94.2    43.6    73.8   0.298   0.349   0.393   0.335   0.352    14.2    13.7    11.4    10.8     9.5
03733 20200526  2.622  -79.47   39.01    24.0    10.0    17.0    17.7     0.0    26.37 C    35.2     7.4    19.3    95.2    40.6    67.1   0.263   0.330   0.391   0.333   0.351    14.5    14.1    12.0    11.3     9.8
03733 20200527  2.622  -79.47   39.01    20.1    14.1    17.1    16.9     0.0    13.62 C    28.0    12.6    17.9    90.3    59.1    73.3   0.237   0.311   0.387   0.332   0.351    14.4    14.3    12.3    11.7    10.1
03733 20200528  2.622  -79.47   39.01    25.0    15.6    20.3    19.2    14.1    14.12 C    34.1    14.6    19.9    92.7    53.0    80.8   0.279   0.317   0.392   0.338   0.352    15.3    14.9    12.6    11.9    10.4
03733 20200529  2.622  -79.47   39.01    23.5    14.0    18.8    18.2     0.8    17.66 C    30.3    13.0    18.8    93.0    44.5    74.2   0.317   0.334   0.401   0.342   0.352    15.5    15.2    13.1    12.4    10.7
03733 20200530  2.622  -79.47   39.01    19.1     9.4    14.2    14.9     0.7    25.99 C    30.3     5.2    17.4    94.5    43.0    68.9   0.296   0.322   0.397   0.338   0.352    15.5    15.3    13.3    12.6    11.0
03733 20200531  2.622  -79.47   39.01    15.8     3.1     9.4    10.0     0.0    25.80 C    30.5    -0.9    11.3    89.8    39.2    61.8   0.260   0.308   0.393   0.336   0.352    14.0    14.1    13.2    12.5    11.2
03733 20200601  2.622  -79.47   39.01    17.3    -0.4     8.4     9.4     0.0    29.51 C    30.4    -3.5    11.5    89.5    24.1    52.5   0.230   0.292   0.390   0.333   0.351    12.9    13.0    12.7    12.2    11.3
03733 20200602  2.622  -79.47   39.01    22.9     5.6    14.3    16.1     0.0    25.02 C    34.0     2.0    17.8    73.8    28.1    49.5   0.204   0.273   0.386   0.330   0.351    13.7    13.5    12.5    12.2    11.2
03733 20200603  2.622  -79.47   39.01    24.4    15.3    19.9    19.7     1.8    20.29 C    33.5    12.0    20.6    88.6    43.9    64.9   0.183   0.251   0.380   0.328   0.350    15.3    14.9    13.0    12.4    11.3
03733 20200604  2.622  -79.47   39.01    25.5    15.1    20.3    19.3    45.3    19.89 C    35.2    12.8    20.3    94.5    48.7    71.6   0.207   0.253   0.389   0.344   0.360    15.9    15.5    13.5    12.9    11.5
03733 20200605  2.622  -79.47   39.01    22.6    14.8    18.7    17.5     5.1    12.82 C    32.8    13.8    18.7    94.5    69.7    88.9   0.338   0.336   0.426   0.409   0.412    16.2    16.0    14.1    13.4    11.8
03733 20200606  2.622  -79.47   39.01    23.1    15.6    19.3    18.6     0.0    13.16 C    31.1    11.7    19.4    94.8    59.0    83.2   0.326   0.343   0.415   0.369   0.413    16.6    16.3    14.4    13.7    12.1
03733 20200607  2.622  -79.47   39.01    20.5     7.6    14.1    14.7     0.0    27.66 C    31.1     4.1    15.7    91.8    33.7    62.1   0.291   0.327   0.407   0.350   0.404    16.0    15.8    14.4    13.8    12.3
03733 20200608  2.622  -79.47   39.01    24.8     5.2    15.0    15.7     0.0    29.17 C    32.9     2.7    17.3    92.1    23.8    62.7   0.246   0.302   0.400   0.343   0.372    15.5    15.2    14.2    13.8    12.5
03733 20200609  2.622  -79.47   39.01    27.7    12.9    20.3    21.6     0.0    26.69 C    35.6     9.8    22.7    93.5    42.2    68.7   0.205   0.273   0.394   0.339   0.359    16.6    16.1    14.4    13.9    12.5
03733 20200610  2.622  -79.47   39.01    25.3    19.0    22.1    21.5     2.4    18.89 C    32.2    15.5    22.1    87.0    64.3    78.2   0.199   0.251   0.389   0.336   0.357    17.8    17.3    15.0    14.2    12.7
03733 20200611  2.622  -79.47   39.01    20.9    10.4    15.7    16.3     7.9    18.23 C    27.9     7.1    17.3    93.9    56.2    78.8   0.273   0.247   0.393   0.336   0.355    17.5    17.3    15.4    14.6    12.9
03733 20200612  2.622  -79.47   39.01    21.4     9.0    15.2    15.8     0.0    28.85 C    31.5     4.7    16.6    91.6    40.2    60.3   0.229   0.246   0.391   0.336   0.355    16.5    16.4    15.2    14.6    13.1
03733 20200613  2.622  -79.47   39.01    18.2     5.7    11.9    12.8     0.0    16.78 C    26.9     2.8    13.4    90.8    51.5    70.5   0.199   0.240   0.387   0.333   0.354    15.2    15.4    14.9    14.4    13.2
03733 20200614  2.622  -79.47   39.01    13.4     9.1    11.2    11.8    21.8     5.31 C    19.3     9.4    12.2    94.1    73.3    84.9   0.286   0.275   0.412   0.349   0.362    14.2    14.7    14.4    14.1    13.2
03733 20200615  2.622  -79.47   39.01    16.0    10.5    13.2    13.1     0.0    18.45 C    24.2     8.8    14.5    88.9    54.5    72.4   0.290   0.290   0.411   0.350   0.369    14.7    14.7    14.1    13.8    13.1
03733 20200616  2.622  -79.47   39.01    17.2    10.1    13.7    13.2     0.0    14.03 C    25.6     8.1    14.0    84.8    55.4    70.8   0.261   0.283   0.405   0.346   0.361    14.7    14.8    14.2    13.7    13.0
03733 20200617  2.622  -79.47   39.01    17.3     9.8    13.6    13.2    14.8    12.56 C    26.0     9.8    14.6    94.4    64.1    85.3   0.267   0.286   0.405   0.347   0.358    14.7    14.9    14.2    13.7    13.0
03733 20200618  2.622  -79.47   39.01    19.3    12.9    16.1    15.5    13.8    15.34 C    26.0    11.9    16.6    94.2    66.3    85.5   0.355   0.328   0.435   0.391   0.386    15.5    15.4    14.3    13.8    13.0
03733 20200619  2.622  -79.47   39.01    19.6    12.5    16.0    15.6    10.4    17.87 C    28.2    10.4    16.7    95.2    66.1    87.0   0.355   0.348   0.432   0.411   0.403    16.0    15.8    14.6    14.1    13.1
03733 20200620  2.622  -79.47   39.01    21.7    12.3    17.0    15.9     1.6    14.67 C    29.7    10.7    17.2    95.5    57.5    89.0   0.348   0.356   0.427   0.407   0.406    16.3    16.2    14.9    14.3    13.3
03733 20200621  2.622  -79.47   39.01    25.3    11.4    18.4    18.2     0.0    28.16 C    31.2    10.5    19.7    95.8    42.9    77.6   0.328   0.340   0.414   0.360   0.406    16.8    16.5    15.1    14.6    13.4
03733 20200622  2.622  -79.47   39.01    23.0    13.7    18.4    18.4     0.2    18.49 C    30.4    11.0    18.6    94.9    65.0    82.9   0.291   0.321   0.406   0.349   0.389    17.0    16.9    15.4    14.8    13.5
03733 20200623  2.622  -79.47   39.01    23.3    12.8    18.1    17.2    25.4    12.68 C    29.5    10.0    17.5    95.1    64.2    87.3   0.320   0.342   0.418   0.366   0.373    16.7    16.8    15.5    14.9    13.7
03733 20200624  2.622  -79.47   39.01    19.5    12.1    15.8    15.7     1.3    18.84 C    25.7    11.4    16.8    94.1    54.7    76.1   0.345   0.364   0.426   0.405   0.398    16.8    17.0    15.7    15.1    13.9
03733 20200625  2.622  -79.47   39.01    21.3    11.1    16.2    15.9     0.8    23.13 C    27.8     7.8    16.5    94.6    46.6    74.3   0.332   0.343   0.411   0.357   0.397    16.6    16.7    15.6    15.1    14.0
03733 20200626  2.622  -79.47   39.01    22.1    11.6    16.9    17.9    11.6    23.81 C    28.2     7.6    18.2    93.9    46.4    67.4   0.295   0.324   0.404   0.347   0.372    16.5    16.6    15.6    15.1    14.0
03733 20200627  2.622  -79.47   39.01    22.5    15.9    19.2    18.5     9.9    14.51 C    26.7    15.7    19.1    95.0    61.1    80.8   0.351   0.375   0.423   0.356   0.364    17.1    17.2    15.8    15.3    14.1
03733 20200628  2.622  -79.47   39.01    22.4    16.8    19.6    18.7     6.1    14.28 C    28.7    16.4    19.8    95.1    73.0    88.0   0.368   0.391   0.434   0.405   0.406    17.6    17.7    16.1    15.6    14.3
03733 20200629  2.622  -79.47   39.01    24.0    13.0    18.5    18.8     0.2    25.84 C    30.3    10.8    19.9    94.5    48.2    76.1   0.333   0.361   0.414   0.363   0.408    18.2    18.2    16.4    15.8    14.4
03733 20200630  2.622  -79.47   39.01    24.0    11.6    17.8    17.8     0.0    19.61 C    30.6     9.7    17.9    95.1    50.9    75.4   0.295   0.335   0.405   0.348   0.381    17.4    17.7    16.5    15.9    14.6
03733 20200701  2.622  -79.47   39.01    24.1    11.4    17.7    17.8     0.0    25.97 C    30.2     8.8    18.2    94.4    50.3    75.4   0.261   0.312   0.400   0.343   0.361    17.4    17.5    16.4    15.9    14.7
03733 20200702  2.622  -79.47   39.01    25.0    10.9    18.0    18.4     0.0    24.29 C    30.4     8.3    18.5    95.1    42.3    70.4   0.226   0.286   0.393   0.339   0.358    17.3    17.5    16.4    15.9    14.7
03733 20200703  2.622  -79.47   39.01    25.9    12.5    19.2    19.3     0.0    23.49 C    31.2     9.8    19.2    94.6    48.7    73.1   0.201   0.262   0.387   0.334   0.357    17.4    17.6    16.4    15.9    14.8
03733 20200704  2.622  -79.47   39.01    27.0    13.2    20.1    20.0     0.0    22.60 C    31.7    11.0    20.0    94.8    38.0    72.2   0.184   0.241   0.379   0.328   0.355    17.6    17.8    16.5    16.0    14.8
03733 20200705  2.622  -79.47   39.01    27.7    12.7    20.2    21.1     0.0    28.67 C    33.1    10.8    21.7    94.6    33.9    68.3   0.167   0.221   0.368   0.320   0.354    18.0    18.1    16.6    16.1    14.9
03733 20200706  2.622  -79.47   39.01    28.2    13.8    21.0    20.9     0.0    26.31 C    35.1    11.7    21.6    90.1    41.5    70.6   0.152   0.203   0.354   0.311   0.354    18.5    18.6    16.9    16.2    15.0
03733 20200707  2.622  -79.47   39.01    27.3    15.0    21.2    20.0    20.2    17.34 C    33.6    12.3    20.4    94.9    48.0    82.0   0.180   0.209   0.367   0.321   0.369    18.3    18.6    17.1    16.5    15.2
03733 20200708  2.622  -79.47   39.01    26.4    13.9    20.1    20.0     4.6    22.20 C    30.7    12.5    20.7    95.4    51.3    82.9   0.229   0.232   0.393   0.336   0.367    18.5    18.6    17.1    16.6    15.2
03733 20200709  2.622  -79.47   39.01    26.7    14.0    20.4    20.4     0.0    26.20 C    31.5    12.2    20.9    95.3    46.6    76.0   0.210   0.232   0.391   0.330   0.357    18.8    18.8    17.3    16.7    15.4
03733 20200710  2.622  -79.47   39.01    27.2    13.2    20.2    19.9    23.0    25.61 C    32.9    11.5    20.7    95.2    50.2    79.4   0.201   0.235   0.393   0.336   0.368    18.7    18.8    17.5    16.8    15.5
03733 20200711  2.622  -79.47   39.01    21.7    14.4    18.0    18.0     5.5    13.28 C    25.4    11.1    18.0    95.2    56.3    80.3   0.274   0.303   0.413   0.361   0.411    18.5    18.8    17.6    17.0    15.6
03733 20200712  2.622  -79.47   39.01    22.3    13.8    18.0    17.5     0.0    18.33 C    28.6    10.7    17.5    95.1    62.1    78.2   0.247   0.290   0.404   0.348   0.390    17.9    18.2    17.4    16.9    15.7
03733 20200713  2.622  -79.47   39.01    23.0    13.5    18.2    17.6     0.0    23.60 C    29.7    12.2    18.6    95.4    50.7    79.6   0.218   0.273   0.397   0.341   0.363    18.1    18.2    17.3    16.8    15.8
03733 20200714  2.622  -79.47   39.01    23.0    10.9    16.9    17.0     0.0    28.08 C    29.0     8.3    17.4    95.1    40.1    71.1   0.187   0.250   0.390   0.335   0.359    17.9    18.1    17.3    16.8    15.8
03733 20200715  2.622  -79.47   39.01    26.4    11.1    18.7    19.7     0.0    25.79 C    31.7     8.7    20.2    93.0    43.6    68.9   0.167   0.229   0.381   0.328   0.357    17.7    17.9    17.2    16.7    15.8
03733 20200716  2.622  -79.47   39.01    26.3    19.4    22.8    22.1     3.4    17.95 C    31.2    16.8    22.4    88.6    61.8    75.6   0.166   0.215   0.374   0.320   0.356    18.8    18.9    17.4    16.9    15.8
03733 20200717  2.622  -79.47   39.01    25.2    14.8    20.0    20.5     7.8    22.89 C    30.6    11.8    21.1    94.0    50.9    79.2   0.214   0.231   0.392   0.317   0.355    19.4    19.4    17.7    17.1    15.9
03733 20200718  2.622  -79.47   39.01    26.9    12.7    19.8    20.2     0.0    27.57 C    31.5    10.5    20.7    95.0    43.9    75.9   0.185   0.222   0.383   0.315   0.355    18.9    19.1    17.8    17.3    16.0
03733 20200719  2.622  -79.47   39.01    26.6    17.5    22.1    21.8     8.7    16.05 C    31.0    14.5    21.5    94.0    58.8    79.0   0.190   0.222   0.383   0.313   0.354    19.2    19.3    18.0    17.4    16.1
03733 20200720  2.622  -79.47   39.01    26.2    18.4    22.3    21.6     6.2    18.08 C    31.9    16.2    21.9    93.9    63.1    81.4   0.220   0.243   0.386   0.313   0.354    19.7    19.8    18.1    17.6    16.2
03733 20200721  2.622  -79.47   39.01    26.8    16.7    21.7    21.8     0.0    25.06 C    31.5    14.5    22.1    94.7    57.4    78.8   0.198   0.235   0.383   0.313   0.354    19.8    19.9    18.3    17.7    16.3
03733 20200722  2.622  -79.47   39.01    24.4    17.4    20.9    20.5     2.6    18.12 C    30.6    14.8    20.7    94.5    69.8    84.9   0.175   0.225   0.375   0.312   0.354    19.6    19.8    18.4    17.9    16.5
03733 20200723  2.622  -79.47   39.01    23.7    17.0    20.3    19.6     3.8    13.98 C    30.5    16.4    20.3    94.6    68.7    85.9   0.213   0.226   0.369   0.310   0.354    19.5    19.8    18.4    17.9    16.5
03733 20200724  2.622  -79.47   39.01    24.0    16.6    20.3    19.5     4.2    12.41 C    29.5    14.6    20.0    95.0    66.1    87.5   0.233   0.245   0.368   0.310   0.353    19.5    19.7    18.4    18.0    16.6
03733 20200725  2.622  -79.47   39.01    25.4    16.2    20.8    20.0     0.0    23.77 C    30.7    13.1    21.0    95.3    52.5    80.3   0.208   0.235   0.368   0.310   0.353    19.7    19.9    18.5    18.0    16.7
03733 20200726  2.622  -79.47   39.01    25.9    14.8    20.4    20.4     0.0    25.81 C    30.6    11.2    20.0    93.8    48.9    75.2   0.179   0.222   0.362   0.308   0.352    19.4    19.6    18.5    18.0    16.7
03733 20200727  2.622  -79.47   39.01    25.9    17.4    21.6    21.3     3.6    19.71 C    31.2    14.8    22.0    94.6    57.1    79.2   0.163   0.214   0.353   0.305   0.352    19.8    19.9    18.6    18.0    16.8
03733 20200728  2.622  -79.47   39.01    22.6    16.1    19.3    18.8     5.4     8.37 C    26.6    13.6    18.9    94.7    70.2    88.1   0.197   0.216   0.349   0.303   0.352    19.4    19.8    18.6    18.1    16.8
03733 20200729  2.622  -79.47   39.01    25.3    13.6    19.4    19.1     0.0    26.59 C    30.3    10.5    19.5    95.4    40.8    74.3   0.200   0.218   0.348   0.304   0.351    19.1    19.4    18.5    18.0    16.9
03733 20200730  2.622  -79.47   39.01    26.5    14.2    20.4    18.7    13.5    15.07 C    32.3    11.3    18.7    95.0    46.8    84.3   0.201   0.228   0.344   0.303   0.351    18.7    19.1    18.4    18.0    16.9
03733 20200731  2.622  -79.47   39.01    21.6    17.0    19.3    18.5    48.6     7.07 C    24.5    15.9    18.9    95.1    79.3    92.3   0.278   0.335   0.432   0.394   0.406    18.6    19.0    18.4    17.9    16.9
03733 20200801  2.622  -79.47   39.01    24.4    15.2    19.8    19.6    25.4    16.30 C    29.3    14.2    20.4    95.2    69.9    86.5   0.284   0.342   0.436   0.411   0.415    19.1    19.3    18.4    17.9    17.0
03733 20200802  2.622  -79.47   39.01    23.7    14.8    19.3    19.2     0.0    21.00 C    28.3    12.3    19.5    94.2    55.5    77.6   0.280   0.344   0.439   0.412   0.419    19.4    19.5    18.4    18.0    16.9
03733 20200803  2.622  -79.47   39.01    20.6    12.2    16.4    16.9     0.0    11.01 C    25.5     9.2    16.6    94.5    69.7    83.2   0.254   0.324   0.412   0.362   0.419    18.4    18.8    18.4    18.0    17.0
03733 20200804  2.622  -79.47   39.01    20.9    14.0    17.5    17.3     0.4    14.08 C    25.1    12.2    17.5    94.6    63.0    83.2   0.240   0.315   0.406   0.349   0.416    18.5    18.8    18.3    17.9    17.0
03733 20200805  2.622  -79.47   39.01    22.1    13.8    17.9    17.3     0.5    23.78 C    27.8    11.6    18.5    95.3    61.6    81.4   0.219   0.298   0.400   0.342   0.385    18.7    18.9    18.2    17.8    16.9
03733 20200806  2.622  -79.47   39.01    21.6    14.2    17.9    17.6     1.6    10.37 C    28.3    13.1    18.0    94.3    76.0    87.0   0.202   0.284   0.395   0.337   0.366    18.5    18.8    18.3    17.8    16.9
03733 20200807  2.622  -79.47   39.01    24.2    14.2    19.2    18.8     0.0    18.65 C    29.9    11.6    19.3    95.0    59.2    83.0   0.195   0.275   0.391   0.335   0.361    18.8    19.0    18.3    17.9    16.9
03733 20200808  2.622  -79.47   39.01    24.9    12.1    18.5    18.5     0.0    24.87 C    31.0    10.1    19.2    95.7    54.0    80.0   0.180   0.259   0.385   0.331   0.359    18.7    18.9    18.3    17.8    16.9
03733 20200809  2.622  -79.47   39.01    24.2    11.8    18.0    18.1     0.0    24.98 C    30.3     9.3    18.6    95.5    54.0    78.7   0.167   0.243   0.376   0.326   0.358    18.6    18.9    18.3    17.8    17.0
03733 20200810  2.622  -79.47   39.01    26.3    11.0    18.7    18.8     0.0    25.72 C    31.6     7.8    18.9    95.6    39.3    71.6   0.156   0.227   0.366   0.321   0.356    18.3    18.7    18.2    17.8    16.9
03733 20200811  2.622  -79.47   39.01    24.6    14.5    19.6    19.7     0.0    18.69 C    31.9    11.4    19.5    94.9    64.3    80.4   0.149   0.215   0.355   0.314   0.355    18.4    18.8    18.1    17.7    16.9
03733 20200812  2.622  -79.47   39.01    27.0    15.9    21.5    19.9     6.0    19.81 C    34.7    14.3    21.0    94.9    50.6    84.2   0.169   0.207   0.345   0.309   0.355    18.9    19.2    18.2    17.8    16.9
03733 20200813  2.622  -79.47   39.01    25.0    15.1    20.1    19.8     0.0    21.30 C    31.5    14.5    20.9    94.3    58.3    81.8   0.196   0.206   0.341   0.307   0.354    19.4    19.5    18.4    17.9    17.0
03733 20200814  2.622  -79.47   39.01    24.5    16.6    20.6    20.0     1.8    17.19 C    31.4    15.7    20.7    92.9    55.0    78.5   0.160   0.205   0.337   0.304   0.353    19.6    19.8    18.6    18.1    17.0
03733 20200815  2.622  -79.47   39.01    18.1    13.3    15.7    15.3    13.1     3.75 C    18.8    12.6    15.2    93.0    74.3    87.9   0.237   0.257   0.346   0.303   0.352    18.6    19.2    18.5    18.1    17.1
03733 20200816  2.622  -79.47   39.01    18.1    12.7    15.4    15.2     1.6     9.33 C    23.2    10.0    15.5    95.2    75.0    87.7   0.245   0.262   0.355   0.305   0.352    17.7    18.3    18.2    17.7    17.1
03733 20200817  2.622  -79.47   39.01    22.0    12.3    17.1    17.2     0.2    22.14 C    28.3    10.8    18.0    95.3    51.6    78.1   0.224   0.246   0.354   0.306   0.352    18.1    18.4    18.0    17.6    17.0
03733 20200818  2.622  -79.47   39.01    21.6    13.7    17.6    16.6     0.0    19.51 C    29.2    11.6    17.4    94.3    55.1    78.6   0.199   0.232   0.351   0.306   0.351    18.1    18.5    18.0    17.6    17.0
03733 20200819  2.622  -79.47   39.01    20.8     8.2    14.5    15.1     0.6    18.74 C    27.3     5.3    15.7    95.0    48.4    77.5   0.178   0.223   0.347   0.305   0.350    17.9    18.4    18.0    17.6    16.9
03733 20200820  2.622  -79.47   39.01    22.8     7.8    15.3    15.9     0.0    20.62 C    30.1     5.6    16.4    88.7    52.1    72.4   0.163   0.215   0.341   0.304   0.350    17.0    17.6    17.7    17.4    16.9
03733 20200821  2.622  -79.47   39.01    21.1    13.6    17.4    17.3     0.2     9.98 C    24.9    11.6    17.3    94.1    68.5    85.4   0.155   0.211   0.336   0.303   0.350    17.5    18.0    17.6    17.3    16.8
03733 20200822  2.622  -79.47   39.01    24.2    14.0    19.1    17.6     8.3    11.14 C    31.1    12.8    18.0    94.6    59.6    87.9   0.184   0.219   0.335   0.303   0.349    17.7    18.1    17.6    17.3    16.7
03733 20200823  2.622  -79.47   39.01    24.3    15.1    19.7    19.2     0.0    18.61 C    30.1    13.1    19.5    94.0    59.6    79.8   0.197   0.223   0.340   0.304   0.349    18.1    18.4    17.7    17.3    16.7
03733 20200824  2.622  -79.47   39.01    23.1    16.7    19.9    19.2     2.4    14.96 C    28.6    14.9    19.6    94.2    69.1    84.7   0.215   0.217   0.337   0.303   0.348    18.5    18.8    17.9    17.5    16.7
03733 20200825  2.622  -79.47   39.01    24.2    16.0    20.1    19.0    12.0     7.92 C    28.8    15.4    19.0    94.6    69.2    86.6   0.245   0.252   0.343   0.303   0.348    18.5    18.9    18.0    17.7    16.8
03733 20200826  2.622  -79.47   39.01    22.8    13.8    18.3    18.6     0.0    17.47 C    27.8    12.3    19.5    94.9    58.5    82.0   0.239   0.264   0.352   0.304   0.347    18.5    18.8    18.1    17.7    16.9
03733 20200827  2.622  -79.47   39.01    22.1    18.2    20.1    20.1     0.0     5.06 C    24.8    18.1    20.1    94.2    75.8    86.9   0.220   0.250   0.352   0.305   0.347    18.9    19.2    18.3    17.8    16.9
03733 20200828  2.622  -79.47   39.01    25.2    18.3    21.7    20.4     8.3     7.89 C    29.1    17.8    20.5    94.2    67.8    87.1   0.219   0.251   0.351   0.306   0.348    19.1    19.3    18.4    17.9    17.0
03733 20200829  2.622  -79.47   39.01    22.4    15.7    19.0    18.6    30.8     7.53 C    26.4    14.9    18.7    94.5    66.6    87.5   0.289   0.345   0.420   0.356   0.393    18.9    19.2    18.4    18.1    17.1
03733 20200830  2.622  -79.47   39.01    19.7    11.1    15.4    15.1     0.0    21.24 C    25.8     9.0    16.3    92.9    55.6    78.0   0.267   0.322   0.409   0.357   0.410    18.5    18.9    18.4    18.1    17.1
03733 20200831  2.622  -79.47   39.01    18.2    11.9    15.0    15.7    12.5     5.68 C    20.1    10.8    15.7    94.0    72.7    88.2   0.291   0.343   0.421   0.380   0.412    17.6    18.2    18.1    17.8    17.1
03733 20200901  2.622  -79.47   39.01    24.6    16.0    20.3    19.2     1.8    16.16 C    30.3    15.2    20.3    94.0    68.6    85.6   0.293   0.339   0.416   0.381   0.415    18.4    18.7    18.1    17.7    17.1
03733 20200902  2.622  -79.47   39.01    22.6    18.0    20.3    19.6     4.7     5.02 C    24.4    17.3    19.4    93.4    76.8    87.5   0.299   0.334   0.413   0.358   0.415    18.8    19.1    18.3    17.9    17.1
03733 20200903  2.622  -79.47   39.01    21.1    17.7    19.4    19.0    15.5     2.88 C    22.2    17.4    18.9    93.8    81.9    90.8   0.334   0.368   0.431   0.392   0.416    18.8    19.0    18.4    18.0    17.1
03733 20200904  2.622  -79.47   39.01    20.2    10.7    15.4    17.3     1.3     8.03 C    23.6     8.2    17.0    92.8    64.6    82.4   0.323   0.361   0.427   0.411   0.418    18.6    18.9    18.4    18.0    17.2
03733 20200905  2.622  -79.47   39.01    19.8     7.7    13.7    13.5     0.0    21.68 C    26.7     4.9    13.4    87.7    42.9    68.7   0.299   0.343   0.415   0.384   0.418    17.3    17.9    18.0    17.7    17.2
03733 20200906  2.622  -79.47   39.01    21.1     8.8    15.0    14.3     0.0    19.84 C    27.5     4.5    14.0    94.1    48.8    74.7   0.269   0.326   0.406   0.353   0.417    16.7    17.3    17.7    17.4    17.1
03733 20200907  2.622  -79.47   39.01    24.1    10.9    17.5    16.5     0.0    19.75 C    29.8     8.6    16.7    93.3    44.4    74.2   0.242   0.310   0.400   0.345   0.408    16.9    17.4    17.4    17.2    16.9
03733 20200908  2.622  -79.47   39.01    24.8    10.7    17.7    17.7     0.0    19.91 C    30.2     8.4    17.8    94.4    45.9    75.9   0.216   0.294   0.394   0.340   0.372    17.3    17.7    17.4    17.1    16.8
03733 20200909  2.622  -79.47   39.01    23.9     0.0    12.0    11.7 -9999.0    15.73 C    30.1     0.0    12.2 -9999.0 -9999.0 -9999.0 -99.000 -99.000 -99.000 -99.000 -99.000    12.5    12.9    12.9    12.6    12.4
03733 20200910 -9.000  -79.47   39.01 -9999.0 -9999.0 -9999.0 -9999.0 -9999.0 -9999.00 U -9999.0 -9999.0 -9999.0 -9999.0 -9999.0 -9999.0 -99.000 -99.000 -99.000 -99.000 -99.000 -9999.0 -9999.0 -9999.0 -9999.0 -9999.0
03733 20200911 -9.000  -79.47   39.01 -9999.0 -9999.0 -9999.0 -9999.0 -9999.0 -9999.00 U -9999.0 -9999.0 -9999.0 -9999.0 -9999.0 -9999.0 -99.000 -99.000 -99.000 -99.000 -99.000 -9999.0 -9999.0 -9999.0 -9999.0 -9999.0
03733 20200912 -9.000  -79.47   39.01 -9999.0 -9999.0 -9999.0 -9999.0 -9999.0 -9999.00 U -9999.0 -9999.0 -9999.0 -9999.0 -9999.0 -9999.0 -99.000 -99.000 -99.000 -99.000 -99.000 -9999.0 -9999.0 -9999.0 -9999.0 -9999.0
03733 20200913 -9.000  -79.47   39.01 -9999.0 -9999.0 -9999.0 -9999.0 -9999.0 -9999.00 U -9999.0 -9999.0 -9999.0 -9999.0 -9999.0 -9999.0 -99.000 -99.000 -99.000 -99.000 -99.000 -9999.0 -9999.0 -9999.0 -9999.0 -9999.0
03733 20200914 -9.000  -79.47   39.01 -9999.0 -9999.0 -9999.0 -9999.0 -9999.0 -9999.00 U -9999.0 -9999.0 -9999.0 -9999.0 -9999.0 -9999.0 -99.000 -99.000 -99.000 -99.000 -99.000 -9999.0 -9999.0 -9999.0 -9999.0 -9999.0
03733 20200915 -9.000  -79.47   39.01 -9999.0 -9999.0 -9999.0 -9999.0 -9999.0 -9999.00 U -9999.0 -9999.0 -9999.0 -9999.0 -9999.0 -9999.0 -99.000 -99.000 -99.000 -99.000 -99.000 -9999.0 -9999.0 -9999.0 -9999.0 -9999.0
03733 20200916 -9.000  -79.47   39.01 -9999.0 -9999.0 -9999.0 -9999.0 -9999.0 -9999.00 U -9999.0 -9999.0 -9999.0 -9999.0 -9999.0 -9999.0 -99.000 -99.000 -99.000 -99.000 -99.000 -9999.0 -9999.0 -9999.0 -9999.0 -9999.0
03733 20200917 -9.000  -79.47   39.01 -9999.0 -9999.0 -9999.0 -9999.0 -9999.0 -9999.00 U -9999.0 -9999.0 -9999.0 -9999.0 -9999.0 -9999.0 -99.000 -99.000 -99.000 -99.000 -99.000 -9999.0 -9999.0 -9999.0 -9999.0 -9999.0
03733 20200918 -9.000  -79.47   39.01 -9999.0 -9999.0 -9999.0 -9999.0 -9999.0 -9999.00 U -9999.0 -9999.0 -9999.0 -9999.0 -9999.0 -9999.0 -99.000 -99.000 -99.000 -99.000 -99.000 -9999.0 -9999.0 -9999.0 -9999.0 -9999.0
03733 20200919  2.622  -79.47   39.01 -9999.0 -9999.0 -9999.0 -9999.0 -9999.0 -9999.00 U -9999.0 -9999.0 -9999.0 -9999.0 -9999.0 -9999.0 -99.000 -99.000 -99.000 -99.000 -99.000 -9999.0 -9999.0 -9999.0 -9999.0 -9999.0
03733 20200920  2.622  -79.47   39.01    13.7    -1.0     6.4     6.4     0.0    20.10 C    20.0    -3.4     6.2    81.5    32.0    56.8 -99.000 -99.000 -99.000 -99.000 -99.000 -9999.0 -9999.0 -9999.0 -9999.0 -9999.0
03733 20200921  2.622  -79.47   39.01    14.9    -0.3     7.3     7.1     0.0    19.84 C    21.3    -3.0     7.2    89.8    36.8    62.8 -99.000 -99.000 -99.000 -99.000 -99.000 -9999.0 -9999.0 -9999.0 -9999.0 -9999.0
03733 20200922  2.622  -79.47   39.01    16.8    -1.3     7.7     8.1     0.0    19.08 C    22.8    -4.2     7.8    93.0    45.3    71.3 -99.000 -99.000 -99.000 -99.000 -99.000 -9999.0 -9999.0 -9999.0 -9999.0 -9999.0
03733 20200923  2.622  -79.47   39.01    20.4     3.7    12.1    11.5     0.0    17.42 C    26.1     1.2    11.3    93.6    35.7    74.4 -99.000 -99.000 -99.000 -99.000 -99.000 -9999.0 -9999.0 -9999.0 -9999.0 -9999.0
03733 20200924  2.622  -79.47   39.01    19.3     7.9    13.6    12.0     0.0     8.75 C    24.7     6.2    11.9    93.7    47.1    82.0 -99.000 -99.000 -99.000 -99.000 -99.000 -9999.0 -9999.0 -9999.0 -9999.0 -9999.0
03733 20200925  2.622  -79.47   39.01    18.8     7.2    13.0    12.9     0.0    11.48 C    23.9     5.6    13.1    93.7    40.3    76.7 -99.000 -99.000 -99.000 -99.000 -99.000 -9999.0 -9999.0 -9999.0 -9999.0 -9999.0
03733 20200926  2.622  -79.47   39.01    21.1     9.4    15.2    14.2     0.0    12.52 C    28.9     5.7    14.4    94.9    51.9    82.0 -99.000 -99.000 -99.000 -99.000 -99.000 -9999.0 -9999.0 -9999.0 -9999.0 -9999.0
03733 20200927  2.622  -79.47   39.01    22.6    10.1    16.4    15.4     0.0    12.57 C    28.9     5.6    16.0    95.4    53.0    82.8 -99.000 -99.000 -99.000 -99.000 -99.000 -9999.0 -9999.0 -9999.0 -9999.0 -9999.0
03733 20200928  2.622  -79.47   39.01    21.2    10.2    15.7    16.0     0.0     9.64 C    26.5     7.6    15.6    93.6    62.0    79.8 -99.000 -99.000 -99.000 -99.000 -99.000 -9999.0 -9999.0 -9999.0 -9999.0 -9999.0
03733 20200929  2.622  -79.47   39.01    17.3     6.5    11.9     9.7    33.6     1.24 C    16.5     6.4     9.8    95.1    75.3    91.2 -99.000 -99.000 -99.000 -99.000 -99.000 -9999.0 -9999.0 -9999.0 -9999.0 -9999.0
03733 20200930  2.622  -79.47   39.01    14.9     5.7    10.3     9.6     2.2    15.16 C    18.7     5.7    10.1    93.5    48.0    72.4 -99.000 -99.000 -99.000 -99.000 -99.000 -9999.0 -9999.0 -9999.0 -9999.0 -9999.0
03733 20201001  2.622  -79.47   39.01    13.5     2.8     8.1     9.2     0.0    10.18 C    19.4     0.3     9.5    87.1    47.1    73.2 -99.000 -99.000 -99.000 -99.000 -99.000 -9999.0 -9999.0 -9999.0 -9999.0 -9999.0
03733 20201002  2.622  -79.47   39.01    11.3    -0.3     5.5     5.3     0.0    13.73 C    18.6    -2.6     5.8    90.8    49.9    77.5 -99.000 -99.000 -99.000 -99.000 -99.000 -9999.0 -9999.0 -9999.0 -9999.0 -9999.0
03733 20201003  2.622  -79.47   39.01    12.9    -2.0     5.5     4.5     0.0    15.96 C    20.0    -4.8     4.7    93.1    39.5    75.9 -99.000 -99.000 -99.000 -99.000 -99.000 -9999.0 -9999.0 -9999.0 -9999.0 -9999.0
03733 20201004  2.622  -79.47   39.01    14.7     1.2     8.0     7.9     6.9     8.34 C    20.4    -0.6     7.8    94.5    57.2    81.7 -99.000 -99.000 -99.000 -99.000 -99.000 -9999.0 -9999.0 -9999.0 -9999.0 -9999.0
03733 20201005  2.622  -79.47   39.01     9.7     0.3     5.0     5.4     1.2     3.86 C    14.1    -1.6     5.1    95.6    67.1    87.6 -99.000 -99.000 -99.000 -99.000 -99.000 -9999.0 -9999.0 -9999.0 -9999.0 -9999.0
03733 20201006  2.622  -79.47   39.01    17.0     3.0    10.0     9.9     0.0    16.82 C    22.0    -0.4     9.2    89.0    36.7    67.8 -99.000 -99.000 -99.000 -99.000 -99.000 -9999.0 -9999.0 -9999.0 -9999.0 -9999.0
03733 20201007  2.622  -79.47   39.01    19.1    10.6    14.9    14.4     0.0    12.18 C    23.7     8.6    14.4    77.4    49.9    65.3 -99.000 -99.000 -99.000 -99.000 -99.000 -9999.0 -9999.0 -9999.0 -9999.0 -9999.0
03733 20201008  2.622  -79.47   39.01    14.8     3.1     9.0     8.9     0.0    14.53 C    20.5    -0.8     8.3    85.5    41.1    67.7 -99.000 -99.000 -99.000 -99.000 -99.000 -9999.0 -9999.0 -9999.0 -9999.0 -9999.0
03733 20201009  2.622  -79.47   39.01    19.1     1.0    10.0    10.8     0.0    13.59 C    24.8    -0.7    10.2    90.9    33.8    65.0 -99.000 -99.000 -99.000 -99.000 -99.000 -9999.0 -9999.0 -9999.0 -9999.0 -9999.0
03733 20201010  2.622  -79.47   39.01    18.6    11.1    14.9    14.2     3.2     5.02 C    23.2     8.8    13.8    95.4    59.3    80.1 -99.000 -99.000 -99.000 -99.000 -99.000 -9999.0 -9999.0 -9999.0 -9999.0 -9999.0
03733 20201011  2.622  -79.47   39.01    16.6    12.1    14.3    14.3     7.3     3.59 C    18.1    11.4    14.3    95.2    79.3    91.3 -99.000 -99.000 -99.000 -99.000 -99.000 -9999.0 -9999.0 -9999.0 -9999.0 -9999.0
03733 20201012  2.622  -79.47   39.01    17.5     9.9    13.7    13.1     0.0     9.76 C    24.9     8.5    14.0    93.8    67.2    86.4 -99.000 -99.000 -99.000 -99.000 -99.000 -9999.0 -9999.0 -9999.0 -9999.0 -9999.0
03733 20201013  2.622  -79.47   39.01    13.4     5.8     9.6     9.5     3.3     5.64 C    15.6     3.4     9.4    94.9    64.3    84.7 -99.000 -99.000 -99.000 -99.000 -99.000 -9999.0 -9999.0 -9999.0 -9999.0 -9999.0
03733 20201014  2.622  -79.47   39.01    17.8     5.1    11.4    10.5     0.0    14.86 C    21.5     0.5     8.8    84.9    31.3    59.6 -99.000 -99.000 -99.000 -99.000 -99.000 -9999.0 -9999.0 -9999.0 -9999.0 -9999.0
03733 20201015  2.622  -79.47   39.01    20.9     6.2    13.5    14.1     0.2    14.61 C    25.7     1.9    12.6    89.2    38.2    56.2 -99.000 -99.000 -99.000 -99.000 -99.000 -9999.0 -9999.0 -9999.0 -9999.0 -9999.0
03733 20201016  2.622  -79.47   39.01     8.5    -0.9     3.8     4.5     0.4     4.41 C    13.0    -4.5     3.9    93.0    43.2    79.7 -99.000 -99.000 -99.000 -99.000 -99.000 -9999.0 -9999.0 -9999.0 -9999.0 -9999.0
03733 20201017  2.622  -79.47   39.01    10.3    -2.0     4.2     4.2     0.0    15.04 C    16.0    -5.6     3.5    90.3    25.3    54.6 -99.000 -99.000 -99.000 -99.000 -99.000 -9999.0 -9999.0 -9999.0 -9999.0 -9999.0
03733 20201018  2.622  -79.47   39.01    15.6     3.3     9.5     8.4     0.0    13.31 C    21.9    -1.9     7.9    67.9    33.0    52.3 -99.000 -99.000 -99.000 -99.000 -99.000 -9999.0 -9999.0 -9999.0 -9999.0 -9999.0
03733 20201019  2.622  -79.47   39.01    18.0     7.3    12.6    12.6     0.0     5.85 C    24.7     3.7    12.0    69.5    37.6    56.1 -99.000 -99.000 -99.000 -99.000 -99.000 -9999.0 -9999.0 -9999.0 -9999.0 -9999.0
03733 20201020  2.622  -79.47   39.01    22.1     9.5    15.8    15.4     0.0     9.99 C    26.5     5.6    14.4    85.6    47.7    66.3 -99.000 -99.000 -99.000 -99.000 -99.000 -9999.0 -9999.0 -9999.0 -9999.0 -9999.0
