03759 20200101  2.623  -78.47   38.00     9.7     3.2     6.4     5.9     0.0     9.76 C    14.9    -0.5     4.3    55.2    30.7    42.8 -99.000   0.287 -99.000 -99.000 -99.000     9.4     7.5 -9999.0 -9999.0 -9999.0
03759 20200102  2.623  -78.47   38.00    10.9     4.0     7.4     7.9     0.0     6.25 C    15.9    -1.6     6.1    67.3    36.1    45.2 -99.000   0.280 -99.000 -99.000 -99.000     9.0     6.9 -9999.0 -9999.0 -9999.0
03759 20200103  2.623  -78.47   38.00    13.1     5.1     9.1     8.3     2.5     2.06 C    12.9     5.4     8.7    95.7    68.1    92.6 -99.000   0.276 -99.000 -99.000 -99.000    10.2     7.8 -9999.0 -9999.0 -9999.0
03759 20200104  2.623  -78.47   38.00    15.1     4.6     9.9    11.7     1.8     2.74 C    17.8     2.8    11.1    94.8    51.5    77.5 -99.000   0.293 -99.000 -99.000 -99.000    11.9     9.4 -9999.0 -9999.0 -9999.0
03759 20200105  2.623  -78.47   38.00     7.4    -0.2     3.6     3.6     0.0     9.25 C    14.7    -2.6     3.4    60.8    39.0    49.2 -99.000   0.307 -99.000 -99.000 -99.000     9.8     8.0 -9999.0 -9999.0 -9999.0
03759 20200106  2.623  -78.47   38.00    12.1     3.2     7.7     6.8     0.0    10.18 C    18.2    -2.4     4.7    53.1    16.8    36.9 -99.000   0.294 -99.000 -99.000 -99.000     9.0     7.0 -9999.0 -9999.0 -9999.0
03759 20200107  2.623  -78.47   38.00     5.3    -2.0     1.6     1.5     8.3     1.02 C     2.7    -7.3    -1.8    96.6    23.8    60.3 -99.000   0.288 -99.000 -99.000 -99.000     7.6     5.7 -9999.0 -9999.0 -9999.0
03759 20200108  2.623  -78.47   38.00     7.5     0.6     4.1     4.0     0.0    10.22 C    10.1    -4.3    -0.1    66.3    19.3    39.9 -99.000   0.307 -99.000 -99.000 -99.000     7.4     5.3 -9999.0 -9999.0 -9999.0
03759 20200109  2.623  -78.47   38.00     3.4    -3.5     0.0    -0.2     0.0     9.56 C    12.1    -6.0     0.0    57.4    21.0    48.3 -99.000   0.324 -99.000 -99.000 -99.000     6.2     4.2 -9999.0 -9999.0 -9999.0
03759 20200110  2.623  -78.47   38.00    13.7    -0.7     6.5     7.1     0.0     6.54 C    18.3    -3.0     7.2    86.8    53.0    65.3 -99.000   0.319 -99.000 -99.000 -99.000     7.5     5.0 -9999.0 -9999.0 -9999.0
03759 20200111  2.623  -78.47   38.00    17.9     8.5    13.2    13.2    22.4     0.60 C    17.6     7.9    12.7    95.4    84.2    92.7 -99.000   0.330 -99.000 -99.000 -99.000    10.5     7.8 -9999.0 -9999.0 -9999.0
03759 20200112  2.623  -78.47   38.00    18.5     8.3    13.4    15.5     4.5     9.50 C    22.3     6.6    13.8    94.9    37.8    57.5 -99.000   0.351 -99.000 -99.000 -99.000    13.7    11.1 -9999.0 -9999.0 -9999.0
03759 20200113  2.623  -78.47   38.00    10.0     5.9     8.0     7.8     0.0     3.24 C    12.3     3.9     7.2    83.4    67.5    75.1 -99.000   0.325 -99.000 -99.000 -99.000    11.6     9.6 -9999.0 -9999.0 -9999.0
03759 20200114  2.623  -78.47   38.00    10.2     4.7     7.4     7.2     5.5     1.48 C    11.2     5.5     7.7    98.8    72.2    93.2 -99.000   0.346 -99.000 -99.000 -99.000    10.9     8.7 -9999.0 -9999.0 -9999.0
03759 20200115  2.623  -78.47   38.00    14.2     8.2    11.2    10.7     0.0     7.52 C    18.5     3.6     9.3   100.0    27.0    73.3 -99.000   0.338 -99.000 -99.000 -99.000    11.1     8.8 -9999.0 -9999.0 -9999.0
03759 20200116  2.623  -78.47   38.00    16.1     0.0     8.0     9.7     0.0    10.94 C    17.8    -2.7     8.3    82.3    19.5    43.6 -99.000   0.324 -99.000 -99.000 -99.000    11.4     9.3 -9999.0 -9999.0 -9999.0
03759 20200117  2.623  -78.47   38.00     3.1    -3.3    -0.1    -0.7     0.0     9.76 C    13.6    -5.2     0.3    51.7    32.0    42.8 -99.000   0.311 -99.000 -99.000 -99.000     8.5     6.8 -9999.0 -9999.0 -9999.0
03759 20200118  2.623  -78.47   38.00     3.9    -3.7     0.1    -1.3     1.8     1.14 C     2.8    -3.3    -0.2    96.3    44.5    73.1 -99.000   0.306 -99.000 -99.000 -99.000     7.2     5.2 -9999.0 -9999.0 -9999.0
03759 20200119  2.623  -78.47   38.00     8.7    -4.5     2.1     3.0     0.0     9.99 C    15.0    -6.0     2.9    94.0    33.6    53.7 -99.000   0.308 -99.000 -99.000 -99.000     7.6     5.6 -9999.0 -9999.0 -9999.0
03759 20200120  2.623  -78.47   38.00     1.2    -7.2    -3.0    -3.9     0.0    11.21 C    10.6    -9.3    -2.6    60.8    31.7    47.9 -99.000   0.307 -99.000 -99.000 -99.000     5.8     4.2 -9999.0 -9999.0 -9999.0
03759 20200121  2.623  -78.47   38.00     1.1    -7.8    -3.4    -4.0     0.0    11.58 C    10.5    -9.6    -3.2    62.6    29.5    48.7 -99.000   0.304 -99.000 -99.000 -99.000     4.6     3.0 -9999.0 -9999.0 -9999.0
03759 20200122  2.623  -78.47   38.00     3.7    -7.3    -1.8    -2.1     0.0    11.43 C    13.4    -9.2    -1.7    69.5    26.4    47.5 -99.000   0.301 -99.000 -99.000 -99.000     4.3     2.5 -9999.0 -9999.0 -9999.0
03759 20200123  2.623  -78.47   38.00     5.4    -1.9     1.7     1.4     0.0     6.41 C    17.0    -6.2     0.1    51.4    28.6    41.0 -99.000   0.300 -99.000 -99.000 -99.000     4.6     2.5 -9999.0 -9999.0 -9999.0
03759 20200124  2.623  -78.47   38.00     9.3     0.9     5.1     4.0    20.5     2.13 C     9.1    -1.1     4.6    95.6    39.4    75.9 -99.000   0.306 -99.000 -99.000 -99.000     6.0     3.6 -9999.0 -9999.0 -9999.0
03759 20200125  2.623  -78.47   38.00    11.6     2.3     6.9     7.4    19.3     5.72 C    18.5    -1.0     7.4   100.0    50.3    80.8 -99.000   0.363 -99.000 -99.000 -99.000     8.8     6.3 -9999.0 -9999.0 -9999.0
03759 20200126  2.623  -78.47   38.00     8.2     1.5     4.8     3.9     0.0    10.24 C    16.5    -1.6     3.5    67.7    44.9    57.0 -99.000   0.339 -99.000 -99.000 -99.000     7.5     5.5 -9999.0 -9999.0 -9999.0
03759 20200127  2.623  -78.47   38.00     9.1     2.0     5.6     5.0     0.0     7.77 C    15.2    -1.4     4.3    61.7    40.8    54.2 -99.000   0.328 -99.000 -99.000 -99.000     7.3     5.1 -9999.0 -9999.0 -9999.0
03759 20200128  2.623  -78.47   38.00     7.8     0.3     4.0     3.6     0.0     5.58 C    15.8    -3.6     3.1    65.8    42.0    54.6 -99.000   0.320 -99.000 -99.000 -99.000     7.6     5.4 -9999.0 -9999.0 -9999.0
03759 20200129  2.623  -78.47   38.00     6.1    -0.5     2.8     2.2     0.0     7.19 C    16.3    -3.8     2.2    72.1    42.6    58.5 -99.000   0.315 -99.000 -99.000 -99.000     7.0     4.8 -9999.0 -9999.0 -9999.0
03759 20200130  2.623  -78.47   38.00     2.6    -2.1     0.2     0.0     0.0     4.74 C     9.6    -3.8     0.9    78.6    47.5    63.0 -99.000   0.311 -99.000 -99.000 -99.000     6.3     4.3 -9999.0 -9999.0 -9999.0
03759 20200131  2.623  -78.47   38.00     3.1    -1.2     0.9     0.8     0.7     3.27 C     7.2    -3.9     0.6    88.7    57.5    71.9 -99.000   0.308 -99.000 -99.000 -99.000     6.2     4.1 -9999.0 -9999.0 -9999.0
03759 20200201  2.623  -78.47   38.00     9.5    -0.1     4.7     4.0     0.6    10.62 C    18.9    -2.6     4.4    95.2    59.0    80.5 -99.000   0.306 -99.000 -99.000 -99.000     6.9     4.6 -9999.0 -9999.0 -9999.0
03759 20200202  2.623  -78.47   38.00    15.9     2.9     9.4     9.5     0.0    12.71 C    19.6    -0.7     7.8    71.0    24.4    40.2 -99.000   0.304 -99.000 -99.000 -99.000     7.8     5.5 -9999.0 -9999.0 -9999.0
03759 20200203  2.623  -78.47   38.00    19.0    11.6    15.3    15.7     0.0     7.41 C    20.1     4.3    11.7    35.8    24.3    30.0 -99.000   0.299 -99.000 -99.000 -99.000     9.2     6.7 -9999.0 -9999.0 -9999.0
03759 20200204  2.623  -78.47   38.00    19.3    13.0    16.2    17.1     0.0     3.68 C    20.3    10.1    14.5    71.2    24.8    43.7 -99.000   0.293 -99.000 -99.000 -99.000    11.1     8.4 -9999.0 -9999.0 -9999.0
03759 20200205  2.623  -78.47   38.00    14.8     1.1     8.0     7.1     3.7     1.33 C    14.1     2.4     7.5    96.8    67.8    83.9 -99.000   0.290 -99.000 -99.000 -99.000    10.9     8.8 -9999.0 -9999.0 -9999.0
03759 20200206  2.623  -78.47   38.00    12.1     1.2     6.7     5.1    33.9     0.19 C    11.4     2.3     5.8   100.0    93.4    96.9 -99.000   0.346 -99.000 -99.000 -99.000     9.3     7.1 -9999.0 -9999.0 -9999.0
03759 20200207  2.623  -78.47   38.00    12.7    -1.2     5.8     5.9     6.7    12.26 C    14.6    -2.9     6.6    95.5    36.9    63.7 -99.000   0.368 -99.000 -99.000 -99.000    10.1     8.0 -9999.0 -9999.0 -9999.0
03759 20200208  2.623  -78.47   38.00     5.2    -2.3     1.4     1.0     0.0    11.73 C    15.9    -5.1     1.5    60.7    38.9    49.5 -99.000   0.337 -99.000 -99.000 -99.000     7.7     5.8 -9999.0 -9999.0 -9999.0
03759 20200209  2.623  -78.47   38.00     9.3    -0.3     4.5     4.0     0.0    13.84 C    19.1    -4.3     4.3    67.6    30.0    50.2 -99.000   0.329 -99.000 -99.000 -99.000     7.7     5.4 -9999.0 -9999.0 -9999.0
03759 20200210  2.623  -78.47   38.00    10.4     2.2     6.3     5.6     4.4     1.81 C     9.5     0.3     5.0    95.7    52.5    75.1 -99.000   0.327 -99.000 -99.000 -99.000     7.9     5.6 -9999.0 -9999.0 -9999.0
03759 20200211  2.623  -78.47   38.00    14.9     8.8    11.8    11.2     5.9     3.70 C    19.8     8.3    11.5    95.8    72.0    93.0 -99.000   0.368 -99.000 -99.000 -99.000    10.4     7.7 -9999.0 -9999.0 -9999.0
03759 20200212  2.623  -78.47   38.00     9.0     3.2     6.1     5.4     1.2     3.42 C    11.5     4.1     6.0    95.3    48.1    71.4 -99.000   0.352 -99.000 -99.000 -99.000    10.2     8.1 -9999.0 -9999.0 -9999.0
03759 20200213  2.623  -78.47   38.00    14.3     3.2     8.8     7.7     7.6     2.30 C    14.1     0.6     7.1    96.1    49.8    79.8 -99.000   0.371 -99.000 -99.000 -99.000     9.9     7.6 -9999.0 -9999.0 -9999.0
03759 20200214  2.623  -78.47   38.00     6.2    -6.0     0.1     1.2     0.0    14.21 C    18.3    -6.7     2.8    61.3    29.2    47.5 -99.000   0.350 -99.000 -99.000 -99.000     8.9     7.0 -9999.0 -9999.0 -9999.0
03759 20200215  2.623  -78.47   38.00     2.0    -8.5    -3.3    -3.4     0.0    14.27 C    12.4    -9.2    -1.1    62.5    35.4    47.8 -99.000   0.338 -99.000 -99.000 -99.000     6.7     5.0 -9999.0 -9999.0 -9999.0
03759 20200216  2.623  -78.47   38.00    10.3    -0.8     4.7     4.8     0.0     7.43 C    16.3    -2.1     4.4    56.7    36.4    47.1 -99.000   0.331 -99.000 -99.000 -99.000     7.1     4.8 -9999.0 -9999.0 -9999.0
03759 20200217  2.623  -78.47   38.00    11.4     2.1     6.8     6.5     0.0    14.36 C    22.3    -1.2     7.1    66.7    25.8    46.0 -99.000   0.326 -99.000 -99.000 -99.000     8.4     6.1 -9999.0 -9999.0 -9999.0
03759 20200218  2.623  -78.47   38.00    11.6     3.4     7.5     7.6     0.5     8.82 C    20.1     0.6     8.0    95.5    39.6    67.8 -99.000   0.319 -99.000 -99.000 -99.000     8.9     6.7 -9999.0 -9999.0 -9999.0
03759 20200219  2.623  -78.47   38.00    10.3     2.4     6.3     6.9     0.9    10.78 C    18.0    -3.0     6.8    95.6    19.6    46.8 -99.000   0.314 -99.000 -99.000 -99.000     9.9     7.7 -9999.0 -9999.0 -9999.0
03759 20200220  2.623  -78.47   38.00     3.5    -1.5     1.0     1.0     0.0     3.22 C     7.3    -3.1     0.6    54.8    33.7    44.4 -99.000   0.309 -99.000 -99.000 -99.000     7.9     5.9 -9999.0 -9999.0 -9999.0
03759 20200221  2.623  -78.47   38.00     2.8    -7.4    -2.3    -2.2     0.0    16.32 C    16.6    -8.8     0.3    58.4    21.1    39.3 -99.000   0.305 -99.000 -99.000 -99.000     6.7     4.8 -9999.0 -9999.0 -9999.0
03759 20200222  2.623  -78.47   38.00    12.4    -0.9     5.7     5.6     0.0    16.61 C    23.5    -6.0     5.2    26.8    10.5    17.4 -99.000   0.301 -99.000 -99.000 -99.000     7.0     4.8 -9999.0 -9999.0 -9999.0
03759 20200223  2.623  -78.47   38.00    15.0     2.5     8.7     9.4     0.0    16.34 C    25.3    -3.8     8.1    31.1     9.0    16.2 -99.000   0.299 -99.000 -99.000 -99.000     8.0     5.7 -9999.0 -9999.0 -9999.0
03759 20200224  2.623  -78.47   38.00    11.8     5.8     8.8     9.1     0.3     5.80 C    16.1     1.3     7.5    89.9    22.3    42.9 -99.000   0.295 -99.000 -99.000 -99.000     8.7     6.4 -9999.0 -9999.0 -9999.0
03759 20200225  2.623  -78.47   38.00    12.8     5.6     9.2     8.4     3.5     5.11 C    18.5     5.8     9.1   100.0    77.7    94.0 -99.000   0.293 -99.000 -99.000 -99.000     9.8     7.3 -9999.0 -9999.0 -9999.0
03759 20200226  2.623  -78.47   38.00    12.0     4.9     8.4     9.2    19.9     2.58 C    17.6     4.8     9.9   100.0    75.5    95.7 -99.000   0.308 -99.000 -99.000 -99.000    10.8     8.3 -9999.0 -9999.0 -9999.0
03759 20200227  2.623  -78.47   38.00     6.5    -1.6     2.4     1.9     0.0    17.43 C    18.2    -3.4     3.5    78.6    28.9    45.6 -99.000   0.366 -99.000 -99.000 -99.000     9.6     7.9 -9999.0 -9999.0 -9999.0
03759 20200228  2.623  -78.47   38.00     5.6    -2.3     1.7     1.7     0.0     8.09 C    14.6    -3.8     1.2    63.3    37.2    44.5 -99.000   0.346 -99.000 -99.000 -99.000     7.3     5.7 -9999.0 -9999.0 -9999.0
03759 20200229  2.623  -78.47   38.00     4.1    -3.0     0.6    -0.1     0.0    14.45 C    17.4    -6.5     1.6    75.8    27.1    45.9 -99.000   0.338 -99.000 -99.000 -99.000     7.2     5.2 -9999.0 -9999.0 -9999.0
03759 20200301  2.623  -78.47   38.00    10.3    -2.1     4.1     4.2     0.0    17.45 C    22.8    -6.0     5.2    41.2    18.7    28.1 -99.000   0.330 -99.000 -99.000 -99.000     7.2     5.2 -9999.0 -9999.0 -9999.0
03759 20200302  2.623  -78.47   38.00    16.2     3.4     9.8    10.6     0.3    10.94 C    22.1     0.3     9.6    54.6    23.1    37.0 -99.000   0.325 -99.000 -99.000 -99.000     8.6     6.3 -9999.0 -9999.0 -9999.0
03759 20200303  2.623  -78.47   38.00    16.6     6.9    11.8    11.5     0.5     5.59 C    21.4     4.8     9.9    95.5    29.1    66.8 -99.000   0.317 -99.000 -99.000 -99.000     9.9     7.4 -9999.0 -9999.0 -9999.0
03759 20200304  2.623  -78.47   38.00    15.7     7.1    11.4    11.6     0.0    14.71 C    26.9     0.0    10.6    47.9    20.1    29.9 -99.000   0.308 -99.000 -99.000 -99.000    10.4     8.1 -9999.0 -9999.0 -9999.0
03759 20200305  2.623  -78.47   38.00    12.9     4.2     8.5     7.8     0.0    10.84 C    23.8     0.5     7.5    59.4    26.2    41.4 -99.000   0.299 -99.000 -99.000 -99.000    10.4     8.2 -9999.0 -9999.0 -9999.0
03759 20200306  2.623  -78.47   38.00    12.5     2.7     7.6     6.1     0.0    10.63 C    24.9    -1.1     6.3    66.0    30.6    49.3 -99.000   0.291 -99.000 -99.000 -99.000     9.8     7.6 -9999.0 -9999.0 -9999.0
03759 20200307  2.623  -78.47   38.00    10.3     1.3     5.8     4.9     0.0    19.27 C    23.6    -3.7     7.0    58.3    20.2    39.3 -99.000   0.282 -99.000 -99.000 -99.000     9.8     7.8 -9999.0 -9999.0 -9999.0
03759 20200308  2.623  -78.47   38.00    15.7     2.5     9.1     9.3     0.0    19.13 C    27.1    -4.6     9.0    35.0    12.7    22.3 -99.000   0.272 -99.000 -99.000 -99.000     9.7     7.5 -9999.0 -9999.0 -9999.0
03759 20200309  2.623  -78.47   38.00    22.3     7.8    15.1    14.7     0.0    18.10 C    32.3     0.8    13.4    47.9    13.0    26.9 -99.000   0.260 -99.000 -99.000 -99.000    11.1     8.7 -9999.0 -9999.0 -9999.0
03759 20200310  2.623  -78.47   38.00    19.1    11.7    15.4    15.0     0.0     8.04 C    28.3     9.5    14.4    71.8    48.7    59.5 -99.000   0.246 -99.000 -99.000 -99.000    12.5    10.0 -9999.0 -9999.0 -9999.0
03759 20200311  2.623  -78.47   38.00    16.6     7.2    11.9    11.7     0.0    12.05 C    30.7     5.5    12.8    84.4    51.2    65.8 -99.000   0.237 -99.000 -99.000 -99.000    13.3    10.7 -9999.0 -9999.0 -9999.0
03759 20200312  2.623  -78.47   38.00    16.0     6.7    11.3    10.7     0.8     8.86 C    26.2     5.2    12.4    92.5    58.8    71.8 -99.000   0.225 -99.000 -99.000 -99.000    13.2    10.7 -9999.0 -9999.0 -9999.0
03759 20200313  2.623  -78.47   38.00    22.1     9.5    15.8    15.6     3.6    13.59 C    28.8     5.9    14.7    95.8    21.3    55.7 -99.000   0.218 -99.000 -99.000 -99.000    14.3    11.9 -9999.0 -9999.0 -9999.0
03759 20200314  2.623  -78.47   38.00    12.6     3.4     8.0     9.0     0.9     8.54 C    22.1     1.6     8.7    88.8    21.9    33.2 -99.000   0.209 -99.000 -99.000 -99.000    12.7    10.7 -9999.0 -9999.0 -9999.0
03759 20200315  2.623  -78.47   38.00     5.9     2.4     4.1     3.7     1.0     3.61 C    13.0     3.7     5.6    96.4    73.1    86.7 -99.000   0.204 -99.000 -99.000 -99.000    11.6     9.7 -9999.0 -9999.0 -9999.0
03759 20200316  2.623  -78.47   38.00    10.0     2.6     6.3     6.4     0.0     9.44 C    19.6     3.2     8.5    87.6    43.8    62.2 -99.000   0.203 -99.000 -99.000 -99.000    11.7     9.4 -9999.0 -9999.0 -9999.0
03759 20200317  2.623  -78.47   38.00    18.6     4.1    11.4    10.5     0.0    11.48 C    28.9     3.6    11.9    86.5    50.6    68.6 -99.000   0.205 -99.000 -99.000 -99.000    12.7    10.0 -9999.0 -9999.0 -9999.0
03759 20200318  2.623  -78.47   38.00    11.9     6.0     9.0     8.8     3.3     8.51 C    21.8     3.8    10.5    94.1    50.1    66.9 -99.000   0.204 -99.000 -99.000 -99.000    13.1    10.6 -9999.0 -9999.0 -9999.0
03759 20200319  2.623  -78.47   38.00    25.4     8.1    16.8    16.6     2.6    14.41 C    33.3     8.7    17.3    95.7    47.7    75.7 -99.000   0.201 -99.000 -99.000 -99.000    14.9    12.1 -9999.0 -9999.0 -9999.0
03759 20200320  2.623  -78.47   38.00    25.3    17.0    21.1    20.9     0.5     8.89 C    29.1    15.0    19.2    81.8    38.8    61.1 -99.000   0.200 -99.000 -99.000 -99.000    16.9    14.0 -9999.0 -9999.0 -9999.0
03759 20200321  2.623  -78.47   38.00    17.7     5.8    11.8     9.8     2.6     7.86 C    19.7     6.0    11.5    95.2    55.1    69.8 -99.000   0.198 -99.000 -99.000 -99.000    16.1    13.7 -9999.0 -9999.0 -9999.0
03759 20200322  2.623  -78.47   38.00     9.0     2.9     6.0     5.8     0.0    13.06 C    20.0     3.1     8.7    75.7    41.2    53.8 -99.000   0.195 -99.000 -99.000 -99.000    14.0    11.9 -9999.0 -9999.0 -9999.0
03759 20200323  2.623  -78.47   38.00     8.7     2.9     5.8     4.8     4.8     4.62 C    15.9     3.6     6.7    96.5    76.2    92.2 -99.000   0.193 -99.000 -99.000 -99.000    12.8    10.7 -9999.0 -9999.0 -9999.0
03759 20200324  2.623  -78.47   38.00    10.6     3.4     7.0     7.5     1.8     8.27 C    18.0     3.0     9.1   100.0    67.2    87.2 -99.000   0.194 -99.000 -99.000 -99.000    12.7    10.4 -9999.0 -9999.0 -9999.0
03759 20200325  2.623  -78.47   38.00     8.9     4.5     6.7     6.0    14.5     5.68 C    17.3     5.1     8.0    96.2    81.2    90.7 -99.000   0.345 -99.000 -99.000 -99.000    12.4    10.3 -9999.0 -9999.0 -9999.0
03759 20200326  2.623  -78.47   38.00    12.9     4.1     8.5     8.5     0.0    14.06 C    23.9     2.2    10.9    91.8    60.6    77.6 -99.000   0.340 -99.000 -99.000 -99.000    13.1    10.6 -9999.0 -9999.0 -9999.0
03759 20200327  2.623  -78.47   38.00    22.2     9.7    16.0    15.0     0.2    14.95 C    31.3     7.6    15.7    87.7    48.0    69.4 -99.000   0.323 -99.000 -99.000 -99.000    14.9    12.1 -9999.0 -9999.0 -9999.0
03759 20200328  2.623  -78.47   38.00    20.6    11.3    15.9    14.5     0.0    12.59 C    29.6    11.9    16.8    95.6    61.9    83.2 -99.000   0.310 -99.000 -99.000 -99.000    16.6    13.6 -9999.0 -9999.0 -9999.0
03759 20200329  2.623  -78.47   38.00    28.4    11.9    20.1    18.5     0.0    14.37 C    32.5    12.7    18.7    98.5    13.6    64.3 -99.000   0.300 -99.000 -99.000 -99.000    17.7    14.7 -9999.0 -9999.0 -9999.0
03759 20200330  2.623  -78.47   38.00    23.5    11.1    17.3    17.7     0.0    20.70 C    30.8     5.8    16.4    46.4     9.8    25.2 -99.000   0.281 -99.000 -99.000 -99.000    17.3    14.8 -9999.0 -9999.0 -9999.0
03759 20200331  2.623  -78.47   38.00    11.6     4.4     8.0     7.7    11.0     5.72 C    17.5     3.2     8.4    96.3    46.6    70.9 -99.000   0.265 -99.000 -99.000 -99.000    15.2    13.1 -9999.0 -9999.0 -9999.0
03759 20200401  2.623  -78.47   38.00    13.0     2.1     7.6     7.0     0.6    14.41 C    24.3     2.7    10.0    95.8    44.9    69.4 -99.000   0.330 -99.000 -99.000 -99.000    14.3    12.2 -9999.0 -9999.0 -9999.0
03759 20200402  2.623  -78.47   38.00    16.1     3.4     9.8     9.7     0.0    23.30 C    26.5     0.1    11.0    63.7    27.9    39.9 -99.000   0.323 -99.000 -99.000 -99.000    14.6    12.4 -9999.0 -9999.0 -9999.0
03759 20200403  2.623  -78.47   38.00    20.1     6.0    13.1    13.1     0.0    23.76 C    30.0     0.1    12.4    40.8    16.0    22.6 -99.000   0.302 -99.000 -99.000 -99.000    14.7    12.5 -9999.0 -9999.0 -9999.0
03759 20200404  2.623  -78.47   38.00    17.9     5.8    11.9    11.4     0.0    23.15 C    30.4     1.7    13.3    74.6    26.2    54.9 -99.000   0.282 -99.000 -99.000 -99.000    15.3    13.0 -9999.0 -9999.0 -9999.0
03759 20200405  2.623  -78.47   38.00    21.0     7.7    14.4    14.6     0.0    18.81 C    33.0     5.6    15.6    79.3    37.6    56.5 -99.000   0.265 -99.000 -99.000 -99.000    16.1    13.8 -9999.0 -9999.0 -9999.0
03759 20200406  2.623  -78.47   38.00    21.2    11.8    16.5    16.0     0.0    16.48 C    32.4     9.6    16.6    84.5    48.8    62.7 -99.000   0.248 -99.000 -99.000 -99.000    17.2    14.9 -9999.0 -9999.0 -9999.0
03759 20200407  2.623  -78.47   38.00    24.0    11.0    17.5    17.2     0.0    18.39 C    35.1     9.8    17.8    94.8    37.7    65.9 -99.000   0.231 -99.000 -99.000 -99.000    17.8    15.5 -9999.0 -9999.0 -9999.0
03759 20200408  2.623  -78.47   38.00    24.8    12.0    18.4    19.2     5.0    13.34 C    31.7    11.2    17.8    91.9    39.2    55.7 -99.000   0.220 -99.000 -99.000 -99.000    18.3    15.9 -9999.0 -9999.0 -9999.0
03759 20200409  2.623  -78.47   38.00    21.2     5.9    13.5    15.4     1.6    22.87 C    29.3     3.7    15.5    88.8    21.9    45.6 -99.000   0.207 -99.000 -99.000 -99.000    18.3    16.0 -9999.0 -9999.0 -9999.0
03759 20200410  2.623  -78.47   38.00    10.7     2.5     6.6     6.1     0.0    20.02 C    24.3     0.2     8.2    64.7    28.3    40.8 -99.000   0.199 -99.000 -99.000 -99.000    15.9    14.1 -9999.0 -9999.0 -9999.0
03759 20200411  2.623  -78.47   38.00    17.3     2.4     9.8     9.8     0.0    23.37 C    28.3    -1.3    11.4    48.7    15.9    32.6 -99.000   0.186 -99.000 -99.000 -99.000    15.3    13.3 -9999.0 -9999.0 -9999.0
03759 20200412  2.623  -78.47   38.00    19.9     8.9    14.4    13.9    14.1    11.42 C    28.0     6.1    14.3    95.6    19.0    55.4 -99.000   0.190 -99.000 -99.000 -99.000    16.1    13.9 -9999.0 -9999.0 -9999.0
03759 20200413  2.623  -78.47   38.00    23.8     9.0    16.4    16.7    82.2    12.33 C    27.6     6.8    16.4    95.7    39.2    72.5 -99.000   0.393 -99.000 -99.000 -99.000    17.6    15.2 -9999.0 -9999.0 -9999.0
03759 20200414  2.623  -78.47   38.00    13.3     3.3     8.3     9.1     8.5    16.86 C    27.2     5.2    12.0    95.9    40.8    58.2 -99.000   0.372 -99.000 -99.000 -99.000    16.9    15.0 -9999.0 -9999.0 -9999.0
03759 20200415  2.623  -78.47   38.00    11.0    -0.4     5.3     5.1     6.3    23.10 C    25.6     0.0     9.2    96.9    24.8    60.0 -99.000   0.405 -99.000 -99.000 -99.000    15.5    14.1 -9999.0 -9999.0 -9999.0
03759 20200416  2.623  -78.47   38.00    14.2     3.6     8.9     8.7     0.0    25.47 C    26.5     0.8    10.5    57.0    16.8    30.1 -99.000   0.370 -99.000 -99.000 -99.000    15.4    13.6 -9999.0 -9999.0 -9999.0
03759 20200417  2.623  -78.47   38.00    18.3     4.2    11.2    11.0     0.0    17.34 C    27.7     0.7    12.1    55.0    25.2    41.4 -99.000   0.354 -99.000 -99.000 -99.000    15.1    13.1 -9999.0 -9999.0 -9999.0
03759 20200418  2.623  -78.47   38.00    14.9     4.0     9.4     9.7     3.0    21.27 C    26.5     1.2    12.1    93.8    35.7    56.6 -99.000   0.341 -99.000 -99.000 -99.000    16.2    13.9 -9999.0 -9999.0 -9999.0
03759 20200419  2.623  -78.47   38.00    16.6     4.1    10.4    11.0     0.0    19.37 C    26.1     0.6    11.8    63.3    35.8    48.1 -99.000   0.328 -99.000 -99.000 -99.000    15.4    13.3 -9999.0 -9999.0 -9999.0
03759 20200420  2.623  -78.47   38.00    16.1     7.8    11.9    11.7     1.2    14.44 C    29.3     7.4    13.3    84.4    43.2    61.9 -99.000   0.317 -99.000 -99.000 -99.000    16.2    13.9 -9999.0 -9999.0 -9999.0
03759 20200421  2.623  -78.47   38.00    19.3     7.4    13.4    14.1     0.0    15.99 C    26.7     3.5    13.2    76.1    13.5    38.0 -99.000   0.304 -99.000 -99.000 -99.000    16.2    13.9 -9999.0 -9999.0 -9999.0
03759 20200422  2.623  -78.47   38.00    19.1     4.0    11.5    11.3     0.0    26.26 C    30.3    -1.0    13.3    40.7    17.7    27.5 -99.000   0.286 -99.000 -99.000 -99.000    15.8    13.6 -9999.0 -9999.0 -9999.0
03759 20200423  2.623  -78.47   38.00    12.2     7.7     9.9    10.5    18.9     4.02 C    18.7     7.0    11.0    98.7    37.5    71.9 -99.000   0.300 -99.000 -99.000 -99.000    15.7    13.6 -9999.0 -9999.0 -9999.0
03759 20200424  2.623  -78.47   38.00    19.0    10.0    14.5    12.9    15.1    12.88 C    31.3     9.0    15.4    98.2    73.7    90.8 -99.000   0.409 -99.000 -99.000 -99.000    16.7    14.4 -9999.0 -9999.0 -9999.0
03759 20200425  2.623  -78.47   38.00    14.0     8.5    11.2    10.2     6.5     9.15 C    25.3     6.9    12.7    99.2    72.0    88.9 -99.000   0.393 -99.000 -99.000 -99.000    16.6    14.7 -9999.0 -9999.0 -9999.0
03759 20200426  2.623  -78.47   38.00    16.1     8.4    12.3    11.1    13.7     9.88 C    25.2     9.5    13.5    99.4    62.5    88.5 -99.000   0.411 -99.000 -99.000 -99.000    16.5    14.4 -9999.0 -9999.0 -9999.0
03759 20200427  2.623  -78.47   38.00    14.9     6.2    10.6    10.3     0.2    18.49 C    25.4     6.1    12.3    89.2    37.8    56.7 -99.000   0.385 -99.000 -99.000 -99.000    16.6    14.7 -9999.0 -9999.0 -9999.0
03759 20200428  2.623  -78.47   38.00    19.5     6.8    13.1    11.8     0.0    14.92 C    29.9     5.8    14.0    83.4    42.2    61.3 -99.000   0.370 -99.000 -99.000 -99.000    16.7    14.6 -9999.0 -9999.0 -9999.0
03759 20200429  2.623  -78.47   38.00    22.2     6.8    14.5    14.9     0.0    14.28 C    32.5     6.6    16.4    95.2    52.2    71.7 -99.000   0.361 -99.000 -99.000 -99.000    17.5    15.4 -9999.0 -9999.0 -9999.0
03759 20200430  2.623  -78.47   38.00    17.7    10.9    14.3    13.2    30.4     4.38 C    22.3    11.1    14.4    95.6    68.9    89.9 -99.000   0.405 -99.000 -99.000 -99.000    17.6    15.7 -9999.0 -9999.0 -9999.0
03759 20200501  2.623  -78.47   38.00    16.3     9.0    12.7    12.2     0.0    14.03 C    26.1     7.7    13.7    83.5    44.4    62.6 -99.000   0.389 -99.000 -99.000 -99.000    17.4    15.5 -9999.0 -9999.0 -9999.0
03759 20200502  2.623  -78.47   38.00    20.2     8.5    14.3    14.9     0.0    26.57 C    31.6     5.8    17.2    73.3    34.2    49.5 -99.000   0.373 -99.000 -99.000 -99.000    17.9    16.1 -9999.0 -9999.0 -9999.0
03759 20200503  2.623  -78.47   38.00    27.0    16.5    21.7    22.0     5.7    14.96 C    33.6    13.8    21.0    95.1    38.2    51.2 -99.000   0.357 -99.000 -99.000 -99.000    19.4    17.3 -9999.0 -9999.0 -9999.0
03759 20200504  2.623  -78.47   38.00    23.2    13.0    18.1    18.0     2.2    27.01 C    31.5    10.0    19.2    95.3    21.8    49.4 -99.000   0.367 -99.000 -99.000 -99.000    20.5    18.8 -9999.0 -9999.0 -9999.0
03759 20200505  2.623  -78.47   38.00    14.4     6.6    10.5     8.7     3.9     7.90 C    21.4     6.7    11.2    95.8    37.7    75.3 -99.000   0.372 -99.000 -99.000 -99.000    18.3    17.1 -9999.0 -9999.0 -9999.0
03759 20200506  2.623  -78.47   38.00    15.5     7.1    11.3    10.1     0.5    16.29 C    25.9     6.3    12.8    99.9    42.3    70.5 -99.000   0.371 -99.000 -99.000 -99.000    17.8    16.4 -9999.0 -9999.0 -9999.0
03759 20200507  2.623  -78.47   38.00    18.2     4.1    11.1    12.1     0.0    27.91 C    29.0     2.2    14.4    67.3    20.1    38.2 -99.000   0.359 -99.000 -99.000 -99.000    17.7    16.3 -9999.0 -9999.0 -9999.0
03759 20200508  2.623  -78.47   38.00    16.9     2.8     9.9    12.3     1.4    12.22 C    23.8     2.4    12.5    95.0    27.7    55.6 -99.000   0.348 -99.000 -99.000 -99.000    17.4    16.0 -9999.0 -9999.0 -9999.0
03759 20200509  2.623  -78.47   38.00    11.6     0.4     6.0     5.6     0.0    25.89 C    24.2    -0.8     8.5    63.0    30.7    42.4 -99.000   0.339 -99.000 -99.000 -99.000    16.1    14.8 -9999.0 -9999.0 -9999.0
03759 20200510  2.623  -78.47   38.00    16.8     2.8     9.8    10.5     0.0    28.07 C    28.1     0.3    12.7    49.6    27.2    37.6 -99.000   0.327 -99.000 -99.000 -99.000    15.9    14.9 -9999.0 -9999.0 -9999.0
03759 20200511  2.623  -78.47   38.00    14.3     4.6     9.4    10.1     0.0    22.77 C    27.6     2.3    12.5    68.2    36.8    48.0 -99.000   0.312 -99.000 -99.000 -99.000    16.8    15.7 -9999.0 -9999.0 -9999.0
03759 20200512  2.623  -78.47   38.00    15.9     4.7    10.3    10.1     0.0    25.18 C    29.8     3.3    13.3    61.9    28.7    42.5 -99.000   0.297 -99.000 -99.000 -99.000    16.7    15.7 -9999.0 -9999.0 -9999.0
03759 20200513  2.623  -78.47   38.00    18.5     8.9    13.7    13.5     0.0    23.41 C    34.3     2.7    15.9    45.0    27.9    35.2 -99.000   0.283 -99.000 -99.000 -99.000    16.9    16.1 -9999.0 -9999.0 -9999.0
03759 20200514  2.623  -78.47   38.00    23.2     9.4    16.3    17.1     0.5    17.02 C    37.4     9.5    18.9    79.9    43.0    62.6 -99.000   0.268 -99.000 -99.000 -99.000    17.8    16.9 -9999.0 -9999.0 -9999.0
03759 20200515  2.623  -78.47   38.00    27.0    15.4    21.2    21.6     0.0    26.28 C    38.7    13.6    23.9    87.3    36.4    60.5 -99.000   0.253 -99.000 -99.000 -99.000    20.0    19.0 -9999.0 -9999.0 -9999.0
03759 20200516  2.623  -78.47   38.00    25.9    17.9    21.9    21.5     0.0    17.13 C    40.8    14.5    22.8    71.6    53.8    60.3 -99.000   0.235 -99.000 -99.000 -99.000    21.0    19.9 -9999.0 -9999.0 -9999.0
03759 20200517  2.623  -78.47   38.00    19.1    14.8    16.9    16.4     0.0     4.69 C    22.4    14.1    18.0    95.3    67.1    88.0 -99.000   0.224 -99.000 -99.000 -99.000    20.7    19.0 -9999.0 -9999.0 -9999.0
03759 20200518  2.623  -78.47   38.00    15.2    12.7    13.9    14.1     7.5     4.52 C    21.7    13.6    15.9    95.5    79.1    93.3 -99.000   0.219 -99.000 -99.000 -99.000    20.0    17.9 -9999.0 -9999.0 -9999.0
03759 20200519  2.623  -78.47   38.00    14.4     9.8    12.1    12.2     1.1     6.01 C    19.6     8.9    12.7    83.2    43.3    64.2 -99.000   0.217 -99.000 -99.000 -99.000    18.8    16.6 -9999.0 -9999.0 -9999.0
03759 20200520  2.623  -78.47   38.00    11.2     8.5     9.8     9.7     2.2     4.69 C    14.5     8.4    10.7    95.0    43.7    71.6 -99.000   0.216 -99.000 -99.000 -99.000    17.2    14.7 -9999.0 -9999.0 -9999.0
03759 20200521  2.623  -78.47   38.00    14.6     7.9    11.2    11.1    22.4     4.72 C    16.8     9.2    12.8    96.5    83.8    91.7 -99.000   0.249 -99.000 -99.000 -99.000    17.1    14.4 -9999.0 -9999.0 -9999.0
03759 20200522  2.623  -78.47   38.00    23.2    14.2    18.7    17.9    24.5    14.90 C    33.6    14.5    20.1    99.0    63.1    86.0 -99.000   0.407 -99.000 -99.000 -99.000    18.9    16.7 -9999.0 -9999.0 -9999.0
03759 20200523  2.623  -78.47   38.00    25.6    15.8    20.7    20.9     0.0    23.04 C    36.8    14.6    23.7    98.7    51.5    72.0 -99.000   0.376 -99.000 -99.000 -99.000    21.0    19.8 -9999.0 -9999.0 -9999.0
03759 20200524  2.623  -78.47   38.00    22.5    14.7    18.6    17.1     0.0     7.37 C    27.6    14.9    18.6    95.3    57.0    86.7 -99.000   0.363 -99.000 -99.000 -99.000    20.9    19.8 -9999.0 -9999.0 -9999.0
03759 20200525  2.623  -78.47   38.00    21.8    13.7    17.8    17.3     0.0    12.35 C    35.4    14.9    20.0   100.0    69.5    87.2 -99.000   0.357 -99.000 -99.000 -99.000    20.7    19.5 -9999.0 -9999.0 -9999.0
03759 20200526  2.623  -78.47   38.00    24.4    15.7    20.0    19.2     0.0    19.79 C    37.2    16.0    22.7    99.3    57.6    81.5 -99.000   0.349 -99.000 -99.000 -99.000    21.8    20.7 -9999.0 -9999.0 -9999.0
03759 20200527  2.623  -78.47   38.00    22.0    17.0    19.5    19.4     1.6     9.67 C    29.4    16.5    21.5    95.1    75.3    86.7 -99.000   0.340 -99.000 -99.000 -99.000    22.1    21.0 -9999.0 -9999.0 -9999.0
03759 20200528  2.623  -78.47   38.00    26.2    19.4    22.8    22.3     8.7    19.94 C    35.0    19.7    24.7    95.2    67.2    85.6 -99.000   0.363 -99.000 -99.000 -99.000    23.2    22.1 -9999.0 -9999.0 -9999.0
03759 20200529  2.623  -78.47   38.00    25.4    18.1    21.8    22.4    12.8    13.89 C    32.9    18.2    23.9   100.0    73.7    87.1 -99.000   0.365 -99.000 -99.000 -99.000    24.0    23.2 -9999.0 -9999.0 -9999.0
03759 20200530  2.623  -78.47   38.00    25.9    18.3    22.1    21.9     0.2    22.04 C    35.6    17.0    23.8    93.3    44.9    69.1 -99.000   0.406 -99.000 -99.000 -99.000    24.1    23.2 -9999.0 -9999.0 -9999.0
03759 20200531  2.623  -78.47   38.00    22.3    13.6    17.9    17.8     0.0    27.18 C    32.9    12.1    20.6    67.7    38.3    50.5 -99.000   0.379 -99.000 -99.000 -99.000    23.6    23.1 -9999.0 -9999.0 -9999.0
03759 20200601  2.623  -78.47   38.00    20.2     9.9    15.1    15.7     0.0    29.04 C    32.1     8.4    18.6    57.6    34.6    45.1 -99.000   0.362 -99.000 -99.000 -99.000    22.4    22.1 -9999.0 -9999.0 -9999.0
03759 20200602  2.623  -78.47   38.00    26.2    12.8    19.5    21.0     0.0    22.56 C    37.8    11.0    22.1    75.4    36.3    46.4 -99.000   0.348 -99.000 -99.000 -99.000    22.2    22.0 -9999.0 -9999.0 -9999.0
03759 20200603  2.623  -78.47   38.00    30.8    23.4    27.1    26.8     0.0    24.61 C    41.6    19.8    27.2    63.8    32.5    46.1 -99.000   0.330 -99.000 -99.000 -99.000    23.6    23.0 -9999.0 -9999.0 -9999.0
03759 20200604  2.623  -78.47   38.00    30.5    23.4    26.9    26.4     0.0    22.84 C    44.4    19.4    28.1    74.4    42.5    54.4 -99.000   0.306 -99.000 -99.000 -99.000    24.5    24.1 -9999.0 -9999.0 -9999.0
03759 20200605  2.623  -78.47   38.00    28.1    20.4    24.2    22.9     4.0    21.50 C    41.8    19.2    26.3    94.7    59.6    78.3 -99.000   0.284 -99.000 -99.000 -99.000    25.0    24.6 -9999.0 -9999.0 -9999.0
03759 20200606  2.623  -78.47   38.00    29.5    19.5    24.5    24.5     0.0    24.48 C    40.3    18.4    27.0    94.9    51.8    70.9 -99.000   0.268 -99.000 -99.000 -99.000    25.6    25.1 -9999.0 -9999.0 -9999.0
03759 20200607  2.623  -78.47   38.00    26.1    18.4    22.3    22.5     0.0    28.65 C    41.6    15.7    25.7    71.0    35.0    48.9 -99.000   0.253 -99.000 -99.000 -99.000    25.5    25.2 -9999.0 -9999.0 -9999.0
03759 20200608  2.623  -78.47   38.00    27.0    15.8    21.4    22.1     0.0    28.12 C    41.7    13.7    25.6    74.2    46.6    54.5 -99.000   0.236 -99.000 -99.000 -99.000    24.7    24.7 -9999.0 -9999.0 -9999.0
03759 20200609  2.623  -78.47   38.00    29.0    17.7    23.3    24.0     0.0    25.59 C    43.6    16.6    27.7    85.8    60.6    71.8 -99.000   0.221 -99.000 -99.000 -99.000    25.4    25.5 -9999.0 -9999.0 -9999.0
03759 20200610  2.623  -78.47   38.00    29.7    21.6    25.6    24.4    26.1    20.31 C    42.5    21.3    27.4    95.2    60.7    82.8 -99.000   0.257 -99.000 -99.000 -99.000    26.1    26.0 -9999.0 -9999.0 -9999.0
03759 20200611  2.623  -78.47   38.00    27.6    21.7    24.6    24.2     1.3    21.58 C    37.8    20.7    26.5    95.1    51.9    73.0 -99.000   0.391 -99.000 -99.000 -99.000    26.4    26.2 -9999.0 -9999.0 -9999.0
03759 20200612  2.623  -78.47   38.00    26.8    17.2    22.0    22.5     0.0    26.92 C    39.0    15.4    24.8    69.5    31.9    48.6 -99.000   0.361 -99.000 -99.000 -99.000    25.9    25.9 -9999.0 -9999.0 -9999.0
03759 20200613  2.623  -78.47   38.00    23.5    15.9    19.7    18.9     0.5    23.55 C    38.1    13.4    22.2    93.1    45.3    60.4 -99.000   0.336 -99.000 -99.000 -99.000    24.9    25.0 -9999.0 -9999.0 -9999.0
03759 20200614  2.623  -78.47   38.00    21.2    15.1    18.2    17.7     0.0    17.39 C    33.4    15.0    21.1    94.6    64.5    73.3 -99.000   0.313 -99.000 -99.000 -99.000    24.4    24.0 -9999.0 -9999.0 -9999.0
03759 20200615  2.623  -78.47   38.00    18.6    13.2    15.9    15.9     0.6     9.36 C    26.4    13.9    17.7    92.4    58.8    73.7 -99.000   0.290 -99.000 -99.000 -99.000    23.1    22.4 -9999.0 -9999.0 -9999.0
03759 20200616  2.623  -78.47   38.00    17.9    13.6    15.8    15.5     8.6     7.75 C    23.6    14.1    16.8    94.5    62.9    73.8 -99.000   0.275 -99.000 -99.000 -99.000    22.4    20.9 -9999.0 -9999.0 -9999.0
03759 20200617  2.623  -78.47   38.00    17.6    13.1    15.4    15.8    10.8     3.79 C    20.2    14.2    17.1    99.0    88.3    93.2 -99.000   0.385 -99.000 -99.000 -99.000    21.7    19.7 -9999.0 -9999.0 -9999.0
03759 20200618  2.623  -78.47   38.00    23.3    17.3    20.3    19.3     3.5    14.03 C    33.5    17.8    21.3    98.8    65.3    84.5 -99.000   0.420 -99.000 -99.000 -99.000    22.5    21.1 -9999.0 -9999.0 -9999.0
03759 20200619  2.623  -78.47   38.00    24.4    16.9    20.6    19.8     4.3    14.57 C    34.6    16.4    21.9    95.2    63.8    85.3 -99.000   0.416 -99.000 -99.000 -99.000    23.1    22.4 -9999.0 -9999.0 -9999.0
03759 20200620  2.623  -78.47   38.00    25.3    17.7    21.5    20.3     0.3    14.95 C    35.1    17.3    22.6    97.9    67.0    87.1 -99.000   0.396 -99.000 -99.000 -99.000    23.8    23.2 -9999.0 -9999.0 -9999.0
03759 20200621  2.623  -78.47   38.00    26.2    18.1    22.2    21.8     0.0    21.33 C    36.1    17.7    24.7    95.3    65.1    81.3 -99.000   0.380 -99.000 -99.000 -99.000    24.7    24.3 -9999.0 -9999.0 -9999.0
03759 20200622  2.623  -78.47   38.00    28.6    19.9    24.3    24.1     0.0    21.63 C    37.3    19.1    25.7    95.0    50.9    75.6 -99.000   0.362 -99.000 -99.000 -99.000    25.5    25.3 -9999.0 -9999.0 -9999.0
03759 20200623  2.623  -78.47   38.00    29.0    19.4    24.2    23.1     0.6    21.79 C    38.1    18.8    25.6    98.9    56.7    83.1 -99.000   0.342 -99.000 -99.000 -99.000    25.9    25.9 -9999.0 -9999.0 -9999.0
03759 20200624  2.623  -78.47   38.00    26.9    19.4    23.2    23.3     0.0    27.66 C    36.7    17.9    24.9    84.9    39.8    58.1 -99.000   0.314 -99.000 -99.000 -99.000    25.6    25.8 -9999.0 -9999.0 -9999.0
03759 20200625  2.623  -78.47   38.00    27.1    18.6    22.9    23.2     0.0    24.09 C    35.5    16.6    24.0    74.7    45.4    57.2 -99.000   0.280 -99.000 -99.000 -99.000    25.3    25.4 -9999.0 -9999.0 -9999.0
03759 20200626  2.623  -78.47   38.00    28.4    18.6    23.5    24.1     0.0    25.66 C    40.9    15.1    25.7    74.8    37.9    52.4 -99.000   0.249 -99.000 -99.000 -99.000    24.9    25.2 -9999.0 -9999.0 -9999.0
03759 20200627  2.623  -78.47   38.00    29.8    23.3    26.6    26.4     0.0    24.26 C    42.1    20.0    28.1    63.5    44.5    51.9 -99.000   0.217 -99.000 -99.000 -99.000    25.5    25.6 -9999.0 -9999.0 -9999.0
03759 20200628  2.623  -78.47   38.00    29.1    22.2    25.7    24.9     0.0    20.32 C    44.6    20.9    27.3    82.0    57.3    67.6 -99.000   0.196 -99.000 -99.000 -99.000    26.0    26.1 -9999.0 -9999.0 -9999.0
03759 20200629  2.623  -78.47   38.00    30.2    20.8    25.5    25.2     0.0    25.47 C    44.7    19.1    27.9    79.5    39.5    58.9 -99.000   0.184 -99.000 -99.000 -99.000    26.4    26.3 -9999.0 -9999.0 -9999.0
03759 20200630  2.623  -78.47   38.00    29.0    21.0    25.0    25.2     3.9    22.33 C    44.8    18.4    27.7    87.8    45.4    57.6 -99.000   0.175 -99.000 -99.000 -99.000    26.6    26.4 -9999.0 -9999.0 -9999.0
03759 20200701  2.623  -78.47   38.00    29.5    19.0    24.2    22.7    51.9    21.94 C    39.8    18.3    25.5    93.1    51.4    77.6 -99.000   0.363 -99.000 -99.000 -99.000    26.3    25.8 -9999.0 -9999.0 -9999.0
03759 20200702  2.623  -78.47   38.00    28.7    19.4    24.0    24.3     0.0    23.77 C    39.6    17.7    25.8    87.3    45.1    63.2 -99.000   0.360 -99.000 -99.000 -99.000    27.0    26.0 -9999.0 -9999.0 -9999.0
03759 20200703  2.623  -78.47   38.00    31.1    21.7    26.4    26.7     0.0    26.80 C    41.1    18.7    27.8    67.5    36.8    52.9 -99.000   0.325 -99.000 -99.000 -99.000    27.6    26.6 -9999.0 -9999.0 -9999.0
03759 20200704  2.623  -78.47   38.00    30.7    23.3    27.0    26.8     0.0    24.75 C    42.7    20.2    28.4    80.8    45.7    58.1 -99.000   0.282 -99.000 -99.000 -99.000    28.3    27.3 -9999.0 -9999.0 -9999.0
03759 20200705  2.623  -78.47   38.00    30.3    20.8    25.5    24.1     2.7    17.01 C    42.8    21.0    26.3    95.1    47.2    78.6 -99.000   0.246 -99.000 -99.000 -99.000    28.2    27.2 -9999.0 -9999.0 -9999.0
03759 20200706  2.623  -78.47   38.00    30.9    20.6    25.7    26.3     0.4    21.86 C    39.8    20.9    27.6    93.2    48.6    67.0 -99.000   0.222 -99.000 -99.000 -99.000    28.2    27.2 -9999.0 -9999.0 -9999.0
03759 20200707  2.623  -78.47   38.00    30.1    20.8    25.4    25.9     0.0    26.41 C    41.4    20.5    28.8    94.9    51.7    68.0 -99.000   0.199 -99.000 -99.000 -99.000    28.8    27.6 -9999.0 -9999.0 -9999.0
03759 20200708  2.623  -78.47   38.00    29.3    20.6    25.0    24.4     0.0    21.06 C    42.1    20.3    27.4    98.1    50.5    76.1 -99.000   0.184 -99.000 -99.000 -99.000    28.8    27.6 -9999.0 -9999.0 -9999.0
03759 20200709  2.623  -78.47   38.00    29.6    20.8    25.2    25.0     0.0    23.38 C    42.2    18.8    27.7    92.4    51.3    72.6 -99.000   0.174 -99.000 -99.000 -99.000    28.7    27.4 -9999.0 -9999.0 -9999.0
03759 20200710  2.623  -78.47   38.00    31.1    20.5    25.8    24.9     7.3    23.21 C    43.3    19.8    28.2    93.8    46.1    72.9 -99.000   0.170 -99.000 -99.000 -99.000    29.0    27.8 -9999.0 -9999.0 -9999.0
03759 20200711  2.623  -78.47   38.00    30.0    20.7    25.3    25.2     0.0    26.95 C    38.4    20.1    26.7    86.4    41.0    58.4 -99.000   0.174 -99.000 -99.000 -99.000    28.5    27.5 -9999.0 -9999.0 -9999.0
03759 20200712  2.623  -78.47   38.00    29.2    19.9    24.5    23.4     1.3    16.37 C    40.2    18.3    24.1    93.9    41.6    64.7 -99.000   0.167 -99.000 -99.000 -99.000    27.4    26.5 -9999.0 -9999.0 -9999.0
03759 20200713  2.623  -78.47   38.00    29.0    18.6    23.8    24.2     0.5    26.39 C    40.5    18.1    26.9    91.8    41.6    63.0 -99.000   0.164 -99.000 -99.000 -99.000    27.8    26.5 -9999.0 -9999.0 -9999.0
03759 20200714  2.623  -78.47   38.00    29.1    20.3    24.7    24.7     0.0    26.65 C    42.9    18.1    27.8    85.4    41.8    58.2 -99.000   0.161 -99.000 -99.000 -99.000    28.2    27.2 -9999.0 -9999.0 -9999.0
03759 20200715  2.623  -78.47   38.00    29.9    21.5    25.7    25.5     0.0    23.30 C    43.3    20.0    28.4    87.4    53.0    68.2 -99.000   0.156 -99.000 -99.000 -99.000    28.5    27.5 -9999.0 -9999.0 -9999.0
03759 20200716  2.623  -78.47   38.00    28.5    19.9    24.2    24.3     0.0    16.84 C    40.2    20.1    27.0    89.6    52.4    72.2 -99.000   0.153 -99.000 -99.000 -99.000    28.3    27.3 -9999.0 -9999.0 -9999.0
03759 20200717  2.623  -78.47   38.00    32.0    21.3    26.7    25.2     2.3    18.37 C    47.0    20.7    27.4    93.3    52.3    74.4 -99.000   0.151 -99.000 -99.000 -99.000    28.3    27.2 -9999.0 -9999.0 -9999.0
03759 20200718  2.623  -78.47   38.00    32.1     0.0    16.1    20.5 -9999.0    25.43 C    44.6     0.0    23.0 -9999.0 -9999.0 -9999.0 -99.000 -99.000 -99.000 -99.000 -99.000    25.2    24.1 -9999.0 -9999.0 -9999.0
03759 20200719  2.623  -78.47   38.00    33.5    24.3    28.9    29.2     0.0    22.81 C    47.9    22.2    31.6    74.2    44.5    56.4 -99.000   0.148 -99.000 -99.000 -99.000    29.6    28.7 -9999.0 -9999.0 -9999.0
03759 20200720  2.623  -78.47   38.00    33.8    25.0    29.4    29.2     0.0    22.91 C    48.6    22.8    32.0    69.1    43.9    55.0 -99.000   0.145 -99.000 -99.000 -99.000    29.9    29.1 -9999.0 -9999.0 -9999.0
03759 20200721  2.623  -78.47   38.00    34.0    21.6    27.8    27.4     0.0    22.92 C    49.9    22.0    31.3    92.3    43.0    62.9 -99.000   0.142 -99.000 -99.000 -99.000    30.0    29.3 -9999.0 -9999.0 -9999.0
03759 20200722  2.623  -78.47   38.00    31.6    20.8    26.2    23.8     8.3    14.09 C    47.9    21.4    26.5    94.9    56.8    82.2 -99.000   0.141 -99.000 -99.000 -99.000    28.8    28.4 -9999.0 -9999.0 -9999.0
03759 20200723  2.623  -78.47   38.00    31.1    21.0    26.0    24.7    21.5    19.58 C    44.1    21.1    27.5    94.7    52.6    73.9 -99.000   0.195 -99.000 -99.000 -99.000    28.5    27.7 -9999.0 -9999.0 -9999.0
03759 20200724  2.623  -78.47   38.00    28.8    20.6    24.7    23.2    10.5    15.62 C    38.6    20.5    25.5    94.8    63.8    82.1 -99.000   0.327 -99.000 -99.000 -99.000    28.4    27.5 -9999.0 -9999.0 -9999.0
03759 20200725  2.623  -78.47   38.00    29.9    20.8    25.4    25.8     0.0    24.87 C    38.9    20.0    27.6    90.2    53.3    70.9 -99.000   0.332 -99.000 -99.000 -99.000    28.9    27.7 -9999.0 -9999.0 -9999.0
03759 20200726  2.623  -78.47   38.00    31.5    22.4    27.0    27.5     0.0    25.69 C    40.8    21.0    29.0    88.5    44.0    60.1 -99.000   0.284 -99.000 -99.000 -99.000    29.5    28.5 -9999.0 -9999.0 -9999.0
03759 20200727  2.623  -78.47   38.00    31.8    22.7    27.2    27.6     0.0    25.41 C    41.8    20.4    29.2    76.4    47.8    58.7 -99.000   0.226 -99.000 -99.000 -99.000    29.6    28.6 -9999.0 -9999.0 -9999.0
03759 20200728  2.623  -78.47   38.00    32.7    22.0    27.3    26.3     0.7    21.32 C    43.7    21.8    28.3    92.5    47.2    66.4 -99.000   0.176 -99.000 -99.000 -99.000    29.3    28.3 -9999.0 -9999.0 -9999.0
03759 20200729  2.623  -78.47   38.00    30.4    21.2    25.8    26.0     0.0    24.39 C    42.4    20.2    28.9    91.3    47.6    68.5 -99.000   0.159 -99.000 -99.000 -99.000    29.5    28.1 -9999.0 -9999.0 -9999.0
03759 20200730  2.623  -78.47   38.00    31.3    20.7    26.0    25.0    14.0    18.32 C    44.4    20.8    27.5    94.8    53.1    76.4 -99.000   0.158 -99.000 -99.000 -99.000    29.2    28.0 -9999.0 -9999.0 -9999.0
03759 20200731  2.623  -78.47   38.00    24.5    20.7    22.6    21.8     7.0     6.15 C    31.5    21.0    23.8    98.8    87.6    94.9 -99.000   0.243 -99.000 -99.000 -99.000    28.1    26.6 -9999.0 -9999.0 -9999.0
03759 20200801  2.623  -78.47   38.00    28.2    20.6    24.4    23.8    11.9    16.58 C    36.3    20.3    25.9    95.4    69.3    85.7 -99.000   0.331 -99.000 -99.000 -99.000    28.3    26.6 -9999.0 -9999.0 -9999.0
03759 20200802  2.623  -78.47   38.00    29.9    22.3    26.1    25.4     0.0    19.08 C    36.2    22.4    26.7    99.3    53.1    77.0 -99.000   0.349 -99.000 -99.000 -99.000    28.7    27.2 -9999.0 -9999.0 -9999.0
03759 20200803  2.623  -78.47   38.00    25.9    19.1    22.5    22.0    24.8     8.37 C    31.9    20.1    23.4    95.2    68.9    87.4 -99.000   0.356 -99.000 -99.000 -99.000    27.7    26.2 -9999.0 -9999.0 -9999.0
03759 20200804  2.623  -78.47   38.00    28.4    19.0    23.7    23.8    16.7    21.98 C    34.7    19.4    25.0    98.0    48.1    72.2 -99.000   0.399 -99.000 -99.000 -99.000    27.2    25.5 -9999.0 -9999.0 -9999.0
03759 20200805  2.623  -78.47   38.00    28.3    19.6    24.0    24.2     3.3    23.33 C    36.4    18.9    25.8    93.7    55.4    70.1 -99.000   0.355 -99.000 -99.000 -99.000    27.9    26.3 -9999.0 -9999.0 -9999.0
03759 20200806  2.623  -78.47   38.00    27.5    19.0    23.2    21.6     1.7    16.81 C    35.6    20.0    24.2    94.9    65.6    85.8 -99.000   0.335 -99.000 -99.000 -99.000    28.1    26.5 -9999.0 -9999.0 -9999.0
03759 20200807  2.623  -78.47   38.00    25.8    18.7    22.3    21.8     0.0    11.07 C    32.2    18.5    23.3    98.6    69.2    86.0 -99.000   0.322 -99.000 -99.000 -99.000    27.4    25.8 -9999.0 -9999.0 -9999.0
03759 20200808  2.623  -78.47   38.00    27.3    20.4    23.8    22.8     0.0    12.78 C    34.3    20.5    24.5    97.8    66.5    86.7 -99.000   0.311 -99.000 -99.000 -99.000    27.7    25.9 -9999.0 -9999.0 -9999.0
03759 20200809  2.623  -78.47   38.00    29.5    21.1    25.3    24.9     0.0    21.57 C    36.1    20.1    26.6    95.0    58.3    79.0 -99.000   0.297 -99.000 -99.000 -99.000    28.4    26.7 -9999.0 -9999.0 -9999.0
03759 20200810  2.623  -78.47   38.00    30.7    21.9    26.3    25.7     1.1    23.69 C    37.9    20.4    26.7    94.1    46.9    73.4 -99.000   0.277 -99.000 -99.000 -99.000    28.9    27.4 -9999.0 -9999.0 -9999.0
03759 20200811  2.623  -78.47   38.00    29.8    20.9    25.4    25.0     0.2    20.33 C    36.7    20.7    26.8    97.0    56.9    82.4 -99.000   0.260 -99.000 -99.000 -99.000    29.1    27.6 -9999.0 -9999.0 -9999.0
03759 20200812  2.623  -78.47   38.00    29.6    21.0    25.3    24.1     3.4    18.64 C    36.9    21.8    26.2    94.9    62.7    83.2 -99.000   0.244 -99.000 -99.000 -99.000    29.4    27.9 -9999.0 -9999.0 -9999.0
03759 20200813  2.623  -78.47   38.00    27.2    21.0    24.1    22.6     0.0    10.25 C    34.7    20.8    24.3    99.1    70.9    90.4 -99.000   0.231 -99.000 -99.000 -99.000    28.6    26.9 -9999.0 -9999.0 -9999.0
03759 20200814  2.623  -78.47   38.00    27.1    21.0    24.0    22.9    19.8    12.54 C    34.7    21.5    24.6    99.8    68.8    88.0 -99.000   0.353 -99.000 -99.000 -99.000    28.2    26.5 -9999.0 -9999.0 -9999.0
03759 20200815  2.623  -78.47   38.00    21.1    15.4    18.3    17.5    18.0     3.39 C    21.9    16.5    18.9    95.2    74.5    91.1 -99.000   0.415 -99.000 -99.000 -99.000    26.2    24.7 -9999.0 -9999.0 -9999.0
03759 20200816  2.623  -78.47   38.00    22.9    15.8    19.3    19.2    13.5    11.77 C    30.1    16.7    20.7    95.6    69.4    85.4 -99.000   0.405 -99.000 -99.000 -99.000    25.0    23.2 -9999.0 -9999.0 -9999.0
03759 20200817  2.623  -78.47   38.00    26.5    17.7    22.1    21.3     1.7    18.10 C    33.8    16.8    22.4    94.5    52.5    82.2 -99.000   0.374 -99.000 -99.000 -99.000    25.8    24.2 -9999.0 -9999.0 -9999.0
03759 20200818  2.623  -78.47   38.00    27.6    18.6    23.1    22.5     0.0    19.91 C    33.8    16.6    22.5    89.5    48.3    66.3 -99.000   0.365 -99.000 -99.000 -99.000    26.1    24.8 -9999.0 -9999.0 -9999.0
03759 20200819  2.623  -78.47   38.00    25.2    17.2    21.2    20.7    13.1    15.68 C    32.9    17.0    22.0    95.1    65.5    80.6 -99.000   0.396 -99.000 -99.000 -99.000    25.9    24.5 -9999.0 -9999.0 -9999.0
03759 20200820  2.623  -78.47   38.00    25.6    16.7    21.1    21.1     0.0    21.54 C    32.0    15.8    22.1    90.0    55.5    73.6 -99.000   0.377 -99.000 -99.000 -99.000    25.9    24.5 -9999.0 -9999.0 -9999.0
03759 20200821  2.623  -78.47   38.00    25.3    19.5    22.4    21.8     0.8    13.19 C    32.0    19.6    23.3    95.0    74.5    86.2 -99.000   0.364 -99.000 -99.000 -99.000    26.5    25.0 -9999.0 -9999.0 -9999.0
03759 20200822  2.623  -78.47   38.00    26.6    19.7    23.1    22.3    11.0    16.15 C    32.9    19.6    24.0    95.0    71.7    86.5 -99.000   0.401 -99.000 -99.000 -99.000    26.8    25.3 -9999.0 -9999.0 -9999.0
03759 20200823  2.623  -78.47   38.00    28.1    19.0    23.6    23.6     0.9    17.98 C    34.2    17.9    24.2    94.7    65.1    77.5 -99.000   0.381 -99.000 -99.000 -99.000    27.0    25.7 -9999.0 -9999.0 -9999.0
03759 20200824  2.623  -78.47   38.00    29.0    21.3    25.2    25.0     0.0    20.91 C    34.0    20.5    25.5    90.6    57.7    75.1 -99.000   0.368 -99.000 -99.000 -99.000    27.5    26.1 -9999.0 -9999.0 -9999.0
03759 20200825  2.623  -78.47   38.00    29.9    22.1    26.0    25.7     0.0    21.29 C    33.3    20.2    25.6    82.6    54.4    65.5 -99.000   0.353 -99.000 -99.000 -99.000    27.7    26.5 -9999.0 -9999.0 -9999.0
03759 20200826  2.623  -78.47   38.00    27.8    20.6    24.2    24.5     0.0    22.28 C    32.6    16.9    24.5    75.0    51.2    63.4 -99.000   0.337 -99.000 -99.000 -99.000    27.5    26.3 -9999.0 -9999.0 -9999.0
03759 20200827  2.623  -78.47   38.00    30.4    22.4    26.4    26.1     0.2    15.38 C    34.1    20.8    25.2    85.7    57.8    65.5 -99.000   0.319 -99.000 -99.000 -99.000    27.5    26.3 -9999.0 -9999.0 -9999.0
03759 20200828  2.623  -78.47   38.00    30.5    22.7    26.6    26.5     2.7    16.26 C    35.3    21.6    26.4    87.7    57.1    68.2 -99.000   0.301 -99.000 -99.000 -99.000    27.7    26.2 -9999.0 -9999.0 -9999.0
03759 20200829  2.623  -78.47   38.00    29.1    21.2    25.2    24.0     4.9    12.89 C    32.5    18.7    24.1    95.0    53.3    79.6 -99.000   0.287 -99.000 -99.000 -99.000    27.7    26.2 -9999.0 -9999.0 -9999.0
03759 20200830  2.623  -78.47   38.00    26.1    19.2    22.7    22.3     0.0    22.52 C    31.4    16.9    22.6    79.3    42.2    61.6 -99.000   0.279 -99.000 -99.000 -99.000    27.0    25.8 -9999.0 -9999.0 -9999.0
03759 20200831  2.623  -78.47   38.00    20.3    17.0    18.6    18.0    69.0     0.42 C    19.1    17.2    18.2    97.6    69.3    90.6 -99.000   0.380 -99.000 -99.000 -99.000    24.1    22.8 -9999.0 -9999.0 -9999.0
03759 20200901  2.623  -78.47   38.00    20.9    16.8    18.8    19.0     5.7     3.66 C    24.0    17.5    20.1    97.0    96.2    96.6 -99.000   0.419 -99.000 -99.000 -99.000    23.7    21.7 -9999.0 -9999.0 -9999.0
03759 20200902  2.623  -78.47   38.00    28.2    20.6    24.4    24.1     0.0    14.57 C    32.9    20.9    24.7    96.6    69.8    86.5 -99.000   0.395 -99.000 -99.000 -99.000    25.5    23.5 -9999.0 -9999.0 -9999.0
03759 20200903  2.623  -78.47   38.00    30.4    22.2    26.3    26.4     0.0    19.32 C    34.6    20.0    26.1    86.1    57.3    70.6 -99.000   0.382 -99.000 -99.000 -99.000    26.7    25.1 -9999.0 -9999.0 -9999.0
03759 20200904  2.623  -78.47   38.00    29.3    19.8    24.6    24.2     5.8    19.40 C    32.9    18.4    24.0    91.6    50.9    70.1 -99.000   0.367 -99.000 -99.000 -99.000    26.8    25.5 -9999.0 -9999.0 -9999.0
03759 20200905  2.623  -78.47   38.00    23.7    16.5    20.1    19.8     0.0    20.91 C    29.6    13.6    19.8    91.2    43.7    59.1 -99.000   0.358 -99.000 -99.000 -99.000    25.5    24.6 -9999.0 -9999.0 -9999.0
03759 20200906  2.623  -78.47   38.00    25.0    17.3    21.1    20.9     0.0    21.39 C    29.3    12.8    20.2    73.9    45.5    58.1 -99.000   0.349 -99.000 -99.000 -99.000    24.7    23.7 -9999.0 -9999.0 -9999.0
03759 20200907  2.623  -78.47   38.00    25.5    17.2    21.4    21.2     0.0    21.27 C    30.1    14.8    21.1    80.6    47.0    64.0 -99.000   0.339 -99.000 -99.000 -99.000    24.8    23.7 -9999.0 -9999.0 -9999.0
03759 20200908  2.623  -78.47   38.00    25.7    16.0    20.8    21.8     0.0    19.26 C    30.9    14.6    21.8    87.5    57.2    70.2 -99.000   0.326 -99.000 -99.000 -99.000    24.9    23.7 -9999.0 -9999.0 -9999.0
03759 20200909  2.623  -78.47   38.00    23.7    19.3    21.5    21.4     0.6     6.15 C    28.8    19.4    22.3    97.1    80.1    89.8 -99.000   0.314 -99.000 -99.000 -99.000    25.3    23.8 -9999.0 -9999.0 -9999.0
03759 20200910  2.623  -78.47   38.00    27.9    21.3    24.6    23.7     1.1    12.50 C    34.2    20.9    24.6    96.4    67.0    88.7 -99.000   0.306 -99.000 -99.000 -99.000    26.1    24.4 -9999.0 -9999.0 -9999.0
03759 20200911  2.623  -78.47   38.00    26.4    19.5    23.0    23.1     0.0    13.30 C    30.8    19.1    23.5    94.6    65.7    82.3 -99.000   0.295 -99.000 -99.000 -99.000    26.3    24.8 -9999.0 -9999.0 -9999.0
03759 20200912  2.623  -78.47   38.00    19.9    17.5    18.7    19.0     4.7     3.13 C    21.7    17.7    19.6    95.1    87.8    93.2 -99.000   0.286 -99.000 -99.000 -99.000    25.3    23.8 -9999.0 -9999.0 -9999.0
03759 20200913  2.623  -78.47   38.00    24.8    15.6    20.2    20.4     0.0    19.72 C    29.4    14.4    21.4    92.6    65.2    79.4 -99.000   0.280 -99.000 -99.000 -99.000    24.9    23.4 -9999.0 -9999.0 -9999.0
03759 20200914  2.623  -78.47   38.00    23.5    15.9    19.7    20.3     0.0    13.47 C    28.2    13.8    20.8    94.8    58.3    76.9 -99.000   0.272 -99.000 -99.000 -99.000    25.1    23.8 -9999.0 -9999.0 -9999.0
03759 20200915  2.623  -78.47   38.00    17.2    10.5    13.8    13.9     0.0    16.96 C    23.8     8.7    14.4    84.4    53.8    68.1 -99.000   0.263 -99.000 -99.000 -99.000    22.9    22.2 -9999.0 -9999.0 -9999.0
03759 20200916  2.623  -78.47   38.00    19.8    10.7    15.3    15.4     0.0    14.39 C    24.2     8.4    15.4    84.5    64.2    74.3 -99.000   0.254 -99.000 -99.000 -99.000    21.8    20.8 -9999.0 -9999.0 -9999.0
03759 20200917  2.623  -78.47   38.00    17.9    14.6    16.2    16.7    17.1     2.13 C    19.4    14.1    17.3    97.9    73.0    88.8 -99.000   0.282 -99.000 -99.000 -99.000    21.9    20.6 -9999.0 -9999.0 -9999.0
03759 20200918  2.623  -78.47   38.00    21.4    12.6    17.0    17.3     0.0    11.16 C    26.8    10.9    18.2   100.0    63.4    82.1 -99.000   0.390 -99.000 -99.000 -99.000    22.3    21.0 -9999.0 -9999.0 -9999.0
03759 20200919  2.623  -78.47   38.00    15.0     7.1    11.1    10.9     0.0    18.40 C    23.5     5.1    11.6    77.1    38.4    54.6 -99.000   0.373 -99.000 -99.000 -99.000    20.5    19.9 -9999.0 -9999.0 -9999.0
03759 20200920  2.623  -78.47   38.00    17.1     6.0    11.5    11.4     0.0    21.08 C    23.5     4.0    11.8    81.3    38.7    57.7 -99.000   0.360 -99.000 -99.000 -99.000    19.2    18.5 -9999.0 -9999.0 -9999.0
03759 20200921  2.623  -78.47   38.00    16.7     6.7    11.7    11.6     0.0    20.41 C    24.7     5.2    12.1    81.6    43.0    61.2 -99.000   0.350 -99.000 -99.000 -99.000    18.9    18.2 -9999.0 -9999.0 -9999.0
03759 20200922  2.623  -78.47   38.00    19.8     7.8    13.8    13.8     0.0    20.18 C    25.2     4.1    13.3    81.9    43.8    61.7 -99.000   0.339 -99.000 -99.000 -99.000    18.7    17.8 -9999.0 -9999.0 -9999.0
03759 20200923  2.623  -78.47   38.00    23.3    12.5    17.9    17.7     0.0    17.64 C    27.3     8.2    16.2    67.6    30.8    52.5 -99.000   0.325 -99.000 -99.000 -99.000    19.6    18.5 -9999.0 -9999.0 -9999.0
03759 20200924  2.623  -78.47   38.00    20.0    15.5    17.8    17.9     0.0     5.24 C    24.1    12.4    16.5    94.8    44.8    69.8 -99.000   0.311 -99.000 -99.000 -99.000    20.1    18.8 -9999.0 -9999.0 -9999.0
03759 20200925  2.623  -78.47   38.00    16.8    13.0    14.9    14.9    17.5     3.29 C    20.0    13.2    15.3    97.9    75.5    92.1 -99.000   0.325 -99.000 -99.000 -99.000    20.1    18.6 -9999.0 -9999.0 -9999.0
03759 20200926  2.623  -78.47   38.00    20.9    14.7    17.8    17.1     0.0     9.01 C    27.5    13.7    18.1    97.1    72.9    90.9 -99.000   0.400 -99.000 -99.000 -99.000    20.6    18.9 -9999.0 -9999.0 -9999.0
03759 20200927  2.623  -78.47   38.00    22.7    14.8    18.8    18.6     0.0    10.17 C    29.0    13.2    18.6    95.3    70.4    86.2 -99.000   0.384 -99.000 -99.000 -99.000    21.0    19.2 -9999.0 -9999.0 -9999.0
03759 20200928  2.623  -78.47   38.00    24.9    16.5    20.7    19.8     0.0    11.64 C    28.3    16.4    20.4    98.4    63.0    87.7 -99.000   0.376 -99.000 -99.000 -99.000    22.0    20.1 -9999.0 -9999.0 -9999.0
03759 20200929  2.623  -78.47   38.00    24.9    11.9    18.4    18.0    41.4     7.10 C    30.0    12.7    19.0    96.6    68.6    89.6 -99.000   0.397 -99.000 -99.000 -99.000    22.0    20.5 -9999.0 -9999.0 -9999.0
03759 20200930  2.623  -78.47   38.00    19.2    11.0    15.1    14.8     0.0    18.95 C    26.5     9.3    15.6    99.1    47.3    65.1 -99.000   0.418 -99.000 -99.000 -99.000    20.0    18.8 -9999.0 -9999.0 -9999.0
03759 20201001  2.623  -78.47   38.00    22.2    11.9    17.0    16.9     5.6    13.68 C    30.0    12.1    17.6    94.9    51.5    66.8 -99.000   0.396 -99.000 -99.000 -99.000    20.2    18.8 -9999.0 -9999.0 -9999.0
03759 20201002  2.623  -78.47   38.00    18.3     9.3    13.8    13.4     1.0    17.36 C    27.5     7.9    14.9    95.3    39.9    66.4 -99.000   0.416 -99.000 -99.000 -99.000    19.9    18.7 -9999.0 -9999.0 -9999.0
03759 20201003  2.623  -78.47   38.00    17.0     8.2    12.6    12.0     0.0    15.84 C    29.3     5.7    12.7    86.2    45.4    60.3 -99.000   0.400 -99.000 -99.000 -99.000    18.8    17.8 -9999.0 -9999.0 -9999.0
03759 20201004  2.623  -78.47   38.00    17.8     7.8    12.8    13.1     0.0    16.67 C    26.1     5.5    14.0    86.6    48.3    64.6 -99.000   0.391 -99.000 -99.000 -99.000    18.3    17.2 -9999.0 -9999.0 -9999.0
03759 20201005  2.623  -78.47   38.00    18.0    10.3    14.2    13.6     0.0    16.82 C    29.7     6.6    14.4    91.1    44.0    64.9 -99.000   0.384 -99.000 -99.000 -99.000    18.8    17.5 -9999.0 -9999.0 -9999.0
03759 20201006  2.623  -78.47   38.00    21.1    10.7    15.9    16.1     0.0    17.81 C    28.2     5.7    15.7    72.0    41.2    59.0 -99.000   0.375 -99.000 -99.000 -99.000    18.4    17.3 -9999.0 -9999.0 -9999.0
03759 20201007  2.623  -78.47   38.00    25.3    16.8    21.1    20.9     0.0    16.97 C    29.6    14.0    19.8    67.0    34.7    48.7 -99.000   0.367 -99.000 -99.000 -99.000    19.6    18.1 -9999.0 -9999.0 -9999.0
03759 20201008  2.623  -78.47   38.00    22.2    12.9    17.6    17.8     0.0    17.31 C    29.5     7.6    17.0    72.9    32.8    50.6 -99.000   0.352 -99.000 -99.000 -99.000    19.9    18.4 -9999.0 -9999.0 -9999.0
03759 20201009  2.623  -78.47   38.00    18.8    12.3    15.6    15.4     0.0    13.72 C    25.3     6.7    14.4    65.9    42.8    53.8 -99.000   0.341 -99.000 -99.000 -99.000    18.6    17.6 -9999.0 -9999.0 -9999.0
03759 20201010  2.623  -78.47   38.00    19.3    13.4    16.3    16.5     3.3     2.44 C    18.5    13.4    16.1    96.4    62.1    85.2 -99.000   0.327 -99.000 -99.000 -99.000    19.1    17.5 -9999.0 -9999.0 -9999.0
03759 20201011  2.623  -78.47   38.00    18.5    16.0    17.2    17.2    44.4     1.65 C    20.9    16.5    17.6   100.0    83.4    95.7 -99.000   0.364 -99.000 -99.000 -99.000    19.8    17.9 -9999.0 -9999.0 -9999.0
03759 20201012  2.623  -78.47   38.00    16.7    12.3    14.5    14.7    15.7     2.81 C    18.1    13.0    15.7    95.7    94.5    94.9 -99.000   0.442 -99.000 -99.000 -99.000    19.8    17.9 -9999.0 -9999.0 -9999.0
03759 20201013  2.623  -78.47   38.00    21.9    11.8    16.8    15.1     0.0    13.18 C    29.2     7.1    16.1    99.3    50.0    79.0 -99.000   0.420 -99.000 -99.000 -99.000    19.8    17.8 -9999.0 -9999.0 -9999.0
03759 20201014  2.623  -78.47   38.00    21.9    10.0    16.0    16.1     0.0    16.17 C    28.2     6.0    15.4    71.8    28.6    46.6 -99.000   0.405 -99.000 -99.000 -99.000    18.7    17.4 -9999.0 -9999.0 -9999.0
03759 20201015  2.623  -78.47   38.00    22.8    11.6    17.2    17.3     0.0    15.90 C    27.7    10.4    17.7    89.4    50.8    73.7 -99.000   0.395 -99.000 -99.000 -99.000    19.2    17.4 -9999.0 -9999.0 -9999.0
03759 20201016  2.623  -78.47   38.00    18.4     7.5    13.0    12.6     0.8     4.45 C    23.8     4.5    13.2    94.5    64.1    79.8 -99.000   0.389 -99.000 -99.000 -99.000    19.2    17.6 -9999.0 -9999.0 -9999.0
03759 20201017  2.623  -78.47   38.00    14.9     5.3    10.1     9.8     0.0    15.92 C    23.0     2.3    10.0    91.9    29.4    60.3 -99.000   0.383 -99.000 -99.000 -99.000    17.0    15.9 -9999.0 -9999.0 -9999.0
03759 20201018  2.623  -78.47   38.00    16.1     5.7    10.9    11.6     0.0    15.17 C    23.9     3.0    11.6    78.3    45.6    60.6 -99.000   0.378 -99.000 -99.000 -99.000    16.4    15.2 -9999.0 -9999.0 -9999.0
03759 20201019  2.623  -78.47   38.00    19.4     9.8    14.6    14.9     0.0    12.80 C    27.0     7.4    15.1    86.0    65.0    75.8 -99.000   0.372 -99.000 -99.000 -99.000    17.4    15.7 -9999.0 -9999.0 -9999.0
03759 20201020  2.623  -78.47   38.00    24.0    14.3    19.1    18.3     0.0    14.84 C    29.1    12.1    18.2    85.7    48.0    69.9 -99.000   0.366 -99.000 -99.000 -99.000    18.7    16.7 -9999.0 -9999.0 -9999.0
