23906 20200101  2.622  -96.82   28.30    17.1    11.7    14.4    15.0     7.5     1.44 C    17.9    11.4    14.9    96.4    59.8    81.7 -99.000 -99.000   0.075 -99.000 -99.000 -9999.0 -9999.0    15.8 -9999.0 -9999.0
23906 20200102  2.622  -96.82   28.30    17.5    11.7    14.6    15.6     1.6     0.87 C    17.3    10.1    15.0    97.3    87.0    93.3 -99.000 -99.000   0.091 -99.000 -99.000 -9999.0    16.8    16.5 -9999.0 -9999.0
23906 20200103  2.622  -96.82   28.30    22.9     6.5    14.7    14.6     0.0    12.85 C    28.2     3.6    13.6    97.3    35.7    73.2 -99.000 -99.000   0.087 -99.000 -99.000 -9999.0    16.5    16.3 -9999.0 -9999.0
23906 20200104  2.622  -96.82   28.30    21.0     1.6    11.3    10.0     0.6    14.95 C    28.1    -0.3     9.4    94.5    26.7    69.1 -99.000 -99.000   0.083 -99.000 -99.000 -9999.0    15.3    14.9 -9999.0 -9999.0
23906 20200105  2.622  -96.82   28.30    22.5     0.1    11.3    11.5     0.5    15.02 C    27.7    -0.7    10.5    97.8    34.9    78.6 -99.000 -99.000   0.080 -99.000 -99.000 -9999.0    14.6    14.2 -9999.0 -9999.0
23906 20200106  2.622  -96.82   28.30    23.3     4.9    14.1    13.9     0.8    14.68 C    29.1     3.1    13.4    97.4    48.6    80.4 -99.000 -99.000   0.078 -99.000 -99.000 -9999.0    15.1    14.6 -9999.0 -9999.0
23906 20200107  2.622  -96.82   28.30    21.0    -1.5     9.7    11.6     0.0    14.66 C    26.5    -2.8    11.4    98.5    18.4    62.9 -99.000 -99.000   0.076 -99.000 -99.000 -9999.0    15.2    14.9 -9999.0 -9999.0
23906 20200108  2.622  -96.82   28.30    21.7    -2.3     9.7    12.3     1.1    13.39 C    28.0    -3.2    12.5    95.7    58.1    80.5 -99.000 -99.000   0.075 -99.000 -99.000 -9999.0    14.2    13.9 -9999.0 -9999.0
23906 20200109  2.622  -96.82   28.30    24.5    18.9    21.7    20.7     0.2     6.72 C    28.1    17.9    20.9    93.1    73.2    84.4 -99.000 -99.000   0.075 -99.000 -99.000 -9999.0 -9999.0    16.4 -9999.0 -9999.0
23906 20200110  2.622  -96.82   28.30    23.1    15.2    19.1    21.4     6.9     2.96 C    24.5    14.6    21.3    93.3    82.4    88.5 -99.000 -99.000   0.073 -99.000 -99.000 -9999.0    18.3    17.8 -9999.0 -9999.0
23906 20200111  2.622  -96.82   28.30    18.4     4.5    11.4    13.3     0.0    15.25 C    24.2     2.0    13.0    93.4    41.6    70.0 -99.000 -99.000   0.089 -99.000 -99.000 -9999.0    17.6    17.3 -9999.0 -9999.0
23906 20200112  2.622  -96.82   28.30    19.9     3.2    11.6    13.4     0.5    10.61 C    25.0     1.4    13.0    94.5    66.5    84.1 -99.000 -99.000   0.086 -99.000 -99.000 -9999.0 -9999.0    15.5 -9999.0 -9999.0
23906 20200113  2.622  -96.82   28.30    21.3    14.6    18.0    17.5     2.3     3.42 C    21.2    13.9    17.5    97.0    88.9    94.7 -99.000 -99.000   0.084 -99.000 -99.000 -9999.0 -9999.0    16.7 -9999.0 -9999.0
23906 20200114  2.622  -96.82   28.30    23.5    20.8    22.2    21.6     0.0     3.78 C    24.8    20.4    21.8    96.5    87.4    94.8 -99.000 -99.000   0.083 -99.000 -99.000 -9999.0 -9999.0    18.2 -9999.0 -9999.0
23906 20200115  2.622  -96.82   28.30    25.7    20.2    23.0    21.6     0.0     7.13 C    29.2    19.7    22.1    96.4    78.8    92.3 -99.000 -99.000   0.082 -99.000 -99.000 -9999.0 -9999.0 -9999.0 -9999.0 -9999.0
23906 20200116  2.622  -96.82   28.30    24.0    19.8    21.9    20.8     0.0     7.28 C    27.9    19.7    21.6    97.0    82.6    94.1 -99.000 -99.000   0.079 -99.000 -99.000 -9999.0 -9999.0    19.8 -9999.0 -9999.0
23906 20200117  2.622  -96.82   28.30    24.2    19.7    21.9    20.9     0.0     7.63 C    28.5    19.3    21.5    96.5    73.8    90.6 -99.000 -99.000   0.078 -99.000 -99.000 -9999.0 -9999.0    20.2 -9999.0 -9999.0
23906 20200118  2.622  -96.82   28.30    24.5    14.4    19.5    20.1    45.1     3.49 C    27.2    13.5    19.9    96.4    68.1    90.2 -99.000 -99.000   0.108 -99.000 -99.000 -9999.0 -9999.0    20.2 -9999.0 -9999.0
23906 20200119  2.622  -96.82   28.30    16.6     7.8    12.2    11.9     0.0    15.79 C    23.3     6.4    12.2    70.8    32.2    53.8 -99.000 -99.000   0.103 -99.000 -99.000 -9999.0 -9999.0    18.3 -9999.0 -9999.0
23906 20200120  2.622  -96.82   28.30    17.5     1.9     9.7     9.2     0.0    15.86 C    24.9     0.7     9.1    93.1    30.0    60.5 -99.000 -99.000   0.092 -99.000 -99.000 -9999.0 -9999.0    16.4 -9999.0 -9999.0
23906 20200121  2.622  -96.82   28.30    18.6     0.8     9.7    12.1     0.0    14.33 C    24.6    -0.3    12.3    96.7    46.9    71.2 -99.000 -99.000   0.089 -99.000 -99.000 -9999.0 -9999.0    15.3 -9999.0 -9999.0
23906 20200122  2.622  -96.82   28.30    17.9    14.8    16.3    16.3    37.9     0.57 C    17.5    14.2    16.0    96.1    67.4    89.7 -99.000 -99.000   0.115 -99.000 -99.000 -9999.0 -9999.0    16.3 -9999.0 -9999.0
23906 20200123  2.622  -96.82   28.30    22.9    10.9    16.9    16.4     0.0    14.70 C    29.3     9.0    17.2    97.2    48.8    81.6 -99.000 -99.000   0.107 -99.000 -99.000 -9999.0 -9999.0    17.1 -9999.0 -9999.0
23906 20200124  2.622  -96.82   28.30    20.1     1.5    10.8    10.3     0.2    16.25 C    26.3     0.2    10.6    96.5    28.2    74.3 -99.000 -99.000   0.102 -99.000 -99.000 -9999.0 -9999.0    16.1 -9999.0 -9999.0
23906 20200125  2.622  -96.82   28.30    20.0     3.5    11.7    13.9     7.2     3.75 C    22.8     2.1    13.4    97.6    69.6    88.6 -99.000 -99.000   0.102 -99.000 -99.000 -9999.0 -9999.0    15.4 -9999.0 -9999.0
23906 20200126  2.622  -96.82   28.30    25.5     7.4    16.4    17.7     0.0     9.43 C    29.9     6.4    17.9    97.3    51.1    87.0 -99.000 -99.000   0.105 -99.000 -99.000 -9999.0 -9999.0    17.1 -9999.0 -9999.0
23906 20200127  2.622  -96.82   28.30    21.2     4.4    12.8    14.1     0.4    12.92 C    26.9     3.3    14.6    99.0    71.1    88.8 -99.000 -99.000   0.102 -99.000 -99.000 -9999.0    16.1    16.6 -9999.0 -9999.0
23906 20200128  2.622  -96.82   28.30    24.9    12.1    18.5    17.5     2.2     9.66 C    31.3     8.1    16.7    94.5    33.8    75.6 -99.000 -99.000   0.103 -99.000 -99.000 -9999.0    16.9    17.2 -9999.0 -9999.0
23906 20200129  2.622  -96.82   28.30    19.3     4.7    12.0    11.9     0.2    17.03 C    27.4     1.8    12.5    82.8    40.9    62.7 -99.000 -99.000   0.102 -99.000 -99.000 -9999.0    15.5    16.2 -9999.0 -9999.0
23906 20200130  2.622  -96.82   28.30    14.3     9.2    11.8    11.4     0.0     4.02 C    17.7     8.1    11.6    85.1    70.0    80.1 -99.000 -99.000   0.102 -99.000 -99.000 -9999.0    14.7    15.7 -9999.0 -9999.0
23906 20200131  2.622  -96.82   28.30    18.5     1.8    10.2    11.3     0.0    10.73 C    26.3     0.4    12.0    93.8    46.5    74.8 -99.000 -99.000   0.101 -99.000 -99.000 -9999.0 -9999.0    15.8 -9999.0 -9999.0
23906 20200201  2.622  -96.82   28.30    22.8    -0.1    11.3    10.9     0.2    16.98 C    31.3    -1.4    11.3    96.5    16.4    69.5 -99.000 -99.000   0.100 -99.000 -99.000 -9999.0    13.8    14.6 -9999.0 -9999.0
23906 20200202  2.622  -96.82   28.30    23.8     3.5    13.7    14.8     0.2    14.95 C    31.4     1.4    14.6    95.4    19.9    71.2 -99.000 -99.000   0.099 -99.000 -99.000 -9999.0 -9999.0    14.7 -9999.0 -9999.0
23906 20200203  2.622  -96.82   28.30    24.2    16.7    20.4    19.7     0.0     8.35 C    29.4    15.4    19.8    90.6    66.4    82.1 -99.000 -99.000   0.099 -99.000 -99.000 -9999.0 -9999.0    16.2 -9999.0 -9999.0
23906 20200204  2.622  -96.82   28.30    25.1    13.8    19.4    19.8     0.0     6.74 C    30.7    12.3    19.9    96.4    68.5    86.6 -99.000 -99.000   0.099 -99.000 -99.000 -9999.0 -9999.0    17.6 -9999.0 -9999.0
23906 20200205  2.622  -96.82   28.30    18.6     4.8    11.7     9.3     0.5     3.08 C    18.5     4.7    10.0    96.6    69.8    82.3 -99.000 -99.000   0.098 -99.000 -99.000 -9999.0 -9999.0    16.7 -9999.0 -9999.0
23906 20200206  2.622  -96.82   28.30    16.0    -1.0     7.5     6.1     0.2    17.54 C    23.7    -2.8     7.2    89.8    24.4    63.1 -99.000 -99.000   0.096 -99.000 -99.000 -9999.0 -9999.0    14.6 -9999.0 -9999.0
23906 20200207  2.622  -96.82   28.30    21.6    -1.8     9.9    12.2     0.7    17.74 C    27.2    -3.4    12.1    93.9    45.8    74.8 -99.000 -99.000   0.095 -99.000 -99.000 -9999.0 -9999.0    13.8 -9999.0 -9999.0
23906 20200208  2.622  -96.82   28.30    23.0     7.2    15.1    16.4     0.5    13.34 C    29.9     6.1    16.8    98.4    67.7    85.9 -99.000 -99.000   0.095 -99.000 -99.000 -9999.0 -9999.0    15.5 -9999.0 -9999.0
23906 20200209  2.622  -96.82   28.30    21.8    15.9    18.8    19.7     0.0     5.07 C    24.8    12.9    19.9    95.4    84.1    90.7 -99.000 -99.000   0.095 -99.000 -99.000 -9999.0 -9999.0 -9999.0 -9999.0 -9999.0
23906 20200210  2.622  -96.82   28.30    22.9    14.8    18.9    20.8     0.0     4.87 C    27.1    15.1    21.2    95.7    84.2    91.7 -99.000 -99.000   0.096 -99.000 -99.000 -9999.0 -9999.0    18.1 -9999.0 -9999.0
23906 20200211  2.622  -96.82   28.30    14.8    10.1    12.4    11.3     0.0     1.83 C    15.1    10.3    11.7    96.4    94.4    95.7 -99.000 -99.000   0.094 -99.000 -99.000 -9999.0 -9999.0    17.3 -9999.0 -9999.0
23906 20200212  2.622  -96.82   28.30    12.7     6.0     9.4    10.5     0.0     2.27 C    13.6     5.1    10.6    97.1    82.0    90.9 -99.000 -99.000   0.093 -99.000 -99.000 -9999.0 -9999.0    16.2 -9999.0 -9999.0
23906 20200213  2.622  -96.82   28.30    18.4     3.1    10.7    10.6     0.0    18.41 C    27.8     1.2    11.8    98.2    41.0    72.2 -99.000 -99.000   0.093 -99.000 -99.000 -9999.0 -9999.0    15.3 -9999.0 -9999.0
23906 20200214  2.622  -96.82   28.30    15.1     4.2     9.7     9.8     0.2    18.40 C    23.5     3.0    10.9    89.5    50.2    72.5 -99.000 -99.000   0.093 -99.000 -99.000 -9999.0 -9999.0    15.1 -9999.0 -9999.0
23906 20200215  2.622  -96.82   28.30    22.0     4.9    13.5    14.3     0.0    16.86 C    28.7     2.8    14.9    96.8    58.5    81.5 -99.000 -99.000   0.092 -99.000 -99.000 -9999.0 -9999.0    15.4 -9999.0 -9999.0
23906 20200216  2.622  -96.82   28.30    24.6     9.8    17.2    17.6     0.0     7.57 C    28.9     8.6    18.3    97.4    67.7    91.7 -99.000 -99.000   0.091 -99.000 -99.000 -9999.0 -9999.0    16.5 -9999.0 -9999.0
23906 20200217  2.622  -96.82   28.30    26.4    17.9    22.2    20.9     0.4     9.99 C    31.2    17.4    21.6    96.6    72.2    91.8 -99.000 -99.000   0.090 -99.000 -99.000 -9999.0 -9999.0    17.9 -9999.0 -9999.0
23906 20200218  2.622  -96.82   28.30    25.1    14.8    20.0    20.6     0.2     8.81 C    32.3    14.8    21.5    97.1    76.9    91.1 -99.000 -99.000   0.089 -99.000 -99.000 -9999.0 -9999.0    18.8 -9999.0 -9999.0
23906 20200219  2.622  -96.82   28.30    17.8    13.6    15.7    15.1     0.0     3.67 C    20.9    13.7    15.8    93.2    77.8    86.0 -99.000 -99.000   0.091 -99.000 -99.000 -9999.0 -9999.0    18.2 -9999.0 -9999.0
23906 20200220  2.622  -96.82   28.30    13.9     8.8    11.3    10.6     0.3     1.95 C    14.0     8.8    10.8    95.7    64.6    85.7 -99.000 -99.000   0.089 -99.000 -99.000 -9999.0 -9999.0    17.0 -9999.0 -9999.0
23906 20200221  2.622  -96.82   28.30    15.3     2.2     8.7     8.8     0.0    19.31 C    22.7     0.8    10.2    88.4    34.9    60.6 -99.000 -99.000   0.088 -99.000 -99.000 -9999.0 -9999.0    15.7 -9999.0 -9999.0
23906 20200222  2.622  -96.82   28.30    18.2     0.9     9.5    11.2     0.0    18.04 C    25.7    -0.3    12.4    95.0    51.5    73.8 -99.000 -99.000   0.088 -99.000 -99.000 -9999.0 -9999.0    15.1 -9999.0 -9999.0
23906 20200223  2.622  -96.82   28.30    25.0    15.4    20.2    18.9     0.0    10.95 C    31.1    14.8    19.7    92.1    59.0    80.4 -99.000 -99.000   0.088 -99.000 -99.000 -9999.0 -9999.0    16.7 -9999.0 -9999.0
23906 20200224  2.622  -96.82   28.30 -9999.0 -9999.0 -9999.0 -9999.0 -9999.0 -9999.00 U -9999.0 -9999.0 -9999.0 -9999.0 -9999.0 -9999.0 -99.000 -99.000 -99.000 -99.000 -99.000 -9999.0 -9999.0 -9999.0 -9999.0 -9999.0
23906 20200225  2.622  -96.82   28.30    26.3     9.5    17.9    17.2     0.0    18.75 C    39.1     7.9    19.0    94.8    27.8    63.2 -99.000 -99.000   0.088 -99.000 -99.000 -9999.0 -9999.0    17.3 -9999.0 -9999.0
23906 20200226  2.622  -96.82   28.30    15.6    -2.7     6.4    10.5     0.0    20.58 C    26.7    -6.3    11.8    78.2    27.8    40.2 -99.000 -99.000   0.086 -99.000 -99.000 -9999.0 -9999.0    16.6 -9999.0 -9999.0
23906 20200227  2.622  -96.82   28.30    15.3    -7.3     4.0     4.0     0.0    21.32 C    28.2    -9.6     5.5    91.1    26.2    62.8 -99.000 -99.000   0.085 -99.000 -99.000 -9999.0 -9999.0    14.6 -9999.0 -9999.0
23906 20200228  2.622  -96.82   28.30    23.4    -3.9     9.7     9.5     0.0    19.74 C    35.9    -6.3    10.2    92.4    19.8    66.7 -99.000 -99.000   0.084 -99.000 -99.000 -9999.0 -9999.0    14.2 -9999.0 -9999.0
23906 20200229  2.622  -96.82   28.30    23.1    -0.7    11.2    13.3     0.2    18.31 C    34.8    -2.7    14.4    99.4    49.6    77.2 -99.000 -99.000   0.084 -99.000 -99.000 -9999.0 -9999.0    14.8 -9999.0 -9999.0
23906 20200301  2.622  -96.82   28.30    24.0    17.7    20.8    20.3     0.0     8.55 C    29.7    15.6    20.6    90.6    67.3    79.0 -99.000 -99.000   0.083 -99.000 -99.000 -9999.0 -9999.0    16.6 -9999.0 -9999.0
23906 20200302  2.622  -96.82   28.30    24.1    19.1    21.6    20.7     0.0    10.29 C    31.5    18.1    21.9    96.2    74.0    88.0 -99.000 -99.000   0.083 -99.000 -99.000 -9999.0 -9999.0    17.8 -9999.0 -9999.0
23906 20200303  2.622  -96.82   28.30    23.9    18.7    21.3    20.5     0.0     6.99 C    31.5    18.4    21.6    96.7    79.0    92.5 -99.000 -99.000   0.083 -99.000 -99.000 -9999.0 -9999.0    18.5 -9999.0 -9999.0
23906 20200304  2.622  -96.82   28.30    28.1    14.6    21.4    21.6     0.0     9.06 C    34.2    12.1    21.9    96.8    29.5    72.6 -99.000 -99.000   0.084 -99.000 -99.000 -9999.0 -9999.0    18.9 -9999.0 -9999.0
23906 20200305  2.622  -96.82   28.30    24.7     5.1    14.9    15.4     0.0    20.40 C    35.9     1.7    16.9    85.0    30.4    62.9 -99.000 -99.000   0.082 -99.000 -99.000 -9999.0 -9999.0    18.2 -9999.0 -9999.0
23906 20200306  2.622  -96.82   28.30    22.1     1.5    11.8    13.5     0.0    20.33 C    32.9    -1.6    13.9    91.2    22.3    59.1 -99.000 -99.000   0.082 -99.000 -99.000 -9999.0 -9999.0    17.2 -9999.0 -9999.0
23906 20200307  2.622  -96.82   28.30    18.4     2.9    10.6    14.1     0.0     6.24 C    21.6     0.2    13.8    90.8    52.4    76.7 -99.000 -99.000   0.081 -99.000 -99.000 -9999.0 -9999.0    17.0 -9999.0 -9999.0
23906 20200308  2.622  -96.82   28.30    23.8    16.1    20.0    19.1     0.0    18.30 C    34.4    13.8    20.7    89.3    62.7    78.5 -99.000 -99.000   0.081 -99.000 -99.000 -9999.0 -9999.0    17.7 -9999.0 -9999.0
23906 20200309  2.622  -96.82   28.30    23.2    18.1    20.6    20.0     0.0     6.44 C    28.8    16.5    20.4    95.3    73.0    85.3 -99.000 -99.000   0.080 -99.000 -99.000 -9999.0 -9999.0    18.5 -9999.0 -9999.0
23906 20200310  2.622  -96.82   28.30    25.5    18.6    22.0    20.8     0.0    13.68 C    38.5    16.9    22.7    96.6    70.9    88.5 -99.000 -99.000   0.080 -99.000 -99.000 -9999.0 -9999.0    19.2 -9999.0 -9999.0
23906 20200311  2.622  -96.82   28.30    26.0    19.0    22.5    21.4     0.0    12.08 C    35.7    17.9    23.2    96.7    67.3    87.6 -99.000 -99.000   0.080 -99.000 -99.000 -9999.0 -9999.0    19.7 -9999.0 -9999.0
23906 20200312  2.622  -96.82   28.30    26.4    19.8    23.1    21.8     0.0    13.91 C    36.1    19.4    23.5    96.2    66.3    86.3 -99.000 -99.000   0.080 -99.000 -99.000 -9999.0 -9999.0    20.1 -9999.0 -9999.0
23906 20200313  2.622  -96.82   28.30    26.2    20.3    23.2    22.2     0.0    11.45 C    36.6    19.8    23.9    94.6    76.1    88.8 -99.000 -99.000   0.080 -99.000 -99.000 -9999.0 -9999.0    20.5 -9999.0 -9999.0
23906 20200314  2.622  -96.82   28.30    25.5    21.5    23.5    22.7     0.0     9.22 C    33.6    20.8    24.1    93.5    75.6    87.7 -99.000 -99.000   0.078 -99.000 -99.000 -9999.0 -9999.0    20.9 -9999.0 -9999.0
23906 20200315  2.622  -96.82   28.30    26.1    20.9    23.5    22.5     0.0    12.47 C    36.3    20.2    24.6    95.9    73.1    88.3 -99.000 -99.000   0.078 -99.000 -99.000 -9999.0 -9999.0    21.2 -9999.0 -9999.0
23906 20200316  2.622  -96.82   28.30    24.2    20.4    22.3    21.7     0.0     4.90 C    27.5    19.2    22.0    93.8    82.3    89.6 -99.000 -99.000   0.077 -99.000 -99.000 -9999.0 -9999.0    21.1 -9999.0 -9999.0
23906 20200317  2.622  -96.82   28.30    25.5    21.1    23.3    22.3     0.0     6.22 C    33.7    20.1    23.0    95.0    79.5    90.8 -99.000 -99.000   0.076 -99.000 -99.000 -9999.0 -9999.0    21.0 -9999.0 -9999.0
23906 20200318  2.622  -96.82   28.30    26.9    21.2    24.0    23.2     0.0    12.54 C    34.7    19.7    24.6    93.5    69.8    86.0 -99.000 -99.000   0.077 -99.000 -99.000 -9999.0 -9999.0    21.4 -9999.0 -9999.0
23906 20200319  2.622  -96.82   28.30    27.4    22.0    24.7    23.8     0.0    14.39 C    35.8    20.9    25.6    92.4    69.4    85.1 -99.000 -99.000   0.077 -99.000 -99.000 -9999.0 -9999.0    21.7 -9999.0 -9999.0
23906 20200320  2.622  -96.82   28.30    28.5    14.0    21.2    22.5     0.4    13.88 C    39.9    14.4    24.4    93.9    65.1    82.8 -99.000 -99.000   0.074 -99.000 -99.000 -9999.0 -9999.0    22.0 -9999.0 -9999.0
23906 20200321  2.622  -96.82   28.30    20.4    13.1    16.8    15.9     2.8     2.56 C    20.3    13.0    16.3    95.7    81.3    88.9 -99.000 -99.000   0.076 -99.000 -99.000 -9999.0 -9999.0    20.7 -9999.0 -9999.0
23906 20200322  2.622  -96.82   28.30    26.3    19.3    22.8    22.2     1.6     8.25 C    32.1    19.7    22.7    96.9    78.9    92.6 -99.000 -99.000   0.075 -99.000 -99.000 -9999.0 -9999.0    20.8 -9999.0 -9999.0
23906 20200323  2.622  -96.82   28.30    28.1    21.3    24.7    23.7     0.0    15.07 C    36.6    20.2    24.9    95.4    68.6    86.9 -99.000 -99.000   0.075 -99.000 -99.000 -9999.0 -9999.0    21.5 -9999.0 -9999.0
23906 20200324  2.622  -96.82   28.30    28.8    21.3    25.1    24.2     0.0    16.48 C    38.2    18.2    25.8    95.4    64.7    82.3 -99.000 -99.000   0.074 -99.000 -99.000 -9999.0 -9999.0    22.1 -9999.0 -9999.0
23906 20200325  2.622  -96.82   28.30    27.6    21.1    24.4    23.2     0.0    14.37 C    39.4    18.7    24.7    95.7    66.9    87.4 -99.000 -99.000   0.074 -99.000 -99.000 -9999.0 -9999.0    22.3 -9999.0 -9999.0
23906 20200326  2.622  -96.82   28.30    27.8    21.3    24.5    23.9     0.0    16.63 C    38.3    19.7    25.5    95.3    66.2    84.9 -99.000 -99.000   0.073 -99.000 -99.000 -9999.0 -9999.0    22.5 -9999.0 -9999.0
23906 20200327  2.622  -96.82   28.30    29.7    22.7    26.2    25.2     0.0    21.26 C    40.3    21.3    27.1    92.2    60.8    81.0 -99.000 -99.000   0.072 -99.000 -99.000 -9999.0 -9999.0    22.9 -9999.0 -9999.0
23906 20200328  2.622  -96.82   28.30    25.6    19.1    22.4    23.0     0.0     3.54 C    27.9    16.3    22.8    91.7    44.2    75.5 -99.000 -99.000   0.072 -99.000 -99.000 -9999.0 -9999.0    22.7 -9999.0 -9999.0
23906 20200329  2.622  -96.82   28.30    25.8    16.5    21.2    20.3     1.4     7.39 C    31.6    12.7    19.9    85.4    34.9    65.6 -99.000 -99.000   0.072 -99.000 -99.000 -9999.0 -9999.0    21.5 -9999.0 -9999.0
23906 20200330  2.622  -96.82   28.30    27.4    20.6    24.0    23.6     0.0    12.82 C    34.6    17.5    24.5    96.1    70.9    86.5 -99.000 -99.000   0.072 -99.000 -99.000 -9999.0 -9999.0    21.8 -9999.0 -9999.0
23906 20200331  2.622  -96.82   28.30    27.9    17.1    22.5    21.8     0.0    21.30 C    39.6    13.9    23.5    98.8    37.4    69.2 -99.000 -99.000   0.070 -99.000 -99.000 -9999.0 -9999.0    22.0 -9999.0 -9999.0
23906 20200401  2.622  -96.82   28.30    24.6    16.0    20.3    20.1     0.0    23.13 C    36.2    13.5    22.1    78.9    51.7    66.9 -99.000 -99.000   0.068 -99.000 -99.000 -9999.0 -9999.0    21.6 -9999.0 -9999.0
23906 20200402  2.622  -96.82   28.30    25.4    20.0    22.7    22.4     0.0     7.16 C    31.5    18.2    22.6    89.2    73.3    81.2 -99.000 -99.000   0.068 -99.000 -99.000 -9999.0 -9999.0    21.7 -9999.0 -9999.0
23906 20200403  2.622  -96.82   28.30    27.1    21.3    24.2    23.2     2.7     8.41 C    36.3    20.6    24.0    93.9    74.0    87.5 -99.000 -99.000   0.068 -99.000 -99.000 -9999.0 -9999.0    22.0 -9999.0 -9999.0
23906 20200404  2.622  -96.82   28.30    21.8    11.0    16.4    15.8    13.3     2.02 C    21.3    11.8    16.0    96.5    92.8    94.3 -99.000 -99.000   0.078 -99.000 -99.000 -9999.0 -9999.0    21.1 -9999.0 -9999.0
23906 20200405  2.622  -96.82   28.30    23.1    12.7    17.9    17.7     0.0    10.01 C    29.2    12.9    18.5    95.6    68.9    86.2 -99.000 -99.000   0.101 -99.000 -99.000 -9999.0 -9999.0    20.1 -9999.0 -9999.0
23906 20200406  2.622  -96.82   28.30    25.1    17.8    21.4    21.8 -9999.0     5.90 C    29.0    16.4    22.3    96.8    85.3    91.7 -99.000 -99.000   0.092 -99.000 -99.000 -9999.0 -9999.0    20.7 -9999.0 -9999.0
23906 20200407  2.622  -96.82   28.30    30.0    21.8    25.9    24.2     0.0    13.59 C    38.6    19.7    25.8    97.3    62.2    88.1 -99.000 -99.000   0.086 -99.000 -99.000 -9999.0 -9999.0    21.9 -9999.0 -9999.0
23906 20200408  2.622  -96.82   28.30    30.5    22.8    26.6    25.3     0.0    17.50 C    41.7    22.4    27.4    96.3    62.0    85.5 -99.000 -99.000   0.080 -99.000 -99.000 -9999.0 -9999.0    22.8 -9999.0 -9999.0
23906 20200409  2.622  -96.82   28.30    29.3    20.5    24.9    24.7     3.0    13.42 C    38.9    19.8    26.3    95.5    70.3    86.9 -99.000 -99.000   0.077 -99.000 -99.000 -9999.0 -9999.0    23.4 -9999.0 -9999.0
23906 20200410  2.622  -96.82   28.30    25.2    18.7    21.9    21.6     1.0     8.35 C    29.3    17.2    21.8    96.2    71.6    83.4 -99.000 -99.000   0.075 -99.000 -99.000 -9999.0 -9999.0    22.8 -9999.0 -9999.0
23906 20200411  2.622  -96.82   28.30    28.2    21.4    24.8    24.2     0.3    15.44 C    37.6    20.8    25.8    92.8    74.1    83.8 -99.000 -99.000   0.074 -99.000 -99.000 -9999.0 -9999.0    22.8 -9999.0 -9999.0
23906 20200412  2.622  -96.82   28.30    34.7    11.8    23.3    26.5     0.6    22.40 C    43.3     7.8    26.9    92.5     9.5    55.3 -99.000 -99.000   0.072 -99.000 -99.000 -9999.0 -9999.0    23.4 -9999.0 -9999.0
23906 20200413  2.622  -96.82   28.30    23.2     9.7    16.4    17.2     0.3    25.90 C    34.6     7.1    19.4    75.2    37.0    54.9 -99.000 -99.000   0.068 -99.000 -99.000 -9999.0 -9999.0    21.6 -9999.0 -9999.0
23906 20200414  2.622  -96.82   28.30    23.8    12.8    18.3    17.2     0.5    21.06 C    35.2    11.9    19.7    77.7    40.8    59.6 -99.000 -99.000   0.067 -99.000 -99.000 -9999.0 -9999.0    21.2 -9999.0 -9999.0
23906 20200415  2.622  -96.82   28.30    20.3     8.4    14.4    14.7     0.0    24.73 C    33.7     6.2    16.9    84.3    39.4    61.3 -99.000 -99.000   0.064 -99.000 -99.000 -9999.0 -9999.0    20.8 -9999.0 -9999.0
23906 20200416  2.622  -96.82   28.30    25.0    11.8    18.4    19.9     1.1    20.86 C    35.9     7.5    21.4    87.5    51.2    68.2 -99.000 -99.000   0.062 -99.000 -99.000 -9999.0 -9999.0    20.7 -9999.0 -9999.0
23906 20200417  2.622  -96.82   28.30    27.1    20.1    23.6    22.7     2.9     8.53 C    35.3    18.4    23.7    96.0    73.2    88.2 -99.000 -99.000   0.060 -99.000 -99.000 -9999.0 -9999.0    21.6 -9999.0 -9999.0
23906 20200418  2.622  -96.82   28.30    22.4    14.9    18.6    19.1     3.4     3.96 C    23.2    15.1    19.5    96.6    90.3    94.4 -99.000 -99.000   0.063 -99.000 -99.000 -9999.0 -9999.0    21.4 -9999.0 -9999.0
23906 20200419  2.622  -96.82   28.30    31.2    17.8    24.5    24.2     2.4     9.91 C    33.9    15.3    24.0    97.4    46.6    89.4 -99.000 -99.000   0.063 -99.000 -99.000 -9999.0 -9999.0    22.0 -9999.0 -9999.0
23906 20200420  2.622  -96.82   28.30    30.3    13.8    22.1    22.2     0.4    23.98 C    40.0    12.0    24.4    98.1    63.6    87.5 -99.000 -99.000   0.062 -99.000 -99.000 -9999.0 -9999.0    22.2 -9999.0 -9999.0
23906 20200421  2.622  -96.82   28.30    28.8    21.7    25.3    24.4     0.8    23.10 C    38.3    20.1    26.3    94.6    68.8    84.8 -99.000 -99.000   0.061 -99.000 -99.000 -9999.0 -9999.0    23.2 -9999.0 -9999.0
23906 20200422  2.622  -96.82   28.30    29.1    23.5    26.3    25.8     0.0    12.93 C    34.5    22.6    26.9    92.7    74.5    86.1 -99.000 -99.000   0.060 -99.000 -99.000 -9999.0 -9999.0    23.6 -9999.0 -9999.0
23906 20200423  2.622  -96.82   28.30    34.2    14.5    24.3    25.8     0.2    24.82 C    43.7    11.1    27.6    96.3    21.6    70.2 -99.000 -99.000   0.057 -99.000 -99.000 -9999.0 -9999.0    24.1 -9999.0 -9999.0
23906 20200424  2.622  -96.82   28.30    32.0    13.9    22.9    24.9     0.2    25.76 C    42.0    11.8    26.5    98.3    40.4    75.0 -99.000 -99.000   0.053 -99.000 -99.000 -9999.0 -9999.0    23.3 -9999.0 -9999.0
23906 20200425  2.622  -96.82   28.30    30.8    17.1    24.0    24.6 -9999.0    25.50 C    42.1    14.4    26.3    97.6    26.9    58.0 -99.000 -99.000   0.049 -99.000 -99.000 -9999.0 -9999.0    23.8 -9999.0 -9999.0
23906 20200426  2.622  -96.82   28.30    27.7    18.4    23.0    23.1 -9999.0    23.69 C    37.9    15.5    25.1    70.7    47.4    59.9 -99.000 -99.000   0.043 -99.000 -99.000 -9999.0 -9999.0    23.5 -9999.0 -9999.0
23906 20200427  2.622  -96.82   28.30    28.2    20.7    24.5    24.6 -9999.0    19.90 C    37.2    18.6    26.1    89.1    60.0    72.7 -99.000 -99.000   0.040 -99.000 -99.000 -9999.0 -9999.0    23.7 -9999.0 -9999.0
23906 20200428  2.622  -96.82   28.30    30.7    23.8    27.2    26.5 -9999.0    18.71 C    39.1    23.1    28.2    92.1    64.4    83.5 -99.000 -99.000   0.038 -99.000 -99.000 -9999.0 -9999.0    24.2 -9999.0 -9999.0
23906 20200429  2.622  -96.82   28.30    28.2    10.4    19.3    22.7 -9999.0    19.36 C    35.3     8.4    23.6    93.8    39.7    75.6 -99.000 -99.000   0.098 -99.000 -99.000 -9999.0 -9999.0    24.1 -9999.0 -9999.0
23906 20200430  2.622  -96.82   28.30    28.1     7.4    17.8    18.2 -9999.0    27.42 C    38.5     5.3    19.8    96.1    30.5    66.7 -99.000 -99.000   0.097 -99.000 -99.000 -9999.0 -9999.0    22.2 -9999.0 -9999.0
23906 20200501  2.622  -96.82   28.30    27.8    10.5    19.2    21.0 -9999.0    26.62 C    37.9     8.1    22.5    95.2    51.0    72.4 -99.000 -99.000   0.083 -99.000 -99.000 -9999.0 -9999.0    21.9 -9999.0 -9999.0
23906 20200502  2.622  -96.82   28.30    28.8    21.5    25.1    24.8 -9999.0    19.60 C    37.1    19.9    26.1    81.3    62.4    73.5 -99.000 -99.000   0.075 -99.000 -99.000 -9999.0 -9999.0    22.9 -9999.0 -9999.0
23906 20200503  2.622  -96.82   28.30    29.5    22.7    26.1    25.4 -9999.0    24.27 C    39.2    21.2    27.6    88.0    57.8    72.2 -99.000 -99.000   0.069 -99.000 -99.000 -9999.0 -9999.0    23.6 -9999.0 -9999.0
23906 20200504  2.622  -96.82   28.30    29.2    23.2    26.2    25.8 -9999.0    16.86 C    36.9    22.0    27.3    90.7    68.0    81.8 -99.000 -99.000   0.063 -99.000 -99.000 -9999.0 -9999.0    24.1 -9999.0 -9999.0
23906 20200505  2.622  -96.82   28.30    31.1    22.4    26.7    26.6 -9999.0    23.41 C    41.1    21.9    29.1    94.2    69.2    84.0 -99.000 -99.000   0.059 -99.000 -99.000 -9999.0 -9999.0    24.8 -9999.0 -9999.0
23906 20200506  2.622  -96.82   28.30    27.9    22.0    25.0    23.9 -9999.0    15.56 C    35.5    20.1    24.3    90.0    52.5    69.8 -99.000 -99.000   0.053 -99.000 -99.000 -9999.0 -9999.0    24.7 -9999.0 -9999.0
23906 20200507  2.622  -96.82   28.30    29.2    22.0    25.6    25.2 -9999.0    18.24 C    37.0    19.5    26.2    81.5    60.4    71.9 -99.000 -99.000   0.050 -99.000 -99.000 -9999.0 -9999.0    24.0 -9999.0 -9999.0
23906 20200508  2.622  -96.82   28.30    31.7    21.5    26.6    26.3 -9999.0    22.07 C    41.0    20.7    28.1    87.1    57.6    73.7 -99.000 -99.000   0.045 -99.000 -99.000 -9999.0 -9999.0    24.6 -9999.0 -9999.0
23906 20200509  2.622  -96.82   28.30    23.5    16.5    20.0    20.4 -9999.0    12.34 C    29.0    15.9    20.7    85.7    52.8    67.8 -99.000 -99.000   0.042 -99.000 -99.000 -9999.0 -9999.0    23.7 -9999.0 -9999.0
23906 20200510  2.622  -96.82   28.30    26.9    18.0    22.5    22.2 -9999.0    25.66 C    37.3    17.0    24.7    76.2    54.1    67.5 -99.000 -99.000   0.038 -99.000 -99.000 -9999.0 -9999.0    23.4 -9999.0 -9999.0
23906 20200511  2.622  -96.82   28.30    28.4    18.9    23.6    24.0 -9999.0    21.89 C    38.0    15.8    25.8    93.1    63.7    76.6 -99.000 -99.000   0.035 -99.000 -99.000 -9999.0 -9999.0    23.8 -9999.0 -9999.0
23906 20200512  2.622  -96.82   28.30    29.5    18.7    24.1    24.9 -9999.0    17.56 C    37.7    18.4    26.3    92.9    59.4    76.8 -99.000 -99.000   0.032 -99.000 -99.000 -9999.0 -9999.0    24.1 -9999.0 -9999.0
23906 20200513  2.622  -96.82   28.30    29.4    18.1    23.8    25.0 -9999.0    22.04 C    36.9    16.6    26.2    93.6    68.7    82.3 -99.000 -99.000   0.124 -99.000 -99.000 -9999.0 -9999.0    23.7 -9999.0 -9999.0
23906 20200514  2.622  -96.82   28.30    31.0    20.8    25.9    25.5 -9999.0    21.34 C    39.1    20.7    26.9    94.9    52.9    78.0 -99.000 -99.000   0.104 -99.000 -99.000 -9999.0 -9999.0    24.5 -9999.0 -9999.0
23906 20200515  2.622  -96.82   28.30    29.6    24.7    27.2    26.6 -9999.0    14.22 C    37.1    23.9    27.9    93.4    76.8    86.3 -99.000 -99.000   0.095 -99.000 -99.000 -9999.0 -9999.0    25.0 -9999.0 -9999.0
23906 20200516  2.622  -96.82   28.30    27.9    17.1    22.5    21.8 -9999.0    13.31 C    34.8    15.5    22.4    95.8    53.3    81.9 -99.000 -99.000   0.130 -99.000 -99.000 -9999.0 -9999.0    23.3 -9999.0 -9999.0
23906 20200517  2.622  -96.82   28.30    32.5    15.8    24.2    23.5 -9999.0    25.79 C    42.4    14.3    25.6    96.0    41.1    75.2 -99.000 -99.000   0.094 -99.000 -99.000 -9999.0 -9999.0    23.3 -9999.0 -9999.0
23906 20200518  2.622  -96.82   28.30    32.3    15.7    24.0    24.7 -9999.0    27.72 C    41.7    14.6    26.6    97.1    36.8    73.0 -99.000 -99.000   0.085 -99.000 -99.000 -9999.0 -9999.0    23.7 -9999.0 -9999.0
23906 20200519  2.622  -96.82   28.30    31.4    19.8    25.6    26.5 -9999.0    25.23 C    40.0    16.8    28.0    97.1    65.9    83.2 -99.000 -99.000   0.079 -99.000 -99.000 -9999.0 -9999.0    24.3 -9999.0 -9999.0
23906 20200520  2.622  -96.82   28.30    30.5    24.7    27.6    27.3 -9999.0    20.74 C    38.0    23.8    29.0    91.1    69.4    82.1 -99.000 -99.000   0.076 -99.000 -99.000 -9999.0 -9999.0    25.2 -9999.0 -9999.0
23906 20200521  2.622  -96.82   28.30    30.7    22.6    26.6    27.1 -9999.0    20.63 C    38.8    20.5    28.7    95.8    69.9    82.1 -99.000 -99.000   0.073 -99.000 -99.000 -9999.0 -9999.0    25.6 -9999.0 -9999.0
23906 20200522  2.622  -96.82   28.30    32.3    26.3    29.3    28.1 -9999.0    19.63 C    41.6    25.6    30.0    89.0    64.3    81.0 -99.000 -99.000   0.071 -99.000 -99.000 -9999.0 -9999.0    26.1 -9999.0 -9999.0
23906 20200523  2.622  -96.82   28.30    31.8    26.1    28.9    28.1 -9999.0    22.63 C    41.0    25.2    30.3    89.8    68.0    79.4 -99.000 -99.000   0.066 -99.000 -99.000 -9999.0 -9999.0    26.5 -9999.0 -9999.0
23906 20200524  2.622  -96.82   28.30    31.1    19.4    25.3    27.8 -9999.0    20.09 C    40.3    18.1    29.3    90.3    67.2    79.6 -99.000 -99.000   0.063 -99.000 -99.000 -9999.0 -9999.0    26.6 -9999.0 -9999.0
23906 20200525  2.622  -96.82   28.30    29.7    18.1    23.9    24.0 -9999.0    23.25 C    39.0    17.7    25.9    96.1    54.9    74.3 -99.000 -99.000   0.115 -99.000 -99.000 -9999.0 -9999.0    25.0 -9999.0 -9999.0
23906 20200526  2.622  -96.82   28.30    31.1    18.9    25.0    24.3 -9999.0    23.03 C    38.8    17.7    25.9    94.6    44.7    77.2 -99.000 -99.000   0.105 -99.000 -99.000 -9999.0 -9999.0    25.1 -9999.0 -9999.0
23906 20200527  2.622  -96.82   28.30    31.2    18.4    24.8    25.6 -9999.0    25.50 C    40.0    17.2    27.3    96.2    52.6    77.8 -99.000 -99.000   0.093 -99.000 -99.000 -9999.0 -9999.0    24.9 -9999.0 -9999.0
23906 20200528  2.622  -96.82   28.30    32.0    21.2    26.6    26.7 -9999.0    21.81 C    40.8    19.8    28.6    94.1    63.1    78.0 -99.000 -99.000   0.091 -99.000 -99.000 -9999.0 -9999.0    25.5 -9999.0 -9999.0
23906 20200529  2.622  -96.82   28.30    30.7    21.4    26.0    25.8 -9999.0    21.00 C    37.0    20.2    27.0    94.6    51.1    74.0 -99.000 -99.000   0.105 -99.000 -99.000 -9999.0 -9999.0    25.4 -9999.0 -9999.0
23906 20200530  2.622  -96.82   28.30    30.6    21.2    25.9    26.2 -9999.0    18.13 C    39.2    20.2    27.4    94.2    57.7    75.0 -99.000 -99.000   0.093 -99.000 -99.000 -9999.0 -9999.0    25.5 -9999.0 -9999.0
23906 20200531  2.622  -96.82   28.30    26.6    22.6    24.6    24.4 -9999.0     7.82 C    28.8    21.3    24.2    94.1    80.7    88.2 -99.000 -99.000   0.095 -99.000 -99.000 -9999.0 -9999.0    25.3 -9999.0 -9999.0
23906 20200601  2.622  -96.82   28.30    25.6    21.1    23.3    23.7 -9999.0     3.58 C    25.8    19.5    23.2    96.5    82.3    90.7 -99.000 -99.000   0.115 -99.000 -99.000 -9999.0 -9999.0    24.8 -9999.0 -9999.0
23906 20200602  2.622  -96.82   28.30    30.9    21.8    26.3    26.5 -9999.0    24.19 C    36.9    20.6    27.9    96.3    67.5    83.4 -99.000 -99.000   0.110 -99.000 -99.000 -9999.0 -9999.0    25.1 -9999.0 -9999.0
23906 20200603  2.622  -96.82   28.30    31.2    22.3    26.8    27.1 -9999.0    26.29 C    38.8    21.4    29.4    96.1    67.1    80.5 -99.000 -99.000   0.097 -99.000 -99.000 -9999.0 -9999.0    26.0 -9999.0 -9999.0
23906 20200604  2.622  -96.82   28.30    31.4    20.3    25.9    26.7 -9999.0    26.73 C    41.2    19.4    29.0    95.7    64.8    79.6 -99.000 -99.000   0.091 -99.000 -99.000 -9999.0 -9999.0    26.3 -9999.0 -9999.0
23906 20200605  2.622  -96.82   28.30    31.7    19.7    25.7    26.8 -9999.0    27.35 C    41.4    18.6    29.2    95.6    57.6    76.8 -99.000 -99.000   0.087 -99.000 -99.000 -9999.0 -9999.0    26.4 -9999.0 -9999.0
23906 20200606  2.622  -96.82   28.30    33.9    22.6    28.2    27.4 -9999.0    24.45 C    43.7    20.3    29.3    95.7    50.1    78.7 -99.000 -99.000   0.084 -99.000 -99.000 -9999.0 -9999.0    26.4 -9999.0 -9999.0
23906 20200607  2.622  -96.82   28.30    33.9    21.7    27.8    27.8 -9999.0    25.46 C    43.1    20.5    29.7    96.4    51.6    76.6 -99.000 -99.000   0.081 -99.000 -99.000 -9999.0 -9999.0    26.6 -9999.0 -9999.0
23906 20200608  2.622  -96.82   28.30    34.2    23.9    29.0    28.7 -9999.0    25.30 C    43.3    22.1    30.5    94.7    51.0    77.6 -99.000 -99.000   0.079 -99.000 -99.000 -9999.0 -9999.0    26.7 -9999.0 -9999.0
23906 20200609  2.622  -96.82   28.30    32.8    24.2    28.5    28.6 -9999.0    21.72 C    42.3    21.8    30.3    94.5    60.7    78.1 -99.000 -99.000   0.077 -99.000 -99.000 -9999.0 -9999.0    27.0 -9999.0 -9999.0
23906 20200610  2.622  -96.82   28.30    33.5    17.7    25.6    27.2 -9999.0    25.00 C    40.8    16.0    28.5    95.1    28.0    65.1 -99.000 -99.000   0.072 -99.000 -99.000 -9999.0 -9999.0    27.0 -9999.0 -9999.0
23906 20200611  2.622  -96.82   28.30    32.5    16.5    24.5    25.1 -9999.0    28.53 C    41.4    13.6    26.2    96.9    36.1    64.2 -99.000 -99.000   0.065 -99.000 -99.000 -9999.0 -9999.0    26.2 -9999.0 -9999.0
23906 20200612  2.622  -96.82   28.30    32.2    14.7    23.5    23.6 -9999.0    28.19 C    41.9    12.8    25.5    95.4    35.6    70.0 -99.000 -99.000   0.059 -99.000 -99.000 -9999.0 -9999.0    25.9 -9999.0 -9999.0
23906 20200613  2.622  -96.82   28.30    32.1    16.0    24.1    25.4 -9999.0    28.21 C    41.3    14.4    27.2    95.4    32.3    61.2 -99.000 -99.000   0.053 -99.000 -99.000 -9999.0 -9999.0    25.8 -9999.0 -9999.0
23906 20200614  2.622  -96.82   28.30    32.2    16.2    24.2    26.1 -9999.0    26.97 C    42.0    14.0    28.1    93.7    44.0    66.9 -99.000 -99.000   0.045 -99.000 -99.000 -9999.0 -9999.0    26.0 -9999.0 -9999.0
23906 20200615  2.622  -96.82   28.30    31.7    21.4    26.6    27.5 -9999.0    24.96 C    39.6    20.1    28.8    92.2    61.9    76.1 -99.000 -99.000   0.042 -99.000 -99.000 -9999.0 -9999.0    26.7 -9999.0 -9999.0
23906 20200616  2.622  -96.82   28.30    31.2    25.2    28.2    28.0 -9999.0    27.73 C    40.0    23.6    30.0    82.5    57.0    70.0 -99.000 -99.000   0.039 -99.000 -99.000 -9999.0 -9999.0    26.9 -9999.0 -9999.0
23906 20200617  2.622  -96.82   28.30    31.0    21.1    26.1    27.2 -9999.0    27.57 C    40.4    19.0    29.2    89.2    55.7    69.9 -99.000 -99.000   0.037 -99.000 -99.000 -9999.0 -9999.0    26.8 -9999.0 -9999.0
23906 20200618  2.622  -96.82   28.30    30.7    24.1    27.4    27.6 -9999.0    19.36 C    39.2    21.4    28.8    85.3    64.2    75.2 -99.000 -99.000   0.034 -99.000 -99.000 -9999.0 -9999.0    26.7 -9999.0 -9999.0
23906 20200619  2.622  -96.82   28.30    32.2    25.6    28.9    28.1 -9999.0    23.13 C    41.9    23.8    29.7    85.7    64.0    77.5 -99.000 -99.000   0.032 -99.000 -99.000 -9999.0 -9999.0    27.0 -9999.0 -9999.0
23906 20200620  2.622  -96.82   28.30    32.2    22.9    27.6    28.1 -9999.0    23.32 C    41.0    21.4    29.8    94.3    62.6    76.8 -99.000 -99.000   0.030 -99.000 -99.000 -9999.0 -9999.0    27.1 -9999.0 -9999.0
23906 20200621  2.622  -96.82   28.30    32.6    24.7    28.6    28.3 -9999.0    18.04 C    40.8    25.0    29.3    85.9    65.4    78.2 -99.000 -99.000   0.030 -99.000 -99.000 -9999.0 -9999.0    27.2 -9999.0 -9999.0
23906 20200622  2.622  -96.82   28.30    32.0    27.2    29.6    28.9 -9999.0    14.41 C    37.9    26.3    29.7    85.5    67.6    79.0 -99.000 -99.000   0.029 -99.000 -99.000 -9999.0 -9999.0    27.1 -9999.0 -9999.0
23906 20200623  2.622  -96.82   28.30    30.1    24.8    27.5    27.2 -9999.0     8.90 C    34.0    23.9    27.4    87.2    69.8    80.8 -99.000 -99.000   0.029 -99.000 -99.000 -9999.0 -9999.0    26.9 -9999.0 -9999.0
23906 20200624  2.622  -96.82   28.30    32.0    23.1    27.6    26.6 -9999.0    13.00 C    38.8    23.5    27.3    93.3    60.2    83.2 -99.000 -99.000   0.030 -99.000 -99.000 -9999.0 -9999.0    26.6 -9999.0 -9999.0
23906 20200625  2.622  -96.82   28.30    31.8    22.9    27.3    27.0 -9999.0    17.23 C    39.0    22.5    27.7    97.0    60.7    82.1 -99.000 -99.000   0.074 -99.000 -99.000 -9999.0 -9999.0    26.6 -9999.0 -9999.0
23906 20200626  2.622  -96.82   28.30    29.3    23.9    26.6    27.0 -9999.0     3.70 C    31.2    23.6    26.8    94.3    80.3    88.4 -99.000 -99.000   0.092 -99.000 -99.000 -9999.0 -9999.0    26.5 -9999.0 -9999.0
23906 20200627  2.622  -96.82   28.30    31.1    26.5    28.8    28.2 -9999.0    12.47 C    36.3    25.6    28.7    92.4    72.7    83.7 -99.000 -99.000   0.088 -99.000 -99.000 -9999.0 -9999.0    26.8 -9999.0 -9999.0
23906 20200628  2.622  -96.82   28.30    31.7    27.1    29.4    28.7 -9999.0    16.96 C    38.6    26.3    29.7    89.3    68.3    79.7 -99.000 -99.000   0.083 -99.000 -99.000 -9999.0 -9999.0    27.1 -9999.0 -9999.0
23906 20200629  2.622  -96.82   28.30    31.8    27.8    29.8    29.1 -9999.0    15.45 C    37.7    27.3    30.0    85.1    70.7    79.5 -99.000 -99.000   0.077 -99.000 -99.000 -9999.0 -9999.0    27.3 -9999.0 -9999.0
23906 20200630  2.622  -96.82   28.30    32.7    27.3    30.0    29.1 -9999.0    17.45 C    40.8    26.4    30.3    87.5    67.1    79.5 -99.000 -99.000   0.071 -99.000 -99.000 -9999.0 -9999.0    27.5 -9999.0 -9999.0
23906 20200701  2.622  -96.82   28.30    32.4    27.4    29.9    29.1 -9999.0    19.44 C    39.9    26.6    30.5    85.8    66.8    78.7 -99.000 -99.000   0.065 -99.000 -99.000 -9999.0 -9999.0    27.7 -9999.0 -9999.0
23906 20200702  2.622  -96.82   28.30    33.3    26.3    29.8    29.0 -9999.0    24.42 C    41.8    25.1    30.9    88.9    56.2    76.8 -99.000 -99.000   0.057 -99.000 -99.000 -9999.0 -9999.0    28.0 -9999.0 -9999.0
23906 20200703  2.622  -96.82   28.30    33.4    23.3    28.3    28.4 -9999.0    25.78 C    42.9    21.7    30.5    93.2    51.9    74.6 -99.000 -99.000   0.049 -99.000 -99.000 -9999.0 -9999.0    27.9 -9999.0 -9999.0
23906 20200704  2.622  -96.82   28.30    34.4    24.0    29.2    28.3 -9999.0    26.15 C    44.0    22.2    30.4    93.4    49.5    76.7 -99.000 -99.000   0.041 -99.000 -99.000 -9999.0 -9999.0    28.0 -9999.0 -9999.0
23906 20200705  2.622  -96.82   28.30    32.8    25.3    29.0    28.5 -9999.0    24.18 C    40.8    24.2    30.3    92.2    61.9    79.6 -99.000 -99.000   0.036 -99.000 -99.000 -9999.0 -9999.0    28.1 -9999.0 -9999.0
23906 20200706  2.622  -96.82   28.30    33.4    26.9    30.1    29.3 -9999.0    23.56 C    41.7    26.3    31.1    88.5    56.3    77.2 -99.000 -99.000   0.033 -99.000 -99.000 -9999.0 -9999.0    28.2 -9999.0 -9999.0
23906 20200707  2.622  -96.82   28.30    33.2    27.2    30.2    29.4 -9999.0    23.81 C    42.1    26.4    31.5    91.0    56.1    78.0 -99.000 -99.000   0.029 -99.000 -99.000 -9999.0 -9999.0    28.5 -9999.0 -9999.0
23906 20200708  2.622  -96.82   28.30    33.1    27.2    30.2    29.3 -9999.0    21.59 C    40.6    26.3    30.9    88.3    61.9    78.1 -99.000 -99.000   0.025 -99.000 -99.000 -9999.0 -9999.0    28.5 -9999.0 -9999.0
23906 20200709  2.622  -96.82   28.30    33.4    26.8    30.1    29.3 -9999.0    23.04 C    41.4    25.6    31.0    91.4    59.9    78.4 -99.000 -99.000   0.024 -99.000 -99.000 -9999.0 -9999.0    28.5 -9999.0 -9999.0
23906 20200710  2.622  -96.82   28.30    32.7    25.9    29.3    29.0 -9999.0    18.54 C    40.3    24.0    30.3    92.6    68.4    82.1 -99.000 -99.000   0.023 -99.000 -99.000 -9999.0 -9999.0    28.5 -9999.0 -9999.0
23906 20200711  2.622  -96.82   28.30    34.1    24.7    29.4    29.0 -9999.0    24.86 C    44.4    23.3    31.2    94.8    54.8    78.7 -99.000 -99.000   0.022 -99.000 -99.000 -9999.0 -9999.0    28.5 -9999.0 -9999.0
23906 20200712  2.622  -96.82   28.30    33.9    25.6    29.8    28.9 -9999.0    22.75 C    43.6    24.7    30.9    93.5    59.5    80.2 -99.000 -99.000   0.021 -99.000 -99.000 -9999.0 -9999.0    28.6 -9999.0 -9999.0
23906 20200713  2.622  -96.82   28.30    33.0    26.2    29.6    29.1 -9999.0    26.75 C    42.1    25.4    31.2    93.4    60.3    78.5 -99.000 -99.000   0.020 -99.000 -99.000 -9999.0 -9999.0    28.7 -9999.0 -9999.0
23906 20200714  2.622  -96.82   28.30    33.2    26.1    29.7    29.0 -9999.0    26.00 C    41.9    25.3    31.0    90.2    57.3    77.6 -99.000 -99.000   0.021 -99.000 -99.000 -9999.0 -9999.0    28.7 -9999.0 -9999.0
23906 20200715  2.622  -96.82   28.30    33.8    26.0    29.9    29.2 -9999.0    24.81 C    42.7    24.9    31.2    92.7    55.7    76.7 -99.000 -99.000   0.021 -99.000 -99.000 -9999.0 -9999.0    28.8 -9999.0 -9999.0
23906 20200716  2.622  -96.82   28.30    33.1    26.3    29.7    29.1 -9999.0    18.78 C    42.2    25.1    30.7    93.9    65.4    80.5 -99.000 -99.000   0.020 -99.000 -99.000 -9999.0 -9999.0    28.8 -9999.0 -9999.0
23906 20200717  2.622  -96.82   28.30    32.6    22.2    27.4    26.5 -9999.0     8.81 C    41.3    20.9    26.5    96.1    69.5    85.1 -99.000 -99.000   0.019 -99.000 -99.000 -9999.0 -9999.0    28.3 -9999.0 -9999.0
23906 20200718  2.622  -96.82   28.30    32.9    22.1    27.5    28.1 -9999.0    25.86 C    42.6    20.7    30.4    94.7    49.1    73.2 -99.000 -99.000   0.018 -99.000 -99.000 -9999.0 -9999.0    27.9 -9999.0 -9999.0
23906 20200719  2.622  -96.82   28.30    32.8    20.6    26.7    27.3 -9999.0    25.09 C    41.7    19.6    29.0    95.1    59.8    79.5 -99.000 -99.000   0.018 -99.000 -99.000 -9999.0 -9999.0    28.2 -9999.0 -9999.0
23906 20200720  2.622  -96.82   28.30    34.6    23.1    28.9    28.6 -9999.0    22.98 C    45.3    21.4    30.3    95.7    49.1    76.8 -99.000 -99.000   0.019 -99.000 -99.000 -9999.0 -9999.0    28.2 -9999.0 -9999.0
23906 20200721  2.622  -96.82   28.30    32.7    24.0    28.3    28.2 -9999.0    19.91 C    41.6    22.9    29.9    95.8    59.3    78.6 -99.000 -99.000   0.018 -99.000 -99.000 -9999.0 -9999.0    28.1 -9999.0 -9999.0
23906 20200722  2.622  -96.82   28.30    33.4    22.4    27.9    28.7 -9999.0    24.53 C    41.6    21.0    30.3    95.4    58.0    78.2 -99.000 -99.000   0.018 -99.000 -99.000 -9999.0 -9999.0    28.2 -9999.0 -9999.0
23906 20200723  2.622  -96.82   28.30    34.6    24.1    29.4    29.7 -9999.0    25.51 C    44.1    22.9    32.0    94.1    49.4    72.8 -99.000 -99.000   0.017 -99.000 -99.000 -9999.0 -9999.0    28.4 -9999.0 -9999.0
23906 20200724  2.622  -96.82   28.30    36.7    24.6    30.6    29.0 -9999.0    18.13 C    46.3    23.5    30.8    93.9    45.6    75.3 -99.000 -99.000   0.017 -99.000 -99.000 -9999.0 -9999.0    28.5 -9999.0 -9999.0
23906 20200725  2.622  -96.82   28.30    28.6    24.8    26.7    26.6 -9999.0     5.37 C    27.9    24.3    26.0    93.3    78.4    86.9 -99.000 -99.000   0.081 -99.000 -99.000 -9999.0 -9999.0    27.8 -9999.0 -9999.0
23906 20200726  2.622  -96.82   28.30    32.8    23.9    28.4    28.0 -9999.0    15.80 C    38.0    23.4    28.4    91.7    70.7    84.1 -99.000 -99.000   0.115 -99.000 -99.000 -9999.0 -9999.0    27.6 -9999.0 -9999.0
23906 20200727  2.622  -96.82   28.30    32.7    27.0    29.8    28.6 -9999.0    14.20 C    40.5    26.2    29.6    91.5    67.4    83.4 -99.000 -99.000   0.097 -99.000 -99.000 -9999.0 -9999.0    28.1 -9999.0 -9999.0
23906 20200728  2.622  -96.82   28.30    32.9    24.2    28.5    28.1 -9999.0    20.21 C    40.9    23.2    29.4    95.9    59.2    79.8 -99.000 -99.000   0.089 -99.000 -99.000 -9999.0 -9999.0    28.0 -9999.0 -9999.0
23906 20200729  2.622  -96.82   28.30    33.0    24.7    28.8    28.2 -9999.0    15.50 C    39.2    23.8    28.8    91.5    61.7    80.0 -99.000 -99.000   0.083 -99.000 -99.000 -9999.0 -9999.0    27.9 -9999.0 -9999.0
23906 20200730  2.622  -96.82   28.30    33.3    26.0    29.6    29.1 -9999.0    23.05 C    41.3    24.4    30.6    91.2    57.5    76.3 -99.000 -99.000   0.077 -99.000 -99.000 -9999.0 -9999.0    28.1 -9999.0 -9999.0
23906 20200731  2.622  -96.82   28.30    34.2    25.2    29.7    29.3 -9999.0    23.99 C    42.0    23.4    30.9    92.6    57.9    76.2 -99.000 -99.000   0.071 -99.000 -99.000 -9999.0 -9999.0    28.3 -9999.0 -9999.0
23906 20200801  2.622  -96.82   28.30    33.5    21.6    27.6    26.4 -9999.0    12.50 C    42.7    21.3    26.9    95.4    60.2    85.7 -99.000 -99.000   0.108 -99.000 -99.000 -9999.0 -9999.0    27.1 -9999.0 -9999.0
23906 20200802  2.622  -96.82   28.30    33.4    21.7    27.6    27.1 -9999.0    25.25 C    40.9    20.5    28.6    96.1    55.1    81.5 -99.000 -99.000   0.097 -99.000 -99.000 -9999.0 -9999.0    26.7 -9999.0 -9999.0
23906 20200803  2.622  -96.82   28.30    34.7    20.6    27.7    27.2 -9999.0    24.88 C    43.7    19.4    29.0    95.7    40.7    77.6 -99.000 -99.000   0.082 -99.000 -99.000 -9999.0 -9999.0    27.3 -9999.0 -9999.0
23906 20200804  2.622  -96.82   28.30    33.6    21.8    27.7    27.3 -9999.0    24.88 C    41.6    20.0    29.0    95.3    48.0    76.5 -99.000 -99.000   0.074 -99.000 -99.000 -9999.0 -9999.0    27.6 -9999.0 -9999.0
23906 20200805  2.622  -96.82   28.30    33.4    20.4    26.9    27.9 -9999.0    25.44 C    41.7    19.2    29.6    95.5    52.9    75.5 -99.000 -99.000   0.067 -99.000 -99.000 -9999.0 -9999.0    27.5 -9999.0 -9999.0
23906 20200806  2.622  -96.82   28.30    32.8    21.6    27.2    28.2 -9999.0    25.07 C    41.5    20.4    30.0    94.1    60.0    74.8 -99.000 -99.000   0.060 -99.000 -99.000 -9999.0 -9999.0    27.9 -9999.0 -9999.0
23906 20200807  2.622  -96.82   28.30    33.1    23.0    28.0    29.2 -9999.0    26.33 C    41.8    21.4    31.1    92.4    60.6    72.5 -99.000 -99.000   0.054 -99.000 -99.000 -9999.0 -9999.0    28.4 -9999.0 -9999.0
23906 20200808  2.622  -96.82   28.30    33.3    22.7    28.0    28.6 -9999.0    21.82 C    42.1    21.3    29.8    94.2    60.6    77.4 -99.000 -99.000   0.048 -99.000 -99.000 -9999.0 -9999.0    28.4 -9999.0 -9999.0
23906 20200809  2.622  -96.82   28.30    33.8    26.1    29.9    29.7 -9999.0    20.92 C    41.8    24.8    31.0    88.2    56.0    74.1 -99.000 -99.000   0.044 -99.000 -99.000 -9999.0 -9999.0    28.6 -9999.0 -9999.0
23906 20200810  2.622  -96.82   28.30    33.6    26.0    29.8    29.6 -9999.0    21.70 C    41.3    23.6    31.0    89.8    62.1    75.8 -99.000 -99.000   0.039 -99.000 -99.000 -9999.0 -9999.0    28.7 -9999.0 -9999.0
23906 20200811  2.622  -96.82   28.30    34.1    26.8    30.4    29.8 -9999.0    23.04 C    43.1    25.4    31.4    86.9    56.1    74.6 -99.000 -99.000   0.035 -99.000 -99.000 -9999.0 -9999.0    28.9 -9999.0 -9999.0
23906 20200812  2.622  -96.82   28.30    34.3    26.3    30.3    29.6 -9999.0    22.86 C    43.0    24.8    31.3    88.6    57.3    75.8 -99.000 -99.000   0.032 -99.000 -99.000 -9999.0 -9999.0    28.9 -9999.0 -9999.0
23906 20200813  2.622  -96.82   28.30    34.6    23.3    28.9    29.2 -9999.0    24.72 C    43.5    21.9    31.0    94.9    41.2    75.2 -99.000 -99.000   0.029 -99.000 -99.000 -9999.0 -9999.0    29.0 -9999.0 -9999.0
23906 20200814  2.622  -96.82   28.30    34.6    23.2    28.9    29.0 -9999.0    23.48 C    42.8    21.3    30.6    95.4    54.4    75.7 -99.000 -99.000   0.027 -99.000 -99.000 -9999.0 -9999.0    28.9 -9999.0 -9999.0
23906 20200815  2.622  -96.82   28.30    34.4    22.9    28.7    29.1 -9999.0    25.44 C    43.5    20.9    31.0    95.7    51.6    75.2 -99.000 -99.000   0.025 -99.000 -99.000 -9999.0 -9999.0    28.9 -9999.0 -9999.0
23906 20200816  2.622  -96.82   28.30    34.5    21.2    27.9    28.0 -9999.0    24.19 C    42.5    20.0    29.5    95.5    50.1    77.1 -99.000 -99.000   0.024 -99.000 -99.000 -9999.0 -9999.0    28.9 -9999.0 -9999.0
23906 20200817  2.622  -96.82   28.30    33.2    21.6    27.4    27.4 -9999.0    21.18 C    40.7    19.8    28.9    96.0    56.0    79.0 -99.000 -99.000   0.022 -99.000 -99.000 -9999.0 -9999.0    28.7 -9999.0 -9999.0
23906 20200818  2.622  -96.82   28.30    36.8    21.3    29.0    27.8 -9999.0    21.27 C    46.9    19.5    29.5    95.7    38.5    72.3 -99.000 -99.000   0.021 -99.000 -99.000 -9999.0 -9999.0    28.6 -9999.0 -9999.0
23906 20200819  2.622  -96.82   28.30    37.6    20.1    28.8    28.0 -9999.0    24.28 C    46.7    18.4    29.6    92.7    31.3    68.1 -99.000 -99.000   0.021 -99.000 -99.000 -9999.0 -9999.0    28.5 -9999.0 -9999.0
23906 20200820  2.622  -96.82   28.30    35.0    20.2    27.6    27.7 -9999.0    22.11 C    43.9    19.1    29.3    95.0    38.6    73.3 -99.000 -99.000   0.020 -99.000 -99.000 -9999.0 -9999.0    28.3 -9999.0 -9999.0
23906 20200821  2.622  -96.82   28.30    33.8    23.6    28.7    28.2 -9999.0    19.65 C    40.6    21.9    28.8    91.6    55.1    76.4 -99.000 -99.000   0.020 -99.000 -99.000 -9999.0 -9999.0    28.4 -9999.0 -9999.0
23906 20200822  2.622  -96.82   28.30    32.0    22.3    27.2    26.9 -9999.0    11.89 C    36.8    21.7    26.7    88.6    56.0    74.8 -99.000 -99.000   0.073 -99.000 -99.000 -9999.0 -9999.0    27.4 -9999.0 -9999.0
23906 20200823  2.622  -96.82   28.30    32.8    21.7    27.3    28.1 -9999.0    24.58 C    40.9    20.5    29.4    94.8    48.6    72.3 -99.000 -99.000   0.104 -99.000 -99.000 -9999.0 -9999.0    27.4 -9999.0 -9999.0
23906 20200824  2.622  -96.82   28.30    32.8    23.0    27.9    27.1 -9999.0    16.77 C    39.0    21.3    27.3    94.5    49.9    79.1 -99.000 -99.000   0.094 -99.000 -99.000 -9999.0 -9999.0    27.7 -9999.0 -9999.0
23906 20200825  2.622  -96.82   28.30    35.6    22.4    29.0    28.5 -9999.0    22.71 C    43.5    21.2    30.1    95.0    42.1    73.9 -99.000 -99.000   0.086 -99.000 -99.000 -9999.0 -9999.0    27.7 -9999.0 -9999.0
23906 20200826  2.622  -96.82   28.30    35.5    24.4    29.9    28.4 -9999.0    18.26 C    43.1    23.3    29.2    95.0    55.1    82.4 -99.000 -99.000   0.078 -99.000 -99.000 -9999.0 -9999.0    28.2 -9999.0 -9999.0
23906 20200827  2.622  -96.82   28.30    34.1    23.3    28.7    28.4 -9999.0    21.10 C    41.1    22.2    29.8    95.2    58.0    80.4 -99.000 -99.000   0.074 -99.000 -99.000 -9999.0 -9999.0    28.1 -9999.0 -9999.0
23906 20200828  2.622  -96.82   28.30    34.0    28.2    31.1    30.5 -9999.0    22.92 C    41.4    27.3    31.9    85.5    57.4    74.3 -99.000 -99.000   0.068 -99.000 -99.000 -9999.0 -9999.0    28.7 -9999.0 -9999.0
23906 20200829  2.622  -96.82   28.30    35.3    24.6    30.0    29.9 -9999.0    22.26 C    44.2    23.1    31.5    93.5    55.5    76.1 -99.000 -99.000   0.061 -99.000 -99.000 -9999.0 -9999.0    28.8 -9999.0 -9999.0
23906 20200830  2.622  -96.82   28.30    34.3    25.1    29.7    30.0 -9999.0    19.36 C    41.6    23.7    31.3    94.3    58.1    76.5 -99.000 -99.000   0.056 -99.000 -99.000 -9999.0 -9999.0    28.9 -9999.0 -9999.0
23906 20200831  2.622  -96.82   28.30    34.0    29.1    31.5    30.8 -9999.0    17.53 C    40.4    28.4    31.8    83.8    63.0    76.3 -99.000 -99.000   0.050 -99.000 -99.000 -9999.0 -9999.0    29.2 -9999.0 -9999.0
23906 20200901  2.622  -96.82   28.30    33.7    29.1    31.4    30.8 -9999.0    18.73 C    39.7    28.3    31.7    83.6    62.6    74.6 -99.000 -99.000   0.045 -99.000 -99.000 -9999.0 -9999.0    29.3 -9999.0 -9999.0
23906 20200902  2.622  -96.82   28.30    34.1    28.3    31.2    30.3 -9999.0    20.44 C    42.0    27.3    31.6    82.0    55.0    72.4 -99.000 -99.000   0.040 -99.000 -99.000 -9999.0 -9999.0    29.3 -9999.0 -9999.0
23906 20200903  2.622  -96.82   28.30    32.7    28.1    30.4    29.7 -9999.0    11.53 C    38.5    27.3    30.4    82.1    67.9    76.6 -99.000 -99.000   0.036 -99.000 -99.000 -9999.0 -9999.0    29.2 -9999.0 -9999.0
23906 20200904  2.622  -96.82   28.30    33.8    24.2    29.0    28.9 -9999.0    23.26 C    42.1    22.8    30.6    94.3    57.4    76.4 -99.000 -99.000   0.034 -99.000 -99.000 -9999.0 -9999.0    29.2 -9999.0 -9999.0
23906 20200905  2.622  -96.82   28.30    31.6    22.8    27.2    27.2 -9999.0    12.44 C    34.8    22.4    27.4    95.1    66.3    83.1 -99.000 -99.000   0.125 -99.000 -99.000 -9999.0 -9999.0    28.1 -9999.0 -9999.0
23906 20200906  2.622  -96.82   28.30    31.7    22.8    27.3    26.9 -9999.0    13.62 C    38.4    22.1    27.7    95.4    65.8    84.1 -99.000 -99.000   0.099 -99.000 -99.000 -9999.0 -9999.0    28.2 -9999.0 -9999.0
23906 20200907  2.622  -96.82   28.30    32.3    22.0    27.2    26.9 -9999.0    14.13 C    39.8    21.1    27.8    95.5    57.1    79.4 -99.000 -99.000   0.089 -99.000 -99.000 -9999.0 -9999.0    27.9 -9999.0 -9999.0
23906 20200908  2.622  -96.82   28.30    30.3    24.0    27.2    27.6 -9999.0    11.19 C    33.7    23.0    27.4    94.5    74.0    81.8 -99.000 -99.000   0.089 -99.000 -99.000 -9999.0 -9999.0    27.8 -9999.0 -9999.0
23906 20200909  2.622  -96.82   28.30    32.7    26.6    29.7    29.4 -9999.0    13.94 C    38.9    25.0    29.8    82.9    63.4    74.8 -99.000 -99.000   0.088 -99.000 -99.000 -9999.0 -9999.0    28.1 -9999.0 -9999.0
23906 20200910  2.622  -96.82   28.30    28.8    19.1    24.0    24.4 -9999.0    15.64 C    36.7    19.3    25.5    94.4    66.1    81.7 -99.000 -99.000   0.089 -99.000 -99.000 -9999.0 -9999.0    27.7 -9999.0 -9999.0
23906 20200911  2.622  -96.82   28.30    31.8    19.3    25.6    24.8 -9999.0    19.30 C    38.7    18.8    26.5    88.8    57.4    75.9 -99.000 -99.000   0.084 -99.000 -99.000 -9999.0 -9999.0    27.1 -9999.0 -9999.0
23906 20200912  2.622  -96.82   28.30    34.4    22.1    28.3    27.0 -9999.0    21.24 C    41.7    21.1    28.6    94.4    45.4    75.4 -99.000 -99.000   0.077 -99.000 -99.000 -9999.0 -9999.0    27.2 -9999.0 -9999.0
23906 20200913  2.622  -96.82   28.30    33.9    22.2    28.0    27.3 -9999.0    20.00 C    41.4    20.9    28.3    95.0    52.8    79.0 -99.000 -99.000   0.072 -99.000 -99.000 -9999.0 -9999.0    27.4 -9999.0 -9999.0
23906 20200914  2.622  -96.82   28.30    30.8    24.2    27.5    26.2 -9999.0     8.72 C    35.4    23.0    26.4    95.5    70.1    87.4 -99.000 -99.000   0.077 -99.000 -99.000 -9999.0 -9999.0    27.4 -9999.0 -9999.0
23906 20200915  2.622  -96.82   28.30    33.1    24.4    28.7    27.6 -9999.0    13.26 C    37.8    23.6    28.1    89.7    57.7    77.7 -99.000 -99.000   0.090 -99.000 -99.000 -9999.0 -9999.0    27.4 -9999.0 -9999.0
23906 20200916  2.622  -96.82   28.30    34.0    23.2    28.6    26.3 -9999.0    11.42 C    41.6    22.4    27.0    95.4    51.1    85.0 -99.000 -99.000   0.093 -99.000 -99.000 -9999.0 -9999.0    27.3 -9999.0 -9999.0
23906 20200917  2.622  -96.82   28.30    32.0    22.1    27.0    25.4 -9999.0    10.87 C    37.5    21.9    25.8    95.4    59.5    86.7 -99.000 -99.000   0.103 -99.000 -99.000 -9999.0 -9999.0    27.2 -9999.0 -9999.0
