94084 20200101  2.622 -102.17   48.97     1.9    -3.9    -1.0    -0.7     0.0     2.33 C     0.0    -5.4    -1.9    92.4    77.7    84.9 -99.000 -99.000 -99.000   0.305   0.200    -1.9    -1.6    -1.3     0.3     1.0
94084 20200102  2.622 -102.17   48.97    -1.4    -3.7    -2.5    -2.7     0.0     2.05 C    -1.1    -3.7    -2.7    95.7    84.7    90.1 -99.000 -99.000 -99.000   0.305   0.204    -1.4    -1.2    -1.0     0.2     1.0
94084 20200103  2.622 -102.17   48.97    -2.5   -12.5    -7.5    -7.6     0.0     5.12 C    -2.7   -15.6    -9.9    91.6    68.4    79.2 -99.000 -99.000 -99.000   0.304   0.208    -1.6    -1.3    -0.9     0.2     1.0
94084 20200104  2.622 -102.17   48.97     4.7   -10.1    -2.7    -2.0     0.0     3.80 C     0.2    -9.6    -4.1    87.1    61.0    75.9 -99.000 -99.000 -99.000   0.303   0.209    -1.8    -1.4    -1.1     0.2     1.0
94084 20200105  2.622 -102.17   48.97     0.3   -11.7    -5.7    -4.2     0.0     5.35 C    -0.6   -17.8    -7.8    92.5    62.9    74.9 -99.000 -99.000 -99.000   0.303   0.211    -1.6    -1.2    -0.9     0.2     1.0
94084 20200106  2.622 -102.17   48.97    -1.9    -8.1    -5.0    -4.8     0.0     5.04 C    -3.6   -12.6    -7.9    80.2    64.7    71.2 -99.000 -99.000 -99.000 -99.000   0.208    -2.2    -1.7    -1.2     0.2     1.0
94084 20200107  2.622 -102.17   48.97    -8.1   -24.7   -16.4   -17.9     0.0     5.52 C   -11.1   -26.9   -19.9    81.3    61.7    71.0 -99.000 -99.000 -99.000 -99.000   0.217    -3.3    -2.5    -1.7     0.2     0.9
94084 20200108  2.622 -102.17   48.97   -10.0   -23.8   -16.9   -14.2     0.0     2.18 C   -10.0   -25.7   -14.2    80.6    62.9    75.0 -99.000 -99.000 -99.000 -99.000   0.219    -4.4    -3.6    -2.6     0.1     0.9
94084 20200109  2.622 -102.17   48.97    -8.3   -22.3   -15.3   -14.4     0.0     4.25 C    -8.4   -23.9   -14.7    92.2    60.5    74.6 -99.000 -99.000 -99.000 -99.000   0.218    -3.8    -3.2    -2.4     0.1     0.8
94084 20200110  2.622 -102.17   48.97   -19.5   -25.8   -22.6   -22.8     0.0     5.70 C   -19.4   -28.3   -24.8    77.9    66.9    72.5 -99.000 -99.000 -99.000 -99.000   0.217    -5.0    -4.0    -3.0     0.0     0.8
94084 20200111  2.622 -102.17   48.97   -11.6   -21.7   -16.6   -15.3     0.0     2.33 C   -11.6   -24.3   -15.7    79.9    60.9    74.3 -99.000 -99.000 -99.000 -99.000   0.217    -5.0    -4.2    -3.3    -0.1     0.7
94084 20200112  2.622 -102.17   48.97    -9.9   -14.5   -12.2   -12.2     0.2     3.39 C    -8.5   -17.0   -12.5    85.6    71.8    78.1 -99.000 -99.000 -99.000 -99.000   0.217    -4.0    -3.5    -2.8    -0.2     0.6
94084 20200113  2.622 -102.17   48.97   -14.5   -23.4   -19.0   -19.2     0.0     3.28 C   -14.0   -24.4   -17.7    79.3    71.5    75.4 -99.000 -99.000 -99.000 -99.000   0.216    -4.0    -3.3    -2.6    -0.3     0.6
94084 20200114  2.622 -102.17   48.97   -23.3   -29.3   -26.3   -25.5     0.0     4.65 C   -20.3   -30.4   -24.7    72.9    63.7    68.6 -99.000 -99.000 -99.000 -99.000   0.216    -5.0    -4.1    -3.2    -0.3     0.5
94084 20200115  2.622 -102.17   48.97   -24.0   -31.8   -27.9   -27.8     0.0     5.31 C   -22.5   -33.1   -27.8    73.3    61.8    67.5 -99.000 -99.000 -99.000 -99.000   0.214    -5.4    -4.5    -3.6    -0.4     0.4
94084 20200116  2.622 -102.17   48.97   -22.2   -32.4   -27.3   -26.7     0.0     5.28 C   -22.1   -32.8   -27.0    72.4    56.4    65.5 -99.000 -99.000 -99.000 -99.000   0.212    -5.9    -5.0    -4.0    -0.6     0.4
94084 20200117  2.622 -102.17   48.97   -17.3   -23.7   -20.5   -20.5     0.0     4.28 C   -13.9   -24.5   -19.9    78.6    69.7    74.6 -99.000 -99.000 -99.000 -99.000   0.210    -5.8    -5.0    -4.1    -0.7     0.3
94084 20200118  2.622 -102.17   48.97   -18.6   -25.4   -22.0   -23.3     0.0     5.72 C   -18.2   -26.6   -23.4    77.3    66.9    70.4 -99.000 -99.000 -99.000 -99.000   0.208    -6.7    -5.6    -4.5    -0.9     0.2
94084 20200119  2.622 -102.17   48.97   -20.5   -26.7   -23.6   -24.4     0.0     6.26 C   -18.9   -27.9   -25.2    78.8    71.1    74.0 -99.000 -99.000 -99.000 -99.000   0.208    -7.3    -6.3    -5.1    -1.1     0.0
94084 20200120  2.622 -102.17   48.97    -4.9   -26.9   -15.9   -14.8     0.0     6.36 C    -7.6   -27.9   -16.7    76.9    65.3    72.2 -99.000 -99.000 -99.000 -99.000   0.207    -6.7    -5.9    -5.0    -1.4    -0.2
94084 20200121  2.622 -102.17   48.97     2.9    -8.0    -2.6    -3.3     0.0     5.14 C    -0.2   -11.7    -6.4    89.7    61.6    75.3 -99.000 -99.000 -99.000 -99.000   0.207    -4.6    -4.3    -3.8    -1.4    -0.3
94084 20200122  2.622 -102.17   48.97    -4.9   -13.9    -9.4    -8.1     0.0     4.23 C    -3.5   -15.9    -9.1    91.1    79.2    86.9 -99.000 -99.000 -99.000 -99.000   0.205    -3.9    -3.5    -3.0    -1.2    -0.3
94084 20200123  2.622 -102.17   48.97    -4.9    -6.4    -5.7    -5.7     0.0     2.79 C    -2.7    -6.6    -5.2    94.3    90.8    91.8 -99.000 -99.000 -99.000 -99.000   0.204    -3.3    -3.0    -2.6    -1.1    -0.2
94084 20200124  2.622 -102.17   48.97    -5.2    -9.0    -7.1    -7.7     0.0     6.03 C    -4.6   -10.4    -7.5    93.3    87.5    89.6 -99.000 -99.000 -99.000 -99.000 -99.000    -3.0    -2.7    -2.3    -1.0    -0.2
94084 20200125  2.622 -102.17   48.97     3.1    -8.7    -2.8    -3.8     0.0     4.27 C     0.2   -10.3    -4.8    93.8    72.5    87.6 -99.000 -99.000 -99.000 -99.000 -99.000    -2.9    -2.6    -2.3    -0.9    -0.2
94084 20200126  2.622 -102.17   48.97     0.4    -6.3    -3.0    -4.0     2.0     4.88 C    -0.4    -6.2    -3.7    95.6    82.1    89.8 -99.000 -99.000 -99.000 -99.000 -99.000    -2.2    -2.0    -1.8    -0.9    -0.2
94084 20200127  2.622 -102.17   48.97    -4.3    -7.2    -5.8    -6.0     0.0     3.22 C    -3.1    -7.0    -5.5    94.0    84.7    91.0 -99.000 -99.000 -99.000 -99.000 -99.000    -2.1    -1.8    -1.6    -0.8    -0.1
94084 20200128  2.622 -102.17   48.97    -1.6    -6.1    -3.8    -4.2     0.0     3.41 C    -0.7    -5.8    -3.8    94.2    90.6    92.3 -99.000 -99.000 -99.000 -99.000 -99.000    -2.0    -1.7    -1.6    -0.7    -0.1
94084 20200129  2.622 -102.17   48.97    -1.8    -6.6    -4.2    -4.1     0.0     3.42 C    -0.3    -6.0    -3.5    95.5    86.8    92.2 -99.000 -99.000 -99.000 -99.000 -99.000    -1.8    -1.6    -1.5    -0.7    -0.1
94084 20200130  2.622 -102.17   48.97    -2.7    -7.9    -5.3    -3.9     0.7     3.16 C    -1.8   -10.3    -3.8    94.9    86.8    91.6 -99.000 -99.000 -99.000 -99.000 -99.000    -1.7    -1.4    -1.3    -0.7     0.0
94084 20200131  2.622 -102.17   48.97     1.6   -14.8    -6.6    -5.7     0.0     6.06 C    -1.2   -18.6    -8.7    87.5    58.4    77.3 -99.000 -99.000 -99.000 -99.000 -99.000    -1.8    -1.5    -1.3    -0.6     0.0
94084 20200201  2.622 -102.17   48.97     5.9    -6.4    -0.3     2.3     0.0     5.48 C     0.6   -10.9    -1.1    80.8    58.8    71.2 -99.000 -99.000 -99.000 -99.000 -99.000    -1.5    -1.4    -1.2    -0.6     0.0
94084 20200202  2.622 -102.17   48.97     3.2    -7.7    -2.3    -1.5     0.0     7.58 C     0.3    -8.9    -3.0    86.2    53.5    72.1 -99.000 -99.000 -99.000 -99.000 -99.000    -0.8    -0.8    -0.9    -0.5     0.0
94084 20200203  2.622 -102.17   48.97    -7.3   -14.6   -11.0   -10.6     0.0     8.15 C    -3.7   -15.2   -10.3    85.7    52.7    75.3 -99.000 -99.000 -99.000 -99.000 -99.000    -2.2    -1.7    -1.3    -0.5     0.0
94084 20200204  2.622 -102.17   48.97    -4.6   -18.1   -11.4   -11.5     0.2     8.78 C    -4.0   -18.7   -11.6    87.2    54.9    78.6 -99.000 -99.000 -99.000 -99.000 -99.000    -3.6    -3.0    -2.3    -0.6     0.0
94084 20200205  2.622 -102.17   48.97    -1.9   -10.1    -6.0    -6.5     0.4     7.40 C    -0.2   -11.3    -7.3    87.5    65.1    75.5 -99.000 -99.000 -99.000 -99.000 -99.000    -3.6    -3.2    -2.7    -0.8    -0.1
94084 20200206  2.622 -102.17   48.97    -8.1   -21.8   -15.0   -14.7     0.7     4.51 C    -7.4   -27.5   -15.5    87.4    54.2    75.9 -99.000 -99.000 -99.000 -99.000 -99.000    -3.5    -2.9    -2.5    -0.8    -0.2
94084 20200207  2.622 -102.17   48.97    -3.2   -23.3   -13.2   -12.6     0.0     5.49 C    -4.1   -27.4   -12.8    86.7    63.4    74.1 -99.000 -99.000 -99.000 -99.000 -99.000    -4.0    -3.5    -2.9    -0.9    -0.2
94084 20200208  2.622 -102.17   48.97    -3.3   -14.6    -9.0    -7.4     0.0     6.94 C    -2.6   -18.5    -8.1    92.5    83.2    88.8 -99.000 -99.000 -99.000 -99.000 -99.000    -3.3    -3.0    -2.6    -0.9    -0.2
94084 20200209  2.622 -102.17   48.97    -2.1   -10.8    -6.5    -5.7     0.0     8.47 C    -2.4   -13.4    -7.4    91.8    66.6    80.6 -99.000 -99.000 -99.000 -99.000 -99.000    -3.1    -2.7    -2.3    -0.9    -0.2
94084 20200210  2.622 -102.17   48.97    -4.6    -9.4    -7.0    -6.7     0.0     5.28 C    -3.9   -12.4    -7.9    86.1    69.9    78.4 -99.000 -99.000 -99.000 -99.000 -99.000    -3.3    -2.9    -2.4    -0.9    -0.3
94084 20200211  2.622 -102.17   48.97    -0.9   -11.2    -6.0    -5.3     0.2     8.12 C    -1.7   -13.7    -6.7    92.2    63.7    77.8 -99.000 -99.000 -99.000 -99.000 -99.000    -3.4    -3.0    -2.6    -1.0    -0.3
94084 20200212  2.622 -102.17   48.97    -7.0   -26.0   -16.5   -21.0     0.0    10.29 C    -7.3   -28.1   -21.3    81.0    54.7    64.8 -99.000 -99.000 -99.000 -99.000 -99.000    -4.5    -3.6    -2.8    -1.0    -0.3
94084 20200213  2.622 -102.17   48.97   -12.7   -28.2   -20.5   -20.4     0.0    10.66 C   -13.3   -31.6   -21.7    74.0    47.6    65.2 -99.000 -99.000 -99.000 -99.000 -99.000    -6.3    -5.3    -4.3    -1.2    -0.4
94084 20200214  2.622 -102.17   48.97     1.1   -13.6    -6.2    -5.0     0.0     6.73 C     0.1   -16.0    -6.6    91.8    64.7    75.6 -99.000 -99.000 -99.000 -99.000 -99.000    -5.3    -4.8    -4.2    -1.5    -0.5
94084 20200215  2.622 -102.17   48.97    -4.5   -17.3   -10.9   -11.5     0.0    10.07 C    -5.3   -20.0   -12.5    82.7    57.1    73.8 -99.000 -99.000 -99.000 -99.000 -99.000    -4.7    -4.1    -3.5    -1.4    -0.5
94084 20200216  2.622 -102.17   48.97    -1.6   -15.4    -8.5    -7.3     0.0     5.12 C    -1.2   -16.2    -7.4    88.1    69.5    78.9 -99.000 -99.000 -99.000 -99.000 -99.000    -4.9    -4.5    -3.9    -1.6    -0.6
94084 20200217  2.622 -102.17   48.97    -5.2   -14.7    -9.9    -9.1     0.2     5.72 C    -5.8   -16.0    -9.4    89.8    65.4    79.9 -99.000 -99.000 -99.000 -99.000 -99.000    -4.2    -3.7    -3.3    -1.5    -0.6
94084 20200218  2.622 -102.17   48.97   -14.7   -24.4   -19.5   -20.8     0.0    11.53 C   -15.9   -27.9   -21.5    75.8    54.2    67.7 -99.000 -99.000 -99.000 -99.000 -99.000    -6.8    -5.7    -4.6    -1.6    -0.6
94084 20200219  2.622 -102.17   48.97   -13.9   -27.0   -20.5   -21.3     0.0    11.87 C   -11.7   -29.0   -22.6    76.6    50.5    69.7 -99.000 -99.000 -99.000 -99.000 -99.000    -8.0    -7.1    -5.9    -2.1    -0.9
94084 20200220  2.622 -102.17   48.97     0.7   -17.0    -8.1    -7.4     0.0    11.59 C    -1.0   -20.9   -10.6    83.1    52.1    67.5 -99.000 -99.000 -99.000 -99.000 -99.000    -6.9    -6.3    -5.6    -2.4    -1.1
94084 20200221  2.622 -102.17   48.97     3.2    -7.6    -2.2    -2.1     0.0    11.96 C     1.2   -10.3    -4.8    76.4    56.8    66.9 -99.000 -99.000 -99.000 -99.000 -99.000    -4.6    -4.3    -4.1    -2.2    -1.0
94084 20200222  2.622 -102.17   48.97     3.2   -10.7    -3.7    -1.9     0.0    11.95 C     1.7   -12.7    -4.3    86.1    58.2    72.0 -99.000 -99.000 -99.000 -99.000 -99.000    -3.5    -3.3    -3.1    -1.9    -0.9
94084 20200223  2.622 -102.17   48.97     0.8   -11.3    -5.3    -3.2     0.0    11.91 C     0.7   -12.1    -4.7    90.5    59.8    75.2 -99.000 -99.000 -99.000 -99.000 -99.000    -2.6    -2.5    -2.3    -1.6    -0.8
94084 20200224  2.622 -102.17   48.97    -0.9   -11.4    -6.2    -4.9     0.0     7.13 C     1.1   -11.9    -4.7    88.4    62.6    78.4 -99.000 -99.000 -99.000 -99.000 -99.000    -2.9    -2.7    -2.4    -1.4    -0.7
94084 20200225  2.622 -102.17   48.97    -4.7   -14.1    -9.4    -8.6     0.0     9.46 C    -2.6   -15.5    -8.1    91.0    74.5    83.9 -99.000 -99.000 -99.000 -99.000 -99.000    -3.3    -2.8    -2.4    -1.3    -0.6
94084 20200226  2.622 -102.17   48.97    -2.9   -15.1    -9.0    -8.4     0.0     8.25 C    -0.9   -15.7    -7.8    91.2    64.6    81.4 -99.000 -99.000 -99.000 -99.000 -99.000    -4.3    -3.8    -3.3    -1.4    -0.7
94084 20200227  2.622 -102.17   48.97     2.0   -10.0    -4.0    -2.9     0.7    11.99 C     2.5   -10.2    -3.0    92.6    68.7    84.8 -99.000 -99.000 -99.000 -99.000 -99.000    -3.2    -3.1    -2.9    -1.5    -0.8
94084 20200228  2.622 -102.17   48.97     6.2    -9.7    -1.7    -1.7     0.0    10.27 C     5.6   -10.5    -2.8    92.9    55.7    81.8 -99.000 -99.000 -99.000 -99.000 -99.000    -1.9    -1.9    -1.9    -1.4    -0.7
94084 20200229  2.622 -102.17   48.97     7.9    -4.2     1.9     1.6     0.0     9.34 C     8.5    -4.8    -0.1    92.4    56.2    77.1 -99.000 -99.000 -99.000 -99.000 -99.000    -1.3    -1.2    -1.4    -1.1    -0.6
94084 20200301  2.622 -102.17   48.97     3.2   -10.2    -3.5    -3.6     0.0     5.96 C     0.5    -9.7    -3.4    88.6    62.3    76.5 -99.000 -99.000 -99.000 -99.000 -99.000    -1.2    -1.0    -1.1    -1.0    -0.5
94084 20200302  2.622 -102.17   48.97     4.2   -11.1    -3.4    -1.4     0.0     7.26 C     4.8   -10.4    -2.1    89.8    58.6    77.3 -99.000 -99.000 -99.000 -99.000 -99.000    -2.0    -1.7    -1.5    -0.9    -0.5
94084 20200303  2.622 -102.17   48.97     2.8    -4.5    -0.8    -0.4     0.0    11.61 C     6.6    -5.4    -0.4    93.0    52.6    74.9 -99.000 -99.000 -99.000 -99.000 -99.000    -1.0    -1.0    -1.0    -0.8    -0.5
94084 20200304  2.622 -102.17   48.97     7.8    -3.4     2.2     1.2     0.2     5.73 C     8.1    -4.2     0.5    93.7    60.3    83.5 -99.000 -99.000 -99.000 -99.000 -99.000    -0.7    -0.7    -0.8    -0.8    -0.4
94084 20200305  2.622 -102.17   48.97     0.9    -3.1    -1.1    -0.8     0.0     7.35 C     2.6    -3.4    -1.0    93.5    73.2    86.0 -99.000 -99.000 -99.000 -99.000 -99.000    -0.6    -0.5    -0.7    -0.7    -0.4
94084 20200306  2.622 -102.17   48.97    11.5    -2.5     4.5     3.2     0.0    14.08 C    10.9    -3.4     1.2    85.9    47.9    69.7 -99.000 -99.000 -99.000 -99.000 -99.000    -0.6    -0.5    -0.6    -0.6    -0.4
94084 20200307  2.622 -102.17   48.97     5.9    -1.7     2.1     1.9     0.0    12.21 C     8.4    -3.1     1.5    95.1    73.0    85.0 -99.000 -99.000 -99.000 -99.000 -99.000    -0.5    -0.5    -0.4    -0.5    -0.3
94084 20200308  2.622 -102.17   48.97    -0.7   -10.8    -5.7    -6.6     0.0     4.67 C    -0.5    -9.7    -4.7    96.3    72.0    86.4 -99.000 -99.000 -99.000 -99.000 -99.000    -0.5    -0.4    -0.4    -0.4    -0.3
94084 20200309  2.622 -102.17   48.97    -3.1   -14.4    -8.7    -7.5     0.9     8.95 C     4.3   -14.5    -5.4    92.5    63.1    80.6 -99.000 -99.000 -99.000 -99.000 -99.000    -0.6    -0.4    -0.4    -0.4    -0.3
94084 20200310  2.622 -102.17   48.97     6.6    -9.1    -1.3    -1.4     0.0    14.62 C     9.2   -10.7    -1.6    93.6    38.7    76.4 -99.000 -99.000 -99.000 -99.000 -99.000    -0.7    -0.5    -0.4    -0.4    -0.3
94084 20200311  2.622 -102.17   48.97    10.1    -1.2     4.4     3.8     0.0    13.25 C    10.8    -2.6     2.4    87.3    41.0    65.3 -99.000 -99.000 -99.000 -99.000 -99.000    -0.5    -0.4    -0.4    -0.4    -0.3
94084 20200312  2.622 -102.17   48.97     0.3    -7.8    -3.8    -2.5     0.0    12.55 C     3.6    -7.6    -2.2    89.3    52.1    68.8 -99.000 -99.000 -99.000 -99.000 -99.000    -0.4    -0.3    -0.4    -0.4    -0.3
94084 20200313  2.622 -102.17   48.97    -5.4   -11.9    -8.7    -8.9     0.0    15.51 C     3.6   -10.9    -6.0    83.4    49.1    64.7 -99.000 -99.000 -99.000 -99.000 -99.000    -0.6    -0.4    -0.4    -0.4    -0.3
94084 20200314  2.622 -102.17   48.97    -4.6   -13.3    -9.0    -9.1     0.0    11.93 C     1.9   -11.7    -6.7    80.7    50.2    67.0 -99.000 -99.000 -99.000 -99.000 -99.000    -1.3    -0.9    -0.6    -0.4    -0.3
94084 20200315  2.622 -102.17   48.97    -3.2    -9.7    -6.5    -6.8     1.2     4.31 C    -2.0   -11.5    -6.1    93.2    75.7    83.3 -99.000 -99.000 -99.000 -99.000 -99.000    -1.6    -1.3    -1.0    -0.4    -0.2
94084 20200316  2.622 -102.17   48.97    -4.8   -10.0    -7.4    -7.7     0.0    16.26 C    -3.4   -11.8    -7.8    83.3    57.1    71.8 -99.000 -99.000 -99.000 -99.000 -99.000    -1.5    -1.2    -1.1    -0.4    -0.3
94084 20200317  2.622 -102.17   48.97     2.9   -15.1    -6.1    -5.0     0.0    15.81 C     8.5   -18.1    -4.6    86.7    42.3    65.9 -99.000 -99.000 -99.000 -99.000 -99.000    -1.8    -1.5    -1.3    -0.5    -0.2
94084 20200318  2.622 -102.17   48.97    -5.4   -10.6    -8.0    -8.2     1.6     4.54 C    -0.7    -9.5    -5.9    93.4    67.1    80.8 -99.000 -99.000 -99.000 -99.000 -99.000    -1.1    -0.9    -0.9    -0.5    -0.2
94084 20200319  2.622 -102.17   48.97    -6.3   -17.5   -11.9   -10.8     1.4    17.76 C    -2.1   -16.4    -9.5    85.9    43.5    69.1 -99.000 -99.000 -99.000 -99.000 -99.000    -1.5    -1.3    -1.2    -0.5    -0.2
94084 20200320  2.622 -102.17   48.97    -4.9   -20.9   -12.9   -12.2     0.0    17.77 C     2.9   -19.8    -9.3    81.8    49.5    69.3 -99.000 -99.000 -99.000 -99.000 -99.000    -2.8    -2.3    -1.9    -0.6    -0.2
94084 20200321  2.622 -102.17   48.97    -2.2   -10.3    -6.2    -6.1     0.5    10.09 C    -0.8    -9.2    -5.5    87.0    65.3    78.7 -99.000 -99.000 -99.000 -99.000 -99.000    -2.6    -2.2    -2.0    -0.7    -0.2
94084 20200322  2.622 -102.17   48.97     4.3   -14.7    -5.2    -4.2     0.0    17.95 C     7.6   -14.8    -3.7    93.5    40.2    73.8 -99.000 -99.000 -99.000 -99.000 -99.000    -2.0    -1.8    -1.7    -0.7    -0.2
94084 20200323  2.622 -102.17   48.97    10.2    -7.6     1.3     1.2     0.0    17.47 C    12.7    -8.1     0.8    92.2    42.8    72.5 -99.000 -99.000 -99.000 -99.000 -99.000    -1.0    -1.0    -1.1    -0.7    -0.2
94084 20200324  2.622 -102.17   48.97     9.7    -3.1     3.3     1.5     0.0    14.09 C    10.6    -4.0     1.3    93.3    48.5    75.3 -99.000 -99.000 -99.000 -99.000 -99.000    -0.5    -0.6    -0.7    -0.6    -0.2
94084 20200325  2.622 -102.17   48.97     1.3    -8.8    -3.8    -2.9     0.0    18.08 C    10.9    -8.2    -0.5    90.5    42.6    65.4 -99.000 -99.000 -99.000 -99.000 -99.000    -0.5    -0.5    -0.6    -0.5    -0.2
94084 20200326  2.622 -102.17   48.97     8.7    -3.5     2.6     1.0     0.0    16.27 C    16.4    -4.3     1.9    91.3    33.6    69.3 -99.000 -99.000 -99.000 -99.000 -99.000    -0.4    -0.4    -0.5    -0.5    -0.2
94084 20200327  2.622 -102.17   48.97    10.4    -4.4     3.0     3.6     0.0    19.45 C    15.2    -6.1     2.9    84.6    23.6    56.8 -99.000 -99.000 -99.000 -99.000 -99.000    -0.1    -0.3    -0.4    -0.5    -0.2
94084 20200328  2.622 -102.17   48.97    14.7    -5.5     4.6     4.0     0.0    15.65 C    22.3    -6.1     2.9    85.3    24.0    59.8 -99.000 -99.000 -99.000 -99.000 -99.000     0.2    -0.1    -0.4    -0.4    -0.2
94084 20200329  2.622 -102.17   48.97    14.6    -3.6     5.5     4.5     0.0    19.35 C    18.1    -5.8     4.1    91.2    31.9    68.7 -99.000 -99.000 -99.000 -99.000 -99.000     0.8     0.2    -0.3    -0.4    -0.2
94084 20200330  2.622 -102.17   48.97    17.9     0.9     9.4     8.0     0.0    18.03 C    21.2    -0.7     7.3    82.5    26.7    56.3 -99.000 -99.000 -99.000 -99.000 -99.000     2.0     1.1    -0.2    -0.4    -0.2
94084 20200331  2.622 -102.17   48.97    13.3    -1.3     6.0     4.8     0.0     7.67 C    18.2    -2.3     4.5    94.6    55.6    80.1 -99.000   0.286 -99.000 -99.000 -99.000     1.7     1.2     0.1    -0.4    -0.2
94084 20200401  2.622 -102.17   48.97    -0.6   -14.7    -7.6    -7.9    14.3    10.10 C    -0.4   -18.2    -7.6    91.8    72.5    81.7 -99.000 -99.000 -99.000 -99.000 -99.000    -0.1     0.0    -0.1    -0.3    -0.2
94084 20200402  2.622 -102.17   48.97    -9.3   -15.8   -12.6   -12.6     0.0    13.92 C    -7.5   -19.5   -13.1    82.8    59.2    72.4 -99.000 -99.000 -99.000 -99.000 -99.000    -0.3    -0.2    -0.2    -0.3    -0.1
94084 20200403  2.622 -102.17   48.97    -6.2   -21.5   -13.8   -12.9     0.0    21.58 C    -4.5   -26.2   -14.6    85.6    50.1    68.5 -99.000 -99.000 -99.000 -99.000 -99.000    -0.3    -0.2    -0.2    -0.3    -0.1
94084 20200404  2.622 -102.17   48.97     0.3   -14.1    -6.9    -6.0     0.0    19.33 C    -0.2   -17.2    -7.3    95.8    62.2    77.1 -99.000 -99.000 -99.000 -99.000 -99.000    -0.3    -0.2    -0.2    -0.3    -0.1
94084 20200405  2.622 -102.17   48.97     1.0    -9.7    -4.4    -3.5     0.0    16.86 C     3.2   -10.9    -2.6    95.3    82.1    90.4 -99.000 -99.000 -99.000 -99.000 -99.000    -0.3    -0.2    -0.2    -0.3    -0.1
94084 20200406  2.622 -102.17   48.97     8.8    -2.3     3.2     1.8     0.0    11.95 C    10.3    -2.5     2.1    96.5    75.7    87.3 -99.000 -99.000 -99.000 -99.000 -99.000    -0.2    -0.1    -0.2    -0.3    -0.1
94084 20200407  2.622 -102.17   48.97    13.1    -4.4     4.4     2.7     0.0    16.81 C    17.5    -4.7     3.0    92.3    30.3    69.9 -99.000 -99.000 -99.000 -99.000 -99.000     0.5     0.4     0.0    -0.3    -0.1
94084 20200408  2.622 -102.17   48.97     4.4    -4.1     0.1     0.2     0.0    14.90 C     8.4    -4.9     0.1    80.2    33.6    60.9 -99.000 -99.000 -99.000 -99.000 -99.000     0.3     0.3     0.0    -0.2    -0.1
94084 20200409  2.622 -102.17   48.97     4.1    -8.9    -2.4    -2.9     0.0    21.53 C    11.0    -8.7    -0.9    81.1    34.7    61.8 -99.000 -99.000 -99.000 -99.000 -99.000     0.6     0.4     0.0    -0.2    -0.1
94084 20200410  2.622 -102.17   48.97    14.1    -2.3     5.9     5.4     0.0    17.78 C    23.3    -3.4     6.8    83.5    22.9    50.0 -99.000 -99.000 -99.000 -99.000 -99.000     2.4     1.6     0.6    -0.2    -0.1
94084 20200411  2.622 -102.17   48.97     2.1    -6.9    -2.4    -1.8     0.0    15.47 C    11.6    -7.0    -0.1    90.8    35.5    60.0   0.310   0.302   0.298 -99.000 -99.000     1.6     1.4     0.7    -0.2    -0.1
94084 20200412  2.622 -102.17   48.97     0.0   -10.6    -5.3    -5.5     0.4    16.26 C     8.1   -10.6    -4.1    86.5    35.6    60.9 -99.000 -99.000 -99.000 -99.000 -99.000    -0.1     0.1     0.0    -0.2    -0.1
94084 20200413  2.622 -102.17   48.97    -4.6   -12.3    -8.4    -8.5     0.0    13.60 C     5.3   -12.1    -5.9    82.2    41.9    64.1 -99.000 -99.000 -99.000 -99.000 -99.000    -0.3    -0.2    -0.2    -0.2    -0.1
94084 20200414  2.622 -102.17   48.97    -0.4   -15.5    -7.9    -7.7     0.0    20.07 C    14.7   -14.7    -3.7    84.7    31.4    60.5 -99.000 -99.000 -99.000 -99.000 -99.000    -0.4    -0.2    -0.2    -0.2    -0.1
94084 20200415  2.622 -102.17   48.97     3.9   -11.7    -3.9    -3.3     0.0    23.55 C    15.4   -11.9    -1.1    84.4    24.2    51.0 -99.000 -99.000 -99.000 -99.000 -99.000    -0.3    -0.2    -0.2    -0.2    -0.1
94084 20200416  2.622 -102.17   48.97     4.1   -10.2    -3.1    -2.5     0.0    15.57 C    12.8    -9.6    -1.2    84.9    36.7    61.8 -99.000 -99.000 -99.000 -99.000 -99.000    -0.3    -0.1    -0.2    -0.2    -0.1
94084 20200417  2.622 -102.17   48.97    14.4    -6.8     3.8     5.1     0.0    17.61 C    19.0    -6.9     4.9    88.8    20.8    48.8 -99.000 -99.000 -99.000 -99.000 -99.000     0.6     0.4     0.0    -0.2    -0.1
94084 20200418  2.622 -102.17   48.97     8.8    -8.6     0.1     3.2     0.0    17.67 C    16.2    -9.2     3.7    84.2    36.9    60.2   0.283   0.273   0.266 -99.000 -99.000     2.4     1.8     0.9    -0.2    -0.1
94084 20200419  2.622 -102.17   48.97    13.8    -8.5     2.6     3.6     0.0    23.52 C    17.5    -9.2     4.1    84.3    22.9    50.4 -99.000   0.264 -99.000 -99.000 -99.000     2.0     1.6     0.8    -0.2    -0.1
94084 20200420  2.622 -102.17   48.97    10.1    -4.6     2.7     4.2     0.0    18.04 C    17.2    -6.9     4.3    75.7    26.7    51.3   0.281   0.273   0.264 -99.000 -99.000     2.8     2.3     1.4    -0.2    -0.1
94084 20200421  2.622 -102.17   48.97    21.8    -4.6     8.6     8.9     0.0    22.46 C    32.3    -6.0    11.3    80.5    19.3    49.5   0.280   0.272   0.264 -99.000 -99.000     4.4     3.3     2.0    -0.2     0.0
94084 20200422  2.622 -102.17   48.97    22.2    -1.0    10.6    10.4     0.0    21.01 C    30.2    -2.9    11.4    86.3    19.3    51.4   0.280   0.271   0.263 -99.000 -99.000     6.3     5.2     3.6    -0.2     0.0
94084 20200423  2.622 -102.17   48.97    17.4     1.8     9.6     9.8     0.7    17.64 C    31.6    -0.6    10.8    83.2    26.5    55.6   0.278   0.269   0.261 -99.000 -99.000     6.6     5.6     4.1    -0.2     0.0
94084 20200424  2.622 -102.17   48.97    18.4    -2.3     8.0     8.7     0.0    14.53 C    37.1    -4.9     9.4    91.6    21.5    57.5   0.275   0.265   0.257 -99.000 -99.000     5.9     5.1     3.9    -0.1     0.0
94084 20200425  2.622 -102.17   48.97    15.0    -1.1     7.0     7.4     0.0    20.73 C    32.7    -1.7    10.1    95.5    36.5    69.1   0.271   0.262   0.252   0.276 -99.000     6.5     5.7     4.3     0.2     0.1
94084 20200426  2.622 -102.17   48.97    20.4     0.1    10.3    11.2     0.0    17.10 C    28.7    -1.4    10.8    92.0    16.5    47.2   0.265   0.256   0.247   0.283   0.216     6.5     5.8     4.6     0.9     0.3
94084 20200427  2.622 -102.17   48.97    21.2    -1.1    10.1    11.1     0.0    14.63 C    28.3    -3.7    10.7    79.5    16.0    44.2   0.258   0.249   0.242   0.281   0.218     6.3     5.7     4.6     1.5     0.6
94084 20200428  2.622 -102.17   48.97    16.9    -0.1     8.4     9.1     0.0    15.68 C    29.3    -1.3    10.0    95.9    38.3    66.8   0.253   0.244   0.237   0.276   0.215     7.3     6.6     5.4     2.2     1.1
94084 20200429  2.622 -102.17   48.97    20.7    -3.5     8.6     9.3     0.6    24.77 C    33.8    -3.2    12.4    97.8    19.7    57.9   0.247   0.239   0.233   0.271   0.214     7.8     7.0     5.7     2.7     1.6
94084 20200430  2.622 -102.17   48.97    24.2     6.4    15.3    15.3     0.0     9.95 C    32.4     3.5    14.2    60.7    22.8    42.9   0.241   0.233   0.229   0.268   0.213     8.6     7.9     6.7     3.4     2.1
94084 20200501  2.622 -102.17   48.97    18.0     6.4    12.2    12.4     5.4    14.92 C    23.1     4.1    11.7    87.5    30.8    64.0   0.260   0.246   0.230   0.266   0.211     9.1     8.5     7.3     4.0     2.7
94084 20200502  2.622 -102.17   48.97    18.4     2.6    10.5    10.1     0.0    25.84 C    26.0    -2.1    10.9    86.9    28.0    57.3   0.257   0.248   0.232   0.263   0.209     8.9     8.4     7.3     4.5     3.2
94084 20200503  2.622 -102.17   48.97    14.1    -1.6     6.2     5.8     0.0    21.70 C    23.5    -2.1     8.3    95.8    34.8    67.1   0.245   0.238   0.228   0.262   0.208     8.4     8.1     7.3     4.8     3.6
94084 20200504  2.622 -102.17   48.97     7.6     1.4     4.5     4.9     2.4     3.91 C    10.3    -1.5     5.4    97.1    65.9    85.7   0.246   0.236   0.225   0.260   0.207     7.2     7.2     6.8     5.0     3.9
94084 20200505  2.622 -102.17   48.97    14.5    -0.2     7.2     6.5     0.4    13.23 C    24.2    -0.5     8.6    97.8    43.5    78.2   0.246   0.238   0.226   0.257   0.205     7.4     7.0     6.4     4.8     4.1
94084 20200506  2.622 -102.17   48.97    19.4    -1.2     9.1    10.2     0.0    22.11 C    35.6    -2.4    12.3    93.7    25.9    58.2   0.242   0.234   0.224   0.256   0.204     9.2     8.5     7.4     5.0     4.2
94084 20200507  2.622 -102.17   48.97    12.1    -0.8     5.7     5.9     0.0    26.13 C    25.6    -3.3     8.8    75.3    18.1    42.4   0.234   0.228   0.221   0.255   0.204     9.4     9.0     8.2     5.6     4.5
94084 20200508  2.622 -102.17   48.97    17.5    -4.9     6.3     7.6     0.3    21.61 C    27.8    -6.1     9.7    83.6    21.7    53.1   0.225   0.220   0.216   0.254   0.202     8.7     8.4     7.8     5.8     4.7
94084 20200509  2.622 -102.17   48.97     6.6    -1.2     2.7     2.3     0.5    21.43 C    22.6    -3.0     5.0    94.0    36.6    71.1   0.241   0.223   0.214   0.252   0.202     8.3     8.2     7.7     5.9     5.0
94084 20200510  2.622 -102.17   48.97     8.5    -6.2     1.1     2.3     0.0    27.43 C    24.5    -7.0     6.1    86.3    24.2    50.8   0.241   0.229   0.215   0.251   0.201     7.8     7.7     7.2     5.8     5.1
94084 20200511  2.622 -102.17   48.97     9.0    -5.5     1.8     1.8     0.0    26.35 C    30.6    -6.8     6.6    81.5    28.3    54.2   0.229   0.221   0.213   0.251   0.199     7.8     7.7     7.1     5.8     5.1
94084 20200512  2.622 -102.17   48.97    12.5    -6.3     3.1     4.5     0.8    23.06 C    24.7    -8.5     7.0    88.2    25.6    54.2   0.219   0.215   0.210   0.250   0.199     7.4     7.4     7.0     5.8     5.2
94084 20200513  2.622 -102.17   48.97    11.1     0.9     6.0     6.4     0.5     6.94 C    23.5    -0.2     7.3    97.2    62.6    83.0   0.220   0.213   0.208   0.248   0.198     7.7     7.6     7.2     5.9     5.2
94084 20200514  2.622 -102.17   48.97    15.2     3.1     9.1     7.6     7.2    17.03 C    27.0     1.5     9.5    95.3    34.9    73.6   0.262   0.239   0.214   0.248   0.197     8.5     8.1     7.4     5.9     5.3
94084 20200515  2.622 -102.17   48.97    20.2     2.0    11.1    10.9     0.0    26.98 C    33.0     0.4    13.6    81.6    25.4    56.0   0.254   0.243   0.220   0.247   0.197    10.4     9.6     8.6     6.2     5.4
94084 20200516  2.622 -102.17   48.97    21.9     1.1    11.5    11.8     0.0    26.86 C    34.4     0.6    14.8    93.1    23.8    60.0   0.237   0.232   0.217   0.248   0.197    11.8    11.0     9.9     6.9     5.7
94084 20200517  2.622 -102.17   48.97    23.6     3.1    13.4    15.1     0.0    26.01 C    30.3     1.7    15.8    85.8    20.4    47.0   0.222   0.219   0.213   0.247   0.197    12.2    11.7    10.7     7.5     6.2
94084 20200518  2.622 -102.17   48.97    23.8    11.5    17.6    17.2     0.0    23.52 C    29.2     9.6    17.6    65.6    26.4    47.1   0.208   0.209   0.208   0.247   0.198    13.0    12.3    11.3     8.0     6.6
94084 20200519  2.622 -102.17   48.97    26.9    11.4    19.2    19.0     0.0    23.44 C    33.0    10.1    19.7    85.6    38.2    59.6   0.196   0.201   0.203   0.247   0.197    14.2    13.3    12.0     8.5     7.0
94084 20200520  2.622 -102.17   48.97    27.2    11.8    19.5    18.8     0.0    24.63 C    35.0    10.8    20.4    91.4    36.9    65.6   0.183   0.194   0.199   0.246   0.197    15.4    14.5    13.1     9.2     7.4
94084 20200521  2.622 -102.17   48.97    27.1     9.0    18.1    19.1     0.0    25.06 C    37.9     5.5    20.9    88.9    16.9    55.0   0.168   0.185   0.194   0.245   0.196    16.1    15.2    13.9     9.8     7.9
94084 20200522  2.622 -102.17   48.97    27.7     4.2    16.0    17.0     0.0    22.76 C    38.9     2.2    17.6    90.7    28.9    55.2   0.150   0.174   0.187   0.245   0.195    15.3    14.7    13.7    10.2     8.4
94084 20200523  2.622 -102.17   48.97    20.8     9.3    15.1    15.1     0.0    12.54 C    30.4     5.6    16.1    84.4    33.5    55.4   0.141   0.164   0.181   0.244   0.196    14.3    14.0    13.3    10.5     8.7
94084 20200524  2.622 -102.17   48.97    13.5     9.4    11.4    11.1     4.5     6.78 C    15.6     9.4    11.7    89.7    63.9    81.7   0.137   0.157   0.178   0.243   0.195    13.0    12.9    12.5    10.4     8.9
94084 20200525  2.622 -102.17   48.97    20.3     7.2    13.8    13.4     0.0    20.87 C    34.4     6.3    16.4    95.0    41.3    69.7   0.137   0.155   0.176   0.243   0.195    14.0    13.4    12.4    10.2     8.9
94084 20200526  2.622 -102.17   48.97    22.7     4.0    13.4    14.9     0.0    17.72 C    39.3     3.2    16.2    95.3    30.9    62.8   0.134   0.149   0.173   0.242   0.194    13.8    13.4    12.7    10.3     9.0
94084 20200527  2.622 -102.17   48.97    21.2     8.3    14.7    14.8     1.0    28.51 C    29.9     6.9    16.1    92.6    17.8    50.2   0.131   0.143   0.168   0.242   0.194    14.1    13.7    12.8    10.4     9.1
94084 20200528  2.622 -102.17   48.97    17.5     3.4    10.4    11.6     0.0    26.49 C    28.4     0.8    13.5    85.7    38.0    58.5   0.127   0.137   0.161   0.240   0.194    13.4    13.2    12.5    10.5     9.2
94084 20200529  2.622 -102.17   48.97    18.1    -0.4     8.8    10.3     0.0    28.10 C    35.0    -1.6    14.5    95.2    26.7    60.2   0.123   0.131   0.153   0.239   0.193    13.4    13.1    12.3    10.4     9.2
94084 20200530  2.622 -102.17   48.97    21.3     1.3    11.3    12.8     0.0    28.87 C    36.5     0.4    16.5    89.7    22.4    49.1   0.120   0.126   0.145   0.238   0.192    14.1    13.7    12.7    10.4     9.3
94084 20200531  2.622 -102.17   48.97    27.4     8.3    17.9    18.7     0.0    26.30 C    36.3     7.2    20.6    73.5    33.4    48.7   0.117   0.121   0.136   0.237   0.191    15.3    14.5    13.4    10.7     9.4
94084 20200601  2.622 -102.17   48.97    27.8    11.6    19.7    20.3     0.0    28.62 C    38.0     8.6    22.1    93.3    21.3    47.3   0.116   0.118   0.129   0.235   0.190    17.2    16.1    14.6    11.1     9.6
94084 20200602  2.622 -102.17   48.97    26.6     7.9    17.3    19.0     0.0    26.27 C    40.9     5.2    21.0    68.4    18.7    41.6   0.112   0.113   0.122   0.234   0.189    17.2    16.4    15.1    11.6     9.9
94084 20200603  2.622 -102.17   48.97    27.2     6.4    16.8    17.6     0.0    25.58 C    42.4     4.5    18.9    77.7    18.4    42.5   0.107   0.109   0.116   0.232   0.189    16.3    15.8    14.8    11.8    10.3
94084 20200604  2.622 -102.17   48.97    23.5     6.6    15.1    15.3     0.0    24.20 C    36.3     4.2    17.1    64.6    18.6    38.3   0.101   0.105   0.111   0.230   0.187    15.5    15.2    14.4    11.9    10.4
94084 20200605  2.622 -102.17   48.97    25.0     3.0    14.0    15.2     0.0    26.76 C    44.3     1.1    20.0    82.3    21.2    49.6   0.097   0.102   0.107   0.227   0.187    16.1    15.4    14.3    11.8    10.5
94084 20200606  2.622 -102.17   48.97    16.8     9.6    13.2    12.6    34.2     5.69 C    19.3     7.8    12.3    92.8    66.4    78.5   0.210   0.203   0.109   0.227   0.186    13.7    13.9    13.8    11.9    10.6
94084 20200607  2.622 -102.17   48.97    26.8    12.6    19.7    19.6     2.5    27.24 C    34.5    12.2    21.0    94.7    35.5    66.6   0.278   0.270   0.154   0.226   0.186    16.0    15.2    14.2    11.6    10.6
94084 20200608  2.622 -102.17   48.97    21.8    11.1    16.4    16.6     0.0    21.23 C    32.0    11.0    18.9    87.7    50.4    71.0   0.250   0.243   0.177   0.227   0.186    17.0    16.6    15.6    12.2    10.7
94084 20200609  2.622 -102.17   48.97    20.9     7.8    14.4    14.1     0.0    18.34 C    32.1     7.9    16.4    92.7    34.8    62.9   0.231   0.227   0.177   0.227   0.186    15.8    15.7    15.1    12.5    10.9
94084 20200610  2.622 -102.17   48.97    22.0     5.9    14.0    14.1     0.0    18.78 C    35.6     5.9    16.3    87.6    31.1    60.8   0.216   0.214   0.174   0.227   0.187    15.5    15.4    14.7    12.4    11.0
94084 20200611  2.622 -102.17   48.97    26.3     7.4    16.8    17.7     0.0    22.57 C    37.9     5.4    19.2    84.3    24.7    51.9   0.201   0.204   0.169   0.227   0.187    16.0    15.6    14.8    12.4    11.1
94084 20200612  2.622 -102.17   48.97    22.4     6.9    14.6    15.2     0.0    24.51 C    34.3     7.1    18.7    92.2    43.5    63.1   0.186   0.192   0.164   0.226   0.187    16.8    16.3    15.5    12.7    11.3
94084 20200613  2.622 -102.17   48.97    26.1    10.9    18.5    19.4     0.0    20.86 C    33.0    10.4    20.7    82.3    40.1    57.7   0.169   0.182   0.158   0.226   0.186    17.1    16.6    15.8    12.9    11.4
94084 20200614  2.622 -102.17   48.97    27.3    15.1    21.2    20.8     1.0    14.06 C    32.7    14.1    21.5    94.3    49.4    66.9   0.154   0.171   0.152   0.224   0.186    17.8    17.2    16.3    13.1    11.6
94084 20200615  2.622 -102.17   48.97    23.8     9.3    16.6    17.5     7.4    27.81 C    33.0     8.7    19.1    94.2    25.0    60.2   0.171   0.164   0.148   0.224   0.185    18.0    17.5    16.6    13.4    11.8
94084 20200616  2.622 -102.17   48.97    28.2     8.4    18.3    19.8     0.0    19.58 C    34.5     7.8    20.5    87.2    38.6    63.8   0.163   0.158   0.143   0.224   0.185    17.5    17.0    16.2    13.6    12.0
94084 20200617  2.622 -102.17   48.97    23.2    12.6    17.9    18.4     0.0    22.59 C    34.9    12.2    20.9    86.8    51.5    69.2   0.153   0.153   0.141   0.223   0.186    18.6    17.9    17.0    13.7    12.1
94084 20200618  2.622 -102.17   48.97    15.2     7.5    11.4    10.9     0.0     9.27 C    21.5     7.4    12.6    93.2    64.3    79.9   0.143   0.147   0.137   0.224   0.185    15.9    16.2    16.1    13.9    12.3
94084 20200619  2.622 -102.17   48.97    20.3     2.9    11.6    13.3     0.0    27.54 C    34.8     1.6    16.2    95.4    31.9    61.4   0.137   0.142   0.132   0.222   0.184    15.4    15.2    14.7    13.4    12.2
94084 20200620  2.622 -102.17   48.97    19.5     5.6    12.6    13.2     3.0    22.55 C    30.6     4.6    15.1    94.2    42.9    71.4   0.131   0.137   0.128   0.220   0.188    15.6    15.5    15.0    13.2    12.1
94084 20200621  2.622 -102.17   48.97    19.4     3.1    11.3    11.6     0.0    26.32 C    35.6     3.1    16.0    96.0    39.2    68.4   0.127   0.133   0.125   0.218   0.217    15.5    15.3    14.7    13.1    11.6
94084 20200622  2.622 -102.17   48.97    19.8     4.9    12.3    13.3     0.0    15.23 C    29.9     3.6    15.1    93.6    52.9    72.5   0.123   0.127   0.121   0.217   0.214    15.0    15.0    14.6    13.1    11.5
94084 20200623  2.622 -102.17   48.97    26.3     5.7    16.0    17.5     0.0    24.95 C    43.9     3.7    21.1    95.9    33.9    63.2   0.121   0.124   0.119   0.215   0.215    16.6    15.9    14.9    13.0    11.5
94084 20200624  2.622 -102.17   48.97    30.7    11.7    21.2    21.1     1.4    24.31 C    44.3    10.7    24.4    89.5    35.9    63.0   0.118   0.119   0.116   0.212   0.215    19.0    18.0    16.6    13.3    11.5
94084 20200625  2.622 -102.17   48.97    26.6    14.5    20.5    19.9     1.4    16.62 C    37.8    13.4    20.5    89.8    52.9    76.9   0.115   0.116   0.114   0.211   0.215    19.0    18.3    17.3    13.9    11.6
94084 20200626  2.622 -102.17   48.97    29.0    10.6    19.8    20.8     0.0    28.50 C    43.4    10.1    24.3    91.4    29.5    60.3   0.114   0.115   0.112   0.208   0.214    19.5    18.6    17.3    14.1    11.9
94084 20200627  2.622 -102.17   48.97    35.2    15.0    25.1    24.7     1.2    27.60 C    46.4    13.4    27.3    85.9    25.3    54.6   0.111   0.111   0.110   0.205   0.214    21.0    19.9    18.3    14.4    12.0
94084 20200628  2.622 -102.17   48.97    25.8    16.3    21.0    20.1     0.7    10.14 C    33.0    16.1    21.1    90.0    62.8    79.0   0.108   0.109   0.107   0.202   0.215    20.0    19.5    18.5    14.9    12.3
94084 20200629  2.622 -102.17   48.97    27.6    17.5    22.6    21.5     3.0    17.24 C    41.8    17.8    24.9    94.4    61.5    82.3   0.108   0.108   0.107   0.202   0.215    20.5    19.6    18.3    15.0    12.6
94084 20200630  2.622 -102.17   48.97    20.7    16.9    18.8    18.3    16.0     0.87 C    19.7    16.9    18.0    95.6    75.3    90.3   0.162   0.110   0.106   0.202   0.214    18.8    18.7    18.2    15.2    12.7
94084 20200701  2.622 -102.17   48.97    25.6    12.8    19.2    19.6     6.9    27.80 C    35.7    12.7    22.0    96.1    39.5    73.5   0.261   0.223   0.106   0.203   0.213    19.5    18.9    17.8    15.0    12.8
94084 20200702  2.622 -102.17   48.97    29.1    14.7    21.9    21.6     0.0    28.11 C    39.5    13.1    24.0    93.4    40.7    69.9   0.227   0.218   0.108   0.203   0.213    21.0    20.3    19.2    15.3    12.9
94084 20200703  2.622 -102.17   48.97    29.1    11.4    20.3    21.3     0.0    18.96 C    40.8    10.9    22.3    96.4    38.7    74.6   0.205   0.202   0.109   0.203   0.214    20.5    20.2    19.4    15.7    13.1
94084 20200704  2.622 -102.17   48.97    29.8    15.1    22.4    23.1     0.4    27.31 C    41.4    14.4    26.0    91.2    40.1    70.4   0.188   0.191   0.111   0.203   0.216    22.0    21.2    20.0    16.0    13.3
94084 20200705  2.622 -102.17   48.97    26.3    13.9    20.1    20.4     2.4    23.54 C    38.7    14.4    23.0    95.1    47.2    74.3   0.169   0.179   0.113   0.203   0.214    22.0    21.5    20.5    16.4    13.4
94084 20200706  2.622 -102.17   48.97    26.1    10.4    18.2    19.2     0.0    28.12 C    39.9     9.4    23.0    93.8    38.2    69.2   0.154   0.167   0.113   0.202   0.215    21.4    21.0    20.0    16.5    13.7
94084 20200707  2.622 -102.17   48.97    27.6    11.3    19.5    20.4    14.1    23.43 C    39.7    10.4    22.9    93.9    44.3    69.9   0.143   0.154   0.113   0.201   0.213    21.0    20.7    19.9    16.6    13.8
94084 20200708  2.622 -102.17   48.97    25.3    13.3    19.3    19.1     1.5    27.60 C    32.8    13.2    20.7    94.5    38.0    64.2   0.239   0.186   0.113   0.200   0.214    20.2    20.0    19.4    16.6    14.0
94084 20200709  2.622 -102.17   48.97    20.8    12.8    16.8    16.6     0.0    16.17 C    27.2    12.6    18.0    91.2    59.9    75.8   0.207   0.192   0.112   0.200   0.215    18.6    18.8    18.5    16.4    14.1
94084 20200710  2.622 -102.17   48.97    25.3     9.3    17.3    18.2     0.0    25.50 C    38.6     9.0    21.9    95.0    44.2    73.1   0.190   0.184   0.112   0.199   0.214    19.5    19.1    18.3    16.1    14.1
94084 20200711  2.622 -102.17   48.97    24.2    12.0    18.1    18.5     0.0    25.73 C    38.8    10.4    22.1    93.7    54.6    76.1   0.165   0.174   0.114   0.199   0.213    20.7    20.3    19.4    16.2    14.0
94084 20200712  2.622 -102.17   48.97    27.6     8.0    17.8    19.9     0.0    25.60 C    40.6     7.6    22.7    95.5    48.8    72.5   0.148   0.161   0.113   0.198   0.213    20.5    20.1    19.3    16.4    14.1
94084 20200713  2.622 -102.17   48.97    25.5     9.3    17.4    19.2     0.6    22.84 C    38.9     9.5    21.5    88.1    35.9    64.6   0.136   0.149   0.114   0.196   0.213    21.0    20.7    19.8    16.6    14.1
94084 20200714  2.622 -102.17   48.97    24.8     8.7    16.7    16.8     0.0    27.06 C    35.8     8.5    19.7    86.9    30.0    58.8   0.125   0.135   0.111   0.194   0.213    19.5    19.4    18.8    16.6    14.3
94084 20200715  2.622 -102.17   48.97    27.4     7.1    17.2    18.0     0.0    25.09 C    39.8     6.2    21.0    91.6    27.6    58.1   0.119   0.125   0.110   0.191   0.213    19.7    19.4    18.6    16.4    14.3
94084 20200716  2.622 -102.17   48.97    26.5     9.6    18.0    19.0     0.0    27.28 C    42.1     8.8    23.2    89.5    35.1    63.6   0.115   0.117   0.108   0.188   0.215    20.4    19.9    18.9    16.3    14.3
94084 20200717  2.622 -102.17   48.97    31.4    12.5    21.9    21.1     0.0    19.73 C    36.0    12.5    22.5    93.0    31.7    67.3   0.112   0.111   0.107   0.186   0.213    20.6    20.2    19.3    16.5    14.4
94084 20200718  2.622 -102.17   48.97    22.8    13.2    18.0    17.5     4.3    14.54 C    25.7    12.2    18.0    92.9    54.1    79.6   0.109   0.108   0.106   0.185   0.214    19.5    19.4    18.9    16.6    14.4
94084 20200719  2.622 -102.17   48.97    23.5    10.4    17.0    16.9     0.0    22.24 C    30.5     9.8    18.9    93.9    48.5    74.5   0.109   0.108   0.105   0.184   0.215    18.9    18.7    18.1    16.3    14.4
94084 20200720  2.622 -102.17   48.97    22.9     8.1    15.5    15.4     0.9    13.81 C    30.5     7.6    16.5    96.4    55.7    81.9   0.108   0.108   0.104   0.183   0.214    17.8    17.9    17.6    16.2    14.4
94084 20200721  2.622 -102.17   48.97    23.4     9.5    16.5    16.0     0.0    20.62 C    30.4     9.3    18.5    96.6    52.3    81.7   0.108   0.107   0.103   0.182   0.213    18.6    18.2    17.5    15.9    14.4
94084 20200722  2.622 -102.17   48.97    28.0    10.2    19.1    20.0     0.0    25.16 C    31.8    10.0    20.9    95.8    53.5    76.4   0.107   0.107   0.104   0.180   0.213    20.0    19.3    18.3    15.9    14.3
94084 20200723  2.622 -102.17   48.97    31.8    16.6    24.2    23.3     0.2    18.17 C    34.5    16.2    24.0    94.1    55.4    79.6   0.105   0.105   0.103   0.178   0.213    21.5    20.6    19.3    16.2    14.3
94084 20200724  2.622 -102.17   48.97    29.6    15.9    22.8    23.4    25.5    24.12 C    37.3    16.1    25.0   100.0    51.5    75.8   0.250   0.247   0.116   0.178   0.213    22.1    21.4    20.4    16.6    14.4
94084 20200725  2.622 -102.17   48.97    26.4     9.3    17.8    19.9     0.0    16.84 C    32.6     9.2    20.4    91.8    40.2    72.0   0.226   0.225   0.124   0.179   0.212    21.1    21.1    20.5    17.1    14.6
94084 20200726  2.622 -102.17   48.97    25.9     8.8    17.3    17.9     0.4    26.82 C    35.3     8.5    20.0    91.9    33.6    61.8   0.213   0.211   0.125   0.180   0.213    19.5    19.5    19.1    17.0    14.7
94084 20200727  2.622 -102.17   48.97    25.8    11.4    18.6    18.7     0.0    26.85 C    38.6    11.0    21.7    91.8    37.7    66.5   0.198   0.200   0.127   0.179   0.212    20.4    20.1    19.3    16.9    14.8
94084 20200728  2.622 -102.17   48.97    27.6     9.9    18.8    19.0     0.0    26.88 C    40.7     9.5    22.6    91.7    40.3    68.1   0.181   0.189   0.127   0.178   0.212    20.6    20.3    19.6    17.0    14.9
94084 20200729  2.622 -102.17   48.97    29.0    10.7    19.9    20.4     0.0    23.76 C    41.2    10.4    22.9    94.5    43.4    71.6   0.163   0.177   0.127   0.178   0.212    21.0    20.6    19.9    17.0    14.9
94084 20200730  2.622 -102.17   48.97    32.7    14.1    23.4    23.3     0.0    23.50 C    44.0    14.1    26.6    94.7    35.0    69.6   0.147   0.165   0.126   0.178   0.211    22.2    21.6    20.6    17.3    15.0
94084 20200731  2.622 -102.17   48.97    27.5    13.9    20.7    21.3     0.0    22.69 C    43.7    12.7    25.0    92.2    49.2    70.8   0.134   0.150   0.124   0.177   0.212    22.8    22.2    21.2    17.6    15.1
94084 20200801  2.622 -102.17   48.97    26.7     7.5    17.1    17.8     0.0    23.59 C    42.9     8.1    21.4    94.2    32.2    67.4   0.124   0.137   0.120   0.175   0.215    21.2    21.0    20.4    17.8    15.4
94084 20200802  2.622 -102.17   48.97    25.1     8.8    17.0    17.1     0.0    24.02 C    41.4     7.9    21.1    96.7    39.8    71.1   0.117   0.125   0.116   0.174   0.215    20.6    20.4    19.8    17.6    15.4
94084 20200803  2.622 -102.17   48.97    25.0     7.4    16.2    17.2     0.0    24.94 C    39.3     7.4    20.9    93.8    37.0    66.4   0.112   0.117   0.112   0.173   0.212    20.3    20.1    19.5    17.4    15.4
94084 20200804  2.622 -102.17   48.97    25.3     9.1    17.2    16.6     0.3    13.57 C    37.7     9.3    18.8    93.4    49.0    77.2   0.109   0.112   0.108   0.172   0.212    19.7    19.6    19.1    17.2    15.4
94084 20200805  2.622 -102.17   48.97    28.3     9.3    18.8    18.7     0.0    23.82 C    43.2     9.1    22.2    97.1    34.9    70.6   0.107   0.109   0.107   0.170   0.212    20.2    19.8    19.0    17.1    15.4
94084 20200806  2.622 -102.17   48.97    29.4     9.5    19.5    20.9     0.0    25.27 C    43.8     9.3    24.5    95.6    31.3    64.2   0.102   0.106   0.104   0.168   0.211    21.0    20.4    19.4    17.0    15.4
94084 20200807  2.622 -102.17   48.97    33.9    11.9    22.9    22.7     0.2    22.92 C    43.8    11.4    25.2    92.8    31.0    66.9   0.098   0.103   0.103   0.167   0.213    22.0    21.3    20.2    17.3    15.4
94084 20200808  2.622 -102.17   48.97    28.6     7.5    18.1    18.4     0.0    24.96 C    41.8     7.3    21.6    89.1    22.9    57.2   0.089   0.098   0.101   0.166   0.160    20.8    20.5    19.8    17.4    15.9
94084 20200809  2.622 -102.17   48.97    23.7    10.1    16.9    17.1    11.2    21.02 C    30.7     9.9    18.2    91.4    27.0    59.2   0.165   0.117   0.099   0.166   0.156    19.3    19.6    19.2    17.3    16.0
94084 20200810  2.622 -102.17   48.97    27.7     7.6    17.6    17.8     0.0    24.47 C    35.9     7.3    19.2    78.2    18.6    46.3   0.162   0.121   0.098   0.165   0.157    18.2    18.3    18.1    17.0    15.9
94084 20200811  2.622 -102.17   48.97    26.8     4.4    15.6    17.8     0.0    24.25 C    40.1     4.4    20.8    90.5    29.7    57.2   0.147   0.120   0.098   0.165   0.157    18.8    18.6    18.0    16.7    15.8
94084 20200812  2.622 -102.17   48.97    32.2    13.2    22.7    22.3     0.0    21.00 C    40.6    12.7    24.3    92.8    34.5    66.8   0.132   0.119   0.100   0.164   0.156    20.6    20.0    19.0    16.7    15.7
94084 20200813  2.622 -102.17   48.97    28.9    13.4    21.2    21.1     1.3    21.57 C    38.6    12.7    23.4    93.8    27.8    70.6   0.122   0.116   0.101   0.164   0.156    21.7    21.1    20.0    17.0    15.7
94084 20200814  2.622 -102.17   48.97    24.6    11.6    18.1    17.1     6.4    17.71 C    36.2    10.5    19.3    93.5    45.7    78.7   0.116   0.112   0.101   0.165   0.156    20.2    20.1    19.6    17.3    15.8
94084 20200815  2.622 -102.17   48.97    26.0    10.6    18.3    17.9     0.0    18.96 C    33.3    10.5    18.9    90.4    31.6    64.3   0.116   0.109   0.100   0.164   0.156    18.9    19.0    18.6    17.1    15.9
94084 20200816  2.622 -102.17   48.97    26.9     9.2    18.0    18.2     0.0    23.40 C    38.1     8.7    20.3    91.1    35.1    63.9   0.115   0.109   0.100   0.164   0.155    19.1    18.9    18.3    16.8    15.8
94084 20200817  2.622 -102.17   48.97    31.3     9.3    20.3    20.7     0.0    20.85 C    41.4     8.3    22.3    93.6    31.7    64.3   0.112   0.108   0.100   0.163   0.154    19.6    19.3    18.5    16.8    15.7
94084 20200818  2.622 -102.17   48.97    34.8    11.4    23.1    23.4     0.0    21.75 C    46.0    11.2    26.0    95.7    24.5    64.4   0.109   0.107   0.100   0.163   0.154    21.2    20.4    19.4    16.9    15.7
94084 20200819  2.622 -102.17   48.97    37.4    12.1    24.7    24.6     1.2    20.09 C    47.8    11.1    25.9    97.0    17.8    58.2   0.101   0.102   0.100   0.162   0.154    21.9    21.2    20.1    17.2    15.8
94084 20200820  2.622 -102.17   48.97    32.5    10.3    21.4    22.2     0.0    21.29 C    43.1    10.7    24.5    95.2    33.9    68.8   0.094   0.099   0.099   0.161   0.154    21.8    21.2    20.3    17.4    16.0
94084 20200821  2.622 -102.17   48.97    31.3    13.2    22.3    22.4     0.0    20.23 C    41.7    12.1    24.0    96.6    25.1    66.2   0.089   0.096   0.099   0.161   0.153    21.8    21.3    20.4    17.6    16.1
94084 20200822  2.622 -102.17   48.97    32.0     9.2    20.6    20.7     0.0    20.11 C    44.4     8.9    24.0    96.9    31.9    69.0   0.081   0.091   0.097   0.160   0.152    21.4    20.9    20.1    17.6    16.2
94084 20200823  2.622 -102.17   48.97    27.1     9.6    18.4    19.0     0.0    18.36 C    39.6     8.2    21.3    90.2    23.0    58.9   0.075   0.087   0.095   0.160   0.151    21.0    20.8    20.1    17.7    16.3
94084 20200824  2.622 -102.17   48.97    32.1     6.4    19.2    20.3     0.0    21.19 C    43.1     5.5    22.4    94.7    25.2    60.2   0.067   0.081   0.093   0.159   0.151    20.0    19.8    19.2    17.5    16.3
94084 20200825  2.622 -102.17   48.97    33.6    15.1    24.3    22.7     0.0    14.32 C    42.8    13.3    24.5    92.9    36.8    66.6   0.067   0.080   0.093   0.158   0.151    21.4    20.8    19.9    17.4    16.2
94084 20200826  2.622 -102.17   48.97    27.7    11.7    19.7    18.6     0.0    17.47 C    41.0    10.4    21.8    92.6    27.4    58.7   0.064   0.076   0.091   0.158   0.151    20.8    20.5    19.8    17.6    16.3
94084 20200827  2.622 -102.17   48.97    27.7    11.7    19.7    18.5     0.0    14.73 C    38.5    11.0    21.3    91.1    45.6    71.6   0.062   0.072   0.090   0.158   0.151    20.3    20.0    19.4    17.5    16.3
94084 20200828  2.622 -102.17   48.97    24.0     5.3    14.7    16.1     0.0    21.52 C    35.0     4.9    18.5    92.8    29.7    62.6   0.061   0.069   0.089   0.158   0.151    19.8    19.8    19.2    17.4    16.3
94084 20200829  2.622 -102.17   48.97    28.4     3.2    15.8    16.8     0.0    20.84 C    39.7     2.9    18.9    92.0    23.1    57.1   0.060   0.061   0.086   0.158   0.150    18.4    18.5    18.2    17.1    16.1
94084 20200830  2.622 -102.17   48.97    20.6     6.2    13.4    14.1     3.3     9.65 C    23.5     4.7    13.9    92.2    25.0    64.9   0.056   0.056   0.085   0.157   0.149    17.2    17.8    17.8    16.9    16.0
94084 20200831  2.622 -102.17   48.97    21.3     3.2    12.3    11.6     0.0    21.27 C    28.6     2.0    12.6    75.5    20.2    46.2   0.063   0.050   0.084   0.157   0.149    14.8    15.6    15.9    16.3    15.8
94084 20200901  2.622 -102.17   48.97    23.9     3.1    13.5    14.9     0.0    17.17 C    30.4     2.6    15.2    77.9    22.1    44.4   0.056   0.049   0.083   0.156   0.149    14.6    15.1    15.2    15.7    15.4
94084 20200902  2.622 -102.17   48.97    23.5     6.6    15.0    14.1     2.1     5.59 C    27.4     5.3    14.0    87.4    27.1    60.2   0.058   0.049   0.083   0.155   0.149    14.8    15.2    15.2    15.3    15.0
94084 20200903  2.622 -102.17   48.97    21.0     6.6    13.8    13.1     0.0    17.63 C    27.6     6.0    13.8    90.7    28.2    61.5   0.055   0.048   0.083   0.155   0.149    14.2    14.6    14.7    15.0    14.8
94084 20200904  2.622 -102.17   48.97    23.2     5.4    14.3    14.6     0.0    19.47 C    32.8     4.1    15.9    83.6    24.8    53.2   0.057   0.052   0.083   0.155   0.148    15.3    15.2    14.9    14.8    14.6
94084 20200905  2.622 -102.17   48.97    30.4     5.7    18.1    18.4     0.0    16.46 C    39.2     4.8    19.4    84.4    19.2    50.4   0.057   0.054   0.083   0.154   0.148    16.1    15.8    15.4    14.8    14.4
94084 20200906  2.622 -102.17   48.97    20.7     4.9    12.8    15.2     0.0     9.50 C    29.2     4.4    15.3    81.3    29.1    53.0   0.055   0.053   0.083   0.154   0.148    16.0    16.2    15.9    14.9    14.4
94084 20200907  2.622 -102.17   48.97    11.1     1.8     6.4     6.8     0.0     9.24 C    22.8     1.4     9.2    86.6    35.3    61.1   0.076   0.045   0.081   0.154   0.147    13.6    14.3    14.6    14.8    14.4
94084 20200908  2.622 -102.17   48.97    10.3    -6.2     2.0     2.8     0.0    16.51 C    24.6    -7.2     5.9    90.9    30.1    59.3   0.071   0.039   0.080   0.154   0.148    11.5    12.5    13.0    14.3    14.1
94084 20200909  2.622 -102.17   48.97    20.0    -0.2     9.9    10.1     0.0    18.98 C    29.7    -0.7    12.0    79.6    21.3    46.2   0.071   0.038   0.079   0.153   0.147    12.1    12.4    12.6    13.7    13.8
94084 20200910  2.622 -102.17   48.97    26.4     2.9    14.7    15.1     0.0    18.54 C    36.7     0.9    16.5    77.8    21.9    45.4   0.070   0.041   0.079   0.152   0.147    14.1    13.9    13.5    13.5    13.5
94084 20200911  2.622 -102.17   48.97    23.7     2.1    12.9    13.3     0.0    18.44 C    33.7    -0.4    14.6    90.8    19.6    53.2   0.073   0.042   0.080   0.152   0.147    14.7    14.6    14.3    13.6    13.4
94084 20200912  2.622 -102.17   48.97    23.6     2.7    13.1    13.1     0.0    16.00 C    36.1     0.9    14.8    95.9    24.8    61.2   0.070   0.040   0.079   0.152   0.147    14.4    14.4    14.2    13.7    13.4
94084 20200913  2.622 -102.17   48.97    16.5     2.7     9.6     9.5     0.0    13.94 C    27.8     1.9    11.9    88.3    30.2    59.8   0.068   0.038   0.079   0.152   0.146    14.2    14.4    14.3    13.8    13.4
94084 20200914  2.622 -102.17   48.97    19.3     1.7    10.5    10.7     0.0     9.65 C    25.1     0.8    11.4    87.5    47.6    70.1   0.064   0.034   0.077   0.152   0.146    13.0    13.4    13.5    13.6    13.4
94084 20200915  2.622 -102.17   48.97    17.1     2.1     9.6     9.7     0.0    10.15 C    23.9     1.6    11.3    95.4    50.4    75.5   0.064   0.033   0.077   0.152   0.146    13.1    13.3    13.3    13.4    13.3
94084 20200916  2.622 -102.17   48.97    15.8     2.0     8.9     9.6     0.0    15.23 C    28.4     1.5    12.3    94.1    35.3    63.0   0.064   0.032   0.076   0.152   0.146    13.1    13.3    13.2    13.3    13.2
94084 20200917  2.622 -102.17   48.97    18.4     2.3    10.3    10.1     0.0    15.03 C    29.5     1.7    11.9    70.7    28.4    47.9   0.063   0.031   0.075   0.153   0.145    13.1    13.3    13.2    13.2    13.0
94084 20200918  2.622 -102.17   48.97    25.5     1.8    13.6    13.2     0.0    15.82 C    33.6     1.3    14.3    93.4    27.7    61.4   0.059   0.031   0.075   0.152   0.146    13.6    13.5    13.3    13.1    12.9
94084 20200919  2.622 -102.17   48.97    24.4     3.4    13.9    15.1     0.0    13.10 C    31.1     2.4    15.7    95.9    42.5    68.7   0.063   0.032   0.075   0.152   0.147    14.3    14.1    13.7    13.2    12.9
94084 20200920  2.622 -102.17   48.97    25.2    12.0    18.6    16.8     0.2    12.08 C    30.4    11.1    17.5    90.5    28.8    67.1   0.066   0.035   0.076   0.153   0.145    15.5    15.1    14.5    13.3    13.0
94084 20200921  2.622 -102.17   48.97    25.0     6.1    15.5    16.3     0.0    15.93 C    31.3     4.8    16.7    76.4    24.4    54.0   0.065   0.035   0.076   0.154   0.145    15.7    15.4    14.9    13.6    13.0
94084 20200922  2.622 -102.17   48.97    29.5     6.5    18.0    18.0     0.0    14.88 C    36.1     4.8    17.4    78.6    15.1    42.8   0.063   0.033   0.075   0.153   0.146    15.3    15.1    14.7    13.7    13.2
94084 20200923  2.622 -102.17   48.97    17.5     6.1    11.8    12.2     1.8    13.32 C    25.2     5.8    13.6    94.3    50.0    73.5   0.062   0.032   0.075   0.152   0.147    14.9    15.0    14.7    13.8    13.2
94084 20200924  2.622 -102.17   48.97    29.7     4.1    16.9    15.9     0.0    12.94 C    31.3     3.6    15.9    96.4    21.5    60.4   0.061   0.029   0.075   0.153   0.147    14.1    14.1    14.0    13.7    13.2
94084 20200925  2.622 -102.17   48.97    24.0     8.5    16.2    15.7     0.0    14.88 C    28.9     6.7    15.7    59.3    15.7    37.3   0.063   0.031   0.075   0.153   0.146    14.4    14.4    14.2    13.5    13.2
94084 20200926  2.622 -102.17   48.97    21.3     4.1    12.7    13.9     1.4    13.71 C    29.3     2.5    14.4    91.6    26.3    53.3   0.062   0.030   0.075   0.154   0.146    14.1    14.1    13.9    13.5    13.1
94084 20200927  2.622 -102.17   48.97    16.3     6.3    11.3    10.4     3.1     8.62 C    20.0     5.2    10.5    92.8    43.9    75.4   0.061   0.028   0.075   0.153   0.145    12.9    13.4    13.5    13.4    13.0
94084 20200928  2.622 -102.17   48.97    15.3     4.0     9.6    10.1     0.0    12.87 C    21.5     3.7    10.8    92.6    34.6    64.1   0.062   0.026   0.074   0.153   0.145    11.6    12.1    12.4    13.1    12.9
94084 20200929  2.622 -102.17   48.97    19.2     7.7    13.5    13.3     0.0     7.01 C    24.7     6.2    12.4    74.0    35.3    51.0   0.059   0.028   0.075   0.154   0.145    12.0    12.3    12.4    12.8    12.7
94084 20200930  2.622 -102.17   48.97    13.2     1.5     7.3     7.2     0.0     8.37 C    19.3     0.4     7.3    83.3    37.8    57.6   0.062   0.025   0.074   0.153   0.146    10.2    11.0    11.5    12.5    12.6
94084 20201001  2.622 -102.17   48.97     8.7    -4.5     2.1     3.0     0.0     5.86 C    15.7    -4.3     4.2    93.7    50.0    75.8   0.059   0.024   0.073   0.153   0.145     8.7     9.7    10.4    12.0    12.3
94084 20201002  2.622 -102.17   48.97    12.3     2.5     7.4     7.4     0.0     5.33 C    17.5     1.9     8.3    83.8    44.5    63.2   0.059   0.024   0.073   0.152   0.144     9.2     9.7    10.1    11.6    12.0
94084 20201003  2.622 -102.17   48.97    12.5    -1.6     5.5     5.5     0.0    11.57 C    24.3    -2.6     6.7    94.3    41.7    67.5   0.058   0.025   0.073   0.153   0.144     9.4    10.0    10.3    11.3    11.7
94084 20201004  2.622 -102.17   48.97    23.4    -1.3    11.1    10.6     0.0    13.69 C    27.3    -3.2    10.0    89.5    22.0    54.9   0.059   0.026   0.073   0.153   0.145     9.4     9.7     9.9    11.1    11.5
94084 20201005  2.622 -102.17   48.97    19.7     7.2    13.4    13.8     0.0    13.32 C    23.9     4.8    13.3    85.3    25.3    51.4   0.064   0.029   0.074   0.153   0.144    11.4    11.3    11.0    11.1    11.4
94084 20201006  2.622 -102.17   48.97    19.3     8.7    14.0    13.9     0.0     3.73 C    20.7     6.5    12.9    66.6    29.4    46.4   0.062   0.030   0.074   0.153   0.144    11.2    11.4    11.3    11.3    11.4
94084 20201007  2.622 -102.17   48.97    16.3     2.6     9.5     8.8     0.0    12.45 C    22.2     0.4     9.0    84.8    25.3    54.8   0.059   0.028   0.074   0.154   0.144    10.5    10.9    11.0    11.3    11.4
94084 20201008  2.622 -102.17   48.97    22.4     2.7    12.5    11.6     0.0    13.00 C    27.4     1.4    11.1    75.1    24.7    51.2   0.059   0.028   0.073   0.153   0.145    10.8    10.9    10.9    11.2    11.3
94084 20201009  2.622 -102.17   48.97    15.7    -1.1     7.3     9.4     0.0    11.63 C    21.8    -2.9     9.3    84.9    31.3    55.9   0.057   0.028   0.073   0.153   0.146    10.7    11.0    11.1    11.2    11.2
94084 20201010  2.622 -102.17   48.97    22.0    -1.7    10.1    10.1     0.0    11.49 C    24.1    -2.6     9.8    91.5    29.4    60.1   0.054   0.028   0.073   0.152   0.145     9.6    10.0    10.2    11.1    11.2
94084 20201011  2.622 -102.17   48.97    15.1     4.1     9.6    10.4     0.0     2.72 C    17.1     3.0     9.2    86.8    28.5    52.5   0.054   0.025   0.073   0.153   0.144    10.1    10.5    10.6    11.0    11.1
94084 20201012  2.622 -102.17   48.97    13.8    -1.0     6.4     5.8     0.0     8.30 C    23.0    -2.4     6.1    82.3    28.8    59.1   0.045   0.028   0.072   0.152   0.144     8.7     9.4     9.8    10.9    11.0
94084 20201013  2.622 -102.17   48.97    12.7     2.6     7.6     6.9     2.8    11.29 C    16.2     1.2     6.8    91.5    22.3    53.3   0.038   0.034   0.072   0.153   0.143     8.3     8.9     9.3    10.6    10.9
94084 20201014  2.622 -102.17   48.97     5.9    -2.2     1.9     3.0     3.7    10.99 C     9.5    -2.9     3.5    94.8    28.9    65.7   0.048   0.034   0.071   0.152   0.144     7.6     8.5     9.0    10.3    10.7
94084 20201015  2.622 -102.17   48.97     6.1    -3.0     1.5     1.0     0.0    10.90 C     9.0    -3.5     1.1    91.3    37.3    65.7   0.050   0.033   0.070   0.151   0.143     4.7     6.1     7.2     9.9    10.5
94084 20201016  2.622 -102.17   48.97     4.4    -6.4    -1.0    -0.7     0.0     8.80 C     8.2    -6.4    -0.2    88.9    40.9    66.3   0.050   0.033   0.069   0.151   0.144     3.9     5.1     6.2     9.2    10.1
94084 20201017  2.622 -102.17   48.97    -0.1    -9.9    -5.0    -3.7     0.0     7.75 C     3.2    -9.2    -2.7    92.4    46.0    64.6   0.051   0.033   0.068   0.151   0.143     2.9     4.4     5.5     8.7     9.7
94084 20201018  2.622 -102.17   48.97    -2.5    -5.2    -3.9    -3.9     0.0     3.66 C     1.0    -4.7    -2.9    61.2    45.7    53.3   0.050   0.033   0.067   0.151   0.144     1.9     3.3     4.5     8.1     9.2
94084 20201019  2.622 -102.17   48.97    -1.2   -10.8    -6.0    -5.4     0.0     6.84 C     8.5   -10.4    -3.5    81.4    41.7    61.0   0.052   0.033   0.067   0.150   0.142     1.7     3.0     4.1     7.6     8.8
94084 20201020  2.622 -102.17   48.97    -0.1    -5.1    -2.6    -2.4     4.8     2.94 C     1.7    -6.6    -2.2    93.2    66.4    81.5   0.051   0.033   0.067   0.149   0.142     1.2     2.5     3.7     7.1     8.4
