53926 20200101  2.622  -97.09   36.12    15.5    -1.9     6.8     7.9     0.0    10.76 C    17.8    -5.0     5.9    74.4    35.2    51.9   0.365   0.398   0.416   0.461   0.432     6.6     6.8     7.5     9.4    10.8
53926 20200102  2.622  -97.09   36.12    14.2     3.2     8.7     8.8     0.0     7.72 C    21.6     0.1     7.7    93.1    52.9    75.2   0.364   0.398   0.414   0.461   0.429     7.8     7.7     8.0     9.3    10.7
53926 20200103  2.622  -97.09   36.12    11.7    -1.8     5.0     5.7     0.0     9.87 C    17.3    -3.7     5.2    92.2    44.6    71.5   0.361   0.398   0.413   0.463   0.429     8.1     7.9     8.3     9.4    10.6
53926 20200104  2.622  -97.09   36.12    11.1    -3.2     4.0     4.0     0.0    11.20 C    15.4    -5.7     2.9    93.2    25.7    57.5   0.354   0.393   0.412   0.462   0.430     6.8     7.0     7.8     9.4    10.6
53926 20200105  2.622  -97.09   36.12    16.3    -2.5     6.9     6.5     0.0    11.29 C    21.5    -5.0     4.4    86.2    20.8    53.7   0.351   0.390   0.410   0.459   0.427     7.0     7.0     7.6     9.3    10.5
53926 20200106  2.622  -97.09   36.12    13.6    -4.6     4.5     3.0     0.0    11.15 C    19.0    -6.3     1.6    90.2    24.4    63.3   0.344   0.388   0.409   0.457   0.427     6.1     6.4     7.3     9.1    10.5
53926 20200107  2.622  -97.09   36.12    17.1    -4.9     6.1     5.4     0.0    11.52 C    20.6    -7.6     2.5    85.0    13.5    48.3   0.340   0.386   0.408   0.454   0.427     5.7     6.1     7.0     8.9    10.3
53926 20200108  2.622  -97.09   36.12    17.5    -3.7     6.9     8.3     0.0    10.26 C    20.6    -6.5     6.3    83.6    16.3    42.4   0.336   0.384   0.407   0.454   0.427     5.9     6.2     6.9     8.7    10.2
53926 20200109  2.622  -97.09   36.12    21.4    12.9    17.1    16.1     0.0     6.69 C    25.1    11.5    15.2    89.3    43.1    66.7   0.335   0.386   0.409   0.456   0.427     8.9     8.3     7.9     8.7    10.0
53926 20200110  2.622  -97.09   36.12    20.6    -1.6     9.5    11.0     3.3     3.12 C    24.2    -0.2    10.8    92.6    65.9    86.0   0.336   0.389   0.411   0.456   0.427    10.2     9.5     9.0     9.2    10.1
53926 20200111  2.622  -97.09   36.12     1.4    -6.2    -2.4    -3.1     2.0     8.08 C     5.1    -5.1    -1.7    89.1    60.1    79.7   0.368   0.395   0.409   0.455   0.428     7.7     7.2     8.1     9.5    10.3
53926 20200112  2.622  -97.09   36.12    13.9    -4.3     4.8     2.8     0.0    10.96 C    15.5    -4.6     1.7    90.0    40.4    74.6   0.372   0.400   0.408   0.454   0.427     6.5     6.4     7.1     9.2    10.3
53926 20200113  2.622  -97.09   36.12    13.1    -1.3     5.9     6.3     0.0     2.57 C    11.9    -3.6     6.0    93.2    83.1    90.0   0.369   0.398   0.408   0.456   0.426     6.7     6.6     7.1     8.9    10.2
53926 20200114  2.622  -97.09   36.12    17.4    10.6    14.0    12.9     0.0     6.17 C    21.8     8.9    12.4    88.8    58.4    79.6   0.370   0.400   0.409   0.456   0.423     9.0     8.3     8.0     8.9    10.1
53926 20200115  2.622  -97.09   36.12    13.4     1.3     7.3     9.2     0.0     6.27 C    16.5     0.9     8.8    98.8    59.0    80.8   0.368   0.400   0.409   0.455   0.425     9.4     8.9     8.6     9.2    10.2
53926 20200116  2.622  -97.09   36.12     2.1    -3.5    -0.7    -0.4     9.3     3.19 C     7.1    -1.9     1.6    90.2    47.2    66.0   0.367   0.396   0.411   0.457   0.424     7.6     7.4     8.0     9.4    10.2
53926 20200117  2.622  -97.09   36.12    12.2     0.9     6.5     5.1    21.6     0.97 C    11.0     1.4     5.2    93.3    85.3    91.3   0.474   0.440   0.468   0.461   0.428     6.4     6.4     7.2     9.1    10.2
53926 20200118  2.622  -97.09   36.12    10.9    -2.5     4.2     4.7     0.0    12.26 C    12.8    -5.0     3.6    87.0    33.8    62.5   0.426   0.443   0.471   0.463   0.427     7.4     7.0     7.4     8.9    10.1
53926 20200119  2.622  -97.09   36.12     9.8    -4.2     2.8     1.6     0.0    11.11 C    16.3    -6.1     1.1    89.7    33.7    63.2   0.390   0.428   0.472   0.466   0.427     6.1     6.0     6.8     8.8    10.0
53926 20200120  2.622  -97.09   36.12     8.0    -6.5     0.8     0.0     0.0    12.30 C    13.4    -8.3    -0.4    83.0    34.6    56.9   0.383   0.414   0.457   0.465   0.428     5.3     5.5     6.3     8.5     9.8
53926 20200121  2.622  -97.09   36.12     6.7    -6.0     0.3     0.4     0.6     7.47 C     8.8    -6.4     0.9    82.7    48.5    65.1   0.378   0.408   0.452   0.465   0.428     5.1     5.3     6.1     8.2     9.7
53926 20200122  2.622  -97.09   36.12     3.3     0.5     1.9     2.4     7.4     0.80 C     3.8     0.1     2.3    93.3    82.7    90.3   0.438   0.427   0.466   0.464   0.427     5.2     5.4     6.2     8.0     9.5
53926 20200123  2.622  -97.09   36.12    12.9     3.0     7.9     6.0     0.4    11.18 C    15.6     1.0     6.6    94.9    38.2    76.2   0.421   0.433   0.473   0.464   0.429     6.5     6.1     6.4     7.9     9.3
53926 20200124  2.622  -97.09   36.12     7.7    -0.9     3.4     3.3     0.0    11.74 C    14.4    -3.1     3.7    85.0    51.7    68.8   0.400   0.431   0.475   0.467   0.426     6.9     6.2     6.5     8.0     9.2
53926 20200125  2.622  -97.09   36.12    14.3    -2.2     6.0     5.7     0.0     9.52 C    18.3    -3.8     5.2    89.4    42.4    69.4   0.390   0.421   0.474   0.468   0.426     6.6     6.1     6.3     8.0     9.2
53926 20200126  2.622  -97.09   36.12    15.5    -0.7     7.4     6.0     0.0    11.33 C    22.3    -2.7     5.1    94.2    39.8    76.5   0.385   0.415   0.461   0.466   0.426     7.1     6.6     6.6     8.0     9.2
53926 20200127  2.622  -97.09   36.12    19.5    -1.8     8.9     8.4     0.0    12.47 C    24.8    -3.5     7.5    93.8    28.2    65.3   0.381   0.411   0.455   0.466   0.427     7.0     6.6     6.7     8.1     9.2
53926 20200128  2.622  -97.09   36.12     8.4     1.1     4.7     3.0    30.8     0.76 C     7.3     1.8     3.5    91.7    67.4    85.3   0.453   0.427   0.462   0.468   0.425     6.9     6.7     7.0     8.2     9.2
53926 20200129  2.622  -97.09   36.12     3.9     0.5     2.2     1.9     0.4     4.01 C     8.1    -2.9     3.0    92.2    73.9    82.7   0.445   0.439   0.472   0.470   0.426     6.4     6.0     6.5     8.1     9.2
53926 20200130  2.622  -97.09   36.12     4.3    -3.2     0.5     0.3     0.0     3.68 C     8.6    -5.3     0.3    94.3    69.9    86.7   0.401   0.437   0.473   0.471   0.426     5.7     5.7     6.2     8.0     9.2
53926 20200131  2.622  -97.09   36.12    11.1    -2.8     4.1     2.6     0.0    12.26 C    19.9    -5.2     1.9    94.1    44.4    77.8   0.392   0.425   0.473   0.470   0.428     5.5     5.4     6.0     7.8     9.0
53926 20200201  2.622  -97.09   36.12    16.5    -4.4     6.1     6.0     0.0    13.65 C    23.0    -6.4     4.4    93.0    27.9    61.7   0.386   0.418   0.466   0.468   0.428     5.6     5.3     5.8     7.7     8.9
53926 20200202  2.622  -97.09   36.12    26.7     1.0    13.8    14.8     0.0    13.26 C    30.1    -2.2    11.8    85.1    14.5    40.0   0.382   0.415   0.457   0.467   0.427     7.3     6.5     6.3     7.7     8.8
53926 20200203  2.622  -97.09   36.12    21.1     3.6    12.4    12.7     0.0    10.48 C    28.5     2.8    12.6    76.4    21.3    45.0   0.377   0.413   0.455   0.469   0.427     9.1     8.0     7.4     7.9     8.8
53926 20200204  2.622  -97.09   36.12     3.6    -0.8     1.4     1.1     0.5     1.45 C     4.4     0.2     2.4    92.0    72.4    81.5   0.368   0.405   0.432   0.469   0.427     7.8     7.1     7.3     8.3     9.0
53926 20200205  2.622  -97.09   36.12    -0.2    -3.6    -1.9    -1.4     5.2     4.20 C     0.9    -8.5    -1.7    90.6    67.7    78.3   0.368   0.403   0.422   0.467   0.428     6.3     5.7     6.4     8.2     9.1
53926 20200206  2.622  -97.09   36.12     5.1    -6.4    -0.7    -0.4     0.0    14.81 C     9.5   -11.3    -1.5    85.3    41.7    65.8   0.393   0.412   0.419   0.464   0.427     5.3     4.9     5.7     7.9     9.1
53926 20200207  2.622  -97.09   36.12    10.6    -3.0     3.8     2.7     0.0    13.21 C    20.4    -5.9     2.6    89.8    40.3    68.9   0.393   0.418   0.417   0.466   0.429     5.6     5.1     5.5     7.6     8.9
53926 20200208  2.622  -97.09   36.12    15.5    -2.1     6.7     6.2     0.0    13.94 C    19.9    -4.8     5.7    90.7    27.6    60.1   0.385   0.411   0.417   0.465   0.427     6.0     5.5     5.6     7.5     8.8
53926 20200209  2.622  -97.09   36.12    19.3     1.8    10.5    11.5     0.0     2.71 C    21.3     0.2    11.0    75.0    46.9    62.5   0.382   0.411   0.417   0.466   0.427     8.0     7.1     6.6     7.6     8.6
53926 20200210  2.622  -97.09   36.12     6.3    -0.8     2.7     2.5     2.0     5.60 C    14.6    -1.4     3.8    89.8    46.2    67.9   0.374   0.407   0.415   0.467   0.427     7.3     6.6     6.7     7.9     8.7
53926 20200211  2.622  -97.09   36.12     7.8     1.2     4.5     4.5     0.0     4.48 C    13.1    -1.1     5.0    90.8    40.2    65.0   0.376   0.406   0.414   0.467   0.427     7.0     6.4     6.5     7.9     8.8
53926 20200212  2.622  -97.09   36.12     4.8     1.6     3.2     3.5     7.3     2.80 C    10.0    -0.6     4.5    92.4    56.8    82.7   0.431   0.428   0.450   0.471   0.428     7.0     6.5     6.5     7.9     8.8
53926 20200213  2.622  -97.09   36.12     2.7    -7.8    -2.6    -3.8     0.0    13.25 C     9.3    -8.0    -0.8    86.0    37.9    54.8   0.405   0.435   0.470   0.473   0.428     6.1     5.5     6.1     7.8     8.8
53926 20200214  2.622  -97.09   36.12     7.0    -9.0    -1.0    -1.4     0.0    13.12 C    12.8    -9.8     0.3    69.1    33.0    53.5   0.388   0.419   0.467   0.473   0.428     5.1     4.6     5.3     7.6     8.8
53926 20200215  2.622  -97.09   36.12    15.1     3.4     9.3     8.7     0.0    12.64 C    25.1    -0.1     8.7    84.9    42.6    59.2   0.382   0.414   0.455   0.471   0.426     6.4     5.7     5.6     7.3     8.5
53926 20200216  2.622  -97.09   36.12    14.6    -0.9     6.9     7.1     0.0     6.74 C    22.0    -2.8     6.8    92.7    59.0    79.1   0.374   0.409   0.451   0.471   0.426     7.0     6.4     6.2     7.4     8.5
53926 20200217  2.622  -97.09   36.12    16.7     5.8    11.2    11.7     0.0     5.28 C    23.4     1.9    10.9    94.1    53.5    81.6   0.372   0.408   0.442   0.473   0.427     8.5     7.6     7.0     7.7     8.5
53926 20200218  2.622  -97.09   36.12    11.1    -1.1     5.0     5.6     0.0    10.84 C    22.1    -4.5     6.0    77.7    29.7    53.7   0.366   0.403   0.422   0.469   0.426     8.2     7.5     7.2     8.0     8.6
53926 20200219  2.622  -97.09   36.12    12.3    -1.5     5.4     5.4     0.0    12.50 C    22.5    -3.5     6.8    79.0    19.0    48.4   0.358   0.398   0.416   0.469   0.427     7.4     6.9     6.8     8.0     8.8
53926 20200220  2.622  -97.09   36.12     5.8    -6.4    -0.3     1.3     0.0    11.32 C    16.3    -9.7     3.1    79.4    44.2    63.2   0.351   0.393   0.414   0.470   0.427     7.5     6.7     6.8     8.0     8.8
53926 20200221  2.622  -97.09   36.12     9.6    -9.8    -0.1    -0.3     0.0    16.57 C    19.1   -11.7    -0.1    89.2    23.5    56.1   0.343   0.388   0.411   0.460   0.428     5.4     5.2     5.8     7.9     8.8
53926 20200222  2.622  -97.09   36.12    17.2     0.7     9.0     8.8     0.0    13.52 C    25.7    -2.4     9.0    56.4    31.4    45.0   0.338   0.387   0.411   0.459   0.428     6.6     6.0     5.9     7.6     8.7
53926 20200223  2.622  -97.09   36.12    11.9     7.9     9.9     9.8     7.5     3.81 C    13.8     6.8     9.6    93.6    53.5    76.7   0.340   0.392   0.411   0.457   0.427     8.1     7.4     6.8     7.7     8.6
53926 20200224  2.622  -97.09   36.12    11.6     3.0     7.3     8.9     2.3     2.25 C    12.3    -0.6     8.4    93.5    73.2    84.1   0.415   0.428   0.458   0.463   0.427     8.7     8.0     7.5     8.0     8.7
53926 20200225  2.622  -97.09   36.12     8.4     1.1     4.8     4.9     2.8     4.97 C    14.2    -0.7     5.2    92.3    49.5    77.3   0.387   0.430   0.469   0.466   0.426     7.9     7.5     7.5     8.2     8.8
53926 20200226  2.622  -97.09   36.12     5.8    -4.3     0.8     1.0     0.2    13.09 C    16.5    -7.0     1.7    87.5    40.3    66.2   0.396   0.430   0.472   0.470   0.426     7.3     6.6     6.9     8.2     8.9
53926 20200227  2.622  -97.09   36.12    14.9    -5.5     4.7     4.5     0.0    13.84 C    22.3    -7.9     4.0    88.8    23.9    55.0   0.384   0.419   0.464   0.467   0.427     6.3     5.8     6.1     8.0     8.9
53926 20200228  2.622  -97.09   36.12    17.8    -2.8     7.5     6.8     0.0    18.19 C    27.5    -5.4     6.6    92.4    23.2    62.9   0.379   0.412   0.451   0.467   0.428     7.2     6.5     6.3     7.8     8.8
53926 20200229  2.622  -97.09   36.12    24.1    -2.1    11.0    11.7     0.0    16.02 C    32.3    -4.3    10.8    91.9    12.9    48.5   0.370   0.406   0.432   0.468   0.427     7.8     7.0     6.6     7.9     8.7
53926 20200301  2.622  -97.09   36.12    25.0     8.5    16.8    16.4     0.0    17.73 C    33.4     3.5    15.5    78.8    22.6    50.1   0.365   0.405   0.423   0.465   0.427    10.2     8.8     7.7     8.1     8.7
53926 20200302  2.622  -97.09   36.12    13.7     2.5     8.1     7.9     0.0     9.92 C    24.8    -0.7     7.9    88.3    45.0    65.5   0.357   0.400   0.422   0.466   0.426     9.7     8.8     8.2     8.6     8.9
53926 20200303  2.622  -97.09   36.12    19.6     1.5    10.5     8.9     0.0    14.31 C    29.8    -0.6     9.3    91.1    20.4    63.8   0.350   0.396   0.419   0.466   0.426     9.4     8.5     8.0     8.7     9.0
53926 20200304  2.622  -97.09   36.12    15.8     3.7     9.7     8.7     0.0     6.26 C    22.9     1.0     7.6    86.9    22.4    59.4   0.343   0.393   0.416   0.466   0.424     9.1     8.5     8.2     8.8     9.2
53926 20200305  2.622  -97.09   36.12    19.3    -3.7     7.8     7.4     0.0    19.32 C    30.8    -5.9     7.4    92.9    16.5    55.7   0.337   0.390   0.414   0.461   0.425     8.9     8.1     7.9     8.8     9.3
53926 20200306  2.622  -97.09   36.12    17.5    -4.0     6.8     7.4     0.0    19.74 C    29.1    -6.0     7.1    89.0    15.3    46.3   0.330   0.387   0.413   0.458   0.425     8.6     7.8     7.6     8.8     9.3
53926 20200307  2.622  -97.09   36.12    22.6    -1.0    10.8    11.5     0.0    18.33 C    32.4    -4.4    10.3    75.2    12.9    36.0   0.324   0.386   0.412   0.458   0.424     8.8     8.0     7.6     8.7     9.3
53926 20200308  2.622  -97.09   36.12    15.9     8.0    11.9    12.0     7.1     8.40 C    22.8     6.2    11.7    90.0    36.2    64.3   0.321   0.390   0.413   0.458   0.425     9.6     8.9     8.2     8.8     9.3
53926 20200309  2.622  -97.09   36.12    20.1     3.3    11.7    12.6     4.9     9.15 C    26.5     0.2    12.1    91.6    52.2    78.3   0.411   0.435   0.460   0.464   0.425    11.2    10.1     9.0     9.1     9.4
53926 20200310  2.622  -97.09   36.12    20.8     0.0    10.4     9.9     0.0    14.15 C    27.4    -1.6     9.9    95.6    36.4    71.4   0.383   0.429   0.472   0.468   0.429    10.3     9.5     9.0     9.4     9.5
53926 20200311  2.622  -97.09   36.12    24.6    13.1    18.9    18.8     0.0    15.60 C    34.9    11.2    19.0    84.5    34.4    59.4   0.381   0.420   0.460   0.469   0.428    12.6    11.0     9.6     9.6     9.7
53926 20200312  2.622  -97.09   36.12    25.9    12.5    19.2    19.1     0.0    18.65 C    36.9    10.7    19.8    81.4    23.6    51.5   0.374   0.416   0.456   0.470   0.428    14.1    12.2    10.6    10.1     9.9
53926 20200313  2.622  -97.09   36.12    12.5     5.7     9.1     8.6     5.0     2.79 C    12.0     5.8     8.5    89.1    36.5    59.3   0.363   0.407   0.433   0.471   0.428    12.3    11.3    10.6    10.6    10.2
53926 20200314  2.622  -97.09   36.12    10.1     5.0     7.6     6.9    18.0     5.75 C    16.4     5.3     8.7    91.5    75.0    84.8   0.446   0.438   0.468   0.471   0.429    10.8    10.0     9.8    10.6    10.4
53926 20200315  2.622  -97.09   36.12     8.3     4.2     6.3     6.2     8.8     5.16 C    16.5     5.2     8.2    90.5    73.8    84.3   0.404   0.442   0.475   0.473   0.430    10.5     9.8     9.5    10.4    10.5
53926 20200316  2.622  -97.09   36.12    10.4     6.3     8.4     8.5    10.9     2.18 C    13.5     6.3     9.5    93.4    89.3    92.0   0.461   0.446   0.476   0.473   0.429    10.2     9.6     9.3    10.2    10.5
53926 20200317  2.622  -97.09   36.12    14.5     8.0    11.3    10.9    20.0     6.31 C    17.9     8.6    12.0    93.1    70.1    86.4   0.457   0.450   0.479   0.474   0.430    11.0    10.2     9.6    10.2    10.4
53926 20200318  2.622  -97.09   36.12    24.8    11.9    18.3    18.0     9.3    14.41 C    32.2    11.7    18.8    94.7    53.3    80.4   0.455   0.454   0.481   0.475   0.430    13.1    11.7    10.4    10.4    10.5
53926 20200319  2.622  -97.09   36.12    26.5    16.3    21.4    20.5     6.5    17.53 C    33.9    12.6    20.0    91.6    15.7    57.9   0.458   0.458   0.483   0.475   0.430    15.3    13.7    11.9    10.9    10.6
53926 20200320  2.622  -97.09   36.12    16.9     2.2     9.6     6.2     0.0    14.24 C    22.5    -0.6     8.6    76.8    37.8    58.8   0.405   0.445   0.483   0.477   0.433    13.3    12.2    11.7    11.5    11.0
53926 20200321  2.622  -97.09   36.12    13.2    -1.3     5.9     6.2     4.0    16.42 C    26.3    -2.7     8.6    86.2    29.5    52.6   0.390   0.428   0.477   0.478   0.432    11.7    10.6    10.4    11.4    11.3
53926 20200322  2.622  -97.09   36.12    11.9     5.6     8.8     9.3     7.1     3.10 C    12.9     6.3     9.9    94.1    86.4    90.8   0.458   0.446   0.481   0.478   0.432    11.5    10.6    10.3    11.1    11.3
53926 20200323  2.622  -97.09   36.12    15.9    11.2    13.5    13.0     0.0     3.77 C    16.7    11.3    13.4    95.1    75.8    87.4   0.418   0.450   0.483   0.478   0.432    12.2    11.3    10.5    11.0    11.3
53926 20200324  2.622  -97.09   36.12    21.6     9.5    15.5    15.0    10.3    16.55 C    34.4     6.1    16.3    93.2    47.4    78.4   0.452   0.456   0.485   0.477   0.433    13.7    12.3    11.1    11.2    11.3
53926 20200325  2.622  -97.09   36.12    29.3     7.8    18.6    19.1     0.0    21.88 C    37.7     5.0    18.7    93.7    19.2    55.6   0.415   0.456   0.484   0.477   0.433    14.2    12.8    11.5    11.5    11.3
53926 20200326  2.622  -97.09   36.12    33.2    15.5    24.3    24.8     0.0    18.55 C    43.5    10.0    24.9    83.5    19.1    48.2   0.405   0.446   0.485   0.478   0.433    16.2    14.3    12.5    11.9    11.5
53926 20200327  2.622  -97.09   36.12    28.8    20.3    24.5    23.1     0.0    10.94 C    42.3    16.6    23.3    83.9    42.4    70.5   0.396   0.438   0.484   0.478   0.433    17.9    15.8    13.7    12.5    11.8
53926 20200328  2.622  -97.09   36.12    22.0     9.9    15.9    17.7     2.7    21.18 C    32.2     6.5    18.4    80.5    21.8    47.8   0.396   0.435   0.475   0.480   0.433    17.3    15.5    14.1    13.1    12.2
53926 20200329  2.622  -97.09   36.12    21.8     4.6    13.2    13.0     0.0    20.92 C    36.3     1.3    14.1    86.9    19.0    53.3   0.379   0.421   0.454   0.479   0.435    15.1    13.9    13.3    13.3    12.5
53926 20200330  2.622  -97.09   36.12    18.1     7.4    12.7    11.5     5.7     3.87 C    21.7     4.7    11.3    90.4    41.2    76.6   0.370   0.414   0.436   0.480   0.434    13.9    13.2    12.8    13.2    12.7
53926 20200331  2.622  -97.09   36.12    19.8     9.9    14.9    13.7     0.5    23.58 C    33.3     6.4    15.9    91.1    37.9    67.4   0.398   0.431   0.438   0.480   0.435    14.9    13.5    12.7    13.1    12.7
53926 20200401  2.622  -97.09   36.12    23.1     8.2    15.7    15.9     0.0    19.77 C    30.6     5.6    16.2    84.0    34.3    57.4   0.391   0.427   0.437   0.480   0.434    14.8    13.6    12.8    13.1    12.7
53926 20200402  2.622  -97.09   36.12    21.5     5.1    13.3    16.7     0.0     7.96 C    28.0     6.1    16.7    83.7    48.2    65.3   0.381   0.421   0.434   0.479   0.435    15.0    14.0    13.1    13.1    12.7
53926 20200403  2.622  -97.09   36.12     5.1    -0.2     2.5     1.8     1.2     3.20 C     6.5     1.6     3.8    90.3    71.5    81.9   0.372   0.410   0.426   0.477   0.435    12.5    12.0    12.3    13.2    12.8
53926 20200404  2.622  -97.09   36.12     6.3     1.4     3.9     3.8     0.0     6.04 C    13.5     1.2     6.7    87.3    69.7    78.9   0.366   0.404   0.421   0.476   0.434    11.3    10.7    11.0    12.7    12.7
53926 20200405  2.622  -97.09   36.12    19.5     4.8    12.2    11.2     0.0    15.20 C    28.3     4.9    13.7    85.5    51.5    72.5   0.361   0.402   0.419   0.475   0.434    12.4    11.3    10.9    12.2    12.6
53926 20200406  2.622  -97.09   36.12    22.5    15.3    18.9    18.4     0.0     6.80 C    26.8    14.7    18.4    83.5    59.8    73.9   0.355   0.402   0.420   0.475   0.433    14.2    12.9    11.8    12.2    12.4
53926 20200407  2.622  -97.09   36.12    31.9    13.6    22.7    22.4     0.0    22.24 C    42.6     9.7    22.9    87.0    19.6    60.7   0.348   0.401   0.421   0.474   0.434    16.4    14.6    13.0    12.5    12.4
53926 20200408  2.622  -97.09   36.12    33.0     9.1    21.1    21.2     0.0    24.10 C    45.1     6.0    22.2    91.9    18.3    51.1   0.333   0.397   0.421   0.477   0.434    16.9    15.2    13.7    13.1    12.6
53926 20200409  2.622  -97.09   36.12    20.9     7.2    14.0    15.0     0.0    21.14 C    35.2     3.2    16.5    68.7    21.3    43.2   0.318   0.393   0.420   0.473   0.435    16.7    15.2    14.0    13.5    12.9
53926 20200410  2.622  -97.09   36.12    20.3     4.3    12.3    12.7     0.0    24.51 C    34.0     0.6    14.9    61.4    21.5    34.4   0.299   0.387   0.418   0.467   0.434    15.3    14.0    13.3    13.6    13.1
53926 20200411  2.622  -97.09   36.12    23.7    11.1    17.4    17.5     1.0    14.03 C    34.6     8.3    18.5    84.4    40.1    60.9   0.282   0.384   0.419   0.467   0.435    15.7    14.5    13.5    13.6    13.2
53926 20200412  2.622  -97.09   36.12    23.2     2.6    12.9    11.0     0.3     7.21 C    32.5     1.7    11.4    91.0    41.3    70.4   0.269   0.381   0.418   0.466   0.435    15.2    14.2    13.7    13.7    13.2
53926 20200413  2.622  -97.09   36.12     8.6     0.3     4.4     4.2     0.0    13.25 C    21.7    -0.8     7.5    77.4    26.9    46.1   0.257   0.374   0.415   0.466   0.436    12.7    11.8    12.0    13.5    13.3
53926 20200414  2.622  -97.09   36.12    10.5     2.2     6.3     5.5     0.0    14.18 C    23.2    -1.6     7.6    82.0    35.0    58.3   0.246   0.370   0.414   0.465   0.435    12.1    11.4    11.3    13.0    13.2
53926 20200415  2.622  -97.09   36.12    17.9     0.3     9.1     9.7     0.0    24.85 C    32.3    -3.2    11.6    79.1    21.7    47.7   0.236   0.365   0.413   0.465   0.435    12.1    11.2    11.1    12.6    13.1
53926 20200416  2.622  -97.09   36.12    23.2     6.7    14.9    15.6     0.7    24.90 C    31.3     2.0    16.1    81.6    31.3    47.5   0.225   0.360   0.413   0.463   0.434    13.4    12.3    11.5    12.4    12.9
53926 20200417  2.622  -97.09   36.12    13.6     1.2     7.4     6.0     0.4    10.61 C    22.2    -1.6     7.3    90.6    48.6    75.0   0.215   0.354   0.413   0.464   0.434    12.9    12.1    11.8    12.6    12.8
53926 20200418  2.622  -97.09   36.12    21.5    -1.5    10.0    11.3     0.0    25.19 C    31.4    -3.5    13.4    92.9    21.7    56.0   0.207   0.348   0.411   0.464   0.433    12.4    11.4    11.0    12.5    12.8
53926 20200419  2.622  -97.09   36.12    22.7     8.6    15.7    16.0     0.0    11.95 C    36.3     5.7    16.9    87.4    36.9    65.7   0.199   0.343   0.412   0.463   0.433    14.5    13.1    12.0    12.5    12.7
53926 20200420  2.622  -97.09   36.12    25.7     6.4    16.1    16.2     0.0    22.04 C    42.0     3.7    17.9    91.7    27.4    64.2   0.187   0.335   0.411   0.463   0.434    15.0    13.5    12.5    12.7    12.7
53926 20200421  2.622  -97.09   36.12    27.5     7.1    17.3    18.7     0.0    23.64 C    41.9     4.3    20.1    92.5    24.6    54.3   0.174   0.325   0.410   0.464   0.434    15.8    14.3    13.0    13.0    12.8
53926 20200422  2.622  -97.09   36.12    18.0    13.2    15.6    15.6    19.3     3.36 C    20.4     9.5    14.9    92.4    62.2    85.9   0.227   0.354   0.439   0.465   0.435    15.6    14.7    13.6    13.4    13.0
53926 20200423  2.622  -97.09   36.12    27.9    13.1    20.5    19.5     0.6    25.49 C    40.1    10.1    21.8    91.1    21.7    61.9   0.348   0.403   0.477   0.471   0.436    16.8    15.3    13.9    13.6    13.1
53926 20200424  2.622  -97.09   36.12    25.6    12.5    19.1    18.9     0.4    18.33 C    40.7    10.0    19.9    80.2    38.2    57.9   0.317   0.389   0.459   0.475   0.436    17.4    15.9    14.6    14.0    13.3
53926 20200425  2.622  -97.09   36.12    23.2     9.5    16.4    15.9     0.0    24.93 C    36.4     5.8    17.8    88.3    27.4    58.9   0.289   0.377   0.432   0.474   0.436    17.1    15.5    14.5    14.3    13.6
53926 20200426  2.622  -97.09   36.12    26.7     6.2    16.4    17.7     0.0    23.15 C    38.9     3.6    18.8    92.3    22.0    51.9   0.261   0.365   0.425   0.473   0.437    16.6    15.2    14.3    14.4    13.8
53926 20200427  2.622  -97.09   36.12    27.3    16.2    21.7    21.1     0.6    19.43 C    38.3    13.9    20.9    68.3    34.8    50.4   0.239   0.355   0.423   0.470   0.437    17.4    16.0    14.7    14.5    13.9
53926 20200428  2.622  -97.09   36.12    31.1    14.2    22.7    21.3     4.0    17.38 C    43.2    10.6    21.1    89.4    43.0    67.8   0.222   0.348   0.423   0.468   0.437    18.3    16.8    15.3    14.7    14.0
53926 20200429  2.622  -97.09   36.12    22.4     9.2    15.8    16.0     0.0    24.78 C    33.0     5.4    15.7    85.8    31.4    50.1   0.208   0.340   0.421   0.468   0.437    17.4    16.1    15.3    15.0    14.2
53926 20200430  2.622  -97.09   36.12    27.2     6.4    16.8    17.8     0.0    26.16 C    39.4     3.6    19.5    91.9    26.4    55.1   0.195   0.333   0.420   0.468   0.436    17.1    15.7    14.8    15.0    14.4
53926 20200501  2.622  -97.09   36.12    32.7    16.3    24.5    24.1     0.0    24.65 C    41.2    13.6    24.3    61.2    27.4    44.5   0.180   0.325   0.419   0.468   0.435    18.6    17.0    15.5    15.1    14.5
53926 20200502  2.622  -97.09   36.12    31.6    18.4    25.0    24.8     0.0    25.87 C    41.7    15.0    25.9    74.9    40.1    57.6   0.166   0.316   0.417   0.468   0.435    20.1    18.2    16.4    15.4    14.6
53926 20200503  2.622  -97.09   36.12    25.3    17.2    21.2    21.6     0.4     9.51 C    36.6    17.5    22.6    90.5    64.7    77.7   0.157   0.310   0.417   0.468   0.436    20.4    18.8    17.1    15.9    14.9
53926 20200504  2.622  -97.09   36.12    32.2    17.6    24.9    24.2     0.0    22.59 C    43.4    14.9    25.8    90.6    43.1    67.5   0.151   0.303   0.416   0.469   0.438    21.2    19.4    17.5    16.3    15.2
53926 20200505  2.622  -97.09   36.12    24.6     9.5    17.0    17.8     0.0    24.50 C    37.9     6.2    19.4    85.8    18.1    50.2   0.141   0.291   0.414   0.469   0.440    20.3    18.8    17.5    16.7    15.4
53926 20200506  2.622  -97.09   36.12    24.0     7.7    15.8    16.8     0.0    27.41 C    37.9     5.0    18.6    89.2    25.6    49.0   0.134   0.279   0.410   0.469   0.440    19.3    17.8    16.6    16.7    15.7
53926 20200507  2.622  -97.09   36.12    23.2    11.9    17.6    17.4    22.3    14.15 C    33.6     8.5    18.0    89.2    36.8    55.7   0.131   0.275   0.410   0.468   0.440    18.9    17.4    16.4    16.6    15.7
53926 20200508  2.622  -97.09   36.12    18.9     8.0    13.4    14.2     4.1    25.28 C    32.4     3.8    16.2    90.8    28.6    63.1   0.349   0.413   0.480   0.477   0.440    18.1    16.7    16.0    16.5    15.8
53926 20200509  2.622  -97.09   36.12    21.1     3.3    12.2    13.0     0.0    27.88 C    34.9     0.6    15.5    93.0    27.7    59.1   0.296   0.386   0.467   0.480   0.441    17.1    16.0    15.4    16.3    15.8
53926 20200510  2.622  -97.09   36.12    17.1     9.1    13.1    12.9     0.0    13.70 C    30.3     6.3    14.7    91.0    30.6    58.4   0.270   0.375   0.434   0.477   0.439    16.7    15.8    15.2    16.1    15.7
53926 20200511  2.622  -97.09   36.12    14.6     8.0    11.3    11.0     1.5    10.48 C    27.4     8.5    12.8    81.8    45.4    64.5   0.257   0.367   0.423   0.475   0.439    15.9    15.3    15.0    15.9    15.6
53926 20200512  2.622  -97.09   36.12    11.7     7.7     9.7     9.7     3.4     3.70 C    14.9     8.3    11.2    90.5    81.1    87.0   0.250   0.363   0.420   0.470   0.439    14.8    14.5    14.4    15.6    15.4
53926 20200513  2.622  -97.09   36.12    23.4    10.7    17.0    17.1     1.6     6.42 C    28.3    11.4    17.4    93.5    67.8    85.5   0.261   0.363   0.420   0.469   0.439    15.7    15.0    14.5    15.3    15.3
53926 20200514  2.622  -97.09   36.12    30.0    19.0    24.5    24.6     0.0    19.30 C    38.5    16.0    25.0    87.5    47.8    64.3   0.269   0.361   0.422   0.468   0.438    18.7    17.1    15.6    15.4    15.2
53926 20200515  2.622  -97.09   36.12    23.2    16.4    19.8    19.6     2.0     6.30 C    30.0    14.2    19.0    89.3    61.0    81.3   0.259   0.357   0.422   0.469   0.437    19.0    17.9    16.6    15.9    15.3
53926 20200516  2.622  -97.09   36.12    21.7    14.1    17.9    18.3     0.0     7.96 C    26.2    12.0    18.4    92.6    68.8    82.8   0.255   0.353   0.421   0.470   0.439    18.3    17.3    16.4    16.2    15.5
53926 20200517  2.622  -97.09   36.12    25.9    13.2    19.6    19.6     0.0    27.55 C    38.2    10.3    21.7    92.7    35.1    65.9   0.244   0.349   0.419   0.470   0.438    19.4    17.9    16.6    16.3    15.6
53926 20200518  2.622  -97.09   36.12    26.7    11.8    19.2    19.3     0.0    27.31 C    39.3     8.8    21.6    90.7    37.7    61.8   0.225   0.342   0.417   0.469   0.438    19.5    18.0    16.7    16.5    15.7
53926 20200519  2.622  -97.09   36.12    25.1    12.6    18.8    18.7     0.0    27.59 C    39.2     9.9    22.0    91.2    45.4    65.4   0.207   0.335   0.416   0.469   0.439    20.2    18.4    17.0    16.7    15.9
53926 20200520  2.622  -97.09   36.12    26.9    10.9    18.9    19.7     0.0    27.21 C    40.8     8.3    22.6    91.3    40.2    64.3   0.190   0.326   0.414   0.469   0.439    20.3    18.7    17.2    16.9    16.1
53926 20200521  2.622  -97.09   36.12    24.1    18.1    21.1    20.4     0.0     7.93 C    35.1    16.4    21.7    87.2    63.6    76.5   0.177   0.319   0.413   0.469   0.440    20.3    18.9    17.6    17.1    16.2
53926 20200522  2.622  -97.09   36.12    28.5    15.0    21.8    22.6    20.3    21.28 C    40.3    14.9    24.5    91.5    51.1    75.4   0.330   0.407   0.468   0.477   0.440    20.7    19.0    17.8    17.3    16.3
53926 20200523  2.622  -97.09   36.12    30.8    20.3    25.5    25.0     0.0    22.48 C    40.4    18.2    26.5    92.1    41.6    68.0   0.320   0.399   0.476   0.481   0.441    22.0    20.2    18.5    17.6    16.5
53926 20200524  2.622  -97.09   36.12    29.6    17.8    23.7    23.6     2.1    18.62 C    38.8    17.3    24.7    89.4    54.3    69.4   0.283   0.383   0.439   0.479   0.441    22.2    20.7    19.1    18.0    16.8
53926 20200525  2.622  -97.09   36.12    23.1    17.0    20.1    19.4    13.7     7.77 C    29.5    15.9    20.2    91.1    66.4    82.0   0.303   0.390   0.440   0.478   0.442    21.3    20.2    19.1    18.3    17.1
53926 20200526  2.622  -97.09   36.12    22.5    14.7    18.6    18.1     0.0    10.32 C    30.5    12.2    19.4    94.0    62.2    81.9   0.381   0.438   0.486   0.482   0.444    20.5    19.5    18.7    18.4    17.3
53926 20200527  2.622  -97.09   36.12    24.2    13.0    18.6    19.3     0.6    15.38 C    37.1    11.1    20.7    94.5    53.2    76.8   0.357   0.415   0.476   0.484   0.443    20.3    19.2    18.4    18.3    17.4
53926 20200528  2.622  -97.09   36.12    23.9    15.8    19.8    19.4     7.5     8.72 C    31.2    12.7    19.7    94.7    69.2    86.1   0.391   0.430   0.472   0.484   0.445    20.5    19.4    18.5    18.2    17.4
53926 20200529  2.622  -97.09   36.12    27.5    14.0    20.8    20.9     0.0    27.91 C    39.8    11.6    22.8    95.1    33.7    64.6   0.388   0.436   0.480   0.485   0.444    21.0    19.6    18.4    18.2    17.4
53926 20200530  2.622  -97.09   36.12    28.6    13.4    21.0    21.5     0.0    27.72 C    41.4    11.1    23.3    93.0    30.3    58.8   0.359   0.416   0.452   0.484   0.443    21.4    19.8    18.7    18.3    17.5
53926 20200531  2.622  -97.09   36.12    29.9    14.0    21.9    22.7     0.0    27.51 C    42.0    11.7    24.6    91.4    35.7    61.0   0.330   0.402   0.430   0.481   0.443    21.8    20.2    18.9    18.4    17.6
53926 20200601  2.622  -97.09   36.12    30.0    17.2    23.6    23.7     0.0    24.75 C    43.3    13.9    25.5    83.7    42.2    61.3   0.303   0.392   0.427   0.483   0.441    22.2    20.7    19.4    18.6    17.7
53926 20200602  2.622  -97.09   36.12    31.1    19.2    25.1    25.2     0.0    22.04 C    43.7    16.3    26.9    76.2    48.8    64.2   0.276   0.384   0.425   0.481   0.444    22.9    21.3    19.8    18.9    17.8
53926 20200603  2.622  -97.09   36.12    34.2    21.3    27.8    27.8     0.0    26.69 C    44.7    18.4    30.0    87.4    42.5    63.2   0.248   0.374   0.423   0.475   0.443    24.1    22.3    20.5    19.1    18.1
53926 20200604  2.622  -97.09   36.12    36.3    21.5    28.9    29.3     0.0    25.74 C    45.2    17.7    30.6    76.9    38.2    56.7   0.221   0.360   0.419   0.474   0.445    25.3    23.2    21.3    19.6    18.3
53926 20200605  2.622  -97.09   36.12    35.8    18.1    26.9    28.2     0.0    27.61 C    44.9    15.0    29.1    79.0    35.5    54.8   0.198   0.344   0.414   0.476   0.446    25.3    23.4    21.6    20.1    18.5
53926 20200606  2.622  -97.09   36.12    36.0    23.9    29.9    29.6     0.0    27.44 C    45.1    20.6    31.0    83.1    35.7    60.3   0.180   0.330   0.408   0.475   0.445    26.2    24.1    22.1    20.4    18.8
53926 20200607  2.622  -97.09   36.12    34.5    23.3    28.9    28.6     0.0    28.22 C    44.2    20.8    29.9    82.5    30.9    59.0   0.167   0.317   0.400   0.476   0.444    26.4    24.4    22.4    20.7    19.2
53926 20200608  2.622  -97.09   36.12    34.2    20.7    27.5    28.2     0.0    26.90 C    46.9    17.9    30.1    87.2    38.0    59.8   0.158   0.302   0.390   0.475   0.446    26.6    24.5    22.5    21.1    19.5
53926 20200609  2.622  -97.09   36.12    31.7    16.4    24.1    24.3     0.0    27.96 C    43.1    15.3    27.2    84.9    22.7    52.8   0.150   0.290   0.379   0.475   0.452    26.0    24.0    22.5    21.3    20.2
53926 20200610  2.622  -97.09   36.12    29.0    14.1    21.5    21.6     0.0    29.60 C    44.5    10.0    24.7    72.5    17.7    39.4   0.143   0.278   0.363   0.475   0.452    24.2    22.0    21.1    21.3    20.4
53926 20200611  2.622  -97.09   36.12    33.6    10.8    22.2    23.7     0.0    28.40 C    45.2     8.4    25.5    87.3    20.1    47.0   0.139   0.269   0.347   0.472   0.451    23.9    22.0    20.7    20.9    20.4
53926 20200612  2.622  -97.09   36.12    33.8    18.3    26.0    25.9     0.0    20.28 C    43.7    14.0    26.3    67.3    22.5    44.4   0.137   0.263   0.333   0.464   0.451    24.4    22.6    21.1    20.8    20.3
53926 20200613  2.622  -97.09   36.12    35.0    17.3    26.2    27.1     0.0    28.00 C    46.6    13.4    28.6    78.9    21.4    44.2   0.134   0.257   0.317   0.462   0.451    24.9    23.0    21.4    20.9    20.3
53926 20200614  2.622  -97.09   36.12    34.6    19.7    27.2    27.6     0.0    27.65 C    46.3    15.6    29.0    74.4    23.4    46.6   0.131   0.251   0.299   0.460   0.451    25.5    23.5    21.8    21.1    20.5
53926 20200615  2.622  -97.09   36.12    33.8    18.5    26.1    27.2     0.0    26.37 C    46.9    14.9    28.8    80.7    27.6    50.8   0.128   0.245   0.284   0.458   0.450    25.7    23.8    22.0    21.2    20.5
53926 20200616  2.622  -97.09   36.12    35.4    19.4    27.4    27.9     0.0    26.85 C    47.5    16.5    30.0    81.6    26.2    53.2   0.124   0.240   0.273   0.457   0.447    26.2    24.3    22.3    21.4    20.7
53926 20200617  2.622  -97.09   36.12    34.3    21.9    28.1    28.0     0.0    27.26 C    46.1    20.3    30.6    79.4    33.3    54.2   0.122   0.236   0.265   0.456   0.446    26.6    24.6    22.7    21.5    20.9
53926 20200618  2.622  -97.09   36.12    34.9    22.5    28.7    28.5     0.0    24.60 C    46.7    20.4    30.4    74.3    25.1    47.0   0.118   0.232   0.259   0.453   0.448    26.7    24.8    22.9    21.9    21.1
53926 20200619  2.622  -97.09   36.12    25.5    19.0    22.3    21.0    62.2     0.54 C    23.6    17.9    20.3    91.5    52.8    80.6   0.320   0.354   0.376   0.465   0.450    23.8    22.9    22.2    21.9    21.2
53926 20200620  2.622  -97.09   36.12    30.8    18.7    24.8    24.4     0.0    22.93 C    42.9    17.5    26.6    93.1    44.0    71.6   0.378   0.413   0.438   0.473   0.451    24.2    22.7    21.7    21.6    21.2
53926 20200621  2.622  -97.09   36.12    30.9    19.0    24.9    24.6    14.7    20.69 C    40.4    18.3    26.0    92.2    42.1    72.3   0.358   0.398   0.420   0.474   0.449    24.9    23.5    22.2    21.6    21.1
53926 20200622  2.622  -97.09   36.12    32.5    18.8    25.6    25.4     0.4    26.21 C    43.1    17.9    28.0    89.3    44.0    67.8   0.412   0.445   0.470   0.475   0.450    25.3    23.5    22.3    21.7    21.2
53926 20200623  2.622  -97.09   36.12    29.8    17.7    23.8    24.6     0.0    25.42 C    40.8    15.3    26.2    88.8    27.7    59.4   0.373   0.416   0.441   0.476   0.450    25.8    24.0    22.6    21.9    21.3
53926 20200624  2.622  -97.09   36.12    32.0    15.4    23.7    24.8     0.0    27.99 C    43.4    13.8    27.2    91.7    33.0    58.3   0.340   0.396   0.417   0.474   0.450    25.0    23.4    22.3    22.0    21.3
53926 20200625  2.622  -97.09   36.12    33.6    20.9    27.3    27.2     0.0    27.80 C    43.0    17.2    28.6    79.0    29.5    57.1   0.323   0.388   0.412   0.471   0.451    25.6    24.0    22.6    22.0    21.4
53926 20200626  2.622  -97.09   36.12    34.0    21.6    27.8    27.8     0.0    25.00 C    44.2    19.0    29.8    90.2    47.4    66.9   0.310   0.380   0.405   0.471   0.449    26.1    24.5    23.0    22.1    21.5
53926 20200627  2.622  -97.09   36.12    33.0    23.3    28.1    27.9     0.0    22.55 C    41.9    21.5    29.3    76.2    48.0    64.0   0.301   0.374   0.400   0.468   0.448    26.2    24.9    23.5    22.3    21.6
53926 20200628  2.622  -97.09   36.12    32.6    24.6    28.6    28.0     0.0    21.47 C    41.4    22.3    29.4    74.3    52.1    65.0   0.293   0.365   0.394   0.468   0.449    26.1    25.0    23.7    22.5    21.7
53926 20200629  2.622  -97.09   36.12    33.9    25.4    29.6    28.9     0.0    17.75 C    42.1    24.2    29.9    75.1    51.6    64.4   0.285   0.359   0.388   0.467   0.450    26.2    25.1    23.8    22.8    21.9
53926 20200630  2.622  -97.09   36.12    35.0    24.8    29.9    29.8     0.0    24.26 C    44.8    23.4    31.4    80.5    50.5    64.7   0.279   0.351   0.379   0.467   0.448    26.9    25.6    24.1    22.9    21.5
53926 20200701  2.622  -97.09   36.12    36.6    25.1    30.8    30.7     0.0    25.97 C    46.8    22.4    32.6    78.0    43.1    62.2   0.269   0.340   0.366   0.466   0.448    27.7    26.2    24.5    23.1    21.7
53926 20200702  2.622  -97.09   36.12    32.8    22.3    27.6    27.7     9.1    20.01 C    43.3    20.0    28.5    85.3    45.2    69.0   0.261   0.340   0.361   0.466   0.448    27.5    26.2    24.8    23.4    21.9
53926 20200703  2.622  -97.09   36.12    32.0    21.6    26.8    27.1     9.2    20.65 C    42.5    19.9    28.0    86.4    52.2    69.0   0.312   0.377   0.374   0.466   0.449    26.9    25.6    24.4    23.4    22.1
53926 20200704  2.622  -97.09   36.12    33.0    22.3    27.7    27.6     0.0    25.86 C    42.8    21.2    29.8    89.7    44.3    67.2   0.345   0.397   0.380   0.466   0.448    27.6    26.0    24.6    23.5    22.1
53926 20200705  2.622  -97.09   36.12    32.5    22.5    27.5    27.4     0.0    23.61 C    43.5    20.4    29.7    87.1    47.5    66.9   0.323   0.382   0.371   0.466   0.447    27.7    26.0    24.7    23.6    22.2
53926 20200706  2.622  -97.09   36.12    33.5    22.3    27.9    27.9     0.0    25.60 C    44.1    20.2    29.9    88.8    39.1    64.1   0.309   0.372   0.362   0.465   0.448    27.7    26.1    24.8    23.7    22.3
53926 20200707  2.622  -97.09   36.12    33.6    20.8    27.2    27.6     0.0    25.12 C    44.9    19.0    29.5    91.5    40.2    66.3   0.297   0.361   0.351   0.463   0.449    27.4    26.0    24.7    23.8    22.4
53926 20200708  2.622  -97.09   36.12    34.6    22.9    28.8    28.9     0.0    26.20 C    45.1    20.6    31.1    87.8    43.9    66.3   0.284   0.351   0.337   0.462   0.449    27.7    26.3    24.9    23.8    22.5
53926 20200709  2.622  -97.09   36.12    33.3    22.3    27.8    28.1     0.0    21.95 C    43.9    23.6    30.2    82.2    36.4    61.7   0.270   0.341   0.322   0.460   0.450    27.5    26.2    24.9    24.0    22.6
53926 20200710  2.622  -97.09   36.12    29.7    20.2    24.9    24.6    16.1     7.63 C    34.8    19.9    23.9    89.4    57.7    76.1   0.321   0.384   0.313   0.462   0.449    26.0    25.1    24.5    23.9    22.8
53926 20200711  2.622  -97.09   36.12    36.9    21.8    29.4    28.6    16.1    23.66 C    44.8    20.2    30.5    91.4    50.9    73.0   0.363   0.411   0.319   0.462   0.449    27.0    25.5    24.3    23.8    22.7
53926 20200712  2.622  -97.09   36.12    33.0    21.3    27.2    26.9     0.0    26.68 C    42.8    20.4    28.9    91.8    49.2    71.1   0.390   0.428   0.388   0.475   0.448    27.7    26.0    24.8    23.8    22.7
53926 20200713  2.622  -97.09   36.12    31.6    21.2    26.4    25.9     4.0    19.44 C    41.2    20.1    27.4    88.6    57.6    73.7   0.386   0.423   0.376   0.471   0.448    27.1    25.6    24.6    23.9    22.8
53926 20200714  2.622  -97.09   36.12    35.1    25.1    30.1    29.4     0.0    21.19 C    43.6    24.3    30.8    87.4    44.0    67.9   0.374   0.413   0.365   0.469   0.448    27.8    26.1    24.8    24.0    22.9
53926 20200715  2.622  -97.09   36.12    33.5    24.5    29.0    29.0     0.3    24.05 C    44.2    23.2    31.1    90.0    49.4    69.2   0.351   0.397   0.352   0.468   0.447    28.4    26.7    25.2    24.1    22.9
53926 20200716  2.622  -97.09   36.12    32.8    21.4    27.1    27.2     0.8    17.17 C    40.7    21.0    28.2    91.5    55.9    74.9   0.337   0.389   0.342   0.467   0.448    27.8    26.4    25.3    24.3    23.1
53926 20200717  2.622  -97.09   36.12    36.0    24.6    30.3    29.7     0.0    23.11 C    44.5    22.6    30.9    83.9    45.1    66.7   0.328   0.380   0.331   0.469   0.449    28.2    26.7    25.3    24.3    23.1
53926 20200718  2.622  -97.09   36.12    35.0    24.4    29.7    29.5     0.0    26.10 C    43.7    21.6    30.9    83.0    42.8    62.3   0.315   0.368   0.318   0.466   0.450    28.2    26.9    25.6    24.4    23.2
53926 20200719  2.622  -97.09   36.12    35.0    22.8    28.9    28.7     0.0    18.21 C    44.6    21.2    29.5    84.7    44.4    63.4   0.301   0.357   0.307   0.465   0.449    27.9    26.7    25.5    24.6    23.3
53926 20200720  2.622  -97.09   36.12    36.2    22.8    29.5    29.6     0.0    23.45 C    45.0    20.6    30.9    80.5    39.1    59.1   0.286   0.346   0.294   0.464   0.449    28.1    26.8    25.5    24.5    23.4
53926 20200721  2.622  -97.09   36.12    32.5    23.5    28.0    27.3     0.0    14.41 C    42.1    21.5    28.4    86.4    49.8    68.1   0.268   0.338   0.284   0.463   0.451    27.7    26.5    25.4    24.6    23.4
53926 20200722  2.622  -97.09   36.12    34.2    21.4    27.8    28.2     0.0    25.40 C    46.4    19.5    30.5    89.8    42.1    65.9   0.246   0.330   0.276   0.461   0.450    27.9    26.5    25.3    24.6    23.4
53926 20200723  2.622  -97.09   36.12    33.1    22.9    28.0    27.6     0.0    20.33 C    46.9    21.4    30.1    90.4    54.0    72.7   0.220   0.321   0.268   0.461   0.450    28.2    26.7    25.4    24.6    23.6
53926 20200724  2.622  -97.09   36.12    35.1    23.6    29.3    29.2     0.0    22.30 C    48.0    22.0    30.9    88.9    39.4    62.8   0.201   0.310   0.262   0.460   0.450    28.2    26.8    25.5    24.7    23.6
53926 20200725  2.622  -97.09   36.12    34.5    23.4    28.9    28.8     0.0    23.30 C    46.1    21.4    30.9    86.0    43.5    64.2   0.183   0.300   0.256   0.456   0.451    28.3    26.9    25.5    24.8    23.6
53926 20200726  2.622  -97.09   36.12    35.6    23.3    29.5    29.3     0.0    21.82 C    49.1    21.2    31.2    86.7    39.4    62.6   0.170   0.289   0.252   0.450   0.449    28.5    27.0    25.6    24.8    23.6
53926 20200727  2.622  -97.09   36.12    29.1    22.2    25.6    25.1    22.7     6.21 C    37.0    21.8    25.7    92.1    63.7    81.2   0.244   0.332   0.302   0.448   0.451    27.2    26.3    25.4    24.8    23.8
53926 20200728  2.622  -97.09   36.12    29.8    22.4    26.1    25.3     7.7    10.81 C    37.7    22.7    26.3    92.7    61.1    82.8   0.370   0.408   0.378   0.449   0.449    26.8    25.8    25.0    24.7    23.8
53926 20200729  2.622  -97.09   36.12    32.1    22.7    27.4    27.1    14.3    16.60 C    42.2    21.9    28.4    91.5    56.3    78.1   0.382   0.421   0.403   0.463   0.448    27.5    26.1    25.1    24.6    23.7
53926 20200730  2.622  -97.09   36.12    31.6    20.5    26.1    25.3     7.6    23.23 C    42.1    20.3    28.0    91.2    47.3    72.7   0.407   0.440   0.413   0.472   0.449    27.6    26.0    25.1    24.7    23.6
53926 20200731  2.622  -97.09   36.12    28.5    19.8    24.2    24.1     0.0    18.24 C    40.8    17.8    26.1    92.7    49.2    72.3   0.377   0.413   0.404   0.473   0.448    27.3    25.4    24.6    24.6    23.7
53926 20200801  2.622  -97.09   36.12    30.1    17.9    24.0    24.0     0.0    25.08 C    42.9    16.2    26.3    94.4    39.4    70.1   0.351   0.399   0.394   0.469   0.448    26.6    25.0    24.2    24.4    23.6
53926 20200802  2.622  -97.09   36.12    30.7    17.6    24.1    24.0     0.0    24.15 C    43.8    14.5    25.7    91.8    44.4    69.0   0.336   0.389   0.384   0.467   0.448    26.5    24.9    24.1    24.2    23.6
53926 20200803  2.622  -97.09   36.12    28.8    15.8    22.3    22.8     0.0    24.21 C    40.7    13.6    24.0    89.7    37.0    60.8   0.319   0.379   0.372   0.465   0.449    25.5    24.3    23.6    24.0    23.6
53926 20200804  2.622  -97.09   36.12    27.3    17.4    22.4    22.5     0.0    20.97 C    39.9    14.1    24.2    72.2    41.3    55.2   0.303   0.370   0.357   0.462   0.448    25.0    23.9    23.3    23.8    23.4
53926 20200805  2.622  -97.09   36.12    28.8    16.2    22.5    22.5    16.6    23.62 C    40.1    16.0    24.9    91.4    58.6    73.1   0.365   0.415   0.390   0.470   0.447    24.8    23.5    23.0    23.6    23.3
53926 20200806  2.622  -97.09   36.12    28.9    20.5    24.7    24.4     0.5     9.88 C    40.0    19.1    25.3    89.5    66.1    81.5   0.366   0.408   0.391   0.469   0.447    25.0    24.0    23.3    23.4    23.1
53926 20200807  2.622  -97.09   36.12    32.8    21.9    27.3    27.5     5.0    20.56 C    39.1    20.7    27.9    90.6    46.1    69.0   0.385   0.421   0.394   0.468   0.446    25.9    24.7    23.7    23.4    23.1
53926 20200808  2.622  -97.09   36.12    35.0    25.3    30.1    29.3     0.0    20.62 C    42.8    22.1    29.7    82.3    43.5    62.3   0.373   0.406   0.389   0.468   0.445    26.9    25.4    24.2    23.6    23.1
53926 20200809  2.622  -97.09   36.12    35.7    24.2    29.9    30.0     0.0    25.10 C    43.1    21.2    30.5    71.2    39.4    55.7   0.352   0.389   0.374   0.466   0.446    27.3    25.8    24.6    23.9    23.1
53926 20200810  2.622  -97.09   36.12    35.8    20.6    28.2    29.9     5.7    23.36 C    43.5    20.7    30.4    87.8    38.5    56.5   0.335   0.376   0.354   0.465   0.447    27.7    26.2    24.9    24.0    23.3
53926 20200811  2.622  -97.09   36.12    30.5    20.3    25.4    24.4     7.8    18.14 C    40.6    20.3    26.2    91.3    57.8    80.2   0.385   0.430   0.374   0.463   0.447    26.9    25.5    24.7    24.1    23.4
53926 20200812  2.622  -97.09   36.12    32.3    21.5    26.9    25.8     0.0    15.82 C    40.0    19.9    27.3    92.3    58.8    79.0   0.376   0.412   0.370   0.463   0.446    26.6    25.4    24.6    24.2    23.5
53926 20200813  2.622  -97.09   36.12    33.7    22.6    28.2    28.2     0.0    23.03 C    42.1    21.3    29.6    83.7    50.5    64.8   0.359   0.394   0.361   0.461   0.446    27.0    25.7    24.8    24.2    23.5
53926 20200814  2.622  -97.09   36.12    33.8    24.0    28.9    28.4     0.0    24.37 C    41.3    21.7    29.2    86.0    46.9    66.1   0.343   0.382   0.346   0.461   0.445    27.3    26.0    25.0    24.3    23.5
53926 20200815  2.622  -97.09   36.12    34.4    21.6    28.0    28.5     0.0    21.80 C    40.7    19.7    28.8    87.1    43.1    66.0   0.322   0.369   0.328   0.460   0.445    27.4    26.2    25.1    24.4    23.6
53926 20200816  2.622  -97.09   36.12    32.6    20.8    26.7    26.4     0.0    15.55 C    37.3    18.4    26.5    84.3    39.1    64.0   0.295   0.357   0.312   0.458   0.445    26.8    25.9    25.1    24.5    23.6
53926 20200817  2.622  -97.09   36.12    33.8    18.9    26.4    25.7     0.0    23.36 C    41.0    15.8    26.5    88.3    35.5    63.1   0.265   0.346   0.296   0.455   0.443    26.5    25.4    24.7    24.4    23.7
53926 20200818  2.622  -97.09   36.12    31.9    15.7    23.8    23.8     0.0    24.90 C    41.4    13.5    24.8    92.2    30.7    63.7   0.230   0.331   0.280   0.453   0.442    25.9    24.9    24.3    24.3    23.7
53926 20200819  2.622  -97.09   36.12    31.3    16.7    24.0    23.6     0.0    23.10 C    40.2    14.1    24.2    88.9    28.4    57.3   0.203   0.317   0.270   0.449   0.441    25.5    24.5    23.9    24.1    23.6
53926 20200820  2.622  -97.09   36.12    32.4    15.0    23.7    24.1     0.0    24.56 C    41.8    13.1    25.1    91.1    31.1    59.2   0.181   0.301   0.262   0.447   0.441    25.4    24.3    23.6    23.9    23.5
53926 20200821  2.622  -97.09   36.12    32.4    16.7    24.6    25.0     0.0    17.98 C    41.8    14.2    25.3    85.3    35.7    57.7   0.166   0.287   0.256   0.444   0.439    25.4    24.3    23.6    23.8    23.5
53926 20200822  2.622  -97.09   36.12    34.1    16.2    25.1    25.7     0.0    23.42 C    43.6    14.1    26.3    91.2    27.5    56.7   0.155   0.274   0.252   0.441   0.437    25.7    24.4    23.6    23.7    23.4
53926 20200823  2.622  -97.09   36.12    35.4    17.8    26.6    26.6     0.0    23.48 C    44.6    15.3    27.1    89.0    23.2    55.2   0.144   0.261   0.248   0.439   0.433    26.1    24.7    23.7    23.7    23.3
53926 20200824  2.622  -97.09   36.12    35.5    18.6    27.1    27.3     0.0    23.05 C    45.1    15.9    27.7    86.6    28.7    54.3   0.136   0.249   0.244   0.438   0.430    26.4    24.9    23.8    23.7    23.3
53926 20200825  2.622  -97.09   36.12    35.3    18.4    26.8    26.9     0.0    22.78 C    45.6    15.8    27.5    87.7    28.9    56.8   0.130   0.235   0.242   0.435   0.426    26.5    25.1    24.0    23.8    23.2
53926 20200826  2.622  -97.09   36.12    34.1    18.9    26.5    25.7     0.0    18.27 C    47.3    16.9    27.2    88.1    41.7    65.4   0.126   0.224   0.239   0.433   0.422    26.3    25.1    24.0    23.8    23.3
53926 20200827  2.622  -97.09   36.12    33.8    18.6    26.2    26.5     0.0    23.63 C    48.6    16.7    28.7    87.0    41.5    64.9   0.123   0.214   0.238   0.426   0.419    26.8    25.3    24.1    23.8    23.3
53926 20200828  2.622  -97.09   36.12    39.0    19.2    29.1    29.6     0.0    22.50 C    49.2    17.3    30.7    91.7    28.7    57.8   0.121   0.206   0.237   0.423   0.413    27.4    25.7    24.4    23.9    23.5
53926 20200829  2.622  -97.09   36.12    29.1    22.0    25.5    26.1     0.0    10.72 C    38.0    20.2    26.6    89.2    55.4    70.4   0.118   0.201   0.236   0.420   0.409    27.1    25.8    24.7    24.1    23.5
53926 20200830  2.622  -97.09   36.12    34.7    19.8    27.3    27.1     0.0    19.74 C    48.2    18.4    29.9    91.1    36.9    64.8   0.116   0.196   0.235   0.418   0.406    27.2    25.6    24.5    24.1    23.5
53926 20200831  2.622  -97.09   36.12    36.6    22.2    29.4    27.9    11.6    17.75 C    49.7    21.8    30.2    90.8    36.6    69.2   0.119   0.206   0.255   0.413   0.405    27.8    26.1    24.8    24.2    23.6
53926 20200901  2.622  -97.09   36.12    27.8    21.0    24.4    23.3     3.8    11.09 C    36.3    19.9    24.1    91.5    63.8    82.4   0.138   0.246   0.305   0.411   0.403    26.3    25.3    24.5    24.4    23.7
53926 20200902  2.622  -97.09   36.12    29.9    20.9    25.4    24.3     0.0    11.28 C    38.0    19.6    25.6    91.9    58.2    79.3   0.142   0.236   0.293   0.409   0.405    26.0    25.0    24.3    24.3    23.7
53926 20200903  2.622  -97.09   36.12    33.5    18.5    26.0    25.9     0.0    22.51 C    43.4    16.8    27.1    94.1    40.5    69.3   0.141   0.226   0.275   0.406   0.404    26.1    25.0    24.2    24.1    23.7
53926 20200904  2.622  -97.09   36.12    33.1    19.5    26.3    26.6     0.0    19.79 C    43.6    17.7    27.6    84.0    44.4    64.9   0.137   0.216   0.257   0.404   0.403    26.3    25.2    24.3    24.1    23.6
53926 20200905  2.622  -97.09   36.12    33.7    20.6    27.2    27.4     0.0    21.52 C    43.3    18.4    28.4    93.4    41.8    66.1   0.133   0.209   0.248   0.400   0.404    26.6    25.5    24.6    24.2    23.6
53926 20200906  2.622  -97.09   36.12    34.4    20.5    27.4    27.7     0.0    22.04 C    41.7    17.8    28.3    86.4    34.2    59.8   0.127   0.203   0.241   0.397   0.402 -9999.0    25.4    24.6 -9999.0 -9999.0
53926 20200907  2.622  -97.09   36.12    32.9    22.7    27.8    27.7     0.0    18.88 C    41.0    20.6    28.3    81.3    42.1    61.7   0.123   0.197   0.237   0.395   0.398    26.8    25.5    24.6    24.3    23.7
53926 20200908  2.622  -97.09   36.12    33.9    14.3    24.1    24.2     0.0    16.80 C    43.9    15.0    26.2    84.5    34.1    66.2   0.119   0.192   0.233   0.391   0.395    26.6    25.4    24.6    24.3    23.7
53926 20200909  2.622  -97.09   36.12    14.5    11.3    12.9    12.5    34.7     2.31 C    16.4    11.6    14.0    92.7    84.7    90.5   0.195   0.251   0.286   0.393   0.394    22.5    21.7    22.4    24.1    23.7
53926 20200910  2.622  -97.09   36.12    18.8    11.2    15.0    14.1     1.6     9.38 C    26.2    12.5    16.6    91.8    65.9    81.8   0.336   0.376   0.352   0.401   0.396    21.3    20.0    20.5    23.1    23.5
53926 20200911  2.622  -97.09   36.12    19.8    13.1    16.5    15.9    13.8     8.27 C    27.0    13.1    17.5    92.6    72.2    84.7   0.353   0.394   0.385   0.443   0.395    21.1    20.0    20.2    22.3    23.0
53926 20200912  2.622  -97.09   36.12    26.2    14.9    20.6    19.3     0.0    14.26 C    32.6    12.9    20.6    97.5    60.8    86.0   0.333   0.384   0.385   0.452   0.395    21.9    20.9    20.5    22.0    22.7
53926 20200913  2.622  -97.09   36.12    27.4    15.2    21.3    21.1     0.0    17.49 C    35.8    13.7    21.4    97.2    40.5    70.7   0.305   0.373   0.379   0.450   0.395    22.4    21.5    21.0    21.9    22.4
53926 20200914  2.622  -97.09   36.12    26.0    13.4    19.7    19.7     0.0    14.77 C    37.6    10.7    19.9    93.1    54.1    74.9   0.288   0.364   0.373   0.446   0.397 -9999.0    21.3    21.0    21.9 -9999.0
53926 20200915  2.622  -97.09   36.12    28.6    15.7    22.2    21.3     0.0    14.59 C    39.2    13.9    22.1    94.4    49.8    78.0   0.275   0.356   0.367   0.442   0.396    22.5    21.6    21.2    21.9    22.1
53926 20200916  2.622  -97.09   36.12    29.9    14.9    22.4    22.1     0.0    18.68 C    40.0    13.0    22.7    95.0    40.2    73.5   0.261   0.349   0.359   0.438   0.397    22.6    21.8    21.4    21.9    22.0
53926 20200917  2.622  -97.09   36.12    28.8    15.7    22.3    21.8     0.0    18.15 C    38.2    12.5    22.3    94.1    44.4    71.9   0.244   0.340   0.351   0.436   0.397    22.8    22.0    21.6    22.0    22.0
53926 20200918  2.622  -97.09   36.12    26.2    11.8    19.0    19.4     0.0    16.79 C    33.8     9.5    19.5    91.8    38.5    67.0   0.227   0.331   0.342   0.433   0.396    22.1    21.5    21.3    22.0    22.0
53926 20200919  2.622  -97.09   36.12    26.5    11.7    19.1    18.8     0.0    18.08 C    35.6     9.6    19.3    94.4    41.4    71.2   0.214   0.322   0.334   0.431   0.397    21.6    21.1    21.0    21.8    21.9
53926 20200920  2.622  -97.09   36.12    26.2    10.3    18.2    18.0     0.0    18.35 C    35.2     8.0    18.3    93.2    33.8    68.8   0.201   0.313   0.325   0.430   0.395    21.0    20.7    20.7    21.6    21.8
53926 20200921  2.622  -97.09   36.12    27.8    11.6    19.7    20.0     0.0    17.53 C    37.6     9.6    20.5    94.7    38.8    68.7   0.189   0.303   0.316   0.428   0.395 -9999.0    20.6    20.4    21.4    21.8
53926 20200922  2.622  -97.09   36.12    22.5    18.0    20.3    19.5     4.9     6.05 C    27.9    18.2    20.6    92.7    72.6    86.8   0.183   0.303   0.312   0.425   0.394 -9999.0 -9999.0 -9999.0 -9999.0 -9999.0
53926 20200923  2.622  -97.09   36.12    21.9    13.9    17.9    18.8     0.0     5.92 C    26.4    11.5    19.5    94.9    65.3    83.4   0.182   0.303   0.313   0.424   0.395    21.6    21.2    20.9    21.3    21.6
53926 20200924  2.622  -97.09   36.12    28.4    10.7    19.5    19.8     0.0    19.28 C    35.6     8.9    20.2    96.2    47.2    75.3   0.177   0.297   0.309   0.423   0.394    20.9    20.7    20.6    21.3 -9999.0
53926 20200925  2.622  -97.09   36.12    30.5    16.6    23.5    22.8     0.0    18.89 C    36.4    14.3    22.7    89.4    44.8    69.9   0.171   0.290   0.304   0.421   0.394    22.0    21.4    20.9    21.3    21.4
53926 20200926  2.622  -97.09   36.12    31.4    17.5    24.5    23.8     0.0    19.19 C    38.0    15.6    24.0    88.5    41.2    67.4   0.164   0.281   0.295   0.414   0.395    22.4    21.8    21.2    21.3    21.4
53926 20200927  2.622  -97.09   36.12    25.4    13.6    19.5    19.4     0.7     4.41 C    32.6    12.7    19.6    87.9    65.4    77.9   0.158   0.273   0.291   0.413   0.395    22.0    21.6    21.3    21.4    21.4
53926 20200928  2.622  -97.09   36.12    23.5     7.3    15.4    15.2     0.0    19.12 C    35.4     4.2    15.2    89.3    20.3    55.5   0.152   0.263   0.285   0.410   0.395    20.3    19.7    20.1    21.3    21.5
53926 20200929  2.622  -97.09   36.12    26.9     4.4    15.7    15.1     0.0    19.08 C    36.5     1.7    14.5    87.4    12.9    52.3   0.145   0.251   0.275   0.406   0.393    18.8    18.5    18.9    20.8    21.4
53926 20200930  2.622  -97.09   36.12    32.8     8.8    20.8    19.6     0.0    18.94 C    40.2     5.4    18.3    77.4    18.3    46.6   0.139   0.240   0.268   0.402   0.392 -9999.0    18.6    18.7    20.4    21.1
53926 20201001  2.622  -97.09   36.12    22.9     5.6    14.3    14.1     0.0    13.90 C    30.3     2.2    13.0    86.7    16.3    49.9   0.133   0.230   0.263   0.399   0.389    18.6    18.3    18.5    20.1    20.9
53926 20201002  2.622  -97.09   36.12    23.1     3.2    13.1    13.4     0.0    17.43 C    32.1     1.1    13.8    90.9    23.9    56.1   0.129   0.222   0.257   0.397   0.388    17.7    17.5    17.8    19.7    20.6
53926 20201003  2.622  -97.09   36.12    23.0     8.1    15.6    15.5     0.0    12.98 C    34.9     5.2    16.0    86.7    31.0    56.6   0.126   0.215   0.255   0.391   0.388    18.5    17.9    17.9    19.4    20.4
53926 20201004  2.622  -97.09   36.12    22.5     3.8    13.1    13.2     0.0    18.73 C    33.1     1.8    13.4    93.0    31.1    63.1   0.122   0.209   0.252   0.392   0.387    17.8    17.4    17.6    19.3    20.2
53926 20201005  2.622  -97.09   36.12    26.1     6.4    16.3    16.5     0.0    18.05 C    33.9     3.4    16.1    87.2    29.5    58.0   0.120   0.203   0.249   0.389   0.388    17.7    17.4    17.5    19.0    20.0
53926 20201006  2.622  -97.09   36.12    27.6     9.8    18.7    18.5     0.0    17.13 C    35.8     7.4    18.4    90.0    40.9    66.5   0.118   0.199   0.247   0.386   0.387    18.9    18.3    18.0    19.0    19.9
53926 20201007  2.622  -97.09   36.12    32.0    10.0    21.0    21.4     0.0    17.08 C    39.2     7.9    20.8    92.5    30.3    66.6   0.117   0.196   0.244   0.384   0.384    19.5    18.9    18.4    19.1    19.8
53926 20201008  2.622  -97.09   36.12    31.2    15.0    23.1    23.1     0.0    16.71 C    37.8    11.9    22.3    87.6    30.3    56.7   0.116   0.194   0.242   0.380   0.384    20.7    19.8    19.0    19.2    19.8
53926 20201009  2.622  -97.09   36.12    29.5    17.5    23.5    22.6     0.0    13.23 C    37.3    15.4    22.9    92.0    42.3    72.3   0.115   0.192   0.240   0.378   0.384    21.3    20.3    19.5    19.6    19.9
53926 20201010  2.622  -97.09   36.12    27.6    14.8    21.2    20.2     0.0    13.23 C    36.8    12.3    21.1    97.0    50.6    80.9   0.114   0.191   0.240   0.376   0.383    21.4    20.6    19.8    19.8    20.0
53926 20201011  2.622  -97.09   36.12    32.8    12.8    22.8    23.6     0.0    16.79 C    37.6    10.5    22.9    93.4    30.0    63.6   0.112   0.189   0.238   0.376   0.383    21.1    20.4    19.8    20.0    20.1
53926 20201012  2.622  -97.09   36.12    24.7     7.2    15.9    17.4     0.0    18.17 C    35.9     4.0    17.3    79.0    14.7    41.6   0.110   0.186   0.236   0.373   0.385    20.6    19.8    19.5    20.1    20.2
53926 20201013  2.622  -97.09   36.12    28.7     6.5    17.6    17.1     0.0    17.61 C    36.9     3.1    15.4    82.3    15.1    45.4   0.108   0.182   0.231   0.369   0.383    18.8    18.5    18.5    19.8    20.2
53926 20201014  2.622  -97.09   36.12    33.4    13.4    23.4    23.2     0.0    16.66 C    38.3     7.7    22.0    63.1    23.6    44.2   0.107   0.181   0.229   0.365   0.384    19.9    19.2    18.6    19.6    20.1
53926 20201015  2.622  -97.09   36.12    22.1     9.7    15.9    17.7     0.0    14.43 C    31.9     6.5    18.6    61.5    20.8    30.7   0.105   0.180   0.229   0.361   0.383    20.0    19.0    18.7    19.6    20.0
53926 20201016  2.622  -97.09   36.12    21.1     5.1    13.1    13.2     0.0    16.41 C    32.1     2.4    13.5    83.9    17.2    44.1   0.102   0.177   0.227   0.359   0.379    18.3    17.8    17.9    19.4    20.0
53926 20201017  2.622  -97.09   36.12    24.8    10.0    17.4    17.0     0.0    16.41 C    32.2     7.3    16.9    73.8    28.8    46.3   0.100   0.176   0.225   0.355   0.379    18.2    17.7    17.6    19.1    19.9
53926 20201018  2.622  -97.09   36.12    19.1     7.4    13.2    11.6     0.9     1.29 C    20.6     7.1    11.5    90.0    69.6    81.1   0.098   0.174   0.225   0.354   0.382    17.9    17.6    17.7    19.0    19.7
53926 20201019  2.622  -97.09   36.12    12.3     5.2     8.7     8.0     0.2     6.62 C    19.0     6.0     9.4    92.1    60.4    77.7   0.097   0.172   0.224   0.353   0.381    16.2    16.0    16.6    18.7    19.5
53926 20201020  2.622  -97.09   36.12    20.8     8.1    14.5    12.6     0.0     5.26 C    25.4     8.6    14.5    82.2    65.1    77.5   0.097   0.172   0.223   0.351   0.378    16.6    16.2    16.4    18.2    19.3
