63828 20200101  2.622  -84.47   31.31    16.2    -0.7     7.7     7.0     0.0    11.05 C    22.3    -1.7     7.3    95.0    24.9    69.6   0.142   0.134   0.123   0.162   0.235 -9999.0    12.3 -9999.0    14.8 -9999.0
63828 20200102  2.622  -84.47   31.31    23.7     8.0    15.8    16.0     0.0     9.22 C    26.8     8.0    16.4    88.2    31.3    67.7   0.139   0.131   0.121   0.159   0.232    13.6    13.6    13.5    14.4    16.2
63828 20200103  2.622  -84.47   31.31    27.0    16.8    21.9    22.5    57.5     5.69 C    28.5    17.1    21.8    94.2    66.6    83.1   0.158   0.145   0.132   0.163   0.230    17.4    16.5 -9999.0    15.3 -9999.0
63828 20200104  2.622  -84.47   31.31    20.1     7.1    13.6    14.9     2.6     7.62 C    25.7     3.4    14.5    95.1    33.9    69.9   0.167   0.154   0.142   0.180   0.244    17.0 -9999.0 -9999.0    16.6    16.2
63828 20200105  2.622  -84.47   31.31    13.9    -0.3     6.8     6.1     0.0    12.94 C    20.4    -1.8     6.4    93.8    35.2    64.9   0.149   0.139   0.128   0.167   0.241 -9999.0    13.9    14.7    16.0 -9999.0
63828 20200106  2.622  -84.47   31.31    19.5     0.0     9.8     8.6     0.0    12.71 C    25.5    -1.4     8.1    96.3    38.8    75.9   0.142   0.134   0.123   0.162   0.236 -9999.0    12.3    12.9    14.8    16.5
63828 20200107  2.622  -84.47   31.31    18.5     3.4    10.9    10.2     0.0    11.51 C    23.6    -1.1     8.4    97.1    28.8    70.2   0.138   0.131   0.121   0.158   0.233    11.9    12.3 -9999.0    14.2    16.2
63828 20200108  2.622  -84.47   31.31    17.8    -1.9     8.0     6.2     0.0    13.29 C    23.5    -4.4     5.2    94.6    18.5    65.5   0.133   0.128   0.118   0.155   0.230 -9999.0    11.0    11.9    13.7 -9999.0
63828 20200109  2.622  -84.47   31.31    21.1    -1.5     9.8     9.3     0.0    11.00 C    26.6    -4.2     8.1    95.2    35.1    74.1   0.130   0.126   0.116   0.153   0.229 -9999.0 -9999.0    11.1    13.1 -9999.0
63828 20200110  2.622  -84.47   31.31    24.9    13.8    19.3    18.3     0.0     9.85 C    29.7     9.6    17.1    85.3    50.0    72.5   0.128   0.125   0.115   0.151   0.226    13.5    13.0    12.9    13.3    15.4
63828 20200111  2.622  -84.47   31.31    22.6    17.8    20.2    20.6    24.4     3.00 C    22.6    16.0    19.3    94.3    74.6    83.3   0.140   0.132   0.120   0.151   0.224 -9999.0 -9999.0 -9999.0    14.2    15.4
63828 20200112  2.622  -84.47   31.31    19.9    14.6    17.2    17.4     0.0     3.07 C    20.3    13.7    17.3    95.6    83.5    92.6   0.164   0.153   0.142   0.171   0.223 -9999.0    16.0    15.9    15.2 -9999.0
63828 20200113  2.622  -84.47   31.31    26.2    17.0    21.6    20.5     0.0     4.68 C    28.3    14.1    19.5    95.7    66.0    89.6   0.153   0.141   0.130   0.169   0.227    17.2 -9999.0    16.7    15.8    15.8
63828 20200114  2.622  -84.47   31.31    25.8    14.0    19.9    18.9     1.1     8.14 C    32.0    11.4    18.8    96.2    63.7    87.1   0.148   0.136   0.126   0.164   0.230    17.4    16.9    16.9 -9999.0 -9999.0
63828 20200115  2.622  -84.47   31.31    23.5    15.7    19.6    18.4     0.0     5.31 C    26.0    14.3    18.3    95.7    70.4    90.5   0.148   0.134   0.124   0.162   0.229 -9999.0    17.4    17.4    16.8 -9999.0
63828 20200116  2.622  -84.47   31.31    25.4    14.2    19.8    19.6     0.0     6.32 C    31.9    10.5    18.6    95.6    45.2    77.0   0.144   0.132   0.122   0.159   0.229 -9999.0    17.7 -9999.0    17.1 -9999.0
63828 20200117  2.622  -84.47   31.31    19.8    10.2    15.0    14.5     0.0    13.54 C    25.4     8.1    13.8    68.6    19.0    40.0   0.139   0.130   0.120   0.157   0.227 -9999.0 -9999.0    16.8    17.0 -9999.0
63828 20200118  2.622  -84.47   31.31    22.6     7.9    15.2    14.5     2.0     9.04 C    25.9     7.0    14.6    90.0    50.8    72.1   0.134   0.127   0.118   0.155   0.226 -9999.0 -9999.0    15.7    16.4 -9999.0
63828 20200119  2.622  -84.47   31.31    17.6     4.7    11.1    12.2     0.4     6.26 C    17.8     1.8    11.8    94.6    35.3    67.4   0.138   0.125   0.117   0.153   0.225 -9999.0    15.9    16.1 -9999.0 -9999.0
63828 20200120  2.622  -84.47   31.31     9.3     0.2     4.7     3.6     0.0    13.49 C    17.1    -2.8     4.2    73.4    36.5    53.0   0.134   0.124   0.114   0.151   0.224 -9999.0    13.1    13.8    15.6    16.8
63828 20200121  2.622  -84.47   31.31     7.6    -3.4     2.1     1.0     0.0    13.46 C    16.4    -6.4     1.8    85.2    32.7    59.2   0.130   0.122   0.112   0.149   0.223 -9999.0    11.1    11.9    14.3 -9999.0
63828 20200122  2.622  -84.47   31.31    12.6    -5.0     3.8     3.8     0.0    12.86 C    20.4    -8.1     3.8    86.2    27.5    52.4   0.127   0.120   0.111   0.148   0.222 -9999.0     9.7    10.6    13.2 -9999.0
63828 20200123  2.622  -84.47   31.31    15.8     5.0    10.4     9.4     4.1     5.69 C    19.2     5.7     9.7    92.7    35.9    68.7   0.130   0.120   0.110   0.147   0.220    10.9 -9999.0    11.3 -9999.0 -9999.0
63828 20200124  2.622  -84.47   31.31    20.8     5.0    12.9    13.2     5.0     6.01 C    25.2     1.0    12.1    95.5    60.5    87.3   0.157   0.131   0.114   0.147   0.219    12.6    12.6    12.7    13.2 -9999.0
63828 20200125  2.622  -84.47   31.31 -9999.0 -9999.0 -9999.0 -9999.0     0.0     8.61 C    25.6    -1.1     5.5 -9999.0 -9999.0 -9999.0 -99.000 -99.000 -99.000 -99.000 -99.000 -9999.0 -9999.0 -9999.0 -9999.0 -9999.0
63828 20200126  2.622  -84.47   31.31    13.4     0.5     7.0     7.6     0.2     6.75 C    21.2    -3.4     7.7    96.6    43.4    79.1   0.146   0.134   0.121   0.146   0.217 -9999.0    11.1    11.5    12.9    15.1
63828 20200127  2.622  -84.47   31.31    14.1     5.1     9.6     9.5     1.4     4.85 C    20.9    -0.4     9.6    96.8    70.0    88.8   0.149   0.132   0.119   0.147   0.217    11.8    12.0    12.3    12.9 -9999.0
63828 20200128  2.622  -84.47   31.31    17.9     1.3     9.6     7.9     0.0    15.52 C    28.7    -3.0     7.2    98.2    30.1    74.6   0.145   0.132   0.119   0.147   0.216    11.0    11.2    11.9    12.9    14.9
63828 20200129  2.622  -84.47   31.31    12.4     1.6     7.0     7.2     9.0     2.92 C    15.6    -2.1     7.1    95.0    65.3    88.5   0.153   0.135   0.121   0.146   0.216    10.4    10.7 -9999.0    12.7 -9999.0
63828 20200130  2.622  -84.47   31.31    17.2     5.5    11.4    10.6     0.0    13.14 C    26.4     0.3    11.0    95.9    47.6    77.3   0.159   0.149   0.134   0.148   0.215    11.6    11.6    11.8    12.6 -9999.0
63828 20200131  2.622  -84.47   31.31    11.3     7.0     9.1     8.5     4.8     1.19 C    10.7     7.5     9.2    93.4    73.5    90.1   0.161   0.146   0.132   0.153   0.215 -9999.0    11.8    12.2    12.9 -9999.0
63828 20200201  2.622  -84.47   31.31     9.8     5.9     7.9     7.5     0.0     2.13 C    12.4     0.1     7.7    96.1    84.0    91.5   0.156   0.145   0.132   0.156   0.215    11.1 -9999.0    11.8    12.7    14.6
63828 20200202  2.622  -84.47   31.31    17.9     0.9     9.4     9.1     0.0    16.20 C    27.1    -3.3     7.9    97.4    31.7    70.0   0.149   0.140   0.127   0.157   0.216    10.6 -9999.0    11.3    12.5 -9999.0
63828 20200203  2.622  -84.47   31.31    23.7     1.6    12.6    12.3     0.0    16.28 C    34.4    -2.2    11.4    96.6    30.1    69.7   0.144   0.136   0.124   0.155   0.216    11.4    11.3    11.7    12.4    14.3
63828 20200204  2.622  -84.47   31.31    22.7     7.6    15.1    15.3     0.0    10.89 C    32.7     2.9    14.6    96.3    58.9    81.3   0.141   0.133   0.123   0.154   0.218    12.6    12.5    12.7    12.7 -9999.0
63828 20200205  2.622  -84.47   31.31    23.3    15.5    19.4    18.6    17.0     5.27 C    30.0    12.9    18.5    94.5    67.0    87.7   0.152   0.139   0.127   0.154   0.218    14.9    14.3    14.4    13.5 -9999.0
63828 20200206  2.622  -84.47   31.31    26.1    13.7    19.9    21.1    43.3     3.53 C    27.7    11.8    19.9    94.5    62.5    83.6   0.180   0.164   0.151   0.175   0.220 -9999.0 -9999.0 -9999.0    14.6 -9999.0
63828 20200207  2.622  -84.47   31.31    13.6     0.7     7.2     7.3     0.0    16.41 C    23.5    -2.6     8.4    93.7    38.9    65.4   0.161   0.147   0.136   0.176   0.244 -9999.0    14.9    15.3 -9999.0 -9999.0
63828 20200208  2.622  -84.47   31.31    17.1    -1.2     8.0     8.1     0.0    10.35 C    28.9    -3.8     7.8    96.4    30.2    72.6   0.149   0.137   0.127   0.165   0.239 -9999.0 -9999.0    13.0    14.3 -9999.0
63828 20200209  2.622  -84.47   31.31    19.8     3.6    11.7    11.1     0.0    16.86 C    32.0    -0.8    10.2    97.0    34.8    68.9   0.143   0.134   0.123   0.161   0.235 -9999.0 -9999.0    12.9 -9999.0 -9999.0
63828 20200210  2.622  -84.47   31.31    25.1     8.3    16.7    16.8     0.0    10.51 C    34.2     3.5    16.1    94.1    52.2    76.8   0.139   0.132   0.121   0.158   0.231 -9999.0    13.3    13.5    13.7    15.0
63828 20200211  2.622  -84.47   31.31    27.2    16.5    21.8    21.4     0.0     8.95 C    35.2    11.9    21.0    94.0    59.7    82.1   0.137   0.129   0.120   0.156   0.229    16.4    15.7 -9999.0    14.5 -9999.0
63828 20200212  2.622  -84.47   31.31    25.9    15.7    20.8    20.8     0.0     9.02 C    34.4    11.4    20.8    95.6    60.7    82.4   0.135   0.127   0.120   0.155   0.227 -9999.0    16.7 -9999.0    15.5    15.2
63828 20200213  2.622  -84.47   31.31    24.6    10.2    17.4    18.3    12.1     3.11 C    28.1     7.6    18.0    93.7    75.3    85.9   0.156   0.137   0.124   0.154   0.226    17.5    17.3    17.5 -9999.0 -9999.0
63828 20200214  2.622  -84.47   31.31    17.5     3.8    10.7    10.2     0.3    17.11 C    28.6    -2.0    10.8    85.3    24.5    59.5   0.161   0.146   0.134   0.156   0.225 -9999.0 -9999.0    16.2    16.1 -9999.0
63828 20200215  2.622  -84.47   31.31    18.1     0.4     9.3     8.7     0.0    18.70 C    31.1    -4.6     8.5    83.5    27.1    58.1   0.149   0.139   0.128   0.158   0.225 -9999.0    13.5 -9999.0    15.3    15.9
63828 20200216  2.622  -84.47   31.31    11.3     6.7     9.0    10.1    24.6     0.99 C    12.7     3.2    10.1    95.3    81.1    91.6   0.169   0.153   0.139   0.165   0.224 -9999.0    13.1    13.7    14.6 -9999.0
63828 20200217  2.622  -84.47   31.31    18.0    10.7    14.3    13.9     1.4     4.83 C    21.2    11.0    14.9    95.7    81.2    91.1   0.165   0.149   0.136   0.175   0.230    13.9    13.9    14.1    14.3 -9999.0
63828 20200218  2.622  -84.47   31.31    23.8    16.4    20.1    19.2     0.8     5.31 C    27.6    15.8    19.2    96.2    73.3    89.1   0.156   0.141   0.131   0.169   0.236 -9999.0    15.4 -9999.0    14.8 -9999.0
63828 20200219  2.622  -84.47   31.31    25.5    15.6    20.6    19.4     0.4    11.91 C    37.5    13.3    20.6    95.3    51.1    81.0   0.155   0.138   0.128   0.164   0.234    17.4    16.9    17.0    15.7    15.6
63828 20200220  2.622  -84.47   31.31    17.0     5.9    11.5    11.1    17.6     1.25 C    16.2     6.7    11.8    94.5    82.1    90.9   0.164   0.146   0.134   0.163   0.233    15.7    16.0    16.6    16.3    15.8
63828 20200221  2.622  -84.47   31.31    11.4     0.6     6.0     6.2     0.0    13.53 C    22.9    -4.3     6.8    90.1    41.7    69.1   0.162   0.149   0.139   0.175   0.233 -9999.0    13.8    14.3    15.4 -9999.0
63828 20200222  2.622  -84.47   31.31    13.6    -3.4     5.1     4.2     0.0    20.16 C    27.4    -8.3     4.6    94.5    20.7    62.5   0.150   0.139   0.128   0.167   0.235    11.1    11.8    12.6 -9999.0 -9999.0
63828 20200223  2.622  -84.47   31.31    17.8    -2.0     7.9     8.1     0.0    16.24 C    35.7    -5.5     9.8    96.0    33.4    68.3   0.143   0.135   0.124   0.162   0.233 -9999.0 -9999.0 -9999.0    13.5 -9999.0
63828 20200224  2.622  -84.47   31.31    21.6    11.1    16.3    16.0    24.9     6.14 C    31.7    10.4    16.1    94.9    47.8    68.1   0.150   0.136   0.125   0.159   0.231 -9999.0    13.4    13.8    13.7    15.2
63828 20200225  2.622  -84.47   31.31    20.4    16.1    18.3    17.8    13.3     4.37 C    23.7    15.1    17.9    95.3    83.5    92.5   0.179   0.162   0.148   0.180   0.236 -9999.0 -9999.0    15.3 -9999.0 -9999.0
63828 20200226  2.622  -84.47   31.31    17.2     7.5    12.3    13.8     0.0     2.79 C    18.3     3.8    13.1    95.8    57.4    78.3   0.157   0.143   0.133   0.170   0.242    15.2    15.3    15.6    15.2 -9999.0
63828 20200227  2.622  -84.47   31.31    11.9     0.9     6.4     6.1     0.0    20.71 C    27.4    -4.2     7.6    89.2    35.3    60.0   0.149   0.137   0.127   0.164   0.239 -9999.0    13.4    14.1    14.7 -9999.0
63828 20200228  2.622  -84.47   31.31    15.7    -2.8     6.4     7.2     0.0    20.59 C    30.8    -6.6     8.1    94.4    28.5    60.8   0.142   0.133   0.123   0.160   0.235 -9999.0 -9999.0    12.9    14.0 -9999.0
63828 20200229  2.622  -84.47   31.31    18.3     1.7    10.0     9.3     0.0    20.67 C    31.6    -3.5     8.8    89.9    23.9    58.4   0.137   0.130   0.121   0.157   0.232 -9999.0 -9999.0    12.9    13.6 -9999.0
63828 20200301  2.622  -84.47   31.31    20.8    -0.6    10.1    10.5     0.0    18.16 C    38.2    -3.9    10.6    95.8    22.7    58.6   0.131   0.127   0.119   0.155   0.229 -9999.0    12.1    12.7 -9999.0 -9999.0
63828 20200302  2.622  -84.47   31.31    22.1     7.7    14.9    15.5     0.5    10.08 C    30.8     3.1    15.2    87.5    39.9    68.8   0.127   0.125   0.118   0.154   0.228 -9999.0 -9999.0 -9999.0 -9999.0 -9999.0
63828 20200303  2.622  -84.47   31.31    26.3    17.4    21.8    21.0     0.0    10.88 C    32.9    15.1    20.6    92.6    50.9    77.2   0.126   0.123   0.117   0.152   0.226 -9999.0 -9999.0    15.6    14.3 -9999.0
63828 20200304  2.622  -84.47   31.31    21.5    13.5    17.5    16.9    38.9     1.81 C    22.5    12.4    16.8    94.8    80.7    91.7   0.173   0.146   0.133   0.157   0.226 -9999.0 -9999.0 -9999.0 -9999.0 -9999.0
63828 20200305  2.622  -84.47   31.31    15.2    11.2    13.2    13.4    43.2     2.51 C    18.2    11.5    13.9    93.9    75.6    88.8   0.184   0.166   0.151   0.183   0.233    14.8    15.2    15.5 -9999.0 -9999.0
63828 20200306  2.622  -84.47   31.31    19.3     6.7    13.0    13.2     0.0    22.01 C    31.3     1.1    13.2    97.0    20.1    54.0   0.158   0.144   0.133   0.170   0.242 -9999.0    14.8 -9999.0 -9999.0 -9999.0
63828 20200307  2.622  -84.47   31.31    15.5     3.0     9.2     8.7     0.0    21.74 C    31.1    -2.1     9.5    77.8    28.7    49.5   0.147   0.137   0.127   0.164   0.237 -9999.0 -9999.0    14.4 -9999.0 -9999.0
63828 20200308  2.622  -84.47   31.31    19.8     1.8    10.8    10.7     0.0    19.02 C    35.3    -2.4    11.1    93.4    33.6    68.1   0.139   0.133   0.124   0.160   0.234 -9999.0 -9999.0 -9999.0 -9999.0 -9999.0
63828 20200309  2.622  -84.47   31.31    23.5     7.1    15.3    15.4     0.0    16.45 C    38.0     2.2    14.8    95.1    36.5    66.8   0.133   0.130   0.121   0.158   0.231 -9999.0 -9999.0    14.5    14.5 -9999.0
63828 20200310  2.622  -84.47   31.31    25.5    13.2    19.4    18.4     0.0    13.26 C    37.7    11.1    19.0    88.4    41.3    69.5   0.129   0.127   0.120   0.155   0.229    16.1    15.4    15.7    15.0 -9999.0
63828 20200311  2.622  -84.47   31.31    24.4    13.5    19.0    18.6     3.5     9.90 C    32.6     8.7    18.3    95.6    56.5    81.2   0.132   0.124   0.118   0.155   0.227    16.9    16.3    16.6    15.6    15.5
63828 20200312  2.622  -84.47   31.31    27.1    15.3    21.2    20.7     0.0    17.78 C    41.4    10.8    21.5    95.1    43.1    71.9   0.136   0.122   0.117   0.153   0.226 -9999.0 -9999.0    17.5    16.2    15.7
63828 20200313  2.622  -84.47   31.31    26.5    15.9    21.2    20.3     0.0    14.61 C    39.5    10.9    21.0    93.2    48.8    76.4   0.129   0.120   0.115   0.152   0.225 -9999.0    18.1 -9999.0    16.9    15.9
63828 20200314  2.622  -84.47   31.31    29.0    13.2    21.1    20.6     0.0    20.07 C    41.8     9.9    21.2    95.9    35.3    70.8   0.121   0.117   0.113   0.152   0.224 -9999.0    18.3    18.4    17.3    16.3
63828 20200315  2.622  -84.47   31.31    29.8    13.1    21.4    21.0     0.0    17.89 C    43.8     9.5    21.6    94.9    35.1    69.2   0.110   0.113   0.110   0.151   0.223 -9999.0 -9999.0    19.2    17.7 -9999.0
63828 20200316  2.622  -84.47   31.31    26.6    14.7    20.7    21.0     0.0    16.63 C    40.8    10.5    22.0    88.5    53.1    70.2   0.103   0.108   0.108   0.150   0.223 -9999.0    19.1    19.7    18.1 -9999.0
63828 20200317  2.622  -84.47   31.31    26.9    16.0    21.5    21.1     0.0    11.47 C    38.7    12.6    21.9    93.6    55.4    77.6   0.097   0.104   0.106   0.150   0.222    19.7    19.4    19.8    18.4 -9999.0
63828 20200318  2.622  -84.47   31.31    30.7    16.3    23.5    22.7     0.0    16.26 C    42.2    12.2    22.2    96.0    38.3    72.1   0.093   0.099   0.103   0.149   0.221 -9999.0 -9999.0 -9999.0    18.7 -9999.0
63828 20200319  2.622  -84.47   31.31    30.6    14.2    22.4    21.7     0.0    19.41 C    43.3    10.1    22.0    96.4    41.0    70.4   0.086   0.093   0.100   0.148   0.220    20.3 -9999.0    20.2    18.9 -9999.0
63828 20200320  2.622  -84.47   31.31    29.1    14.5    21.8    21.7     0.0    14.41 C    44.3    11.0    22.2    95.5    46.6    73.9   0.081   0.088   0.097   0.147   0.220 -9999.0 -9999.0    20.3    19.1 -9999.0
63828 20200321  2.622  -84.47   31.31    26.2    16.1    21.2    21.0     0.0    10.00 C    43.0    11.5    21.4    95.2    59.4    81.1   0.080   0.084   0.094   0.146   0.219    20.5 -9999.0    20.5    19.3 -9999.0
63828 20200322  2.622  -84.47   31.31    24.3    14.0    19.1    18.4     0.0    13.13 C    37.1    10.8    19.3    92.9    53.9    77.1   0.078   0.080   0.091   0.145   0.219    19.9 -9999.0    20.1    19.3 -9999.0
63828 20200323  2.622  -84.47   31.31    27.9    16.2    22.0    21.8     0.0    10.77 C    41.0    14.2    22.8    91.2    48.1    73.1   0.077   0.079   0.089   0.144   0.218 -9999.0 -9999.0 -9999.0    19.3 -9999.0
63828 20200324  2.622  -84.47   31.31    29.2    16.7    23.0    23.1     0.0    19.25 C    44.1    12.3    24.4    95.5    36.4    66.5   0.076   0.077   0.087   0.143   0.217 -9999.0    20.5 -9999.0    19.5 -9999.0
63828 20200325  2.622  -84.47   31.31    30.3    17.5    23.9    23.9     0.0    20.43 C    46.3    13.0    26.0    87.8    40.6    68.4   0.075   0.075   0.083   0.142   0.217    22.3 -9999.0    21.9    20.0 -9999.0
63828 20200326  2.622  -84.47   31.31    30.7    13.5    22.1    22.1     0.0    23.21 C    46.0     9.2    23.6    94.4    25.1    64.2   0.073   0.073   0.080   0.140   0.216    21.9    21.3    21.7    20.3 -9999.0
63828 20200327  2.622  -84.47   31.31    30.8    17.8    24.3    24.0     0.0    19.41 C    45.6    12.6    25.7    94.4    43.9    69.0   0.073   0.070   0.076   0.139   0.215 -9999.0 -9999.0    22.0 -9999.0 -9999.0
63828 20200328  2.622  -84.47   31.31    31.4    15.6    23.5    23.0     0.0    19.53 C    45.7    11.2    24.2    96.2    39.2    72.8   0.072   0.069   0.074   0.138   0.215 -9999.0    21.9    22.2    20.9 -9999.0
63828 20200329  2.622  -84.47   31.31    31.4    18.9    25.2    24.8     0.0    19.59 C    48.1    13.9    26.9    93.5    45.4    71.6   0.072   0.067   0.071   0.135   0.214 -9999.0    22.5    22.8 -9999.0 -9999.0
63828 20200330  2.622  -84.47   31.31    28.9    13.3    21.1    20.9     0.0    20.08 C    45.6     9.2    23.0    88.1    22.8    53.8   0.071   0.066   0.069   0.133   0.213    22.7 -9999.0    22.8 -9999.0 -9999.0
63828 20200331  2.622  -84.47   31.31    25.0    13.8    19.4    18.2    27.4     6.89 C    28.6    12.3    18.2    88.6    57.2    72.6   0.117   0.087   0.086   0.132   0.213    21.4 -9999.0    21.8 -9999.0    19.7
63828 20200401  2.622  -84.47   31.31    21.2     7.5    14.3    13.6     0.0    25.64 C    37.3     4.5    16.4    91.1    30.7    57.1   0.142   0.125   0.099   0.132   0.213 -9999.0 -9999.0    20.6    20.6 -9999.0
63828 20200402  2.622  -84.47   31.31    21.3     5.2    13.2    12.5     0.0    24.16 C    37.5     1.1    15.0    95.0    33.3    69.4   0.128   0.120   0.095   0.135   0.212    18.7    18.8    19.7    19.9 -9999.0
63828 20200403  2.622  -84.47   31.31    25.0     6.2    15.6    15.4     0.0    19.18 C    40.3     3.0    16.9    96.2    26.3    67.0   0.118   0.116   0.092   0.135   0.212 -9999.0    18.7    19.4    19.4    19.5
63828 20200404  2.622  -84.47   31.31    28.0     9.6    18.8    19.0     0.0    21.77 C    41.0     6.4    20.9    91.9    28.3    62.2   0.109   0.110   0.091   0.134   0.211 -9999.0    19.4    19.7    19.4 -9999.0
63828 20200405  2.622  -84.47   31.31    26.6    15.7    21.2    20.1     0.7    16.89 C    41.9    12.7    21.3    92.8    39.1    69.8   0.101   0.105   0.089   0.134   0.211    21.1    20.3    21.0    19.9 -9999.0
63828 20200406  2.622  -84.47   31.31    28.4    12.0    20.2    20.2     0.0    23.65 C    42.0     8.6    21.9    96.1    35.7    69.1   0.093   0.098   0.086   0.133   0.211 -9999.0    20.6 -9999.0    20.1 -9999.0
63828 20200407  2.622  -84.47   31.31    28.2    15.7    21.9    21.8     0.0    12.14 C    38.9    12.3    22.5    94.5    47.5    72.5   0.087   0.091   0.083   0.132   0.211    21.6    20.9    21.5 -9999.0    19.5
63828 20200408  2.622  -84.47   31.31    29.8    20.3    25.1    23.8    20.5    15.46 C    42.1    18.0    25.3    94.0    56.6    80.6   0.103   0.095   0.082   0.131   0.211    22.8    21.9 -9999.0 -9999.0 -9999.0
63828 20200409  2.622  -84.47   31.31    31.1    20.0    25.6    25.0     0.0    22.19 C    40.9    18.7    26.8    92.0    41.3    74.0   0.151   0.133   0.097   0.130   0.211    24.3    23.3 -9999.0 -9999.0 -9999.0
63828 20200410  2.622  -84.47   31.31    22.1     7.6    14.8    16.9     1.0    22.52 C    36.3     5.0    18.9    91.8    19.7    56.0   0.134   0.124   0.095   0.130   0.211    22.7 -9999.0    23.2    21.9    20.1
63828 20200411  2.622  -84.47   31.31    23.9     3.7    13.8    13.5     0.0    25.14 C    37.5     0.8    15.2    94.8    20.4    58.0   0.119   0.117   0.091   0.129   0.211    20.0    20.2    21.0 -9999.0 -9999.0
63828 20200412  2.622  -84.47   31.31    29.1     8.6    18.9    20.6     0.0    12.65 C    37.7     6.0    20.7    90.0    56.9    76.2   0.109   0.111   0.088   0.128   0.211    20.4 -9999.0 -9999.0    20.6 -9999.0
63828 20200413  2.622  -84.47   31.31    27.1    15.4    21.2    22.7    30.5    22.20 C    37.7    12.3    23.8    93.2    37.0    66.8   0.156   0.143   0.120   0.139   0.210    22.6    22.1    22.3    21.0 -9999.0
63828 20200414  2.622  -84.47   31.31    27.3    12.5    19.9    20.0     0.0    19.27 C    38.8    10.0    21.2    96.2    47.8    75.8   0.140   0.133   0.119   0.143   0.210 -9999.0    21.6    22.2 -9999.0    20.2
63828 20200415  2.622  -84.47   31.31    21.2    10.6    15.9    16.1     0.0    22.53 C    35.5     6.7    19.0    73.1    28.2    52.9   0.128   0.125   0.113   0.140   0.211 -9999.0    21.5    22.1    21.3    20.4
63828 20200416  2.622  -84.47   31.31    22.6     6.3    14.5    14.9     0.0    27.53 C    36.8     3.4    16.7    84.2    23.3    44.7   0.113   0.117   0.108   0.138   0.212    20.4 -9999.0    21.2    21.0    20.5
63828 20200417  2.622  -84.47   31.31    26.1     7.6    16.8    17.5     0.0    24.60 C    38.6     4.0    18.8    96.3    39.3    67.9   0.100   0.109   0.103   0.137   0.213 -9999.0    20.2    20.8 -9999.0 -9999.0
63828 20200418  2.622  -84.47   31.31    27.7    17.8    22.7    21.9     0.0    15.10 C    40.5    15.7    22.9    90.0    53.0    75.9   0.092   0.102   0.099   0.136   0.213 -9999.0 -9999.0 -9999.0 -9999.0 -9999.0
63828 20200419  2.622  -84.47   31.31    26.6    14.8    20.7    18.7     7.5     8.06 C    28.3    13.7    19.1    94.7    65.5    85.5   0.107   0.097   0.095   0.136   0.214 -9999.0 -9999.0    21.8    21.1 -9999.0
63828 20200420  2.622  -84.47   31.31 -9999.0 -9999.0 -9999.0 -9999.0 -9999.0 -9999.00 U -9999.0 -9999.0 -9999.0 -9999.0 -9999.0 -9999.0 -99.000 -99.000 -99.000 -99.000 -99.000 -9999.0 -9999.0 -9999.0 -9999.0 -9999.0
63828 20200421  2.622  -84.47   31.31    27.1     9.9    18.5    18.6     0.0    26.79 C    36.9     6.4    19.0    97.8    27.2    66.4   0.140   0.133   0.126   0.150   0.214 -9999.0    21.1    21.7    21.1    20.5
63828 20200422  2.622  -84.47   31.31    25.9     9.8    17.9    17.9     0.0    25.59 C    37.3     6.4    19.3    96.3    27.1    62.6   0.123   0.123   0.119   0.152   0.215    20.7 -9999.0    21.4    21.0 -9999.0
63828 20200423  2.622  -84.47   31.31    22.4    14.7    18.5    18.0   106.1     0.93 C    21.4    14.5    16.8    94.2    41.6    76.9   0.165   0.152   0.139   0.167   0.224    19.4    19.6    20.4    20.8    20.5
63828 20200424  2.622  -84.47   31.31    25.8    13.9    19.8    19.7     0.0    26.43 C    35.9    10.7    21.4    95.4    46.9    77.7   0.156   0.143   0.134   0.177   0.245 -9999.0    20.4 -9999.0    20.0 -9999.0
63828 20200425  2.622  -84.47   31.31    29.7    12.0    20.9    21.4     0.0    26.41 C    37.4     9.3    22.1    96.4    33.4    68.3   0.136   0.131   0.125   0.168   0.240    21.5 -9999.0    21.2    20.5    20.2
63828 20200426  2.622  -84.47   31.31    24.5    10.9    17.7    18.8     0.0    27.43 C    36.4     6.5    19.8    83.7    23.9    50.5   0.119   0.122   0.120   0.163   0.237 -9999.0 -9999.0    22.1 -9999.0 -9999.0
63828 20200427  2.622  -84.47   31.31    24.4     7.4    15.9    15.4     0.0    25.74 C    37.1     3.9    16.7    88.9    26.3    58.4   0.104   0.114   0.114   0.159   0.234 -9999.0 -9999.0    21.4 -9999.0    20.5
63828 20200428  2.622  -84.47   31.31    27.7     7.4    17.6    18.0     0.0    26.51 C    37.9     4.8    18.8    96.1    22.2    60.8   0.093   0.104   0.108   0.156   0.232    20.8    20.5 -9999.0 -9999.0 -9999.0
63828 20200429  2.622  -84.47   31.31    26.8    11.4    19.1    19.5    43.1    13.50 C    34.2     7.9    19.5    91.8    55.2    79.0   0.094   0.100   0.105   0.153   0.230 -9999.0 -9999.0    21.1 -9999.0    20.5
63828 20200430  2.622  -84.47   31.31    22.8    10.6    16.7    17.0     0.6    23.90 C    32.7     7.4    18.1    96.4    44.0    73.1   0.163   0.153   0.143   0.178   0.229    20.7    20.7    21.1    20.8 -9999.0
63828 20200501  2.622  -84.47   31.31    25.7     8.3    17.0    16.7     0.0    28.32 C    36.5     4.5    17.8    96.2    31.9    66.7   0.140   0.133   0.128   0.171   0.236    20.6    20.4    20.8 -9999.0    20.5
63828 20200502  2.622  -84.47   31.31    28.1     8.9    18.5    18.9     0.0    28.17 C    38.6     6.0    19.6    96.5    25.7    64.1   0.124   0.125   0.121   0.165   0.237 -9999.0    20.6 -9999.0    20.6 -9999.0
63828 20200503  2.622  -84.47   31.31    28.9    11.5    20.2    21.2     0.0    27.27 C    38.6     8.0    21.7    95.2    37.3    62.5   0.109   0.116   0.116   0.161   0.234 -9999.0    21.4 -9999.0    20.9 -9999.0
63828 20200504  2.622  -84.47   31.31    29.9    13.7    21.8    22.3     0.0    27.66 C    40.3     9.3    23.3    96.1    33.7    67.5   0.097   0.107   0.110   0.157   0.232 -9999.0    22.1    22.4    21.3 -9999.0
63828 20200505  2.622  -84.47   31.31    30.5    16.6    23.6    24.3     0.0    24.30 C    40.8    12.8    25.1    95.2    44.8    68.8   0.089   0.098   0.104   0.154   0.230    23.7 -9999.0    23.3    21.8 -9999.0
63828 20200506  2.622  -84.47   31.31    27.2    14.8    21.0    21.9     0.0    27.37 C    39.2    11.8    23.4    90.7    22.0    48.0   0.085   0.088   0.097   0.152   0.229 -9999.0    23.1    23.6    22.2 -9999.0
63828 20200507  2.622  -84.47   31.31    22.3     6.9    14.6    14.6     0.0    28.96 C    37.2     3.3    17.2    89.7    25.7    51.6   0.081   0.081   0.089   0.148   0.227 -9999.0 -9999.0    22.7    22.2 -9999.0
63828 20200508  2.622  -84.47   31.31    26.3     5.7    16.0    17.8     0.0    24.11 C    38.2     3.2    19.4    94.6    34.6    63.0   0.078   0.076   0.083   0.145   0.225 -9999.0    21.3    21.8 -9999.0 -9999.0
63828 20200509  2.622  -84.47   31.31    23.1    10.3    16.7    16.6     0.0    24.76 C    39.5     6.2    19.8    88.2    29.7    57.8   0.078   0.073   0.078   0.143   0.224 -9999.0 -9999.0    22.6    21.7 -9999.0
63828 20200510  2.622  -84.47   31.31    26.3     9.8    18.0    17.2     0.0    26.50 C    42.6     5.7    20.2    89.2    33.3    63.1   0.077   0.070   0.074   0.141   0.222 -9999.0 -9999.0    22.3    21.7 -9999.0
63828 20200511  2.622  -84.47   31.31    27.1     8.2    17.7    17.5     0.0    28.42 C    43.6     4.5    19.8    94.2    26.6    57.8   0.076   0.069   0.071   0.137   0.221 -9999.0    21.6    22.3    21.6 -9999.0
63828 20200512  2.622  -84.47   31.31    26.3     7.0    16.6    16.5     0.0    27.53 C    44.3     3.7    19.5    89.5    24.4    55.0   0.075   0.067   0.068   0.134   0.219 -9999.0 -9999.0    22.2    21.6    21.1
63828 20200513  2.622  -84.47   31.31    30.3    10.0    20.1    21.0     0.0    27.26 C    46.9     6.2    23.9    96.2    26.1    61.1   0.074   0.066   0.067   0.130   0.218    22.4 -9999.0    22.4    21.6 -9999.0
63828 20200514  2.622  -84.47   31.31    29.6    15.9    22.7    23.4     0.0    25.33 C    47.2    12.4    26.6    90.3    35.4    59.2   0.075   0.066   0.066   0.126   0.216 -9999.0    23.1    23.5    22.1 -9999.0
63828 20200515  2.622  -84.47   31.31    30.6    14.6    22.6    22.4     0.0    23.56 C    48.0    10.5    25.2    93.5    38.3    67.7   0.074   0.065   0.065   0.123   0.215 -9999.0 -9999.0    24.0    22.5 -9999.0
63828 20200516  2.622  -84.47   31.31    31.3    15.4    23.3    24.1     0.0    26.57 C    50.9    11.5    28.1    94.8    37.0    64.4   0.074   0.065   0.065   0.120   0.214    24.7 -9999.0    24.5    22.8    21.5
63828 20200517  2.622  -84.47   31.31    32.1    19.4    25.7    24.2     3.3    19.73 C    52.7    16.3    27.5    94.9    41.2    74.6   0.074   0.065   0.064   0.116   0.213    25.3 -9999.0    25.2 -9999.0 -9999.0
63828 20200518  2.622  -84.47   31.31    29.2    19.4    24.3    23.1     9.1    15.10 C    44.1    18.1    24.6    95.0    55.1    82.8   0.104   0.065   0.064   0.115   0.212    24.8 -9999.0    24.8    23.6 -9999.0
63828 20200519  2.622  -84.47   31.31    29.1    19.3    24.2    23.8     2.4    26.38 C    47.8    17.9    28.0    93.8    39.7    67.8   0.143   0.067   0.064   0.114   0.212    25.4 -9999.0    24.9    23.7 -9999.0
63828 20200520  2.622  -84.47   31.31    27.1    18.1    22.6    22.3    46.7    14.46 C    42.3    18.3    24.9    93.4    56.7    80.7   0.167   0.139   0.126   0.140   0.211    24.6 -9999.0    24.7    23.8 -9999.0
63828 20200521  2.622  -84.47   31.31    25.8    16.3    21.1    20.7     0.0    15.54 C    41.2    16.4    24.5    94.6    69.4    82.5   0.147   0.136   0.130   0.168   0.211    24.2 -9999.0    24.3    23.7 -9999.0
63828 20200522  2.622  -84.47   31.31    32.5    19.1    25.8    24.0    13.7    20.29 C    53.9    17.2    28.1    95.2    50.5    80.9   0.147   0.135   0.128   0.165   0.211 -9999.0 -9999.0    24.8    23.7 -9999.0
63828 20200523  2.622  -84.47   31.31    31.5    17.6    24.5    24.0     0.0    25.01 C    52.3    16.1    29.2    94.6    51.2    79.7   0.156   0.147   0.139   0.169   0.213    25.7    25.2    25.4    24.0    22.5
63828 20200524  2.622  -84.47   31.31    32.4    19.3    25.8    25.6     0.0    25.67 C    55.1    18.2    30.8    94.9    44.7    71.1   0.138   0.133   0.129   0.167   0.216 -9999.0    25.9    26.1    24.5    22.7
63828 20200525  2.622  -84.47   31.31    30.9    21.1    26.0    25.0     0.9    20.92 C    52.7    18.4    29.3    91.3    50.9    74.6   0.125   0.125   0.124   0.164   0.221    26.5    26.2    26.4    24.9 -9999.0
63828 20200526  2.622  -84.47   31.31    28.2    20.7    24.5    23.4     1.9    10.92 C    41.3    21.2    25.1    92.4    61.5    79.5   0.119   0.121   0.119   0.161   0.224 -9999.0    25.7    26.0    25.0    23.2
63828 20200527  2.622  -84.47   31.31    29.5    20.7    25.1    23.8     0.9    14.30 C    47.0    19.0    26.5    94.3    59.8    85.3   0.120   0.118   0.117   0.159   0.225 -9999.0 -9999.0    25.7    24.8 -9999.0
63828 20200528  2.622  -84.47   31.31    32.5    19.0    25.7    24.2    19.9    20.32 C    54.7    17.9    28.7    95.2    48.8    82.1   0.136   0.128   0.120   0.157   0.225    26.1 -9999.0    26.0    24.9 -9999.0
63828 20200529  2.622  -84.47   31.31    29.5    20.8    25.2    24.5    18.8    17.22 C    47.5    19.9    27.1    94.8    61.5    82.9   0.165   0.152   0.142   0.161   0.225    26.1 -9999.0    26.1    25.0 -9999.0
63828 20200530  2.622  -84.47   31.31    31.4    20.9    26.1    25.6     0.0    22.50 C    52.2    19.9    30.5    94.8    50.7    79.0   0.161   0.149   0.142   0.181   0.227    26.5    26.4    26.6    25.2 -9999.0
63828 20200531  2.622  -84.47   31.31    31.3    18.9    25.1    24.4     0.0    27.49 C    56.0    17.0    30.4    95.3    33.1    70.2   0.140   0.134   0.130   0.172   0.236    26.6 -9999.0    26.6    25.5 -9999.0
63828 20200601  2.622  -84.47   31.31    31.1    18.3    24.7    24.8     0.0    20.64 C    54.1    16.4    29.2    93.6    49.8    70.2   0.124   0.127   0.123   0.167   0.238 -9999.0 -9999.0    26.4    25.4    23.8
63828 20200602  2.622  -84.47   31.31    30.9    20.4    25.6    24.9     0.0    18.76 C    54.2    18.8    29.7    92.2    42.8    66.9   0.113   0.121   0.118   0.163   0.236 -9999.0    26.3    26.6    25.5 -9999.0
63828 20200603  2.622  -84.47   31.31    29.0    18.9    23.9    23.9     0.0    12.79 C    47.6    18.1    26.9    92.8    56.9    79.6   0.104   0.115   0.114   0.160   0.235 -9999.0 -9999.0    26.2    25.4 -9999.0
63828 20200604  2.622  -84.47   31.31    30.6    19.9    25.2    24.3     0.5    17.80 C    48.7    18.8    27.8    94.6    47.6    77.9   0.100   0.111   0.111   0.157   0.233    25.9    25.8    26.0 -9999.0 -9999.0
63828 20200605  2.622  -84.47   31.31    32.4    18.9    25.6    25.6     0.0    26.52 C    58.6    17.4    32.0    94.2    43.4    70.4   0.094   0.105   0.105   0.155   0.232    26.7 -9999.0    26.5 -9999.0 -9999.0
63828 20200606  2.622  -84.47   31.31    28.6    20.3    24.4    23.3     3.8     9.02 C    41.3    18.7    25.2    94.3    69.2    87.2   0.089   0.098   0.100   0.153   0.230 -9999.0 -9999.0    26.6 -9999.0 -9999.0
63828 20200607  2.622  -84.47   31.31    25.6    22.2    23.9    23.5    18.6     6.09 C    29.1    22.4    24.3    93.5    81.5    90.6   0.143   0.129   0.116   0.152   0.229 -9999.0 -9999.0    25.8    25.4 -9999.0
63828 20200608  2.622  -84.47   31.31    32.8    23.5    28.1    27.3     1.4    19.54 C    52.6    22.0    30.2    93.3    51.7    76.3   0.158   0.147   0.135   0.152   0.228    26.9    26.5    26.3    25.2 -9999.0
63828 20200609  2.622  -84.47   31.31    30.9    23.1    27.0    25.3    10.6    13.69 C    48.1    21.9    27.6    93.9    66.5    87.7   0.164   0.148   0.136   0.154   0.227    26.9    26.8    26.8    25.7    24.2
63828 20200610  2.622  -84.47   31.31    32.8    23.1    27.9    27.3     0.0    21.63 C    51.9    23.0    31.5    94.5    48.7    76.9   0.158   0.148   0.139   0.161   0.226 -9999.0    27.4    27.3    26.0 -9999.0
63828 20200611  2.622  -84.47   31.31    32.8    21.8    27.3    26.8     0.0    25.78 C    59.9    20.4    33.1    94.4    50.9    75.9   0.139   0.136   0.130   0.163   0.226    28.0    27.9 -9999.0    26.4 -9999.0
63828 20200612  2.622  -84.47   31.31    32.7    19.1    25.9    25.7     0.0    26.91 C    58.4    18.3    32.5    92.5    47.2    70.8   0.122   0.127   0.123   0.161   0.226 -9999.0    27.5    27.8    26.6 -9999.0
63828 20200613  2.622  -84.47   31.31    31.4    19.4    25.4    24.2     0.0    23.45 C    55.1    17.2    29.5    94.6    42.6    74.0   0.106   0.118   0.117   0.158   0.227    27.3 -9999.0    27.5    26.5 -9999.0
63828 20200614  2.622  -84.47   31.31    30.8    17.6    24.2    23.9     0.0    28.21 C    54.5    15.2    30.2    94.8    38.5    68.5   0.096   0.110   0.109   0.155   0.227 -9999.0 -9999.0    27.3    26.4    25.0
63828 20200615  2.622  -84.47   31.31    30.8    16.3    23.5    23.2     0.0    25.67 C    56.2    14.4    29.3    93.1    42.6    71.0   0.089   0.099   0.101   0.152   0.226 -9999.0 -9999.0    27.2    26.3    25.0
63828 20200616  2.622  -84.47   31.31    26.7    15.2    20.9    20.9     0.0    25.83 C    54.3    12.8    27.1    90.4    52.1    71.7   0.086   0.089   0.093   0.149   0.225    26.5 -9999.0    27.0    26.2 -9999.0
63828 20200617  2.622  -84.47   31.31    28.8    12.6    20.7    20.6     0.0    27.37 C    53.4    10.8    27.4    95.3    41.0    72.8   0.084   0.083   0.085   0.146   0.224    25.9    25.9    26.3    25.9 -9999.0
63828 20200618  2.622  -84.47   31.31    31.5    15.4    23.4    23.5     0.0    24.90 C    57.3    13.8    29.2    95.1    38.9    69.9   0.082   0.078   0.080   0.143   0.223    25.9 -9999.0 -9999.0    25.7 -9999.0
63828 20200619  2.622  -84.47   31.31    33.3    17.2    25.3    25.3     0.0    28.80 C    59.8    15.2    32.0    94.9    33.9    66.9   0.081   0.074   0.075   0.138   0.222 -9999.0    26.6    27.0    25.8 -9999.0
63828 20200620  2.622  -84.47   31.31    34.2    18.4    26.3    26.1     0.0    21.64 C    57.5    16.8    30.9    93.8    35.6    68.8   0.080   0.072   0.071   0.134   0.220 -9999.0    26.9    27.5    26.1    24.9
63828 20200621  2.622  -84.47   31.31    34.6    20.2    27.4    27.0     0.0    26.32 C    56.2    18.1    32.3    93.5    35.1    67.1   0.080   0.070   0.069   0.129   0.219    27.4 -9999.0    27.6    26.3 -9999.0
63828 20200622  2.622  -84.47   31.31    33.8    19.9    26.9    25.4     2.6    22.17 C    56.3    17.6    30.7    94.2    40.3    76.2   0.079   0.069   0.068   0.124   0.218    27.6 -9999.0    28.0    26.5    25.0
63828 20200623  2.622  -84.47   31.31    31.2    20.0    25.6    24.0    12.2    16.82 C    53.0    18.9    26.7    94.6    56.9    83.4   0.115   0.071   0.067   0.122   0.217    26.8    27.0    27.4    26.5 -9999.0
63828 20200624  2.622  -84.47   31.31    32.4    21.2    26.8    24.4    32.4    17.54 C    53.4    20.6    27.9    94.3    52.2    85.1   0.164   0.110   0.093   0.122   0.217    26.8    26.9 -9999.0    26.3 -9999.0
63828 20200625  2.622  -84.47   31.31    30.4    22.4    26.4    25.7     0.2    13.75 C    45.6    22.6    28.5    93.6    62.0    82.8   0.156   0.145   0.137   0.126   0.216    26.9    27.0    27.2    26.4 -9999.0
63828 20200626  2.622  -84.47   31.31    32.5    21.8    27.1    26.5     0.0    19.68 C    49.3    21.2    31.2    94.7    52.8    79.0   0.143   0.135   0.128   0.137   0.216    27.4 -9999.0    27.4    26.4    25.1
63828 20200627  2.622  -84.47   31.31    33.7    22.2    28.0    27.6     0.0    22.85 C    54.5    21.7    32.8    93.6    46.1    71.5   0.131   0.127   0.122   0.140   0.215 -9999.0    28.0    28.0    26.7 -9999.0
63828 20200628  2.622  -84.47   31.31    34.4    22.7    28.6    28.5     0.0    26.99 C    55.7    22.0    34.5    91.1    42.5    68.2   0.117   0.119   0.116   0.143   0.215 -9999.0 -9999.0    28.5    27.0 -9999.0
63828 20200629  2.622  -84.47   31.31    34.5    22.8    28.7    28.4     0.0    25.97 C    57.7    21.2    34.3    94.5    45.8    70.5   0.102   0.110   0.109   0.144   0.215 -9999.0    28.8    29.0    27.5 -9999.0
63828 20200630  2.622  -84.47   31.31    34.0    21.1    27.5    26.2     1.3    18.83 C    55.3    20.5    30.5    94.3    51.4    81.3   0.093   0.101   0.102   0.142   0.216 -9999.0 -9999.0    29.1    27.7 -9999.0
63828 20200701  2.622  -84.47   31.31    32.5    20.4    26.4    23.6     9.5    13.49 C    53.1    19.6    26.0    95.5    59.4    88.6   0.110   0.095   0.098   0.141   0.216 -9999.0    27.5    28.0    27.4 -9999.0
63828 20200702  2.622  -84.47   31.31    32.1    21.2    26.6    26.3     0.0    25.23 C    51.3    20.7    31.4    94.7    52.8    77.9   0.139   0.095   0.095   0.140   0.216 -9999.0    27.6    27.8    27.0 -9999.0
63828 20200703  2.622  -84.47   31.31    34.6    21.8    28.2    26.0    11.4    21.89 C    54.8    21.6    31.1    94.2    46.7    80.4   0.139   0.097   0.093   0.139   0.216    28.3    28.2    28.5    27.3    25.9
63828 20200704  2.622  -84.47   31.31    31.2    21.0    26.1    24.7     0.0    16.46 C    48.2    20.9    27.5    94.6    61.6    84.8   0.155   0.127   0.094   0.139   0.216    27.5    27.7    28.0    27.3 -9999.0
63828 20200705  2.622  -84.47   31.31    28.7    21.4    25.1    24.2     3.9    13.91 C    42.0    20.6    26.4    95.0    69.1    88.3   0.150   0.125   0.102   0.139   0.216    27.1    27.3    27.7    27.1 -9999.0
63828 20200706  2.622  -84.47   31.31    30.1    22.2    26.1    24.3    24.5     9.54 C    39.5    21.4    25.4    94.4    70.0    90.9   0.171   0.149   0.129   0.143   0.216    26.7    27.0    27.2    26.9 -9999.0
63828 20200707  2.622  -84.47   31.31    31.0    23.7    27.3    26.0     0.0    19.21 C    46.9    23.3    28.9    93.9    62.1    83.4   0.158   0.146   0.139   0.169   0.216    27.7    27.5    27.6    26.8 -9999.0
63828 20200708  2.622  -84.47   31.31    30.8    23.9    27.3    25.9     1.8    14.53 C    45.7    23.1    28.5    94.4    65.5    85.9   0.148   0.137   0.131   0.169   0.217    27.7    27.7    27.8    27.0 -9999.0
63828 20200709  2.622  -84.47   31.31    32.2    21.4    26.8    26.1     0.4    23.78 C    46.7    20.8    29.8    93.9    56.2    80.6   0.143   0.131   0.126   0.166   0.220 -9999.0    28.0    28.1    27.1 -9999.0
63828 20200710  2.622  -84.47   31.31    34.5    23.1    28.8    27.8     0.0    24.95 C    50.1    22.2    31.7    94.7    50.3    77.7   0.129   0.125   0.121   0.163   0.223    28.8 -9999.0    28.7    27.4 -9999.0
63828 20200711  2.622  -84.47   31.31    33.5    22.1    27.8    27.5     0.0    28.09 C    50.1    19.7    31.8    94.8    41.1    73.1   0.113   0.118   0.116   0.160   0.224    29.1 -9999.0    29.0    27.7    26.1
63828 20200712  2.622  -84.47   31.31    34.0    18.7    26.3    26.5     0.5    26.85 C    51.3    16.6    30.7    94.8    39.7    69.6   0.085   0.109   0.110   0.157   0.225 -9999.0 -9999.0    28.8    27.7 -9999.0
63828 20200713  2.622  -84.47   31.31    33.6    20.7    27.2    26.6     0.0    25.17 C    50.8    20.0    30.8    94.2    52.3    76.9   0.072   0.099   0.102   0.154   0.225    28.8 -9999.0    28.8    27.8 -9999.0
63828 20200714  2.622  -84.47   31.31    34.1    22.5    28.3    26.9     0.0    19.28 C    55.0    20.6    30.5    95.2    44.1    79.2   0.089   0.091   0.096   0.151   0.224 -9999.0 -9999.0    28.9    27.9 -9999.0
63828 20200715  2.622  -84.47   31.31    34.2    21.3    27.7    26.2     0.3    20.01 C    52.7    19.7    30.0    94.7    52.2    82.7   0.087   0.085   0.089   0.149   0.224    28.8    28.6    28.8    27.9 -9999.0
63828 20200716  2.622  -84.47   31.31    34.6    20.6    27.6    26.4     0.0    25.24 C    54.7    18.8    30.9    94.9    42.2    75.7   0.085   0.081   0.083   0.146   0.223 -9999.0    28.2    28.8    27.8 -9999.0
63828 20200717  2.622  -84.47   31.31    34.9    19.7    27.3    27.3     0.0    27.45 C    55.1    17.1    32.0    95.0    39.8    70.8   0.083   0.077   0.078   0.142   0.222    28.7 -9999.0    28.8    27.8 -9999.0
63828 20200718  2.622  -84.47   31.31    34.9    21.1    28.0    27.4     0.0    21.51 C    56.0    19.3    31.2    94.7    41.2    71.1   0.081   0.074   0.074   0.138   0.221    28.6 -9999.0    29.0    27.9 -9999.0
63828 20200719  2.622  -84.47   31.31    35.5    21.6    28.6    28.0     0.0    22.78 C    56.9    20.0    32.3    94.0    38.1    69.2   0.081   0.072   0.072   0.134   0.220 -9999.0    28.5    29.0 -9999.0 -9999.0
63828 20200720  2.622  -84.47   31.31    36.7    21.7    29.2    28.5     0.0    24.18 C    59.3    20.3    33.6    94.2    38.0    69.4   0.080   0.071   0.070   0.130   0.218 -9999.0 -9999.0 -9999.0    27.9 -9999.0
63828 20200721  2.622  -84.47   31.31    34.1    21.3    27.7    26.8     5.7    18.35 C    57.7    20.1    30.0    94.1    49.2    76.8   0.110   0.070   0.070   0.127   0.217 -9999.0    28.7    29.3    28.1    26.6
63828 20200722  2.622  -84.47   31.31    35.2    20.5    27.9    26.5     0.0    25.26 C    53.2    19.6    30.7    94.7    39.0    72.6   0.120   0.070   0.069   0.126   0.217    29.2 -9999.0    29.1    28.0 -9999.0
63828 20200723  2.622  -84.47   31.31 -9999.0 -9999.0 -9999.0 -9999.0 -9999.0 -9999.00 U -9999.0 -9999.0 -9999.0 -9999.0 -9999.0 -9999.0 -99.000 -99.000 -99.000 -99.000 -99.000 -9999.0 -9999.0 -9999.0 -9999.0 -9999.0
63828 20200724 -9.000  -84.47   31.31 -9999.0 -9999.0 -9999.0 -9999.0 -9999.0 -9999.00 U -9999.0 -9999.0 -9999.0 -9999.0 -9999.0 -9999.0 -99.000 -99.000 -99.000 -99.000 -99.000 -9999.0 -9999.0 -9999.0 -9999.0 -9999.0
63828 20200725 -9.000  -84.47   31.31 -9999.0 -9999.0 -9999.0 -9999.0 -9999.0 -9999.00 U -9999.0 -9999.0 -9999.0 -9999.0 -9999.0 -9999.0 -99.000 -99.000 -99.000 -99.000 -99.000 -9999.0 -9999.0 -9999.0 -9999.0 -9999.0
63828 20200726 -9.000  -84.47   31.31 -9999.0 -9999.0 -9999.0 -9999.0 -9999.0 -9999.00 U -9999.0 -9999.0 -9999.0 -9999.0 -9999.0 -9999.0 -99.000 -99.000 -99.000 -99.000 -99.000 -9999.0 -9999.0 -9999.0 -9999.0 -9999.0
63828 20200727  2.622  -84.47   31.31 -9999.0 -9999.0 -9999.0 -9999.0 -9999.0 -9999.00 U -9999.0 -9999.0 -9999.0 -9999.0 -9999.0 -9999.0 -99.000 -99.000 -99.000 -99.000 -99.000 -9999.0 -9999.0 -9999.0 -9999.0 -9999.0
63828 20200728  2.622  -84.47   31.31    30.9    22.3    26.6    25.0     3.2    11.55 C    43.7    21.5    26.2    93.7    62.8    86.2   0.112   0.095   0.086   0.124   0.214 -9999.0 -9999.0    29.1    28.3 -9999.0
63828 20200729  2.622  -84.47   31.31    30.9    22.5    26.7    25.1     2.2    14.60 C    40.9    22.3    26.6    92.6    56.4    81.2   0.116   0.091   0.084   0.123   0.213 -9999.0    28.2    28.5 -9999.0 -9999.0
63828 20200730  2.622  -84.47   31.31    32.2    22.7    27.5    26.8     6.0    17.41 C    41.6    22.2    27.9    92.8    58.6    81.4   0.135   0.088   0.082   0.123   0.214    28.5 -9999.0 -9999.0    27.8 -9999.0
63828 20200731  2.622  -84.47   31.31    34.7    23.3    29.0    28.6     0.0    23.40 C    42.6    22.5    30.1    93.5    45.4    72.5   0.140   0.088   0.081   0.123   0.214    29.2    28.7    29.0    27.9 -9999.0
63828 20200801  2.622  -84.47   31.31    34.1    22.3    28.2    27.7     0.0    24.80 C    43.4    20.5    29.9    93.1    41.7    72.2   0.119   0.087   0.080   0.123   0.213 -9999.0 -9999.0    29.5 -9999.0 -9999.0
63828 20200802  2.622  -84.47   31.31    35.1    19.9    27.5    27.5     0.0    25.37 C    48.4    18.0    30.1    94.6    38.2    69.5   0.101   0.083   0.077   0.123   0.212    29.6 -9999.0    29.6    28.4 -9999.0
63828 20200803  2.622  -84.47   31.31    34.9    21.3    28.1    27.1     0.3    23.28 C    52.3    20.0    30.4    93.6    40.1    71.2   0.089   0.077   0.074   0.121   0.212    29.8 -9999.0    30.0    28.4 -9999.0
63828 20200804  2.622  -84.47   31.31    35.4    21.1    28.2    27.7     0.0    25.38 C    52.5    19.5    31.1    94.8    34.9    69.6   0.084   0.072   0.071   0.120   0.211    29.7    29.2    29.7    28.5 -9999.0
63828 20200805  2.622  -84.47   31.31    36.2     0.0    18.1    27.4     0.0    20.69 C    52.2     0.0    30.5    93.7    33.6    69.1   0.081   0.069   0.069   0.118   0.210 -9999.0    29.3    30.0 -9999.0 -9999.0
63828 20200806  2.622  -84.47   31.31    36.2    20.5    28.3    27.6     0.8    25.83 C    53.0    18.7    31.7    94.2    30.2    67.5   0.079   0.066   0.067   0.116   0.209    30.3    29.3 -9999.0    28.5 -9999.0
63828 20200807  2.622  -84.47   31.31    35.0    20.7    27.8    27.6     0.0    24.39 C    51.9    18.7    30.5    94.9    37.3    70.9   0.078   0.065   0.066   0.115   0.208 -9999.0 -9999.0    29.7    28.7 -9999.0
63828 20200808  2.622  -84.47   31.31    35.4    22.3    28.8    28.2     0.0    22.51 C    53.7    20.5    31.8    94.0    39.0    69.4   0.077   0.064   0.065   0.114   0.207 -9999.0 -9999.0    30.0    28.8 -9999.0
63828 20200809  2.622  -84.47   31.31    36.2    21.2    28.7    28.8     0.0    24.01 C    54.4    20.1    32.6    92.6    36.0    64.6   0.076   0.064   0.064   0.113   0.205 -9999.0 -9999.0    30.3    28.9 -9999.0
63828 20200810  2.622  -84.47   31.31    35.8    22.5    29.1    26.8     0.0    19.58 C    56.8    20.8    30.5    94.1    41.9    76.1   0.075   0.063   0.064   0.113   0.203 -9999.0 -9999.0    30.5    29.0 -9999.0
63828 20200811  2.622  -84.47   31.31    33.9    21.9    27.9    25.2    11.5    14.00 C    52.1    20.9    28.4    93.7    48.6    81.0   0.097   0.062   0.065   0.112   0.202 -9999.0    29.1    29.7    29.0 -9999.0
63828 20200812  2.622  -84.47   31.31    33.9    21.0    27.4    26.5     0.0    23.80 C    45.0    20.9    29.5    95.6    44.7    76.0   0.130   0.068   0.081   0.111   0.203 -9999.0 -9999.0    29.0    28.5 -9999.0
63828 20200813  2.622  -84.47   31.31    32.7    22.6    27.7    26.4     7.2    17.33 C    44.4    21.8    27.8    94.4    52.4    81.3   0.140   0.079   0.081   0.112   0.203    29.0    28.9    29.4    28.5 -9999.0
63828 20200814  2.622  -84.47   31.31    32.4    22.3    27.4    26.2     0.0    16.67 C    41.1    21.6    27.9    94.4    51.6    80.0   0.140   0.090   0.081   0.111   0.203    28.9    28.8    29.0    28.4 -9999.0
63828 20200815  2.622  -84.47   31.31    31.5    23.0    27.3    25.8     6.5    15.84 C    42.5    22.1    27.4    94.3    55.7    82.8   0.140   0.088   0.081   0.111   0.203    28.7    28.7    29.0    28.3 -9999.0
63828 20200816  2.622  -84.47   31.31    34.3    22.2    28.3    27.2     0.0    22.73 C    41.7    21.3    28.5    94.7    38.5    73.4   0.132   0.092   0.081   0.111   0.203 -9999.0 -9999.0    29.1    28.2 -9999.0
63828 20200817  2.622  -84.47   31.31    35.2    20.9    28.0    27.6     0.0    23.94 C    46.1    19.7    29.4    94.5    35.7    68.7   0.087   0.090   0.080   0.113   0.203    29.3 -9999.0    29.3    28.2 -9999.0
63828 20200818  2.622  -84.47   31.31    35.7    21.1    28.4    26.8    69.0    20.54 C    50.3    19.7    29.0    94.3    36.5    72.9   0.090   0.096   0.084   0.116   0.202 -9999.0    28.7    29.4    28.4 -9999.0
63828 20200819  2.622  -84.47   31.31    31.0    19.8    25.4    24.3     3.8    19.79 C    40.4    19.3    26.0    93.4    56.8    79.1   0.139   0.148   0.140   0.172   0.219 -9999.0 -9999.0    27.7    27.6 -9999.0
63828 20200820  2.622  -84.47   31.31    29.8    19.2    24.5    22.9     4.2    11.69 C    36.6    18.7    23.9    94.7    62.8    87.3   0.152   0.134   0.127   0.168   0.240 -9999.0 -9999.0    27.7 -9999.0 -9999.0
63828 20200821  2.622  -84.47   31.31    28.4    20.2    24.3    23.8     6.1    14.45 C    34.2    19.1    24.7    94.7    60.4    84.1   0.169   0.147   0.138   0.167   0.234    26.9 -9999.0    27.2 -9999.0 -9999.0
63828 20200822  2.622  -84.47   31.31    27.9    20.3    24.1    23.8     3.8    14.41 C    35.3    19.5    24.4    95.1    67.3    85.0   0.163   0.141   0.134   0.167   0.228    26.7    26.8    27.2    27.0 -9999.0
63828 20200823  2.622  -84.47   31.31    28.5    20.5    24.5    24.5     2.9    11.06 C    33.6    19.2    25.2    95.1    70.9    85.6   0.154   0.135   0.130   0.166   0.229 -9999.0    26.9    27.1    26.9 -9999.0
63828 20200824  2.622  -84.47   31.31    27.5    23.5    25.5    24.8    46.1     3.26 C    29.1    23.4    25.0    94.0    83.6    92.4   0.181   0.154   0.144   0.179   0.233 -9999.0    26.8    27.1 -9999.0 -9999.0
63828 20200825  2.622  -84.47   31.31    33.5    22.6    28.0    27.3     0.0    18.58 C    38.2    22.5    27.8    94.1    52.7    80.9   0.162   0.143   0.137   0.180   0.250    28.0 -9999.0    27.6    26.8 -9999.0
63828 20200826  2.622  -84.47   31.31    33.6    23.9    28.7    27.9     0.0    22.27 C    40.1    22.2    28.8    94.5    51.5    79.3   0.147   0.133   0.128   0.172   0.247    29.0    28.5    28.5    27.4 -9999.0
63828 20200827  2.622  -84.47   31.31    33.8    24.0    28.9    27.7     0.0    20.04 C    39.6    22.8    28.4    93.0    52.3    77.9   0.134   0.126   0.123   0.167   0.243    29.1    28.8    29.0    27.9 -9999.0
63828 20200828  2.622  -84.47   31.31    33.6    22.7    28.2    27.4     0.0    20.67 C    39.9    21.7    28.3    94.9    54.7    78.8   0.123   0.120   0.118   0.164   0.240    29.1    28.9    29.1    28.1 -9999.0
63828 20200829  2.622  -84.47   31.31    28.6    23.9    26.2    25.4     0.0     9.10 C    32.0    22.9    25.9    92.3    75.3    85.2   0.117   0.114   0.114   0.161   0.238 -9999.0 -9999.0    28.8    28.1 -9999.0
63828 20200830  2.622  -84.47   31.31    32.0    23.1    27.5    25.4     0.6    12.81 C    40.9    22.4    26.4    94.1    61.3    86.7   0.111   0.111   0.111   0.159   0.236    28.2    28.2    28.4    27.8 -9999.0
63828 20200831  2.622  -84.47   31.31    32.4    22.2    27.3    26.3     0.0    19.02 C    39.4    20.9    27.3    94.8    60.7    83.6   0.105   0.106   0.108   0.157   0.234 -9999.0 -9999.0    28.5    27.8 -9999.0
63828 20200901  2.622  -84.47   31.31    33.7    22.4    28.0    26.8     5.8    22.35 C    40.9    21.3    28.5    94.5    52.7    80.5   0.107   0.102   0.104   0.154   0.233 -9999.0 -9999.0    28.9    27.9 -9999.0
63828 20200902  2.622  -84.47   31.31    32.6    22.4    27.5    26.7     0.0    21.45 C    37.7    20.7    27.5    95.1    52.9    81.2   0.140   0.096   0.100   0.152   0.231 -9999.0 -9999.0    29.1 -9999.0 -9999.0
63828 20200903  2.622  -84.47   31.31    34.0    20.8    27.4    26.2     0.0    23.84 C    39.8    18.9    27.1    95.7    46.7    79.1   0.118   0.092   0.096   0.151   0.230 -9999.0 -9999.0    28.9    28.1 -9999.0
63828 20200904  2.622  -84.47   31.31    34.2    19.9    27.0    26.1     0.0    23.56 C    41.7    17.5    26.9    95.3    38.7    76.6   0.100   0.088   0.091   0.148   0.228    28.6    28.3    28.8    28.1    27.1
63828 20200905  2.622  -84.47   31.31    35.0    20.3    27.6    26.6     0.0    23.10 C    43.1    18.4    28.0    94.9    40.8    73.7   0.091   0.084   0.085   0.147   0.227    28.8 -9999.0    28.9    28.0 -9999.0
63828 20200906  2.622  -84.47   31.31    31.8    20.1    26.0    25.2     0.0    21.31 C    41.6    18.4    26.4    90.9    48.1    72.4   0.086   0.079   0.080   0.144   0.226 -9999.0 -9999.0    28.8    28.0 -9999.0
63828 20200907  2.622  -84.47   31.31    32.4    17.8    25.1    25.0     0.0    20.04 C    44.1    16.1    26.6    91.1    47.5    72.0   0.083   0.076   0.076   0.141   0.225 -9999.0 -9999.0    28.4    27.9 -9999.0
63828 20200908  2.622  -84.47   31.31    32.3    20.6    26.4    25.6     0.0    21.02 C    44.0    18.1    27.0    94.7    42.8    72.1   0.082   0.073   0.073   0.138   0.223    28.3    27.9    28.3    27.8    27.1
63828 20200909  2.622  -84.47   31.31    31.3    18.3    24.8    24.4     0.0    19.08 C    44.0    16.4    26.0    92.9    55.0    77.6   0.080   0.070   0.070   0.135   0.222 -9999.0 -9999.0    28.2    27.7 -9999.0
63828 20200910  2.622  -84.47   31.31    33.3    21.8    27.5    26.2     4.3    13.72 C    44.6    20.2    27.9    94.3    51.2    82.2   0.081   0.069   0.069   0.132   0.221 -9999.0    27.8    28.3    27.7 -9999.0
63828 20200911  2.622  -84.47   31.31    32.4    22.1    27.2    25.3     4.0    15.69 C    40.8    20.7    26.7    95.4    57.1    85.8   0.095   0.068   0.069   0.130   0.220    27.9 -9999.0    28.4    27.7 -9999.0
63828 20200912  2.622  -84.47   31.31    33.1    22.2    27.7    25.5     4.8    14.80 C    39.9    21.4    26.4    95.0    53.9    86.2   0.118   0.068   0.069   0.130   0.220 -9999.0 -9999.0    28.3    27.7 -9999.0
63828 20200913  2.622  -84.47   31.31    32.3    22.7    27.5    26.4     0.0    16.42 C    39.0    21.7    27.3    93.9    56.1    80.2   0.132   0.069   0.069   0.129   0.219    27.8 -9999.0 -9999.0    27.7 -9999.0
63828 20200914  2.622  -84.47   31.31    29.6    24.5    27.1    26.2     0.0     8.60 C    32.9    23.8    26.5    89.2    66.2    82.2   0.121   0.071   0.070   0.128   0.219    27.5    27.8    28.2 -9999.0 -9999.0
63828 20200915  2.622  -84.47   31.31    26.4    23.1    24.8    24.9     7.8     3.97 C    26.9    22.8    24.8    92.2    82.7    88.1   0.125   0.071   0.069   0.129   0.224 -9999.0    27.2    27.5    27.4 -9999.0
63828 20200916  2.622  -84.47   31.31    25.3     0.0    12.6     3.7 -9999.0     0.10 C    22.8     0.0     2.4 -9999.0 -9999.0 -9999.0 -99.000 -99.000 -99.000 -99.000 -99.000     2.2     1.2     2.3     2.3     2.3
63828 20200917  2.622  -84.47   31.31    25.8     0.0    12.9    15.5 -9999.0     6.84 C    29.4     0.0    15.1 -9999.0 -9999.0 -9999.0 -99.000 -99.000 -99.000 -99.000 -99.000 -9999.0 -9999.0 -9999.0 -9999.0 -9999.0
63828 20200918  2.622  -84.47   31.31    27.1    19.0    23.0    22.9     0.0    10.40 C    33.4    17.6    23.2    95.2    66.4    86.3 -99.000 -99.000 -99.000 -99.000 -99.000 -9999.0 -9999.0 -9999.0 -9999.0 -9999.0
63828 20200919  2.622  -84.47   31.31    23.3    19.2    21.3    21.3     0.0     7.23 C    26.3    18.4    21.4    93.5    64.1    77.5 -99.000 -99.000 -99.000 -99.000 -99.000 -9999.0 -9999.0 -9999.0 -9999.0 -9999.0
63828 20200920  2.622  -84.47   31.31    22.5    15.9    19.2    18.7     0.0     9.62 C    29.7    15.7    19.5    78.9    59.1    69.7 -99.000 -99.000 -99.000 -99.000 -99.000 -9999.0 -9999.0 -9999.0 -9999.0 -9999.0
63828 20200921  2.622  -84.47   31.31    23.7    15.6    19.6    19.3     0.0    15.75 C    31.0    13.0    20.0    75.2    52.9    63.7 -99.000 -99.000 -99.000 -99.000 -99.000 -9999.0 -9999.0 -9999.0 -9999.0 -9999.0
63828 20200922  2.622  -84.47   31.31    26.2    13.9    20.1    19.2     0.0    19.88 C    37.6    12.1    20.5    91.7    51.9    71.4 -99.000 -99.000 -99.000 -99.000 -99.000 -9999.0 -9999.0 -9999.0 -9999.0 -9999.0
63828 20200923  2.622  -84.47   31.31    28.3    16.8    22.5    21.6     0.2    18.58 C    34.8    15.4    22.1    91.2    42.0    71.2 -99.000 -99.000 -99.000 -99.000 -99.000 -9999.0 -9999.0 -9999.0 -9999.0 -9999.0
63828 20200924  2.622  -84.47   31.31    25.2    18.1    21.6    21.4    23.1     7.06 C    27.0    16.0    21.0    90.6    72.4    83.7 -99.000 -99.000 -99.000 -99.000 -99.000 -9999.0 -9999.0 -9999.0 -9999.0 -9999.0
63828 20200925  2.622  -84.47   31.31    30.0    20.6    25.3    24.9    19.9    15.11 C    35.5    18.7    25.5    94.7    60.5    84.5 -99.000 -99.000 -99.000 -99.000 -99.000 -9999.0 -9999.0 -9999.0 -9999.0 -9999.0
63828 20200926  2.622  -84.47   31.31    29.2    18.7    23.9    22.9     0.0    19.94 C    36.6    16.2    23.9    95.6    53.4    81.5 -99.000 -99.000 -99.000 -99.000 -99.000 -9999.0 -9999.0 -9999.0 -9999.0 -9999.0
63828 20200927  2.622  -84.47   31.31    22.8    18.8    20.8    20.8    16.9     2.71 C    24.0    17.5    20.6    95.2    87.7    93.3 -99.000 -99.000 -99.000 -99.000 -99.000 -9999.0 -9999.0 -9999.0 -9999.0 -9999.0
63828 20200928  2.622  -84.47   31.31    30.6    20.4    25.5    24.4     0.0    15.20 C    36.4    20.5    25.2    95.6    55.1    85.3 -99.000 -99.000 -99.000 -99.000 -99.000 -9999.0 -9999.0 -9999.0 -9999.0 -9999.0
63828 20200929  2.622  -84.47   31.31    22.5    11.7    17.1    17.8     0.5     4.34 C    23.4     9.5    17.8    94.5    73.2    88.9 -99.000 -99.000 -99.000 -99.000 -99.000 -9999.0 -9999.0 -9999.0 -9999.0 -9999.0
63828 20200930  2.622  -84.47   31.31    24.3     8.6    16.4    15.9     0.0    21.47 C    32.1     6.5    16.6    96.7    39.7    76.8 -99.000 -99.000 -99.000 -99.000 -99.000 -9999.0 -9999.0 -9999.0 -9999.0 -9999.0
63828 20201001  2.622  -84.47   31.31    27.6     9.4    18.5    17.8     0.0    21.02 C    34.7     7.9    18.4    96.2    37.4    76.1 -99.000 -99.000 -99.000 -99.000 -99.000 -9999.0 -9999.0 -9999.0 -9999.0 -9999.0
63828 20201002  2.622  -84.47   31.31    24.0     9.4    16.7    15.8     0.0    20.03 C    31.4     6.4    15.9    95.0    27.1    69.5 -99.000 -99.000 -99.000 -99.000 -99.000 -9999.0 -9999.0 -9999.0 -9999.0 -9999.0
63828 20201003  2.622  -84.47   31.31    24.5     7.6    16.1    15.3     0.0    19.63 C    33.0     5.0    15.7    94.1    36.8    74.6 -99.000 -99.000 -99.000 -99.000 -99.000 -9999.0 -9999.0 -9999.0 -9999.0 -9999.0
63828 20201004  2.622  -84.47   31.31    22.6     9.2    15.9    15.4     0.0    13.76 C    29.1     6.2    14.9    96.3    48.4    80.0 -99.000 -99.000 -99.000 -99.000 -99.000 -9999.0 -9999.0 -9999.0 -9999.0 -9999.0
63828 20201005  2.622  -84.47   31.31    26.0     9.2    17.6    17.3     0.0    16.79 C    33.8     6.0    17.5    96.9    32.0    71.5 -99.000 -99.000 -99.000 -99.000 -99.000 -9999.0 -9999.0 -9999.0 -9999.0 -9999.0
63828 20201006  2.622  -84.47   31.31    27.7    18.7    23.2    22.0     0.0    10.85 C    34.7    17.4    22.6    93.5    61.9    77.3 -99.000 -99.000 -99.000 -99.000 -99.000 -9999.0 -9999.0 -9999.0 -9999.0 -9999.0
63828 20201007  2.622  -84.47   31.31    30.9    19.5    25.2    23.7     0.0    16.01 C    38.7    17.6    24.9    94.9    54.5    83.5 -99.000 -99.000 -99.000 -99.000 -99.000 -9999.0 -9999.0 -9999.0 -9999.0 -9999.0
63828 20201008  2.622  -84.47   31.31    31.4    19.6    25.5    24.9     0.4    14.06 C    40.0    17.6    25.8    95.4    55.7    81.2 -99.000 -99.000 -99.000 -99.000 -99.000 -9999.0 -9999.0 -9999.0 -9999.0 -9999.0
63828 20201009  2.622  -84.47   31.31    30.2    22.8    26.5    25.1     2.5    10.04 C    33.6    21.0    25.2    94.8    56.2    83.8 -99.000 -99.000 -99.000 -99.000 -99.000 -9999.0 -9999.0 -9999.0 -9999.0 -9999.0
63828 20201010  2.622  -84.47   31.31    30.8    23.3    27.0    25.8     3.8    12.16 C    33.9    22.3    25.9    92.1    57.3    80.9 -99.000 -99.000 -99.000 -99.000 -99.000 -9999.0 -9999.0 -9999.0 -9999.0 -9999.0
63828 20201011  2.622  -84.47   31.31    28.1    20.8    24.5    24.1     0.0     7.95 C    31.3    18.9    23.9    92.7    64.9    84.0 -99.000 -99.000 -99.000 -99.000 -99.000 -9999.0 -9999.0 -9999.0 -9999.0 -9999.0
63828 20201012  2.622  -84.47   31.31    28.1    18.0    23.1    22.7     0.0    11.35 C    35.5    16.1    23.1    95.3    58.7    81.7 -99.000 -99.000 -99.000 -99.000 -99.000 -9999.0 -9999.0 -9999.0 -9999.0 -9999.0
63828 20201013  2.622  -84.47   31.31    30.7    17.2    24.0    22.8     0.0    16.51 C    38.6    13.6    23.2    95.8    50.0    81.9 -99.000 -99.000 -99.000 -99.000 -99.000 -9999.0 -9999.0 -9999.0 -9999.0 -9999.0
63828 20201014  2.622  -84.47   31.31    29.4    12.3    20.8    20.4     0.0    18.15 C    36.6     9.8    20.6    96.7    41.8    78.9 -99.000 -99.000 -99.000 -99.000 -99.000 -9999.0 -9999.0 -9999.0 -9999.0 -9999.0
63828 20201015  2.622  -84.47   31.31    29.8    17.0    23.4    21.5     0.0    13.89 C    37.7    14.7    22.1    95.8    44.4    83.7 -99.000 -99.000 -99.000 -99.000 -99.000 -9999.0 -9999.0 -9999.0 -9999.0 -9999.0
63828 20201016  2.622  -84.47   31.31    25.8    10.8    18.3    19.2     0.0    17.42 C    35.9     7.0    19.9    96.4    50.5    77.9 -99.000 -99.000 -99.000 -99.000 -99.000 -9999.0 -9999.0 -9999.0 -9999.0 -9999.0
63828 20201017  2.622  -84.47   31.31    24.4     7.1    15.7    15.1     0.0    18.93 C    32.6     3.4    15.3    95.0    41.9    73.1 -99.000 -99.000 -99.000 -99.000 -99.000 -9999.0 -9999.0 -9999.0 -9999.0 -9999.0
63828 20201018  2.622  -84.47   31.31    27.3    11.1    19.2    18.6     0.0    16.87 C    36.5     8.1    19.2    95.0    51.9    78.4 -99.000 -99.000 -99.000 -99.000 -99.000 -9999.0 -9999.0 -9999.0 -9999.0 -9999.0
63828 20201019  2.622  -84.47   31.31    27.8    14.7    21.2    19.8     0.0    17.78 C    38.0    11.5    20.3    96.1    47.3    78.5 -99.000 -99.000 -99.000 -99.000 -99.000 -9999.0 -9999.0 -9999.0 -9999.0 -9999.0
63828 20201020  2.622  -84.47   31.31    29.6    15.4    22.5    22.6     0.4    15.82 C    37.8    12.9    23.4    93.8    47.7    74.2 -99.000 -99.000 -99.000 -99.000 -99.000 -9999.0 -9999.0 -9999.0 -9999.0 -9999.0
