03063 20200101  2.622 -103.82   37.86    14.1    -4.6     4.8     4.5     0.0     7.22 C    10.5    -6.7     0.4    73.2    26.0    46.2 -99.000   0.217   0.111   0.098   0.149    -0.4     0.4     1.4     3.9     7.4
03063 20200102  2.622 -103.82   37.86     9.3    -7.7     0.8     0.5     0.0     8.39 C    11.4    -6.4    -0.4    85.4    30.2    60.3 -99.000   0.214   0.112   0.098   0.148    -0.2     0.4     1.3     3.8     7.3
03063 20200103  2.622 -103.82   37.86     9.9    -9.2     0.4    -0.4     0.0    10.73 C    11.0    -8.6    -1.1    84.8    16.7    58.6 -99.000   0.215   0.112   0.098   0.149    -0.1     0.5     1.3     3.7     7.3
03063 20200104  2.622 -103.82   37.86    16.0    -8.1     3.9     3.3     0.0     9.27 C    16.3    -7.5     0.8    82.9    23.4    53.2 -99.000   0.214   0.112   0.099   0.149    -0.2     0.5     1.4     3.7     7.1
03063 20200105  2.622 -103.82   37.86    10.3    -5.8     2.3     2.9     0.0    10.29 C    12.6    -6.4     0.8    75.1    23.9    45.4 -99.000   0.213   0.112   0.098   0.148     0.0     0.5     1.4     3.6     7.1
03063 20200106  2.622 -103.82   37.86    10.6   -10.3     0.1    -0.9     0.0    11.05 C    13.7    -9.6    -1.9    82.7    10.2    46.0 -99.000   0.214   0.113   0.097   0.149     0.0     0.6     1.4     3.6     7.0
03063 20200107  2.622 -103.82   37.86    16.9    -7.9     4.5     3.9     0.0    11.07 C    19.4    -8.6     1.4    67.7    10.6    37.3 -99.000   0.214   0.113   0.097   0.149    -0.1     0.6     1.4     3.5     6.9
03063 20200108  2.622 -103.82   37.86    18.6    -4.8     6.9     4.5     0.0     6.45 C    18.7    -6.7     1.0    66.2     9.9    37.6 -99.000   0.215   0.113   0.097   0.148     0.2     0.7     1.5     3.5     6.8
03063 20200109  2.622 -103.82   37.86    11.9    -8.4     1.7     2.1     0.0    10.26 C    17.6    -7.8     0.9    73.6    14.9    40.5 -99.000   0.216   0.114   0.097   0.147     0.3     1.0     1.6     3.6     6.7
03063 20200110  2.622 -103.82   37.86     4.0   -15.2    -5.6    -5.5     0.7     5.66 C     9.8   -13.0    -4.5    89.0    54.0    72.5 -99.000   0.218   0.114   0.098   0.148     0.2     0.9     1.6     3.6     6.7
03063 20200111  2.622 -103.82   37.86     5.6   -15.7    -5.0    -6.4     0.0    11.07 C    11.6   -13.7    -4.9    83.6    56.6    74.9 -99.000   0.219   0.114   0.097   0.148    -0.2     0.5     1.4     3.5     6.7
03063 20200112  2.622 -103.82   37.86     9.9   -12.3    -1.2    -1.9     0.0    11.20 C    15.6   -12.0    -2.5    82.6    11.3    49.0 -99.000 -99.000   0.114   0.097   0.147    -0.4     0.3     1.2     3.4     6.6
03063 20200113  2.622 -103.82   37.86    12.8   -10.3     1.2     0.6     0.0    11.02 C    15.2   -10.7    -1.2    73.2    12.6    41.3 -99.000 -99.000   0.115   0.099   0.148    -0.4     0.3     1.1     3.3     6.6
03063 20200114  2.622 -103.82   37.86    19.0   -13.1     2.9     3.1     0.0    11.56 C    22.2   -12.6     0.8    79.7     6.0    37.1 -99.000 -99.000   0.114   0.098   0.146    -0.5     0.2     1.0     3.2     6.5
03063 20200115  2.622 -103.82   37.86     8.5   -11.1    -1.3     0.3     0.0    11.35 C    17.5   -10.8    -0.6    77.1    12.5    37.4 -99.000 -99.000   0.115   0.097   0.146    -0.3     0.2     1.0     3.1     6.4
03063 20200116  2.622 -103.82   37.86     7.5    -9.5    -1.0    -1.1     0.0     5.02 C    12.5   -10.2    -0.9    74.4    18.2    45.3 -99.000 -99.000   0.115   0.097   0.148    -0.3     0.3     1.0     3.1     6.3
03063 20200117  2.622 -103.82   37.86    16.3    -9.5     3.4     2.9     0.0    11.50 C    20.0   -10.0     2.2    81.9    10.9    43.9 -99.000   0.212   0.115   0.097   0.148    -0.2     0.3     1.0     3.1     6.3
03063 20200118  2.622 -103.82   37.86     9.2   -12.3    -1.6    -2.0     0.0    10.94 C    18.0   -12.7    -1.7    80.5    17.5    46.2 -99.000   0.214   0.116   0.099   0.146    -0.1     0.5     1.2     3.1     6.2
03063 20200119  2.622 -103.82   37.86     8.8   -13.5    -2.4    -3.7     0.0    11.24 C    19.0   -13.1    -2.8    79.7    20.7    51.3 -99.000   0.213   0.116   0.098   0.145    -0.2     0.4     1.2     3.1     6.2
03063 20200120  2.622 -103.82   37.86    12.5   -13.6    -0.6    -1.9     0.0    11.43 C    21.7   -13.4    -1.0    81.5    20.8    52.9 -99.000 -99.000   0.115   0.099   0.146    -0.3     0.3     1.1     3.1     6.1
03063 20200121  2.622 -103.82   37.86     6.5    -4.6     1.0    -0.3     0.0     4.50 C    11.3    -5.4     0.9    80.5    44.6    64.9 -99.000 -99.000   0.115   0.099   0.147    -0.2     0.4     1.1     3.0     6.1
03063 20200122  2.622 -103.82   37.86    15.3    -8.5     3.4     4.5     0.2    10.18 C    23.5    -8.9     3.8    75.9    13.3    45.0 -99.000   0.215   0.116   0.098   0.147     0.3     0.9     1.3     3.0     6.0
03063 20200123  2.622 -103.82   37.86     9.4   -11.1    -0.8    -1.4     0.0    11.14 C    21.7   -11.0     0.2    73.3    18.9    48.6   0.204   0.215   0.117   0.097   0.147     0.5     1.2     1.8     3.2     6.0
03063 20200124  2.622 -103.82   37.86    15.0   -13.5     0.7    -0.3     0.0    12.17 C    24.9   -12.9     0.5    81.9    14.9    48.9 -99.000   0.214   0.117   0.099   0.147     0.3     1.0     1.7     3.3     6.0
03063 20200125  2.622 -103.82   37.86    15.0    -9.4     2.8     3.3     0.0    12.02 C    27.9    -9.6     3.5    75.9    20.0    43.5   0.208   0.217   0.118   0.099   0.147     0.9     1.5     1.9     3.3     6.0
03063 20200126  2.622 -103.82   37.86    14.2    -9.4     2.4     0.4     0.0    12.71 C    25.7   -10.5     1.3    81.2    18.5    52.7   0.215   0.219   0.119   0.098   0.147     1.1     1.8     2.2     3.5     6.0
03063 20200127  2.622 -103.82   37.86     9.3    -9.9    -0.3     0.9     2.0     8.07 C    21.3   -10.3     1.8    92.7    30.9    60.4   0.215   0.219   0.120   0.098   0.147     1.2     1.8     2.3     3.6     6.0
03063 20200128  2.622 -103.82   37.86     8.4    -8.5     0.0    -0.9     0.0    12.45 C    16.5    -9.5    -0.6    92.6    24.9    70.2   0.224   0.221   0.121   0.100   0.147     1.9     2.4     2.7     3.7     6.1
03063 20200129  2.622 -103.82   37.86     7.1    -9.1    -1.0    -0.6     0.0     6.11 C    12.9    -9.2    -0.1    84.8    35.1    66.5   0.222   0.220   0.121   0.099   0.147     1.2     1.8     2.5     3.9     6.1
03063 20200130  2.622 -103.82   37.86    10.2   -10.3     0.0     0.7     0.0    11.71 C    22.4   -10.3     1.6    86.6    19.1    55.3   0.220   0.220   0.122   0.100   0.146     1.3     1.8     2.4     3.8     6.1
03063 20200131  2.622 -103.82   37.86    13.8   -11.1     1.4     0.1     0.0    13.50 C    25.1   -12.2     0.7    84.6     8.4    42.9   0.221   0.220   0.123   0.100   0.147     1.5     2.0     2.5     3.8     6.1
03063 20200201  2.622 -103.82   37.86    22.7    -7.3     7.7     6.5     0.0    10.40 C    26.8    -8.8     4.8    67.2     6.5    36.0   0.221   0.221   0.123   0.100   0.147     2.0     2.3     2.6     3.9     6.1
03063 20200202  2.622 -103.82   37.86    25.9    -1.1    12.4    11.6     0.0    14.19 C    35.8    -4.1    10.1    48.7     2.1    21.5   0.224   0.223   0.125   0.100   0.147     3.6     3.5     3.3     4.0     6.1
03063 20200203  2.622 -103.82   37.86    14.8    -6.0     4.4    -0.1     0.3     1.89 C    10.1    -5.5     0.8    78.8    16.4    60.4   0.223   0.224   0.127   0.100   0.148     3.5     4.1     4.3     4.5     6.2
03063 20200204  2.622 -103.82   37.86    -5.5   -18.2   -11.8    -8.2     2.8     7.51 C     0.8   -18.2    -6.7    86.1    59.7    77.0   0.219   0.220   0.126   0.101   0.147     1.5     2.4     3.3     4.6     6.3
03063 20200205  2.622 -103.82   37.86    -3.9   -22.1   -13.0   -12.5     0.0    14.34 C     5.3   -21.0    -9.6    85.7    55.6    75.5   0.233   0.218   0.124   0.100   0.146     0.5     1.4     2.4     4.3     6.3
03063 20200206  2.622 -103.82   37.86     7.0   -16.1    -4.6    -3.6     3.0     9.16 C     9.8   -15.5    -3.3    92.4    29.5    63.8 -99.000   0.218   0.124   0.100   0.146    -0.2     0.6     1.7     3.9     6.3
03063 20200207  2.622 -103.82   37.86    -0.8   -12.6    -6.7    -4.2     7.2    10.48 C     0.9   -11.9    -3.7    91.4    74.4    86.2 -99.000   0.217   0.124   0.099   0.146     0.0     0.6     1.4     3.6     6.3
03063 20200208  2.622 -103.82   37.86     0.8   -15.4    -7.3    -7.1     0.0    13.19 C     3.3   -14.5    -6.0    88.6    64.2    80.5 -99.000   0.216   0.124   0.098   0.147     0.1     0.7     1.5     3.4     6.2
03063 20200209  2.622 -103.82   37.86     1.9    -9.1    -3.6    -2.8     0.0     8.77 C     6.6    -8.8    -2.3    86.6    56.2    74.8 -99.000   0.217   0.123   0.098   0.147     0.1     0.7     1.4     3.3     6.1
03063 20200210  2.622 -103.82   37.86     1.5    -8.4    -3.5    -3.6     0.0     8.35 C     6.0    -5.7    -1.5    87.0    52.0    74.9 -99.000   0.220   0.124   0.097   0.147     0.1     0.7     1.3     3.2     6.1
03063 20200211  2.622 -103.82   37.86     1.5    -9.9    -4.2    -3.7     1.5    14.15 C    10.2   -11.3    -1.8    89.9    56.9    75.1 -99.000   0.224   0.124   0.097   0.147     0.3     0.8     1.4     3.2     6.0
03063 20200212  2.622 -103.82   37.86     4.7   -13.7    -4.5    -2.9     0.0    10.74 C    11.5   -10.3    -1.6    85.9    41.6    67.0 -99.000   0.231   0.124   0.099   0.147     0.2     0.7     1.5     3.2     5.9
03063 20200213  2.622 -103.82   37.86    -2.3    -9.9    -6.1    -5.3     0.0     8.10 C     4.2    -8.0    -2.1    85.3    65.0    75.4 -99.000   0.233   0.126   0.099   0.147     0.1     0.6     1.3     3.1     5.9
03063 20200214  2.622 -103.82   37.86    10.2   -10.5    -0.1     0.4     0.0    14.96 C    19.2    -8.1     2.1    89.0    35.4    66.6 -99.000   0.234   0.128   0.099   0.147     0.5     0.9     1.4     3.1     5.9
03063 20200215  2.622 -103.82   37.86     8.6    -5.5     1.6     2.4     0.0    14.91 C    20.4    -5.2     3.5    82.6    36.7    57.3   0.243   0.238   0.131   0.099   0.147     1.6     2.0     2.1     3.2     5.8
03063 20200216  2.622 -103.82   37.86    18.2    -6.5     5.9     3.7     0.0    14.17 C    27.6    -6.1     4.5    86.3    19.3    62.0   0.245   0.241   0.134   0.100   0.147     2.8     2.9     2.9     3.6     5.8
03063 20200217  2.622 -103.82   37.86     8.2    -4.4     1.9     2.3     0.0     9.65 C    22.3    -4.7     3.8    88.2    36.2    68.5   0.245   0.243   0.135   0.100   0.147     3.4     3.6     3.6     4.0     5.8
03063 20200218  2.622 -103.82   37.86     0.9    -2.9    -1.0    -1.0     0.7     3.02 C     3.8    -1.7     0.1    90.4    62.8    80.3   0.242   0.243   0.137   0.100   0.147     2.7     3.3     3.7     4.3     5.9
03063 20200219  2.622 -103.82   37.86     2.2    -7.0    -2.4    -2.7     3.4     5.15 C     7.7    -6.6    -1.3    89.2    60.7    80.9   0.241   0.241   0.137   0.101   0.147     1.9     2.5     3.1     4.2     6.0
03063 20200220  2.622 -103.82   37.86     0.1   -20.3   -10.1    -7.8     0.5    17.22 C    10.5   -21.2    -5.1    86.9    57.9    76.8   0.245   0.241   0.138   0.100   0.147     1.9     2.4     2.9     4.1     6.0
03063 20200221  2.622 -103.82   37.86    13.6   -13.0     0.3    -1.8     0.0    16.55 C    20.1   -10.9     0.3    86.2    15.2    65.8   0.249   0.244   0.140   0.100   0.147     1.4     2.0     2.6     4.1     6.1
03063 20200222  2.622 -103.82   37.86    16.5    -4.0     6.3     5.2     0.0     8.88 C    18.9    -3.9     4.4    85.6    20.6    60.8   0.251   0.247   0.143   0.100   0.147     2.6     2.7     2.8     4.0     6.1
03063 20200223  2.622 -103.82   37.86    10.9    -2.7     4.1     3.2     0.0     6.88 C    13.9    -3.2     2.9    88.1    32.4    70.4   0.250   0.249   0.147   0.101   0.147     3.3     3.5     3.6     4.2     6.1
03063 20200224  2.622 -103.82   37.86    14.0    -6.3     3.8     1.0     0.0    12.39 C    25.0    -6.2     1.8    86.8    19.6    61.5   0.248   0.248   0.150   0.102   0.147     3.0     3.4     3.7     4.4     6.1
03063 20200225  2.622 -103.82   37.86    -0.5   -12.0    -6.3    -4.7     0.0     6.69 C     2.9   -11.1    -4.0    82.1    36.1    60.2   0.243   0.246   0.152   0.102   0.146     1.4     2.3     3.2     4.5     6.2
03063 20200226  2.622 -103.82   37.86     8.1   -16.3    -4.1    -5.3     0.0    18.10 C    23.3   -15.2    -1.4    81.5     9.3    50.5 -99.000   0.244   0.152   0.101   0.147     0.7     1.5     2.3     4.1     6.2
03063 20200227  2.622 -103.82   37.86    13.0   -12.4     0.3     0.3     0.0    17.97 C    30.4   -11.6     2.9    77.3    15.3    46.1 -99.000   0.243   0.154   0.100   0.147     1.2     1.7     2.2     3.9     6.2
03063 20200228  2.622 -103.82   37.86    17.8   -12.2     2.8     2.8     0.0    18.34 C    35.1   -11.7     5.4    81.1     6.9    40.5   0.240   0.244   0.156   0.100   0.146     2.2     2.5     2.7     3.9     6.1
03063 20200229  2.622 -103.82   37.86    20.0    -4.8     7.6     6.8     0.0    12.17 C    37.8    -6.8     7.2    63.8     5.1    30.9   0.242   0.245   0.158   0.101   0.146     3.5     3.6     3.5     4.1     6.1
03063 20200301  2.622 -103.82   37.86    18.6    -4.2     7.2     8.3     0.0    15.41 C    38.4    -6.7    10.1    60.2     9.9    33.1   0.243   0.247   0.161   0.101   0.146     4.8     4.7     4.4     4.5     6.1
03063 20200302  2.622 -103.82   37.86    17.8    -4.9     6.5     6.0     0.0    18.66 C    35.8    -6.6     9.3    68.1     9.5    37.9   0.243   0.249   0.164   0.102   0.147     6.1     6.0     5.6     5.1     6.2
03063 20200303  2.622 -103.82   37.86    18.9    -9.3     4.8     3.9     0.0    19.06 C    35.6   -10.3     6.7    78.6     9.5    40.3   0.241   0.248   0.165   0.103   0.147     5.7     5.9     5.9     5.6     6.3
03063 20200304  2.622 -103.82   37.86    21.3    -9.4     6.0     5.9     0.0    19.55 C    36.8    -9.9     7.5    79.7     2.2    33.5   0.240   0.247   0.166   0.105   0.147     5.8     6.0     5.9     5.9     6.5
03063 20200305  2.622 -103.82   37.86    13.0    -6.4     3.3     3.1     0.0    19.34 C    35.2    -9.2     7.1    67.2    20.9    40.1   0.238   0.247   0.167   0.104   0.147     6.0     6.2     6.2     6.1     6.7
03063 20200306  2.622 -103.82   37.86    23.6    -9.2     7.2     9.0     0.0    18.83 C    41.4   -10.1    11.0    80.4     6.5    36.2   0.238   0.247   0.167   0.104   0.149     6.4     6.4     6.3     6.3     6.8
03063 20200307  2.622 -103.82   37.86    24.0     1.8    12.9    12.6     0.0    19.71 C    44.0    -1.6    14.5    50.4     7.4    25.8   0.240   0.249   0.169   0.105   0.149     8.3     8.0     7.4     6.7     7.0
03063 20200308  2.622 -103.82   37.86    23.5     0.8    12.1    13.7     0.0    14.37 C    40.1    -1.9    14.0    63.6    14.3    33.8   0.239   0.249   0.171   0.107   0.149     9.0     8.8     8.3     7.2     7.1
03063 20200309  2.622 -103.82   37.86    19.1    -0.1     9.5    10.5     0.0    18.27 C    42.7    -1.5    15.3    74.8    17.7    47.6   0.239   0.251   0.173   0.106   0.150    10.2     9.9     9.1     7.8     7.3
03063 20200310  2.622 -103.82   37.86    23.7    -5.7     9.0    10.2     0.0    18.89 C    43.9    -6.9    12.8    83.4     6.8    39.1   0.237   0.250   0.174   0.108   0.149    10.0     9.9     9.5     8.3     7.5
03063 20200311  2.622 -103.82   37.86    24.8    -4.5    10.2    12.5     0.0    17.63 C    45.4    -5.5    15.2    77.1    11.0    37.4   0.236   0.249   0.174   0.109   0.151    10.3    10.2     9.7     8.7     7.8
03063 20200312  2.622 -103.82   37.86    20.9     1.0    10.9    11.6     0.0    15.94 C    43.7    -0.7    14.1    65.2    15.4    36.1   0.236   0.249   0.175   0.109   0.151    11.1    11.0    10.3     9.1     8.1
03063 20200313  2.622 -103.82   37.86    10.2     0.2     5.2     4.2     0.6    13.53 C    31.9    -0.3     8.0    84.5    41.9    62.9   0.231   0.246   0.174   0.111   0.151     9.5    10.0    10.1     9.4     8.3
03063 20200314  2.622 -103.82   37.86    11.8    -3.6     4.1     3.8     0.0    16.99 C    36.9    -5.3    10.7    90.6    43.2    73.2   0.229   0.244   0.172   0.111   0.151     9.3     9.5     9.4     9.3     8.5
03063 20200315  2.622 -103.82   37.86    15.8     1.3     8.5     6.4     0.0    16.27 C    38.0     3.1    12.7    91.2    37.8    72.5   0.229   0.244   0.173   0.111   0.152    10.0    10.0     9.7     9.3     8.7
03063 20200316  2.622 -103.82   37.86    20.1    -7.6     6.2     7.0     0.0    19.43 C    42.7    -7.4    13.0    93.3    19.0    65.3   0.228   0.243   0.173   0.109   0.151    10.3    10.4    10.1     9.5     8.8
03063 20200317  2.622 -103.82   37.86    21.1     1.6    11.3     7.9     0.9    15.33 C    37.5     0.5    11.7    92.4    28.9    74.5   0.228   0.243   0.173   0.111   0.153    10.8    10.9    10.5     9.7     9.0
03063 20200318  2.622 -103.82   37.86    23.4    -4.0     9.7    11.6     0.0    17.41 C    42.8    -5.3    13.8    91.4     9.0    42.9   0.226   0.242   0.173   0.110   0.153    10.8    10.8    10.5     9.9     9.1
03063 20200319  2.622 -103.82   37.86    16.5    -0.6     7.9     6.5     0.3    18.02 C    39.0    -1.2     9.9    85.3    19.8    54.3   0.225   0.241   0.173   0.110   0.154    10.5    10.9    10.7    10.1     9.3
03063 20200320  2.622 -103.82   37.86     9.9    -4.5     2.7     1.2     0.0    15.24 C    31.8    -5.5     7.2    69.5    28.8    52.9   0.221   0.237   0.171   0.111   0.153     9.1     9.7    10.0    10.1     9.4
03063 20200321  2.622 -103.82   37.86    16.2    -9.3     3.4     3.0     1.3    13.18 C    39.9    -9.4     7.0    89.5    23.4    64.0   0.218   0.235   0.169   0.111   0.154     8.3     8.9     9.3     9.8     9.5
03063 20200322  2.622 -103.82   37.86    20.2    -6.0     7.1     6.3     0.0    20.58 C    40.4    -6.1     9.1    92.5     7.0    55.2   0.218   0.234   0.169   0.111   0.153     8.9     9.2     9.2     9.5     9.6
03063 20200323  2.622 -103.82   37.86    21.3    -8.1     6.6     8.0     0.0    18.75 C    46.1    -8.4    11.9    86.5     8.9    46.0   0.218   0.234   0.168   0.112   0.154     9.2     9.4     9.3     9.5     9.6
03063 20200324  2.622 -103.82   37.86    22.6    -3.7     9.4    12.1     0.0    22.98 C    47.5    -4.0    17.4    93.2     9.2    39.2   0.219   0.235   0.170   0.111   0.155    10.8    10.6    10.1     9.6     9.6
03063 20200325  2.622 -103.82   37.86    24.6     1.9    13.3    14.8     0.0    22.87 C    39.8    -3.0    15.6    40.0     3.5    17.6   0.219   0.235   0.170   0.111   0.156    11.5    11.3    10.9    10.1     9.7
03063 20200326  2.622 -103.82   37.86    27.3     3.2    15.2    16.5     0.0    20.80 C    42.5     0.6    17.2    49.3     7.3    22.8   0.219   0.235   0.171   0.113   0.155    12.2    12.0    11.4    10.4     9.8
03063 20200327  2.622 -103.82   37.86    14.9    -0.8     7.1     7.1     0.7    16.66 C    42.8    -2.5    12.8    90.8    40.7    67.4   0.217   0.234   0.171   0.113   0.154    11.9    12.1    11.7    10.8     9.9
03063 20200328  2.622 -103.82   37.86    13.8    -5.2     4.3     5.4     0.0    22.39 C    40.1    -6.1     9.9    87.0     9.4    45.6   0.214   0.232   0.170   0.113   0.156    11.0    11.5    11.5    11.0    10.1
03063 20200329  2.622 -103.82   37.86    16.5    -7.7     4.4     6.2     0.0    19.56 C    42.1    -8.7    11.0    74.7    11.6    34.6   0.210   0.229   0.168   0.113   0.155    10.1    10.5    10.7    10.8    10.2
03063 20200330  2.622 -103.82   37.86    18.6    -4.6     7.0     7.1     0.0    18.78 C    47.6    -6.1    11.5    81.7    18.6    43.0   0.210   0.229   0.167   0.113   0.156    10.7    10.9    10.9    10.7    10.3
03063 20200331  2.622 -103.82   37.86    24.7    -4.0    10.3    11.1     0.0    23.88 C    48.4    -5.0    15.7    81.0     6.5    34.1   0.209   0.228   0.167   0.114   0.155    11.2    11.2    11.0    10.8    10.4
03063 20200401  2.622 -103.82   37.86    25.4     2.4    13.9    14.8     0.0    13.14 C    46.2     1.9    15.8    48.9     8.1    21.5   0.209   0.229   0.168   0.115   0.154    12.2    12.1    11.7    11.0    10.4
03063 20200402  2.622 -103.82   37.86    11.4    -2.2     4.6     4.8     0.0    19.87 C    40.2    -1.6    12.6    82.1    24.7    54.1   0.207   0.227   0.167   0.116   0.156    12.0    12.2    11.9    11.3    10.5
03063 20200403  2.622 -103.82   37.86     9.3    -3.4     2.9     1.6     0.0    17.30 C    35.3    -4.0     8.7    60.7    22.0    41.2   0.203   0.224   0.166   0.115   0.157    10.8    11.3    11.5    11.3    10.6
03063 20200404  2.622 -103.82   37.86    18.9    -7.8     5.6     6.3     0.0    22.58 C    44.2    -8.3    12.9    62.7    17.8    36.3   0.201   0.222   0.164   0.116   0.156    10.6    10.8    10.9    11.1    10.7
03063 20200405  2.622 -103.82   37.86    26.5    -4.8    10.9    12.0     0.0    24.55 C    50.4    -5.3    17.3    79.1     5.7    31.6   0.202   0.223   0.164   0.115   0.158    12.3    12.1    11.5    11.1    10.8
03063 20200406  2.622 -103.82   37.86    27.1     0.6    13.8    15.3     0.0    25.48 C    51.6    -2.9    18.8    38.7     2.7    14.7   0.201   0.223   0.165   0.116   0.158    13.3    13.1    12.4    11.5    10.8
03063 20200407  2.622 -103.82   37.86    27.7     0.3    14.0    15.3     0.0    25.53 C    54.0    -2.1    20.0    35.3     2.5    13.6   0.199   0.222   0.165   0.117   0.158    14.0    13.8    13.1    11.9    10.9
03063 20200408  2.622 -103.82   37.86    25.4     3.1    14.2    15.5     0.0    25.35 C    52.9     0.3    21.2    35.3     5.6    15.4   0.197   0.222   0.165   0.117   0.157    14.8    14.5    13.7    12.3    11.1
03063 20200409  2.622 -103.82   37.86    19.3     2.4    10.8    10.1     0.0    22.13 C    48.3     1.1    17.2    72.0    23.1    44.6   0.194   0.220   0.165   0.119   0.157    14.9    14.8    14.2    12.8    11.2
03063 20200410  2.622 -103.82   37.86    26.3    -0.7    12.8    13.0     0.0    22.34 C    50.5    -1.2    18.2    74.1     6.7    36.2   0.191   0.218   0.164   0.118   0.158    14.9    14.8    14.2    13.1    11.4
03063 20200411  2.622 -103.82   37.86    25.6    -1.0    12.3    15.2     0.0    25.24 C    52.3    -4.7    19.6    45.4     3.8    16.3   0.189   0.216   0.163   0.120   0.158    15.1    15.0    14.5    13.3    11.6
03063 20200412  2.622 -103.82   37.86    13.8    -2.8     5.5     0.8     0.0     5.62 C    13.0    -1.9     4.1    70.2    16.3    51.2   0.182   0.211   0.161   0.120   0.158    12.7    13.7    14.2    13.5    11.8
03063 20200413  2.622 -103.82   37.86     2.4    -3.5    -0.5    -1.5     1.5     8.55 C    15.7    -2.5     2.6    88.9    38.5    64.0   0.177   0.205   0.157   0.119   0.160    10.1    11.1    12.1    12.9    12.0
03063 20200414  2.622 -103.82   37.86     9.5    -8.1     0.7    -0.1     0.7    23.76 C    30.4    -8.5     5.6    89.1    14.6    59.9   0.176   0.203   0.155   0.118   0.160    10.2    10.7    11.1    12.1    12.0
03063 20200415  2.622 -103.82   37.86    17.9    -9.7     4.1     5.4     0.0    24.64 C    44.5   -11.2    11.7    83.4     8.7    37.6   0.176   0.202   0.153   0.116   0.160    10.4    10.7    11.0    11.7    12.0
03063 20200416  2.622 -103.82   37.86    11.6    -5.5     3.1     1.6     0.0    14.56 C    41.2    -8.4     7.3    79.3    34.6    61.0   0.175   0.201   0.153   0.117   0.160    10.4    11.0    11.3    11.6    11.8
03063 20200417  2.622 -103.82   37.86    14.5    -3.5     5.5     3.8     0.0    24.92 C    43.6    -3.9    12.6    79.2    16.7    47.3   0.176   0.200   0.152   0.117   0.157    11.0    11.1    11.1    11.5    11.7
03063 20200418  2.622 -103.82   37.86    22.0    -5.5     8.3     8.8     0.0    17.76 C    47.1    -6.6    13.0    71.6    13.5    39.9   0.175   0.200   0.152   0.117   0.158    11.3    11.6    11.5    11.6    11.7
03063 20200419  2.622 -103.82   37.86    19.6    -3.9     7.8     9.0     0.3    21.39 C    51.6    -4.5    15.4    78.6    19.5    48.7   0.176   0.200   0.151   0.117   0.159    12.4    12.3    11.9    11.7    11.7
03063 20200420  2.622 -103.82   37.86    22.0    -2.3     9.8    11.1     0.0    25.94 C    51.8    -2.7    19.1    83.3    15.8    42.4   0.177   0.200   0.152   0.119   0.159    13.6    13.3    12.7    12.0    11.7
03063 20200421  2.622 -103.82   37.86    20.3     3.4    11.8    12.7     0.2    14.30 C    44.7     1.7    15.5    85.8    27.5    50.5   0.175   0.200   0.152   0.118   0.158    13.9    13.9    13.5    12.5    11.7
03063 20200422  2.622 -103.82   37.86    24.1     2.9    13.5    14.6     0.0    18.27 C    47.7     1.9    18.5    86.7    11.2    40.6   0.174   0.199   0.151   0.120   0.159    14.3    14.1    13.6    12.8    11.8
03063 20200423  2.622 -103.82   37.86    23.9     0.9    12.4    14.9     0.0    19.31 C    50.4    -2.4    18.7    61.1    10.5    29.7   0.173   0.198   0.150   0.120   0.160    14.5    14.4    13.9    13.0    11.9
03063 20200424  2.622 -103.82   37.86    19.5    -0.4     9.6    10.5     0.2    23.66 C    48.9    -0.6    16.7    91.0    20.5    52.9   0.172   0.197   0.150   0.121   0.159    14.9    14.9    14.3    13.3    12.1
03063 20200425  2.622 -103.82   37.86    21.4    -4.3     8.5     9.7     0.0    25.92 C    51.5    -4.6    18.4    79.2    16.5    44.4   0.170   0.195   0.149   0.121   0.160    14.9    14.8    14.3    13.5    12.2
03063 20200426  2.622 -103.82   37.86    27.3     0.0    13.7    16.4     0.0    20.43 C    53.1    -0.9    21.1    71.0     5.9    28.9   0.170   0.195   0.148   0.121   0.158    15.8    15.5    14.9    13.7    12.4
03063 20200427  2.622 -103.82   37.86    28.9     2.5    15.7    17.0     0.0    27.61 C    57.4     1.3    24.5    62.8     7.8    26.2   0.170   0.196   0.148   0.122   0.161    17.4    16.8    15.7    14.1    12.5
03063 20200428  2.622 -103.82   37.86    27.5     3.2    15.4    16.8     0.0    27.08 C    57.3     2.7    24.7    53.5    12.6    27.9   0.169   0.195   0.148   0.123   0.160    18.2    17.7    16.6    14.6    12.7
03063 20200429  2.622 -103.82   37.86    24.3    -3.0    10.7    12.4     0.0    28.28 C    54.8    -3.0    21.0    69.5     8.5    28.3   0.165   0.193   0.147   0.124   0.162    17.9    17.7    17.0    15.2    12.9
03063 20200430  2.622 -103.82   37.86    34.0     1.2    17.6    18.4     0.0    22.40 C    59.4    -0.9    23.8    41.8     5.9    18.1   0.163   0.191   0.146   0.125   0.162    18.0    17.8    17.1    15.5    13.1
03063 20200501  2.622 -103.82   37.86    34.1    10.6    22.4    23.4     0.0    26.91 C    62.7     8.1    29.5    38.9     5.7    16.7   0.163   0.191   0.145   0.126   0.162    20.0    19.1    17.8    15.8    13.4
03063 20200502  2.622 -103.82   37.86    25.5    11.2    18.3    18.0     0.0    26.11 C    56.2     9.6    26.1    69.4    19.8    43.3   0.160   0.191   0.145   0.127   0.163    20.7    20.1    18.8    16.4    13.5
03063 20200503  2.622 -103.82   37.86    32.1    12.3    22.2    20.8     0.0    27.18 C    59.3     9.6    28.6    63.3     4.0    31.4   0.158   0.190   0.145   0.127   0.163    21.5    20.7    19.4    16.9    13.8
03063 20200504  2.622 -103.82   37.86    27.1     6.8    16.9    17.4     0.0    26.23 C    57.8     4.3    25.9    71.1    16.2    42.9   0.154   0.188   0.144   0.128   0.163    21.5    20.9    19.8    17.4    14.1
03063 20200505  2.622 -103.82   37.86    25.7    -0.4    12.7    14.7     0.0    27.72 C    55.1    -0.1    23.6    84.6    11.9    39.8   0.151   0.186   0.143   0.129   0.164    20.9    20.5    19.7    17.7    14.4
03063 20200506  2.622 -103.82   37.86    25.5     2.9    14.2    15.9     0.0    27.93 C    54.9     1.1    24.4    57.7    12.2    30.3   0.148   0.184   0.142   0.130   0.165    20.8    20.4    19.7    17.9    14.7
03063 20200507  2.622 -103.82   37.86    28.2     5.1    16.6    16.5     0.0    28.01 C    59.2     4.1    24.9    62.1    10.7    28.0   0.146   0.182   0.141   0.129   0.165    21.2    20.8    19.9    18.0    14.9
03063 20200508  2.622 -103.82   37.86    18.8     4.6    11.7    10.9     0.0    27.33 C    46.7     2.6    19.5    58.4    16.1    35.8   0.141   0.180   0.140   0.130   0.166    20.3    20.2    19.8    18.2    15.1
03063 20200509  2.622 -103.82   37.86    21.6    -1.3    10.1    12.4     0.0    28.77 C    48.6    -2.5    19.5    57.9    16.0    30.9   0.138   0.177   0.138   0.130   0.165    19.6    19.6    19.2    18.1    15.4
03063 20200510  2.622 -103.82   37.86    24.0    -4.4     9.8    11.6     0.0    28.86 C    50.7    -4.5    19.3    55.9    15.2    35.5   0.136   0.175   0.137   0.130   0.167    19.3    19.2    18.9    17.9    15.5
03063 20200511  2.622 -103.82   37.86    15.8     3.8     9.8     9.0     3.3     9.83 C    25.9     4.9    11.8    92.5    45.6    63.8   0.132   0.173   0.136   0.130   0.166    17.9    18.5    18.7    17.9    15.6
03063 20200512  2.622 -103.82   37.86    23.8     3.8    13.8    11.0     0.2    19.66 C    40.1     4.9    15.6    92.5    29.8    70.5   0.130   0.170   0.134   0.129   0.166    16.9    17.2    17.4    17.4    15.6
03063 20200513  2.622 -103.82   37.86    31.4     6.2    18.8    18.6     0.0    26.52 C    53.3     5.2    24.3    87.5     3.4    35.7   0.134   0.171   0.134   0.129   0.168    18.5    18.2    17.7    17.1    15.6
03063 20200514  2.622 -103.82   37.86    27.9     8.2    18.1    18.6    22.0    27.51 C    54.2     0.1    26.8    86.9    14.3    49.0   0.152   0.172   0.135   0.129   0.167    19.7    19.5    18.6    17.2    15.6
03063 20200515  2.622 -103.82   37.86    24.2     7.9    16.0    15.7     0.0    23.54 C    32.9     6.9    17.4    90.7    31.5    63.0   0.289   0.171   0.133   0.129   0.168    17.0    17.6    17.8    17.4    15.6
03063 20200516  2.622 -103.82   37.86    25.2    10.8    18.0    17.1     0.8    26.80 C    41.0     9.3    22.0    87.6    23.6    57.7   0.277   0.188   0.133   0.130   0.168    19.3    19.0    18.3    17.2    15.7
03063 20200517  2.622 -103.82   37.86    29.5    13.8    21.6    20.7     0.0    27.93 C    48.8    14.0    26.5    85.4    18.8    49.7   0.271   0.206   0.135   0.129   0.168    21.3    20.8    19.6    17.6    15.7
03063 20200518  2.622 -103.82   37.86    34.1    10.3    22.2    21.7     0.0    28.87 C    50.3     9.6    27.8    78.2    13.3    45.1   0.264   0.219   0.137   0.130   0.167    22.2    21.8    20.6    18.3    15.8
03063 20200519  2.622 -103.82   37.86    35.0     9.7    22.4    22.0     4.3    25.17 C    51.2     8.9    26.2    87.9    11.8    52.0   0.258   0.226   0.139   0.133   0.168    22.8    22.6    21.5    19.0    16.0
03063 20200520  2.622 -103.82   37.86    34.9    12.5    23.7    23.2     0.0    29.93 C    44.9     9.8    24.4    89.2     2.0    36.0   0.254   0.226   0.139   0.132   0.167    22.0    22.1    21.4    19.4    16.2
03063 20200521  2.622 -103.82   37.86    27.6     8.9    18.2    19.6     0.0    30.05 C    51.6     6.2    26.1    69.7     8.3    27.6   0.247   0.223   0.138   0.133   0.168    21.3    21.3    20.9    19.4    16.4
03063 20200522  2.622 -103.82   37.86    31.4    10.5    21.0    21.7     0.0    30.57 C    55.2     9.4    28.1    81.1     4.5    26.1   0.242   0.223   0.140   0.133   0.168    22.8    22.4    21.5    19.6    16.6
03063 20200523  2.622 -103.82   37.86    30.8    12.2    21.5    21.9     0.0    20.40 C    49.3     8.2    24.1    44.2     4.3    14.4   0.230   0.219   0.140   0.134   0.169    21.5    21.8    21.5    19.8    16.8
03063 20200524  2.622 -103.82   37.86    24.1     8.3    16.2    15.3     4.3    22.51 C    51.1     7.7    21.5    84.6    29.8    55.0   0.222   0.215   0.139   0.135   0.170    21.3    21.4    21.0    19.8    16.9
03063 20200525  2.622 -103.82   37.86    20.6     4.9    12.8    13.2     0.0    25.21 C    41.6     4.9    17.1    85.6    21.6    51.9   0.215   0.211   0.138   0.134   0.170    19.0    19.7    20.0    19.6    17.1
03063 20200526  2.622 -103.82   37.86    27.7     2.3    15.0    16.3     0.0    30.49 C    52.6     1.7    23.3    80.8    10.6    37.1   0.212   0.207   0.137   0.133   0.170    19.4    19.5    19.3    19.0    17.1
03063 20200527  2.622 -103.82   37.86    30.2     5.4    17.8    20.1     0.0    27.09 C    55.7     4.5    27.6    67.8    15.0    33.2   0.208   0.207   0.139   0.133   0.170    21.4    21.0    20.2    19.0    17.1
03063 20200528  2.622 -103.82   37.86    29.2    10.2    19.7    21.0     0.0    27.47 C    55.3     9.0    28.4    85.6    19.0    44.9   0.204   0.207   0.140   0.134   0.170    23.2    22.6    21.5    19.5    17.1
03063 20200529  2.622 -103.82   37.86    34.4    14.3    24.4    24.4     0.0    26.59 C    60.6    11.1    31.0    54.4     8.6    30.0   0.198   0.205   0.142   0.135   0.170    24.4    23.7    22.4    20.0    17.2
03063 20200530  2.622 -103.82   37.86    36.0    14.4    25.2    24.1     0.8    25.63 C    62.1    12.1    30.7    80.4    12.4    39.2   0.190   0.203   0.143   0.137   0.171    25.2    24.6    23.3    20.6    17.4
03063 20200531  2.622 -103.82   37.86    34.5    14.8    24.7    22.6     7.8    17.41 C    60.7    11.9    24.2    75.3    15.6    48.9   0.182   0.199   0.143   0.137   0.170    23.8    23.9    23.3    21.1    17.6
03063 20200601  2.622 -103.82   37.86    35.2    14.8    25.0    25.5     0.0    25.70 C    53.2    12.1    27.8    66.8    11.3    33.9   0.186   0.195   0.140   0.137   0.172    23.3    23.0    22.4    21.0    17.9
03063 20200602  2.622 -103.82   37.86    34.5    13.3    23.9    24.4     0.0    27.90 C    60.2    11.9    29.7    68.5    12.0    35.7   0.188   0.195   0.141   0.137   0.172    24.4    24.0    23.1    21.1    18.0
03063 20200603  2.622 -103.82   37.86    34.0    10.9    22.5    23.1     0.0    23.95 C    61.9     9.7    28.5    73.7    10.0    37.9   0.185   0.193   0.141   0.137   0.172    24.4    24.2    23.4    21.4    18.1
03063 20200604  2.622 -103.82   37.86    37.0    11.3    24.1    25.3     0.0    27.73 C    62.1     9.8    32.1    71.8     6.3    30.3   0.181   0.191   0.141   0.139   0.173    25.3    24.8    23.6    21.6    18.3
03063 20200605  2.622 -103.82   37.86    38.6    11.8    25.2    26.2     0.0    27.53 C    63.1    10.3    32.5    57.8     6.1    25.6   0.177   0.190   0.141   0.139   0.173    26.4    25.6    24.4    21.9    18.5
03063 20200606  2.622 -103.82   37.86    36.7    21.4    29.0    29.4     0.0    14.54 C    47.0    18.2    29.1    40.7     9.6    22.6   0.169   0.187   0.141   0.139   0.174    25.7    25.4    24.6    22.3    18.7
03063 20200607  2.622 -103.82   37.86    38.2    21.3    29.8    29.6     0.0    30.99 C    54.1    17.3    32.4    38.8     3.1    14.5   0.165   0.185   0.140   0.139   0.173    26.4    25.6    24.5    22.4    18.8
03063 20200608  2.622 -103.82   37.86    34.5    12.5    23.5    24.1     0.0    30.89 C    59.1     9.6    30.4    43.9     6.8    18.5   0.159   0.183   0.140   0.141   0.174    26.8    26.0    24.8    22.6    19.0
03063 20200609  2.622 -103.82   37.86    20.1     7.5    13.8    12.4    13.5    14.83 C    24.7     7.3    12.7    84.9    31.1    60.5   0.173   0.176   0.137   0.140   0.175    20.8    22.6    23.6    22.7    19.2
03063 20200610  2.622 -103.82   37.86    26.9     4.5    15.7    17.1     0.0    30.82 C    42.5     4.1    21.2    86.5    15.3    42.2   0.212   0.172   0.132   0.137   0.175    20.4    20.6    20.9    21.5    19.4
03063 20200611  2.622 -103.82   37.86    31.7     8.8    20.2    21.5     0.0    30.64 C    52.0     7.4    26.7    75.4     9.5    32.6   0.219   0.175   0.134   0.136   0.175    22.2    22.0    21.6    21.0    19.3
03063 20200612  2.622 -103.82   37.86    34.3    12.1    23.2    24.1     0.0    29.52 C    55.7    10.0    29.9    63.6     9.2    29.7   0.214   0.179   0.135   0.137   0.176    24.1    23.6    22.7    21.2    19.1
03063 20200613  2.622 -103.82   37.86    36.5    14.5    25.5    25.6     0.4    22.12 C    57.9     8.7    28.9    45.5     7.0    25.3   0.200   0.181   0.137   0.139   0.175    24.5    24.4    23.5    21.6    19.1
03063 20200614  2.622 -103.82   37.86    35.7    19.0    27.4    27.5     0.0    22.92 C    57.0     5.9    30.0    47.8    10.9    23.5   0.187   0.181   0.137   0.138   0.176    24.8    24.5    23.7    21.9    19.2
03063 20200615  2.622 -103.82   37.86    36.9    21.3    29.1    28.3     0.0    24.24 C    62.0    14.3    32.0    30.2     6.2    18.3   0.181   0.182   0.138   0.138   0.174    25.6    25.0    24.0    22.2    19.3
03063 20200616  2.622 -103.82   37.86    36.7    19.3    28.0    27.5     0.0    24.16 C    58.3    13.2    30.7    34.5     8.7    21.5   0.175   0.182   0.138   0.140   0.174    25.8    25.4    24.5    22.5    19.4
03063 20200617  2.622 -103.82   37.86    38.1    17.1    27.6    28.6     0.0    28.98 C    60.5    -2.9    31.6    41.3     1.9    14.6   0.170   0.181   0.139   0.139   0.176    26.6    25.9    24.7    22.7    19.6
03063 20200618  2.622 -103.82   37.86    28.4    15.4    21.9    22.7     0.7    29.30 C    53.6     5.1    28.5    72.4    17.4    26.6   0.163   0.180   0.139   0.141   0.175    26.5    25.9    25.0    23.0    19.7
03063 20200619  2.622 -103.82   37.86    19.9    11.7    15.8    15.3     3.2     9.67 C    29.5    10.3    16.7    89.6    51.7    72.8   0.153   0.176   0.137   0.141   0.177    23.5    24.2    24.3    23.1    19.9
03063 20200620  2.622 -103.82   37.86    31.7     9.0    20.3    21.0     0.0    29.69 C    54.0     7.8    26.9    91.4    13.1    48.6   0.152   0.173   0.134   0.139   0.175    23.3    23.0    22.7    22.4    20.0
03063 20200621  2.622 -103.82   37.86    35.0    10.3    22.7    24.4     0.0    26.50 C    60.4     8.5    30.5    64.6     7.7    27.6   0.153   0.175   0.135   0.139   0.174    24.6    24.1    23.5    22.2    20.0
03063 20200622  2.622 -103.82   37.86    33.4    10.8    22.1    22.9     0.0    21.93 C    55.7     8.0    28.0    78.2    16.3    36.6   0.154   0.175   0.135   0.140   0.174    25.1    24.7    24.0    22.4    20.0
03063 20200623  2.622 -103.82   37.86    31.8    12.6    22.2    22.7     0.3    25.40 C    58.8     0.3    29.0    87.9    19.0    48.2   0.153   0.175   0.136   0.140   0.175    25.9    25.3    24.3    22.6    20.1
03063 20200624  2.622 -103.82   37.86    36.0    12.6    24.3    24.5     1.6    25.58 C    64.8     6.9    30.7    74.2    11.8    38.3   0.151   0.175   0.136   0.141   0.177    26.7    26.0    24.9    22.9    20.1
03063 20200625  2.622 -103.82   37.86    37.1    15.1    26.1    26.8     0.0    21.71 C    64.6     0.0    28.3    60.4     8.5    28.0   0.147   0.174   0.135   0.140   0.176    26.3    25.8    25.1    23.2    20.2
03063 20200626  2.622 -103.82   37.86    33.7    15.2    24.4    24.3     2.4    21.04 C    51.4    -4.5    29.1    85.2    18.5    42.7   0.144   0.174   0.135   0.142   0.175    26.6    26.0    25.1    23.3    20.3
03063 20200627  2.622 -103.82   37.86    37.1    13.0    25.0    24.0     0.0    24.55 C    58.6    11.6    27.7    86.9     6.3    41.7   0.140   0.172   0.134   0.141   0.177    25.9    25.7    25.0    23.4    20.4
03063 20200628  2.622 -103.82   37.86    38.0    12.0    25.0    27.2     0.0    27.11 C    63.2     0.0    31.6    51.7     6.0    19.9   0.141   0.171   0.134   0.141   0.176    26.3    25.7    24.9    23.4    20.5
03063 20200629  2.622 -103.82   37.86    37.8    15.6    26.7    28.1     0.0    26.74 C    60.3    11.6    32.1    27.4     5.5    12.9   0.141   0.171   0.134   0.141   0.176    27.1    26.4    25.4    23.5    20.6
03063 20200630  2.622 -103.82   37.86    33.9    15.4    24.6    26.4     0.0    30.67 C    58.8     9.5    32.1    41.0     1.8    16.8   0.137   0.171   0.134   0.142   0.178    27.6    26.8    25.7    23.7    20.7
03063 20200701  2.622 -103.82   37.86    33.0     8.8    20.9    23.2     0.0    29.86 C    58.3     7.6    30.0    57.4     8.6    26.9   0.132   0.170   0.134   0.143   0.178    27.6    26.9    25.9    24.0    20.8
03063 20200702  2.622 -103.82   37.86    36.6    11.6    24.1    25.6     0.0    24.75 C    63.5    10.9    31.5    80.2     9.7    35.6   0.128   0.170   0.133   0.143   0.178    28.3    27.3    26.2    24.1    20.9
03063 20200703  2.622 -103.82   37.86    35.8    14.6    25.2    25.2     0.0    27.10 C    62.6    11.8    32.2    73.3    12.1    38.7   0.125   0.170   0.133   0.144   0.179    28.9    27.9    26.6    24.4    21.1
03063 20200704  2.622 -103.82   37.86    34.6    15.2    24.9    23.2     2.7    23.46 C    58.4    11.6    30.1    88.3    19.5    54.6   0.122   0.169   0.134   0.142   0.178    28.8    27.9    26.8    24.7    21.2
03063 20200705  2.622 -103.82   37.86    29.5    12.9    21.2    21.7     0.0    27.07 C    51.0     9.1    27.3    91.4    33.4    60.9   0.119   0.166   0.133   0.143   0.179    27.3    27.0    26.4    24.7    21.4
03063 20200706  2.622 -103.82   37.86    34.9    11.7    23.3    24.8     0.0    29.71 C    60.7   -19.0    31.6    88.4    11.1    43.4   0.123   0.165   0.132   0.142   0.178    27.8    27.0    26.2    24.6    21.5
03063 20200707  2.622 -103.82   37.86    37.5    16.0    26.7    27.4     0.0    24.98 C    63.2   -19.0    31.7    63.2     9.1    31.2   0.125   0.165   0.133   0.142   0.178    28.5    27.7    26.6    24.7    21.6
03063 20200708  2.622 -103.82   37.86    39.7    18.3    29.0    30.3     0.0    30.36 C    64.6   -30.2    30.7    51.0     2.1    18.2   0.123   0.165   0.132   0.143   0.180    29.6    28.4    27.0    24.8    21.6
03063 20200709  2.622 -103.82   37.86    36.9    15.2    26.0    27.6     0.0    29.37 C    63.3   -22.9    31.2    66.3    10.9    28.6   0.120   0.164   0.133   0.144   0.180    30.0    28.8    27.5    25.2    21.7
03063 20200710  2.622 -103.82   37.86    38.4    21.2    29.8    28.7     0.0    28.74 C    64.3   -29.4    25.4    79.1     5.1    42.1   0.118   0.165   0.134   0.143   0.178    31.6    30.0    28.3    25.5    21.8
03063 20200711  2.622 -103.82   37.86    37.7    18.3    28.0    28.7     0.0    28.68 C    62.1   -21.6    28.9    63.7    12.0    34.5   0.115   0.164   0.134   0.144   0.182    31.7    30.3    28.8    26.0    22.0
03063 20200712  2.622 -103.82   37.86    38.5    17.2    27.8    26.4     2.4    22.00 C    63.0   -19.7    25.1    78.2    11.2    52.6   0.113   0.163   0.134   0.143   0.180    31.6    30.5    29.1    26.3    22.2
03063 20200713  2.622 -103.82   37.86    38.9    16.0    27.5    27.9     0.0    22.37 C    61.7   -11.8    31.3    83.1     9.9    36.5   0.110   0.158   0.132   0.143   0.181    29.3    29.0    28.3    26.4    22.4
03063 20200714  2.622 -103.82   37.86    35.9    16.6    26.2    24.4     7.6    17.88 C    55.1   -37.0    27.9    85.1    17.2    49.9   0.110   0.155   0.131   0.144   0.181    28.5    28.4    27.8    26.2    22.6
03063 20200715  2.622 -103.82   37.86    30.4    16.0    23.2    21.5    22.2    21.66 C    43.0   -24.4    23.1    90.7    41.7    68.5   0.175   0.151   0.129   0.143   0.182    25.5    26.4    26.6    25.8    22.7
03063 20200716  2.622 -103.82   37.86    33.7    16.0    24.9    24.0     0.0    20.51 C    45.9   -33.7    24.5    87.6    22.5    54.1   0.299   0.171   0.126   0.141   0.181    24.2    24.7    25.1    25.1    22.7
03063 20200717  2.622 -103.82   37.86    36.4    17.4    26.9    27.3     0.2    23.27 C    56.6   -12.1    27.0    71.2    13.3    36.9   0.283   0.199   0.126   0.141   0.182    25.3    25.4    25.1    24.6    22.6
03063 20200718  2.622 -103.82   37.86    36.5    19.8    28.1    28.6     0.0    24.34 C    58.9     1.9    31.4    57.1    13.2    30.0   0.271   0.213   0.127   0.141   0.183    26.4    26.4    25.9    24.6    22.5
03063 20200719  2.622 -103.82   37.86    34.7    19.1    26.9    25.9     0.0    23.91 C    77.2   -36.8    30.2    72.3    14.6    44.4   0.261   0.219   0.128   0.140   0.180    27.4    27.2    26.5    24.9    22.4
03063 20200720  2.622 -103.82   37.86    35.8    15.3    25.6    25.3     0.0    26.69 C    59.6    -8.7    31.1    81.4    12.3    42.5   0.250   0.220   0.129   0.141   0.180    27.7    27.5    26.8    25.0    22.4
03063 20200721  2.622 -103.82   37.86    35.1    14.8    24.9    24.9     0.0    25.64 C    56.8    -5.4    30.7    78.3    17.8    42.6   0.238   0.217   0.130   0.143   0.181    27.7    27.6    27.0    25.3    22.4
03063 20200722  2.622 -103.82   37.86    37.3    16.4    26.8    27.3     0.0    22.59 C    57.6     9.2    31.3    61.0    10.2    30.4   0.225   0.213   0.130   0.143   0.181    27.4    27.3    26.8    25.4    22.5
03063 20200723  2.622 -103.82   37.86    35.1    19.4    27.2    27.4     0.6    20.58 C    58.8    -1.2    31.8    56.0    15.5    34.7   0.213   0.209   0.130   0.142   0.182    27.6    27.4    26.8    25.3    22.6
03063 20200724  2.622 -103.82   37.86    36.4    20.3    28.3    26.6     6.8    22.12 C    60.8   -25.7    29.4    73.1    17.0    44.4   0.203   0.205   0.131   0.142   0.182    27.3    27.4    26.9    25.4    22.6
03063 20200725  2.622 -103.82   37.86    34.7    17.9    26.3    25.1     0.0    18.85 C    52.9     2.6    27.3    82.3    20.7    52.4   0.197   0.198   0.130   0.142   0.182    26.0    26.2    26.1    25.2    22.7
03063 20200726  2.622 -103.82   37.86    33.6    19.5    26.5    24.6    16.9    19.14 C    55.4   -13.7    27.2    88.7    26.3    58.7   0.196   0.194   0.130   0.141   0.182    26.6    26.4    26.0    25.0    22.7
03063 20200727  2.622 -103.82   37.86    24.9    18.0    21.4    20.8    18.4    13.90 C    33.7    17.4    22.4    90.6    62.5    79.9   0.319   0.242   0.129   0.141   0.182    24.3    25.0    25.4    24.9    22.7
03063 20200728  2.622 -103.82   37.86    30.4    15.9    23.2    22.6     0.0    25.52 C    41.5   -19.1    25.4    91.5    33.8    68.0   0.303   0.271   0.128   0.141   0.182    24.9    24.9    24.7    24.4    22.6
03063 20200729  2.622 -103.82   37.86    35.5    16.2    25.8    24.9     0.3    25.40 C    50.7   -42.6    26.7    90.8    11.6    51.0   0.288   0.274   0.130   0.141   0.181    25.6    25.7    25.3    24.3    22.6
03063 20200730  2.622 -103.82   37.86    29.8    14.5    22.2    21.8     1.6    18.34 C    49.0    -8.0    22.6    89.1    27.7    57.5   0.274   0.267   0.133   0.141   0.182    24.5    25.1    25.2    24.4    22.5
03063 20200731  2.622 -103.82   37.86    30.7    13.5    22.1    21.7     1.0    27.36 C    49.0    13.0    26.9    91.3    20.4    59.4   0.265   0.262   0.135   0.140   0.182    24.7    24.7    24.5    24.1    22.4
03063 20200801  2.622 -103.82   37.86    31.9    13.8    22.9    22.7     0.2    27.46 C    49.0   -16.7    26.3    88.9    16.3    53.8   0.255   0.256   0.140   0.140   0.182    25.5    25.5    25.1    24.1    22.4
03063 20200802  2.622 -103.82   37.86    31.8    14.8    23.3    23.0     0.0    24.12 C    48.9    14.1    27.7    87.6    22.3    54.8   0.244   0.249   0.144   0.141   0.181    26.0    26.0    25.5    24.3    22.3
03063 20200803  2.622 -103.82   37.86    31.1    12.9    22.0    22.6     0.0    23.71 C    50.2    -2.3    27.0    86.7    28.7    54.7   0.231   0.240   0.146   0.141   0.181    26.1    26.1    25.6    24.4    22.3
03063 20200804  2.622 -103.82   37.86    33.8    14.9    24.4    23.7     0.5    20.85 C    49.9   -16.8    27.2    88.4    12.7    55.3   0.219   0.231   0.147   0.141   0.181    26.4    26.3    25.8    24.5    22.4
03063 20200805  2.622 -103.82   37.86    34.9    16.2    25.5    25.9     0.0    24.87 C    66.1   -37.7    23.4    82.9    20.2    46.4   0.206   0.218   0.146   0.141   0.181    26.5    26.4    25.8    24.6    22.4
03063 20200806  2.622 -103.82   37.86    35.6    17.0    26.3    26.2     0.0    23.85 C    53.2   -35.8    21.5    86.7    14.8    47.6   0.196   0.207   0.146   0.141   0.181    27.5    27.2    26.3    24.8    22.4
03063 20200807  2.622 -103.82   37.86    38.0    14.6    26.3    26.9     0.0    23.45 C    53.6   -22.9    23.5    79.6     7.2    35.6   0.186   0.198   0.145   0.141   0.182    27.4    27.2    26.5    25.0    22.5
03063 20200808  2.622 -103.82   37.86    36.9    16.3    26.6    28.0     0.0    25.05 C    53.7   -32.1    22.4    45.3     6.4    20.1   0.177   0.189   0.142   0.143   0.183    27.5    27.2    26.6    25.1    22.5
03063 20200809  2.622 -103.82   37.86    38.6    14.2    26.4    27.7     0.0    26.16 C    57.2   -41.9    24.1    57.4     5.6    22.2   0.170   0.183   0.139   0.142   0.182    27.7    27.3    26.6    25.2    22.6
03063 20200810  2.622 -103.82   37.86    35.7    12.9    24.3    25.0     0.3    24.27 C    52.5    -4.3    26.6    52.4     8.9    26.4   0.163   0.178   0.138   0.143   0.182    27.6    27.4    26.7    25.3    22.7
03063 20200811  2.622 -103.82   37.86    38.1    13.3    25.7    27.0     0.0    25.25 C    58.3   -19.2    28.3    66.2     5.5    28.3   0.157   0.174   0.136   0.143   0.182    27.8    27.3    26.6    25.3    22.8
03063 20200812  2.622 -103.82   37.86    36.4    17.7    27.0    26.2     0.0    25.69 C    55.9   -21.1    25.4    82.0     8.7    41.2   0.153   0.172   0.135   0.144   0.183    28.7    28.1    27.0    25.4    22.8
03063 20200813  2.622 -103.82   37.86    37.5    17.2    27.3    27.5     0.0    26.06 C    57.6   -40.0    24.5    84.7     5.4    39.6   0.149   0.170   0.135   0.143   0.183    29.4    28.7    27.5    25.6    22.8
03063 20200814  2.622 -103.82   37.86    38.8    15.6    27.2    27.8     0.0    26.07 C    57.2   -33.7    24.8    59.9     3.8    32.4   0.143   0.168   0.133   0.143   0.183    29.4    28.8    27.8    25.9    22.9
03063 20200815  2.622 -103.82   37.86    37.2    13.7    25.4    25.2     0.0    24.81 C    54.8   -39.7    29.2    77.1    13.7    43.6   0.138   0.166   0.132   0.143   0.183    29.2    28.7    27.7    26.0    23.0
03063 20200816  2.622 -103.82   37.86    36.7    18.2    27.4    25.6     0.8    22.36 C    56.1   -49.8    25.9    82.7    15.7    46.4   0.134   0.165   0.131   0.143   0.185    29.5    28.9    27.9    26.1    23.2
03063 20200817  2.622 -103.82   37.86    35.6    13.4    24.5    25.0     0.0    25.81 C    55.1   -30.5    29.5    84.1     8.7    37.9   0.130   0.162   0.130   0.142   0.183    29.0    28.5    27.7    26.2    23.3
03063 20200818  2.622 -103.82   37.86    37.8    14.8    26.3    26.9     0.0    24.28 C    57.2   -24.4    28.6    56.9     7.8    24.7   0.127   0.161   0.129   0.143   0.184    29.1    28.5    27.6    26.1    23.3
03063 20200819  2.622 -103.82   37.86    35.3    14.8    25.1    26.0     0.0    23.74 C    54.0   -25.5    30.1    54.7    14.6    30.0   0.123   0.159   0.128   0.143   0.184    29.2    28.5    27.7    26.2    23.4
03063 20200820  2.622 -103.82   37.86    35.9    13.9    24.9    24.9     0.8    20.30 C    55.5     4.1    29.5    76.6    14.4    43.2   0.120   0.158   0.128   0.142   0.184    29.3    28.7    27.8    26.2    23.5
03063 20200821  2.622 -103.82   37.86    34.9    14.9    24.9    25.5     0.0    23.45 C    52.5    14.7    30.5    78.8    14.7    37.7   0.117   0.156   0.127   0.141   0.184    29.1    28.5    27.7    26.2    23.5
03063 20200822  2.622 -103.82   37.86    39.2    13.2    26.2    27.2     0.0    21.96 C    57.0     0.0    27.7    59.6     4.7    25.5   0.115   0.154   0.127   0.141   0.183    28.9    28.3    27.6    26.2    23.6
03063 20200823  2.622 -103.82   37.86    37.5    12.2    24.8    25.1     0.0    21.35 C    54.7    -2.2    28.0    46.0     8.1    24.0   0.112   0.153   0.126   0.140   0.183    28.7    28.1    27.5    26.2    23.6
03063 20200824  2.622 -103.82   37.86    38.4    12.3    25.4    26.6     0.0    21.20 C    53.7    10.3    30.5    46.3     7.0    26.3   0.110   0.150   0.125   0.140   0.183    28.5    27.9    27.2    26.1    23.6
03063 20200825  2.622 -103.82   37.86    38.6    14.6    26.6    27.6     0.0    22.31 C    56.1    13.9    32.2    52.1    10.0    27.1   0.109   0.150   0.125   0.140   0.183    29.4    28.4    27.4    26.0    23.6
03063 20200826  2.622 -103.82   37.86    38.0    16.7    27.3    27.4     0.0    22.26 C    56.6    15.2    32.3    51.1    10.0    28.9   0.107   0.149   0.125   0.140   0.184    29.8    28.8    27.7    26.2    23.6
03063 20200827  2.622 -103.82   37.86    37.6    16.1    26.8    27.3     0.0    22.51 C    57.5    14.3    32.7    57.2    10.2    29.6   0.106   0.149   0.125   0.140   0.184    30.3    29.3    28.1    26.3    23.7
03063 20200828  2.622 -103.82   37.86    33.7    16.0    24.9    24.4     6.5    20.61 C    53.4    15.3    29.6    85.5    21.7    42.7   0.104   0.147   0.125   0.140   0.185    29.5    28.9    28.1    26.5    23.7
03063 20200829  2.622 -103.82   37.86    26.1    15.2    20.6    19.4     1.3    15.76 C    36.1    14.7    21.6    91.1    50.4    76.9   0.102   0.142   0.123   0.139   0.185    26.2    27.0    27.1    26.3    23.7
03063 20200830  2.622 -103.82   37.86    34.6    12.2    23.4    23.4     0.0    22.76 C    47.7    11.4    25.8    91.8    10.5    45.2   0.108   0.139   0.121   0.138   0.185    25.0    25.4    25.6    25.7    23.8
03063 20200831  2.622 -103.82   37.86    28.5     8.4    18.4    18.5     4.4    21.75 C    43.0     8.6    23.0    87.0    23.5    48.8   0.112   0.138   0.120   0.137   0.185    24.0    24.8    25.1    25.2    23.7
03063 20200901  2.622 -103.82   37.86    27.4    13.4    20.4    19.0     0.0    21.64 C    38.9    12.8    22.4    86.3    30.7    62.7   0.133   0.137   0.119   0.136   0.184    23.3    24.0    24.3    24.7    23.6
03063 20200902  2.622 -103.82   37.86    32.1    10.2    21.1    21.6     0.0    24.05 C    48.7     9.6    25.5    85.0    13.3    43.4   0.143   0.137   0.118   0.136   0.184    23.6    23.9    24.0    24.3    23.5
03063 20200903  2.622 -103.82   37.86    29.1    10.8    19.9    20.2     0.0    23.96 C    47.9    10.3    24.9    62.6    14.6    35.4   0.143   0.138   0.118   0.136   0.184    23.7    24.1    24.1    24.0    23.2
03063 20200904  2.622 -103.82   37.86    33.9     8.4    21.1    21.8     0.0    23.47 C    51.7    -8.5    25.4    65.9    15.7    37.7   0.141   0.138   0.118   0.136   0.184    23.9    24.0    23.9    23.9    23.1
03063 20200905  2.622 -103.82   37.86    37.9    12.8    25.4    26.3     0.0    23.12 C    54.9     9.7    29.9    62.9     7.0    30.0   0.141   0.140   0.119   0.135   0.183    25.4    25.1    24.4    23.8    22.9
03063 20200906  2.622 -103.82   37.86    40.3    13.5    26.9    27.8     0.0    22.67 C    57.8     0.0    28.2    41.0     2.9    16.3   0.139   0.142   0.119   0.135   0.183    26.2    25.9    25.1    24.1    22.8
03063 20200907  2.622 -103.82   37.86    36.6     9.5    23.1    22.0     0.0    21.09 C    51.5     8.9    26.4    59.5    10.9    35.5   0.132   0.142   0.119   0.135   0.184    25.4    25.4    25.0    24.2    22.8
03063 20200908  2.622 -103.82   37.86    14.6     0.0     7.3     5.1    12.3     4.50 C    16.3    -0.3     6.5    92.7    54.8    84.3   0.119   0.137   0.117   0.135   0.184    20.1    22.6    24.0    24.1    22.8
03063 20200909  2.622 -103.82   37.86     4.7    -0.3     2.2     1.5    14.2    14.36 C    13.1    -0.6     3.0    93.1    65.5    81.6   0.169   0.126   0.110   0.132   0.184    11.6    15.5    19.3    22.8    22.7
03063 20200910  2.622 -103.82   37.86    10.6     1.8     6.2     5.9     2.7    10.97 C    19.1     2.8     8.5    91.3    58.1    77.5   0.275   0.146   0.105   0.129   0.182    11.7    13.1    16.0    20.7    22.5
03063 20200911  2.622 -103.82   37.86    23.3     1.9    12.6    12.2     0.0    22.22 C    31.0     1.9    14.7    93.0    25.2    66.1   0.270   0.179   0.105   0.127   0.181    14.3    14.7    16.0    19.3    22.0
03063 20200912  2.622 -103.82   37.86    27.8     7.0    17.4    17.1     0.0    22.79 C    39.9     6.6    19.3    82.7    14.5    48.0   0.265   0.202   0.108   0.126   0.180    17.0    17.1    17.4    19.0    21.4
03063 20200913  2.622 -103.82   37.86    30.1     6.1    18.1    17.4     0.0    22.76 C    43.3     5.5    20.7    86.4    12.7    49.8   0.259   0.217   0.110   0.127   0.180    18.3    18.4    18.5    19.2    21.0
03063 20200914  2.622 -103.82   37.86    29.0     5.3    17.1    17.6     0.0    22.04 C    43.1     5.6    20.7    88.3    13.0    46.8   0.253   0.225   0.112   0.128   0.179    18.9    19.1    19.2    19.6    20.7
03063 20200915  2.622 -103.82   37.86    30.5     5.5    18.0    17.9     0.0    21.13 C    44.2     5.7    21.1    83.4    10.0    42.2   0.246   0.227   0.113   0.128   0.179    19.2    19.4    19.6    19.8    20.5
03063 20200916  2.622 -103.82   37.86    27.9     7.5    17.7    16.9     0.0    19.48 C    41.3     6.7    19.9    82.8    21.1    48.9   0.239   0.225   0.113   0.128   0.179    19.0    19.4    19.7    19.9    20.4
03063 20200917  2.622 -103.82   37.86    29.3     5.8    17.5    17.4     0.0    19.48 C    42.4     6.3    20.4    89.1    12.4    48.1   0.233   0.223   0.114   0.128   0.178    19.2    19.4    19.7    19.9    20.3
03063 20200918  2.622 -103.82   37.86    31.3     7.2    19.3    19.4     0.0    19.21 C    42.5     6.6    22.0    71.6     7.0    36.3   0.226   0.220   0.115   0.128   0.177    19.3    19.5    19.7    19.9    20.2
03063 20200919  2.622 -103.82   37.86    33.5    13.5    23.5    23.9     0.0    19.17 C    46.9    12.9    26.0    51.7     8.6    25.9   0.219   0.219   0.117   0.128   0.178    20.6    20.5    20.3    20.1    20.2
03063 20200920  2.622 -103.82   37.86    31.8    11.3    21.5    22.7     0.0    20.24 C    46.1    10.2    25.5    56.6    13.3    28.9   0.211   0.216   0.120   0.127   0.178    21.4    21.3    21.0    20.3    20.1
03063 20200921  2.622 -103.82   37.86    30.5    12.4    21.4    21.5     0.0    17.95 C    45.9    10.2    24.6    59.4    17.7    34.8   0.203   0.213   0.121   0.129   0.178    21.7    21.7    21.4    20.7    20.1
03063 20200922  2.622 -103.82   37.86    30.7     8.5    19.6    20.7     0.0    18.93 C    46.8    -8.8    23.4    73.1    15.9    37.1   0.195   0.207   0.122   0.129   0.178    21.4    21.5    21.3    20.8    20.2
03063 20200923  2.622 -103.82   37.86    30.7     7.8    19.3    18.8     0.0    19.30 C    46.1    -6.7    22.6    76.8    12.9    41.4   0.188   0.202   0.122   0.130   0.179    21.4    21.5    21.4    20.9    20.2
03063 20200924  2.622 -103.82   37.86    32.5     8.8    20.7    19.9     0.0    20.13 C    48.4     8.4    23.3    64.5     8.9    33.1   0.181   0.196   0.122   0.131   0.179    21.1    21.2    21.1    20.9    20.2
03063 20200925  2.622 -103.82   37.86    35.6     8.6    22.1    22.1     0.0    20.06 C    50.7     0.0    23.9    57.5     7.1    27.1   0.175   0.191   0.123   0.131   0.178    21.3    21.3    21.2    20.9    20.3
03063 20200926  2.622 -103.82   37.86    35.6    11.6    23.6    23.4     0.0    16.43 C    49.3     9.4    24.3    39.5     5.0    19.5   0.169   0.185   0.123   0.130   0.178    21.4    21.4    21.3    21.0    20.3
03063 20200927  2.622 -103.82   37.86    21.9     4.8    13.3    12.9     0.0    17.75 C    37.9     4.4    16.6    66.9    21.6    44.4   0.163   0.180   0.123   0.130   0.178    20.1    20.6    21.0    20.9    20.3
03063 20200928  2.622 -103.82   37.86    18.2     0.7     9.4    10.7     0.0    20.40 C    37.5     0.7    15.4    64.1    10.7    32.3   0.158   0.175   0.122   0.129   0.178    18.7    19.4    20.0    20.6    20.3
03063 20200929  2.622 -103.82   37.86    27.6    -1.1    13.2    13.8     0.0    20.07 C    43.8    -1.5    17.4    53.2    10.2    27.2   0.153   0.170   0.120   0.129   0.178    17.6    18.2    18.9    20.1    20.2
03063 20200930  2.622 -103.82   37.86    27.1     5.6    16.3    15.8     0.0    17.62 C    39.0     3.7    17.8    54.5    11.3    29.1   0.151   0.168   0.120   0.129   0.178    17.9    18.3    18.8    19.7    20.1
03063 20201001  2.622 -103.82   37.86    20.8     1.3    11.0    11.0     0.0    19.18 C    37.2     1.4    15.4    69.9    20.4    40.9   0.147   0.165   0.120   0.128   0.176    17.4    17.9    18.5    19.4    20.0
03063 20201002  2.622 -103.82   37.86    27.7     3.9    15.8    14.7     0.0    15.93 C    42.1     3.9    17.7    58.4     7.3    29.8   0.145   0.163   0.119   0.127   0.177    17.5    17.8    18.2    19.1    19.8
03063 20201003  2.622 -103.82   37.86    21.4     2.0    11.7    11.7     0.0    18.23 C    37.9     1.9    15.8    68.5    21.5    40.7   0.142   0.161   0.119   0.127   0.177    17.1    17.6    18.0    18.9    19.6
03063 20201004  2.622 -103.82   37.86    28.5     1.8    15.2    15.6     0.0    18.71 C    42.9     1.1    18.4    66.0     9.6    32.0   0.140   0.159   0.118   0.127   0.176    17.1    17.4    17.8    18.7    19.4
03063 20201005  2.622 -103.82   37.86    30.7     5.2    17.9    17.5     0.0    18.50 C    45.5     3.5    19.3    46.7     6.0    21.3   0.139   0.159   0.119   0.128   0.176    17.9    18.0    18.1    18.6    19.3
03063 20201006  2.622 -103.82   37.86    32.0     2.8    17.4    16.2     0.0    18.24 C    45.0     1.1    18.6    49.0     3.9    24.3   0.136   0.157   0.118   0.128   0.176    17.7    17.9    18.1    18.6    19.2
03063 20201007  2.622 -103.82   37.86    31.9     3.1    17.5    16.3     0.0    18.17 C    45.9     2.5    18.8    46.3     4.2    21.8   0.134   0.157   0.118   0.127   0.177    17.9    18.0    18.2    18.6    19.1
03063 20201008  2.622 -103.82   37.86    32.0     3.8    17.9    17.9     0.0    17.64 C    45.4     2.9    19.7    40.3     5.1    18.0   0.132   0.156   0.118   0.128   0.177    17.9    18.1    18.2    18.6    19.0
03063 20201009  2.622 -103.82   37.86    32.0     7.6    19.8    20.0     0.0    17.82 C    46.7     6.3    21.0    27.0     4.4    12.4   0.130   0.155   0.118   0.128   0.176    18.5    18.5    18.5    18.6    18.9
03063 20201010  2.622 -103.82   37.86    30.3     3.5    16.9    16.4     0.0    17.52 C    43.2     1.8    18.3    36.8     6.3    18.9   0.127   0.154   0.117   0.127   0.175    17.9    18.2    18.4    18.6    18.9
03063 20201011  2.622 -103.82   37.86    30.5     1.6    16.0    18.9     0.0    16.47 C    42.9     0.7    19.8    39.1     6.3    16.5   0.125   0.153   0.117   0.127   0.176    18.2    18.3    18.4    18.6    18.9
03063 20201012  2.622 -103.82   37.86    28.0    -1.4    13.3    13.7     0.0    18.09 C    42.1    -2.6    15.9    50.5     4.7    21.3   0.121   0.151   0.116   0.127   0.176    16.8    17.3    17.9    18.5    18.9
03063 20201013  2.622 -103.82   37.86    28.6     1.7    15.2    16.7     0.0    17.79 C    40.0     1.8    18.4    34.2     5.9    15.8   0.120   0.150   0.115   0.127   0.176    16.9    17.2    17.6    18.3    18.8
03063 20201014  2.622 -103.82   37.86    33.8     2.0    17.9    18.9     0.0    14.35 C    46.2     3.4    20.4    62.1     3.1    20.9   0.119   0.150   0.115   0.127   0.175    18.0    17.9    17.8    18.1    18.7
03063 20201015  2.622 -103.82   37.86    15.7    -0.6     7.5     8.1     0.0    15.61 C    30.5    -0.8    11.5    67.8    23.9    41.8   0.115   0.148   0.115   0.126   0.176    16.3    17.1    17.7    18.2    18.6
03063 20201016  2.622 -103.82   37.86    23.8    -4.7     9.5     8.6     0.0    17.53 C    36.3    -4.9    11.8    64.9     9.5    36.3   0.112   0.145   0.113   0.126   0.176    15.0    15.7    16.6    17.9    18.6
03063 20201017  2.622 -103.82   37.86    28.5     1.1    14.8    15.1     0.0    15.60 C    40.3    -0.7    16.6    45.8     6.4    23.2   0.112   0.144   0.113   0.126   0.176    15.6    15.8    16.3    17.4    18.4
03063 20201018  2.622 -103.82   37.86     6.6    -4.8     0.9     2.4     0.0     6.72 C    15.2    -4.9     4.4    87.0    42.9    69.3   0.108   0.142   0.112   0.125   0.174    13.6    15.0    16.1    17.3    18.3
03063 20201019  2.622 -103.82   37.86    16.2    -7.9     4.2     4.1     0.0    10.47 C    24.1    -8.0     6.3    86.7    27.7    62.5   0.104   0.137   0.109   0.124   0.175    11.4    12.6    14.2    16.6    18.1
03063 20201020  2.622 -103.82   37.86    28.0    -4.4    11.8    11.3     0.0    13.40 C    39.6    -4.7    13.6    85.3     6.5    46.2   0.106   0.138   0.108   0.122   0.175    12.9    13.2    14.0    16.0    17.9
