54796 20200101  2.622  -71.54   41.49     5.5    -1.2     2.1     2.1     0.0     6.67 C    16.1    -6.2     0.7    89.0    44.4    65.4   0.313   0.314   0.291   0.343   0.133     3.4     3.5     3.9     4.3     5.5
54796 20200102  2.622  -71.54   41.49     8.4    -1.5     3.5     3.4     0.0     7.02 C    14.0    -5.3     1.8    81.7    45.9    64.9   0.304   0.307   0.286   0.341   0.127     2.6     2.7     3.3     4.4     5.6
54796 20200103  2.622  -71.54   41.49     8.8     6.0     7.4     7.1     0.0     1.75 C    12.5     3.2     6.1    93.8    73.6    82.4   0.300   0.303   0.284   0.339   0.122     4.0     3.8     3.8     4.3     5.6
54796 20200104  2.622  -71.54   41.49     7.5     5.0     6.2     6.5     8.0     0.30 C     8.1     4.7     6.3    97.6    93.8    96.2   0.315   0.313   0.288   0.338   0.121     5.0     4.7     4.6     4.6     5.6
54796 20200105  2.622  -71.54   41.49     5.0    -2.1     1.4     2.2     2.0     7.31 C    11.6    -6.5     1.7    93.8    47.2    65.5   0.314   0.314   0.290   0.340   0.127     4.5     4.6     4.8     4.9     5.7
54796 20200106  2.622  -71.54   41.49     3.1    -4.3    -0.6    -1.5     0.2     1.93 C     7.5    -7.6    -2.6    97.1    65.2    85.8   0.304   0.306   0.286   0.339   0.126     2.8     3.1     3.9     4.9     5.8
54796 20200107  2.622  -71.54   41.49     4.9    -4.4     0.2     1.3     1.9     5.21 C     9.8    -7.6     0.0    96.0    48.7    69.7   0.300   0.303   0.284   0.337   0.121     2.1     2.3     3.2     4.6     5.8
54796 20200108  2.622  -71.54   41.49     4.1    -3.6     0.2     0.1     0.7     6.17 C    10.1    -7.2    -1.1    96.8    39.7    74.5   0.303   0.305   0.284   0.337   0.118     2.6     2.7     3.2     4.4     5.7
54796 20200109  2.622  -71.54   41.49    -0.1    -7.0    -3.6    -4.1     0.0     9.47 C     7.2    -9.1    -3.9    74.0    29.3    47.8   0.298   0.301   0.283   0.336   0.117     1.4     1.8     2.7     4.2     5.6
54796 20200110  2.622  -71.54   41.49    10.0    -7.1     1.5     5.2     0.0     0.79 C     8.4    -8.2     2.9    94.0    71.5    79.7   0.296   0.299   0.281   0.335   0.115     1.4     1.6     2.3     4.0     5.5
54796 20200111  2.622  -71.54   41.49    15.4     7.0    11.2    12.3     0.0     6.57 C    18.5     2.3    11.3    94.1    73.3    85.5   0.296   0.299   0.281   0.335   0.113     4.6     4.0     3.6     3.9     5.3
54796 20200112  2.622  -71.54   41.49    20.0     3.9    11.9    13.7     3.4     5.00 C    19.1    -1.4    10.7    94.0    36.8    69.8   0.301   0.301   0.281   0.334   0.113     7.6     6.9     6.0     4.5     5.3
54796 20200113  2.622  -71.54   41.49     5.5     1.2     3.4     4.2     0.0     1.29 C     7.6    -1.9     4.1    95.7    62.2    82.3   0.296   0.298   0.280   0.334   0.114     5.7     5.7     5.9     5.4     5.7
54796 20200114  2.622  -71.54   41.49     4.8     1.4     3.1     3.6     0.6     2.86 C     7.9    -0.7     3.5    96.3    72.0    87.0   0.294   0.296   0.279   0.332   0.112     5.2     5.2     5.4     5.5     5.9
54796 20200115  2.622  -71.54   41.49     9.2    -2.8     3.2     4.2     0.0     9.62 C    16.2    -5.5     3.9    98.0    44.7    77.1   0.294   0.296   0.279   0.332   0.110     5.2     5.2     5.4     5.5     6.1
54796 20200116  2.622  -71.54   41.49     9.6    -2.3     3.7     3.4     1.3     6.35 C    15.2    -4.1     3.0    96.0    41.6    71.6   0.294   0.295   0.278   0.331   0.109     4.5     4.6     5.0     5.5     6.1
54796 20200117  2.622  -71.54   41.49    -0.5    -9.7    -5.1    -5.8     0.0    10.41 C     5.0   -11.5    -5.1    63.7    22.5    37.1   0.291   0.294   0.277   0.331   0.108     2.6     3.1     4.1     5.4     6.2
54796 20200118  2.622  -71.54   41.49     3.2   -11.0    -3.9    -6.0    10.4     3.85 C     6.8   -12.1    -4.0    97.4    36.2    60.8   0.291   0.292   0.276   0.330   0.106     1.2     1.7     2.9     4.9     6.1
54796 20200119  2.622  -71.54   41.49     6.7    -2.7     2.0     2.6     0.0     7.55 C    16.1    -6.2     1.2    97.9    47.7    71.5   0.332   0.315   0.288   0.332   0.109     1.5     1.7     2.5     4.3     5.8
54796 20200120  2.622  -71.54   41.49    -1.9    -8.3    -5.1    -5.3     0.0    10.51 C     6.8   -11.2    -4.8    62.6    28.4    46.5   0.303   0.302   0.285   0.335   0.117     1.1     1.5     2.3     4.0     5.6
54796 20200121  2.622  -71.54   41.49    -1.6   -10.3    -5.9    -6.7     0.0     9.48 C     9.9   -12.3    -6.5    75.9    27.7    48.9   0.294   0.294   0.282   0.334   0.114     0.6     1.0     1.9     3.8     5.4
54796 20200122  2.622  -71.54   41.49     2.4   -12.0    -4.8    -5.3     0.0    10.55 C    11.7   -12.7    -4.6    90.2    41.2    69.4   0.281   0.302   0.279   0.332   0.111     0.4     0.7     1.6     3.6     5.2
54796 20200123  2.622  -71.54   41.49     7.8    -9.9    -1.0    -1.6     0.0     9.22 C    14.8   -11.5    -2.3    93.2    32.5    72.6   0.262   0.306   0.277   0.331   0.107     0.3     0.6     1.4     3.4     5.0
54796 20200124  2.622  -71.54   41.49     9.0    -4.2     2.4     2.0     0.0     9.66 C    16.1    -7.4     0.7    93.7    31.6    69.7   0.265   0.307   0.276   0.330   0.105     0.3     0.5     1.3     3.2     4.8
54796 20200125  2.622  -71.54   41.49    10.7     0.6     5.6     5.6     9.5     2.03 C     9.6    -1.9     4.6    96.0    76.7    90.5   0.289   0.313   0.280   0.329   0.104     0.5     0.6     1.3     3.0     4.6
54796 20200126  2.622  -71.54   41.49     9.1     0.9     5.0     5.6     0.0     8.53 C    17.0    -4.5     4.8    94.5    48.8    73.0   0.322   0.322   0.294   0.335   0.114     2.3     2.0     2.1     2.9     4.4
54796 20200127  2.622  -71.54   41.49     7.5    -2.0     2.7     3.2     0.0     5.95 C    18.6    -6.3     1.8    90.0    49.8    67.1   0.303   0.307   0.287   0.337   0.119     2.1     2.1     2.4     3.0     4.4
54796 20200128  2.622  -71.54   41.49     6.4     1.4     3.9     3.0     0.0     6.44 C    17.1    -2.1     3.2    69.0    44.3    60.1   0.297   0.302   0.285   0.336   0.118     2.7     2.6     2.8     3.2     4.4
54796 20200129  2.622  -71.54   41.49     4.7    -5.7    -0.5     0.5     0.0    10.83 C    15.1   -10.1     0.5    70.1    31.0    47.7   0.293   0.299   0.282   0.335   0.116     2.6     2.6     3.0     3.4     4.5
54796 20200130  2.622  -71.54   41.49     1.7    -6.7    -2.5    -3.2     0.0    11.54 C    12.7   -10.5    -3.0    86.2    33.2    58.7   0.289   0.296   0.281   0.334   0.112     1.3     1.6     2.4     3.5     4.6
54796 20200131  2.622  -71.54   41.49     5.7    -7.3    -0.8    -0.9     0.4    10.11 C    13.8   -10.0    -0.2    93.0    53.8    78.2   0.287   0.294   0.279   0.333   0.110     0.9     1.1     1.9     3.3     4.6
54796 20200201  2.622  -71.54   41.49     4.0    -0.7     1.6     1.8     3.0     2.67 C     8.2    -1.1     2.8   100.0    85.1    94.3   0.301   0.303   0.282   0.333   0.109     1.8     1.7     2.0     3.1     4.5
54796 20200202  2.622  -71.54   41.49     5.9    -0.5     2.7     2.5     0.0     7.52 C    17.6    -3.7     3.3    96.5    46.1    73.6   0.294   0.299   0.281   0.334   0.111     2.8     2.7     2.8     3.1     4.4
54796 20200203  2.622  -71.54   41.49     8.6    -3.2     2.7     2.3     0.0     5.93 C    16.4    -6.4     1.4    94.3    51.1    78.5   0.290   0.296   0.279   0.333   0.110     2.7     2.7     3.0     3.4     4.4
54796 20200204  2.622  -71.54   41.49    11.0    -1.7     4.6     4.6     0.0     3.66 C    12.6    -4.3     4.0    95.4    63.0    82.4   0.289   0.295   0.278   0.332   0.108     3.1     2.9     3.1     3.5     4.5
54796 20200205  2.622  -71.54   41.49     5.3     0.5     2.9     3.7     3.6     3.23 C     9.2    -0.4     4.1    94.6    58.9    79.5   0.297   0.301   0.280   0.332   0.108     4.0     3.8     3.8     3.7     4.6
54796 20200206  2.622  -71.54   41.49     4.0     2.5     3.3     3.3    12.8     0.71 C     5.0     1.6     3.4    95.5    59.0    90.7   0.326   0.320   0.292   0.335   0.115     3.7     3.7     3.9     4.0     4.7
54796 20200207  2.622  -71.54   41.49    13.2    -0.8     6.2     4.1     9.4     2.63 C    13.4    -3.1     3.7    99.4    56.9    84.0   0.333   0.329   0.300   0.340   0.133     4.2     4.0     4.0     4.0     4.8
54796 20200208  2.622  -71.54   41.49     3.9    -4.6    -0.4    -1.2     0.0    11.55 C    13.2    -8.4    -1.7    81.4    34.1    55.9   0.310   0.313   0.292   0.342   0.136     2.8     3.1     3.7     4.1     4.9
54796 20200209  2.622  -71.54   41.49     5.2    -6.0    -0.4    -0.2     0.0     7.88 C    14.8    -8.1     0.3    80.4    49.3    69.0   0.301   0.306   0.287   0.340   0.130     2.0     2.1     2.9     4.0     4.9
54796 20200210  2.622  -71.54   41.49     8.1     4.8     6.4     6.1     5.5     3.34 C    10.6     3.1     5.4    96.0    73.5    85.2   0.305   0.308   0.287   0.339   0.125     3.5     3.3     3.3     3.9     4.8
54796 20200211  2.622  -71.54   41.49     6.6     4.2     5.4     5.7    11.4     1.03 C     8.0     2.9     5.6    97.7    88.2    95.5   0.330   0.324   0.297   0.341   0.132     4.5     4.3     4.1     4.0     4.8
54796 20200212  2.622  -71.54   41.49     6.7     0.9     3.8     3.7     0.0    11.99 C    19.3    -3.2     4.3    87.0    34.2    55.6   0.312   0.315   0.293   0.342   0.138     4.4     4.3     4.4     4.2     4.9
54796 20200213  2.622  -71.54   41.49     4.3     1.6     3.0     2.9    19.7     0.65 C     5.9    -0.4     2.9    96.2    71.8    93.0   0.349   0.343   0.309   0.344   0.143     4.1     4.1     4.3     4.4     5.0
54796 20200214  2.622  -71.54   41.49     2.4    -9.4    -3.5    -2.5     0.0    14.11 C    13.4   -10.1    -1.6    90.0    30.4    53.6   0.317   0.319   0.295   0.343   0.141     3.1     3.3     3.9     4.4     5.1
54796 20200215  2.622  -71.54   41.49     0.5   -12.8    -6.2    -7.4     0.0    14.18 C    11.0   -13.8    -4.6    77.7    33.2    57.3   0.301   0.307   0.287   0.341   0.131     1.3     1.8     2.8     4.2     5.1
54796 20200216  2.622  -71.54   41.49     5.4    -2.9     1.3     1.6     0.0     7.61 C    12.5    -6.2     1.1    92.9    51.9    67.2   0.300   0.304   0.286   0.339   0.124     1.3     1.5     2.2     3.8     4.9
54796 20200217  2.622  -71.54   41.49     8.7    -5.3     1.7     1.2     0.0    14.14 C    20.0    -8.2     1.4    96.9    30.7    64.0   0.297   0.302   0.284   0.338   0.120     1.8     1.9     2.3     3.5     4.8
54796 20200218  2.622  -71.54   41.49     5.0    -2.6     1.2     2.3     1.4     2.91 C     7.7    -5.0     1.8    98.1    64.5    81.2   0.297   0.304   0.283   0.337   0.117     2.0     2.1     2.5     3.4     4.6
54796 20200219  2.622  -71.54   41.49     8.0    -2.0     3.0     3.7     0.0    14.22 C    20.1    -6.9     4.0    97.5    29.2    53.8   0.296   0.303   0.282   0.336   0.115     3.4     3.2     3.2     3.5     4.5
54796 20200220  2.622  -71.54   41.49     1.2    -6.4    -2.6    -2.4     0.0    11.50 C    14.7   -10.2    -1.7    68.1    31.5    45.4   0.292   0.301   0.280   0.335   0.113     2.2     2.4     3.0     3.7     4.6
54796 20200221  2.622  -71.54   41.49    -0.1    -8.5    -4.3    -4.9     0.0    15.61 C    13.7   -10.0    -3.4    64.7    18.2    43.6   0.289   0.299   0.279   0.334   0.110     1.2     1.5     2.3     3.6     4.6
54796 20200222  2.622  -71.54   41.49     7.5    -8.6    -0.5    -0.9     0.0    15.76 C    18.0   -10.7    -1.3    86.4    19.9    56.0   0.287   0.298   0.278   0.333   0.107     0.9     1.1     1.9     3.3     4.5
54796 20200223  2.622  -71.54   41.49    10.8    -6.4     2.2     1.5     0.0    15.65 C    21.4    -9.0     0.7    92.3    23.9    64.2   0.286   0.296   0.277   0.332   0.105     1.2     1.3     1.8     3.0     4.3
54796 20200224  2.622  -71.54   41.49    12.6    -4.9     3.8     3.4     0.0    15.21 C    21.6    -8.0     3.2    97.4    48.3    81.2   0.286   0.295   0.276   0.331   0.104     2.0     1.9     2.1     3.0     4.2
54796 20200225  2.622  -71.54   41.49    11.0     1.6     6.3     7.3     0.7     6.52 C    21.7     1.6     8.0    97.0    69.5    89.0   0.285   0.297   0.275   0.330   0.102     3.9     3.5     3.2     3.1     4.2
54796 20200226  2.622  -71.54   41.49     9.9     5.7     7.8     7.3     0.5     5.31 C    14.7     5.7     8.0    97.1    72.5    87.7   0.286   0.297   0.275   0.329   0.100     5.3     4.9     4.4     3.7     4.2
54796 20200227  2.622  -71.54   41.49    10.4    -1.0     4.7     5.5    21.0    10.59 C    16.3    -1.7     6.2    96.0    32.3    65.0   0.344   0.339   0.301   0.334   0.114     5.8     5.5     5.2     4.2     4.5
54796 20200228  2.622  -71.54   41.49     3.1    -4.8    -0.8    -0.3     0.0    16.14 C     6.5    -6.9     0.1    75.5    27.7    41.4   0.311   0.318   0.292   0.339   0.129     3.6     3.8     4.3     4.5     4.8
54796 20200229  2.622  -71.54   41.49     2.5    -7.3    -2.4    -2.6     0.0    11.91 C    19.8    -9.5    -1.5    86.3    27.4    53.9   0.302   0.311   0.287   0.338   0.126     2.4     2.6     3.4     4.3     4.9
54796 20200301  2.622  -71.54   41.49     2.1    -8.5    -3.2    -3.7     0.0    16.11 C    15.8   -11.3    -2.3    79.2    26.3    51.8   0.297   0.307   0.284   0.337   0.121     1.8     2.0     2.7     4.0     4.8
54796 20200302  2.622  -71.54   41.49    10.7    -7.1     1.8     4.0     0.0    15.88 C    18.4    -9.8     4.5    84.3    51.0    71.8   0.295   0.305   0.283   0.336   0.117     2.4     2.3     2.6     3.7     4.7
54796 20200303  2.622  -71.54   41.49    14.8     6.0    10.4    10.0     6.8    11.76 C    25.0     1.9    10.8    95.7    58.9    77.9   0.300   0.307   0.282   0.334   0.114     5.3     4.7     4.2     3.8     4.6
54796 20200304  2.622  -71.54   41.49    11.9     4.9     8.4     8.6     2.5    15.22 C    23.8    -1.7     7.7    94.9    26.3    52.2   0.312   0.315   0.288   0.336   0.120     6.2     5.9     5.4     4.3     4.7
54796 20200305  2.622  -71.54   41.49    10.7    -1.6     4.5     5.2     0.0    17.92 C    24.1    -3.8     6.1    91.4    29.9    52.3   0.298   0.307   0.284   0.336   0.120     5.7     5.5     5.4     4.8     5.0
54796 20200306  2.622  -71.54   41.49     9.3    -2.6     3.3     2.7     5.9     8.05 C    17.5    -4.9     2.9    95.1    32.2    70.4   0.294   0.304   0.282   0.334   0.117     4.7     4.8     5.1     5.0     5.2
54796 20200307  2.622  -71.54   41.49     7.0    -1.4     2.8     1.7     1.9    15.52 C     9.7    -7.8    -0.5    92.0    20.6    44.5   0.308   0.311   0.284   0.334   0.115     3.8     3.9     4.5     4.9     5.3
54796 20200308  2.622  -71.54   41.49    11.9    -4.0     4.0     4.2     0.0    16.79 C    23.7    -8.3     3.7    90.3    13.3    41.3   0.306   0.312   0.286   0.335   0.118     3.5     3.5     3.9     4.6     5.3
54796 20200309  2.622  -71.54   41.49    18.3     0.7     9.5    10.3     0.0    18.16 C    24.9    -4.1     9.0    91.0    19.8    50.3   0.297   0.306   0.283   0.335   0.118     5.0     4.7     4.5     4.6     5.2
54796 20200310  2.622  -71.54   41.49    17.3     3.3    10.3    10.6     0.0    12.89 C    25.4    -2.3     9.6    87.4    46.1    70.1   0.292   0.302   0.280   0.334   0.115     6.3     5.9     5.5     4.8     5.2
54796 20200311  2.622  -71.54   41.49    13.4     3.9     8.6     8.7     0.0    14.47 C    26.3     0.7     9.2    89.0    27.6    62.2   0.288   0.299   0.278   0.332   0.111     7.3     6.9     6.5     5.3     5.4
54796 20200312  2.622  -71.54   41.49     8.4    -1.8     3.3     4.3     0.0    11.11 C    20.2    -3.5     6.2    97.8    60.1    81.3   0.287   0.297   0.276   0.330   0.108     6.6     6.4     6.4     5.7     5.6
54796 20200313  2.622  -71.54   41.49    13.6     5.3     9.4     9.4     8.1     2.69 C    14.8     0.1     7.9    96.0    46.9    83.2   0.306   0.307   0.280   0.330   0.107     7.2     6.9     6.7     5.8     5.8
54796 20200314  2.622  -71.54   41.49    11.2    -1.2     5.0     6.9     0.0    16.92 C    24.7    -4.3     7.2    75.7    33.3    44.2   0.299   0.305   0.281   0.331   0.110     6.9     6.7     6.6     6.0     6.0
54796 20200315  2.622  -71.54   41.49    10.2    -1.8     4.2     4.8     0.0    19.70 C    25.7    -4.5     6.9    81.5    18.4    46.5   0.292   0.301   0.279   0.330   0.110     7.2     7.0     6.8     6.2     6.1
54796 20200316  2.622  -71.54   41.49     4.0    -3.2     0.4     0.7     0.0    17.28 C    24.8    -5.0     3.2    64.6    29.7    51.2   0.288   0.298   0.277   0.329   0.107     5.7     5.8     6.2     6.2     6.3
54796 20200317  2.622  -71.54   41.49     8.5     0.3     4.4     4.9     5.8     4.94 C    13.5    -2.4     5.2    97.1    63.8    87.6   0.301   0.305   0.279   0.328   0.106     5.9     5.8     6.0     6.1     6.3
54796 20200318  2.622  -71.54   41.49    10.7    -2.4     4.2     4.8     0.0    19.49 C    26.1    -5.9     6.4    97.3    24.0    60.5   0.296   0.302   0.280   0.329   0.108     6.2     6.0     6.1     6.0     6.3
54796 20200319  2.622  -71.54   41.49     9.0     5.2     7.1     6.6    26.3     4.58 C    11.6     3.9     7.0    94.6    73.9    90.7   0.352   0.345   0.308   0.336   0.123     6.8     6.6     6.5     6.1     6.3
54796 20200320  2.622  -71.54   41.49    18.4     5.3    11.8    10.7     0.0     6.21 C    17.9     5.4    10.7    97.2    59.3    87.6   0.322   0.323   0.296   0.341   0.138     7.8     7.3     7.0     6.2     6.4
54796 20200321  2.622  -71.54   41.49    16.9    -1.2     7.9     6.5     0.0    16.95 C    21.1    -3.1     7.4    89.5    19.5    51.4   0.307   0.312   0.288   0.338   0.130     8.1     7.9     7.7     6.6     6.5
54796 20200322  2.622  -71.54   41.49     4.1    -2.5     0.8     0.4     0.0    21.26 C    20.5    -4.5     3.0    53.5    34.2    43.5   0.299   0.307   0.284   0.336   0.124     6.2     6.3     6.8     6.7     6.7
54796 20200323  2.622  -71.54   41.49     6.5    -0.3     3.1     2.7    55.5     3.54 C     7.6    -2.5     3.0    94.6    52.7    75.6   0.339   0.335   0.306   0.339   0.125     5.2     5.3     5.9     6.5     6.7
54796 20200324  2.622  -71.54   41.49    10.7     0.6     5.6     5.3     0.5    11.75 C    25.5    -2.0     6.8    92.7    53.3    76.6   0.344   0.338   0.309   0.346   0.142     6.2     5.9     5.9     6.1     6.6
54796 20200325  2.622  -71.54   41.49     6.1     0.8     3.4     4.1     0.2     3.72 C     8.3    -2.0     4.1    84.8    61.8    75.9   0.313   0.317   0.291   0.341   0.130     5.8     5.8     6.1     6.1     6.5
54796 20200326  2.622  -71.54   41.49    12.0     1.0     6.5     5.5     0.0    21.41 C    26.5    -0.9     7.7    83.6    29.1    67.3   0.304   0.310   0.287   0.339   0.124     6.3     6.0     6.0     6.1     6.5
54796 20200327  2.622  -71.54   41.49    17.7     0.2     8.9    10.1     0.0    18.66 C    28.3    -2.1    10.2    86.7    16.6    55.1   0.297   0.304   0.283   0.336   0.119     7.8     7.3     7.0     6.2     6.5
54796 20200328  2.622  -71.54   41.49    10.2    -2.2     4.0     5.2    12.9     6.77 C    17.6    -5.2     5.3    94.2    30.9    69.3   0.301   0.305   0.281   0.334   0.114     6.8     6.7     6.9     6.6     6.6
54796 20200329  2.622  -71.54   41.49     7.6     5.1     6.4     6.7    22.2     2.04 C     8.8     5.1     6.9    95.7    87.2    92.6   0.381   0.360   0.318   0.342   0.136     7.1     7.0     7.0     6.6     6.7
54796 20200330  2.622  -71.54   41.49     7.5     3.3     5.4     5.4     0.4     6.13 C    12.5     3.5     6.2    93.7    76.4    85.2   0.331   0.329   0.300   0.343   0.142     7.0     6.8     6.9     6.7     6.8
54796 20200331  2.622  -71.54   41.49     7.4    -2.1     2.7     3.6     0.3    18.85 C    23.9    -3.8     6.6    90.9    48.4    72.9   0.313   0.315   0.291   0.340   0.131     7.1     6.9     6.9     6.7     6.9
54796 20200401  2.622  -71.54   41.49     6.9    -2.3     2.3     3.3     0.0    11.82 C    13.3    -4.4     3.7    91.4    57.0    71.1   0.305   0.309   0.286   0.337   0.124     6.2     6.2     6.6     6.8     7.0
54796 20200402  2.622  -71.54   41.49    13.0     3.9     8.4     7.1     2.1    12.59 C    27.8     2.3     8.7    88.1    47.8    64.0   0.300   0.305   0.283   0.335   0.119     7.1     6.8     6.7     6.6     7.0
54796 20200403  2.622  -71.54   41.49     8.0     5.0     6.5     6.9     5.3     5.39 C     9.3     4.7     6.9    89.6    82.0    86.4   0.318   0.315   0.287   0.335   0.117     7.3     7.2     7.2     6.8     7.0
54796 20200404  2.622  -71.54   41.49    10.7     1.2     5.9     6.0     0.0    14.53 C    20.2    -1.1     7.0    92.2    56.1    79.2   0.310   0.311   0.287   0.336   0.120     7.4     7.2     7.2     6.9     7.0
54796 20200405  2.622  -71.54   41.49    10.5     3.0     6.8     6.8     0.0    12.37 C    21.4     1.6     9.3    91.9    54.6    78.8   0.302   0.306   0.284   0.334   0.117     8.0     7.7     7.5     7.0     7.1
54796 20200406  2.622  -71.54   41.49    15.3     1.9     8.6     8.2     0.0    23.20 C    31.0    -1.3    10.3    96.9    23.1    70.0   0.296   0.302   0.280   0.332   0.114     9.1     8.6     8.1     7.2     7.2
54796 20200407  2.622  -71.54   41.49    16.9     2.7     9.8    10.0     0.0    22.76 C    31.8     1.5    12.0    96.3    26.6    52.5   0.289   0.297   0.276   0.330   0.109     9.6     9.2     8.7     7.5     7.3
54796 20200408  2.622  -71.54   41.49    10.2     2.5     6.4     7.7     1.6     4.59 C    16.3    -0.3     7.9    95.6    64.3    80.7   0.291   0.297   0.275   0.328   0.105     9.2     9.1     9.0     7.9     7.5
54796 20200409  2.622  -71.54   41.49    11.0     1.2     6.1     6.4    14.8     3.23 C    13.6    -0.7     5.0    98.7    50.5    83.6   0.326   0.316   0.284   0.328   0.105     7.9     8.0     8.3     8.0     7.7
54796 20200410  2.622  -71.54   41.49     9.9     3.2     6.6     6.1     0.0    16.42 C    24.4    -0.7     6.7    66.1    35.5    53.0   0.317   0.316   0.289   0.333   0.117     7.7     7.6     7.8     7.8     7.8
54796 20200411  2.622  -71.54   41.49    10.8    -1.9     4.5     5.6     0.0    23.80 C    27.5    -4.5     7.3    83.1    28.0    49.0   0.303   0.306   0.284   0.332   0.116     8.2     8.0     7.9     7.6     7.7
54796 20200412  2.622  -71.54   41.49    13.3    -3.6     4.8     6.9     0.0    20.89 C    25.8    -6.1     9.0    92.2    33.3    68.0   0.296   0.302   0.281   0.331   0.112     8.3     8.1     8.0     7.7     7.7
54796 20200413  2.622  -71.54   41.49    15.2    11.1    13.2    12.9    36.6     1.31 C    14.0     9.4    11.9    93.3    72.3    87.9   0.363   0.351   0.310   0.335   0.124     9.9     9.5     9.0     7.9     7.8
54796 20200414  2.622  -71.54   41.49    14.1     6.4    10.2    10.0     0.0    21.52 C    29.8     1.2    12.0    91.5    35.9    56.6   0.329   0.326   0.298   0.341   0.140    10.7    10.3     9.7     8.3     8.0
54796 20200415  2.622  -71.54   41.49    11.6    -1.8     4.9     6.1     3.2    15.88 C    26.6    -4.1     8.3    89.7    24.4    59.3   0.316   0.315   0.290   0.338   0.130    10.5    10.2    10.0     8.7     8.2
54796 20200416  2.622  -71.54   41.49     8.7    -2.4     3.2     4.1     0.0    22.23 C    27.8    -4.3     6.8    92.5    26.6    53.9   0.305   0.308   0.285   0.336   0.123     9.5     9.3     9.4     8.8     8.4
54796 20200417  2.622  -71.54   41.49     8.7    -1.5     3.6     4.6     4.8    22.04 C    25.8    -5.6     7.1    89.5    31.2    52.1   0.299   0.302   0.282   0.333   0.118     8.9     8.8     9.0     8.7     8.5
54796 20200418  2.622  -71.54   41.49     4.5    -0.3     2.1     2.8    13.1     4.61 C     8.1    -3.0     3.7    96.2    81.4    90.6   0.348   0.338   0.300   0.336   0.125     7.9     8.0     8.5     8.6     8.5
54796 20200419  2.622  -71.54   41.49    13.3    -2.1     5.6     7.0     0.0    24.42 C    24.2    -5.2     8.7    97.2    40.4    68.5   0.316   0.318   0.291   0.337   0.130     8.1     7.9     8.0     8.3     8.5
54796 20200420  2.622  -71.54   41.49    11.2    -2.0     4.6     7.5     0.0    10.71 C    17.0    -4.2     7.1    89.0    45.4    65.0   0.305   0.310   0.286   0.335   0.123     9.0     8.8     8.8     8.2     8.4
54796 20200421  2.622  -71.54   41.49     9.5    -2.8     3.4     4.2     8.1     5.66 C    13.8    -5.2     3.4    95.8    53.5    81.9   0.316   0.314   0.286   0.333   0.118     7.4     7.5     8.0     8.3     8.4
54796 20200422  2.622  -71.54   41.49     8.1    -0.2     3.9     4.0     0.0    22.73 C    22.9    -3.8     5.3    72.9    25.5    42.0   0.316   0.316   0.289   0.334   0.121     7.6     7.5     7.7     8.0     8.4
54796 20200423  2.622  -71.54   41.49     9.8    -2.6     3.6     4.5     0.0    11.85 C    22.3    -7.1     5.0    74.8    26.6    49.1   0.304   0.308   0.284   0.333   0.118     7.6     7.5     7.7     7.9     8.3
54796 20200424  2.622  -71.54   41.49     7.1     1.3     4.2     5.5    10.2     3.63 C     9.1    -0.5     5.8    95.0    75.2    89.8   0.327   0.321   0.290   0.333   0.117     7.7     7.7     7.9     7.9     8.2
54796 20200425  2.622  -71.54   41.49    15.8    -2.1     6.8     7.5     0.0    26.21 C    30.6    -3.3    10.3   100.0    22.7    64.8   0.313   0.315   0.289   0.335   0.123     8.9     8.4     8.1     7.8     8.2
54796 20200426  2.622  -71.54   41.49    11.2     3.1     7.2     6.8    11.8     5.09 C    17.6     1.8     7.2    93.9    45.6    81.0   0.327   0.322   0.290   0.334   0.120     8.9     8.8     8.8     8.1     8.2
54796 20200427  2.622  -71.54   41.49     6.4     3.2     4.8     5.2     3.7     6.67 C    10.0     3.6     6.0    92.6    84.3    88.3   0.332   0.328   0.296   0.337   0.131     8.2     8.2     8.4     8.2     8.3
54796 20200428  2.622  -71.54   41.49    13.4     0.7     7.1     6.4     0.2    17.61 C    27.0    -0.9     9.1    95.8    42.5    72.7   0.322   0.321   0.293   0.337   0.132     9.1     8.7     8.5     8.1     8.3
54796 20200429  2.622  -71.54   41.49    14.4    -1.3     6.5     7.1     0.0    18.82 C    28.5    -2.2    10.2    98.9    30.5    70.8   0.308   0.309   0.287   0.336   0.126     9.7     9.4     9.1     8.3     8.3
54796 20200430  2.622  -71.54   41.49    10.5     6.4     8.5     8.2    16.8     3.78 C    13.1     6.5     8.8    92.1    73.1    86.9   0.346   0.337   0.301   0.337   0.130     9.5     9.3     9.3     8.6     8.4
54796 20200501  2.622  -71.54   41.49    19.4     9.6    14.5    13.4    26.1    12.17 C    28.3     6.6    14.2    96.1    63.0    87.4   0.363   0.353   0.316   0.343   0.146    11.2    10.6     9.9     8.8     8.6
54796 20200502  2.622  -71.54   41.49    21.7     8.2    15.0    14.5     0.0    26.92 C    32.1     5.4    16.0    88.8    23.7    50.9   0.317   0.317   0.291   0.339   0.132    12.7    12.0    11.1     9.2     8.7
54796 20200503  2.622  -71.54   41.49    21.0    10.9    16.0    14.4     0.4    23.68 C    31.8     9.3    16.8    89.4    56.6    75.0   0.305   0.307   0.284   0.335   0.123    13.8    13.1    12.2     9.8     9.0
54796 20200504  2.622  -71.54   41.49    22.1     8.3    15.2    15.0     3.4    19.00 C    35.0     5.4    16.4    96.1    23.4    56.5   0.306   0.306   0.282   0.332   0.117    14.7    14.0    13.1    10.4     9.4
54796 20200505  2.622  -71.54   41.49    15.6     4.1     9.9    10.0     0.0    27.93 C    31.5     2.0    13.5    80.6    27.5    50.0   0.297   0.300   0.279   0.330   0.112    14.0    13.6    13.0    11.0     9.8
54796 20200506  2.622  -71.54   41.49    12.2     1.2     6.7     7.0     4.7    14.34 C    29.2     0.7     9.8    93.2    47.3    73.3   0.296   0.298   0.276   0.327   0.107    12.9    12.7    12.6    11.2    10.1
54796 20200507  2.622  -71.54   41.49    16.7     3.4    10.0    10.3     0.0    19.95 C    31.7     1.9    12.7    95.1    18.7    58.7   0.303   0.302   0.278   0.326   0.104    12.9    12.6    12.3    11.2    10.3
54796 20200508  2.622  -71.54   41.49    13.1     5.3     9.2     8.9     8.8    10.58 C    27.4     2.8    10.4    92.1    28.7    64.5   0.298   0.298   0.275   0.324   0.102    12.4    12.3    12.3    11.2    10.4
54796 20200509  2.622  -71.54   41.49     8.4     0.8     4.6     4.4     2.5    25.32 C    25.9    -0.1     9.2    93.5    28.1    57.9   0.326   0.316   0.286   0.327   0.105    12.1    11.9    11.9    11.1    10.5
54796 20200510  2.622  -71.54   41.49    14.6     0.2     7.4     8.0     0.0    25.12 C    29.7    -2.5    10.6    76.1    28.3    56.0   0.303   0.302   0.280   0.327   0.107    11.6    11.5    11.6    11.0    10.6
54796 20200511  2.622  -71.54   41.49    13.6     2.4     8.0     9.4     0.7    12.99 C    22.3     0.4    10.1    96.5    65.3    79.2   0.298   0.300   0.277   0.325   0.104    11.8    11.6    11.6    10.9    10.5
54796 20200512  2.622  -71.54   41.49    13.6     4.3     8.9     9.1     0.0    27.54 C    30.9     1.2    12.4    71.5    26.2    45.9   0.294   0.296   0.275   0.324   0.101    12.5    12.1    11.8    10.9    10.5
54796 20200513  2.622  -71.54   41.49    14.9     1.7     8.3     8.8     0.0    29.13 C    30.7    -1.2    12.1    72.5    21.7    40.7   0.287   0.291   0.271   0.321   0.097    13.0    12.6    12.3    11.1    10.6
54796 20200514  2.622  -71.54   41.49    18.3     0.1     9.2    10.9     0.0    28.91 C    32.3    -1.6    14.0    87.6    23.9    54.5   0.279   0.286   0.267   0.318   0.094    13.3    12.9    12.6    11.2    10.8
54796 20200515  2.622  -71.54   41.49    23.0     9.9    16.5    15.5     9.8    21.86 C    35.5    10.7    19.0    95.4    59.4    82.2   0.292   0.292   0.267   0.316   0.091    15.5    14.7    13.7    11.5    10.9
54796 20200516  2.622  -71.54   41.49    22.8     8.3    15.5    16.2     6.3    21.43 C    34.8     8.4    18.9    95.7    39.1    71.7   0.309   0.302   0.274   0.317   0.093    17.2    16.4    15.2    12.2    11.1
54796 20200517  2.622  -71.54   41.49    15.4     9.3    12.3    11.7     0.0    25.16 C    31.5    10.1    17.3    89.3    56.9    73.7   0.292   0.292   0.270   0.317   0.094    17.0    16.4    15.6    12.9    11.5
54796 20200518  2.622  -71.54   41.49    18.8     9.7    14.2    13.5     0.0    13.90 C    31.1     9.0    16.1    89.0    57.3    73.5   0.286   0.288   0.266   0.315   0.092    16.7    16.3    15.7    13.3    11.9
54796 20200519  2.622  -71.54   41.49    17.7     6.8    12.2    12.2     0.0    27.96 C    28.2     5.1    14.2    84.2    37.0    55.7   0.280   0.284   0.263   0.312   0.089    15.9    15.6    15.3    13.5    12.2
54796 20200520  2.622  -71.54   41.49    16.8     3.8    10.3    10.5     0.0    29.52 C    32.2     1.6    14.1    93.4    34.3    62.2   0.273   0.279   0.259   0.309   0.086    15.8    15.4    15.0    13.5    12.4
54796 20200521  2.622  -71.54   41.49    17.3     1.4     9.4    10.2     0.0    29.42 C    31.8     0.4    14.6   100.0    41.8    74.6   0.267   0.274   0.255   0.305   0.084    15.9    15.5    15.1    13.5    12.5
54796 20200522  2.622  -71.54   41.49    23.1     8.4    15.8    17.2     0.0    27.64 C    33.7     5.4    19.4    95.9    49.0    71.7   0.260   0.269   0.250   0.301   0.081    16.8    16.3    15.6    13.6    12.7
54796 20200523  2.622  -71.54   41.49    19.4     6.9    13.2    13.7    10.6     4.56 C    25.8     6.2    14.5    97.1    68.0    87.9   0.274   0.275   0.250   0.298   0.078    16.7    16.5    16.2    13.9    12.8
54796 20200524  2.622  -71.54   41.49    18.4     6.9    12.7    12.9     0.0    27.55 C    29.8     6.2    16.4    88.5    53.8    70.5   0.280   0.282   0.256   0.299   0.079    15.9    15.5    15.2    14.0    13.0
54796 20200525  2.622  -71.54   41.49    20.2    10.0    15.1    14.3     0.2    15.50 C    32.2    10.8    17.7    96.6    73.0    88.3   0.269   0.275   0.253   0.299   0.078    16.9    16.4    15.8    14.0    13.1
54796 20200526  2.622  -71.54   41.49    23.5    14.5    19.0    18.2     0.0    25.95 C    38.3    15.5    23.4    96.7    67.2    84.0   0.261   0.270   0.249   0.297   0.077    19.4    18.5    17.1    14.3    13.2
54796 20200527  2.622  -71.54   41.49    23.5    13.5    18.5    17.8     0.0    25.37 C    36.0    14.7    22.8    97.5    67.1    87.9   0.255   0.264   0.245   0.294   0.075    20.6    19.8    18.5    15.0    13.5
54796 20200528  2.622  -71.54   41.49    23.1    16.0    19.6    19.1     6.3    14.08 C    30.9    17.1    21.6    97.5    74.5    89.8   0.253   0.262   0.242   0.290   0.073    20.8    20.1    19.0    15.7    13.9
54796 20200529  2.622  -71.54   41.49    19.8    16.3    18.1    17.7     8.1     6.93 C    25.1    17.3    19.2    97.1    91.3    95.9   0.287   0.281   0.252   0.290   0.072    20.0    19.6    19.0    16.1    14.3
54796 20200530  2.622  -71.54   41.49    26.1    14.5    20.3    20.1     0.0    23.45 C    39.1    13.1    23.0    97.5    46.5    76.2   0.271   0.275   0.252   0.294   0.075    21.2    20.3    19.2    16.3    14.6
54796 20200531  2.622  -71.54   41.49    20.1     9.8    15.0    16.1     0.0    29.83 C    35.0     6.3    19.4    63.7    29.5    45.6   0.259   0.267   0.247   0.293   0.074    20.8    20.3    19.6    16.7    14.9
54796 20200601  2.622  -71.54   41.49    17.7     3.4    10.6    11.9     0.0    25.44 C    35.6     2.1    15.7    91.8    30.0    54.8   0.251   0.262   0.243   0.290   0.073    19.3    19.1    18.8    16.8    15.1
54796 20200602  2.622  -71.54   41.49    20.1     5.4    12.7    13.6     0.0    17.54 C    34.1     4.9    16.6    93.7    44.0    70.7   0.248   0.259   0.239   0.287   0.070    18.5    18.3    18.2    16.6    15.3
54796 20200603  2.622  -71.54   41.49    25.8    12.4    19.1    19.1     0.8    17.91 C    34.8    11.1    21.2    95.2    58.2    78.3   0.245   0.256   0.236   0.284   0.069    19.7    19.1    18.5    16.5    15.4
54796 20200604  2.622  -71.54   41.49    27.1    14.6    20.8    20.9     0.0    27.62 C    36.6    13.4    23.7    97.7    38.5    76.0   0.241   0.252   0.232   0.280   0.067    21.3    20.6    19.5    16.7    15.4
54796 20200605  2.622  -71.54   41.49    24.7    16.7    20.7    19.1     4.4    10.97 C    31.8    15.8    20.7    95.4    73.5    88.8   0.241   0.250   0.230   0.276   0.065    21.0    20.6    19.9    17.2    15.6
54796 20200606  2.622  -71.54   41.49    25.7    16.5    21.1    20.5     7.2    19.88 C    36.0    13.6    23.3    96.8    67.1    87.5   0.268   0.263   0.236   0.274   0.064    22.0    21.3    20.3    17.4    15.8
54796 20200607  2.622  -71.54   41.49    20.5    11.0    15.8    17.0     0.0    18.40 C    31.3     9.0    18.5    94.5    44.9    65.3   0.255   0.258   0.235   0.275   0.066    21.0    20.7    20.3    17.7    16.1
54796 20200608  2.622  -71.54   41.49    24.9     7.7    16.3    17.0     0.0    28.72 C    37.5     6.1    19.7    96.0    31.3    62.3   0.246   0.251   0.231   0.274   0.064    20.8    20.3    19.8    17.8    16.3
54796 20200609  2.622  -71.54   41.49    26.3    11.2    18.7    19.4     0.0    24.54 C    39.5    10.2    22.2    93.4    35.1    64.7   0.239   0.245   0.227   0.270   0.064    21.3    20.8    20.1    17.8    16.4
54796 20200610  2.622  -71.54   41.49    23.6    15.3    19.4    19.1     0.0    24.57 C    37.0    14.8    23.5    95.8    66.7    82.5   0.233   0.239   0.222   0.266   0.062    22.5    21.8    20.8    18.0    16.5
54796 20200611  2.622  -71.54   41.49    19.8    17.5    18.6    18.6    20.1     3.07 C    22.2    17.7    18.9    96.1    82.7    89.9   0.273   0.259   0.228   0.261   0.060    20.9    20.9    20.7    18.4    16.7
54796 20200612  2.622  -71.54   41.49    24.7    15.1    19.9    20.5     0.0    23.34 C    36.7    13.7    23.3    97.6    59.1    82.8   0.283   0.270   0.245   0.268   0.062    22.1    21.4    20.5    18.2    16.9
54796 20200613  2.622  -71.54   41.49    22.4    13.9    18.2    18.3     0.0    26.72 C    37.6    11.7    21.1    79.1    42.2    52.7   0.257   0.255   0.237   0.271   0.062    22.1    21.7    21.0    18.5    17.0
54796 20200614  2.622  -71.54   41.49    21.8    10.6    16.2    16.0     0.0    29.19 C    34.0     9.1    18.4    84.1    42.1    60.2   0.247   0.247   0.231   0.269   0.063    21.1    20.9    20.6    18.7    17.1
54796 20200615  2.622  -71.54   41.49    20.9    10.4    15.7    15.9     0.0    24.36 C    30.2     7.6    17.5    91.6    42.7    70.2   0.239   0.242   0.226   0.265   0.061    20.3    20.2    20.1    18.6    17.3
54796 20200616  2.622  -71.54   41.49    23.7     8.7    16.2    16.5     0.0    29.09 C    34.1     6.1    18.7    95.7    45.6    71.8   0.232   0.236   0.220   0.261   0.060    20.3    20.0    19.7    18.3    17.3
54796 20200617  2.622  -71.54   41.49    23.2     9.8    16.5    17.2     0.0    26.42 C    36.5     7.8    20.3    96.5    51.4    76.1   0.227   0.231   0.215   0.256   0.059    20.9    20.5    20.0    18.2    17.2
54796 20200618  2.622  -71.54   41.49    25.2    15.9    20.5    19.8     0.0    23.93 C    37.4    17.1    23.9    97.6    69.4    86.9   0.224   0.227   0.211   0.251   0.056    22.6    21.9    20.9    18.4    17.2
54796 20200619  2.622  -71.54   41.49    26.4    16.9    21.6    20.8     0.0    23.55 C    38.7    14.9    24.1    97.5    61.3    83.3   0.220   0.224   0.207   0.245   0.055    23.4    22.8    21.8    18.9    17.4
54796 20200620  2.622  -71.54   41.49    28.6    16.4    22.5    22.4     0.0    27.45 C    38.1    14.9    25.1    96.8    53.4    78.5   0.216   0.219   0.203   0.240   0.054    23.9    23.2    22.2    19.2    17.6
54796 20200621  2.622  -71.54   41.49    28.1    17.1    22.6    22.4     0.0    25.48 C    39.4    15.5    25.1    97.0    57.7    80.8   0.210   0.214   0.198   0.234   0.053    24.4    23.8    22.7    19.7    17.8
54796 20200622  2.622  -71.54   41.49    26.6    17.4    22.0    21.5     0.0    23.77 C    39.7    16.6    25.1    97.6    67.3    84.0   0.205   0.210   0.195   0.228   0.052    24.8    24.1    23.1    20.0    18.1
54796 20200623  2.622  -71.54   41.49    25.9    18.4    22.1    21.1     0.0    22.23 C    38.0    19.6    25.4    97.7    70.0    89.9   0.201   0.206   0.191   0.223   0.051    25.1    24.5    23.5    20.4    18.4
54796 20200624  2.622  -71.54   41.49    27.4    16.2    21.8    22.3     0.0    19.13 C    37.2    14.0    24.1    97.1    47.0    82.1   0.199   0.204   0.189   0.218   0.050    24.9    24.4    23.6    20.7    18.6
54796 20200625  2.622  -71.54   41.49    27.7    13.7    20.7    21.6     0.0    25.54 C    39.6    12.4    23.8    95.1    34.0    67.4   0.193   0.199   0.185   0.213   0.050    24.3    23.9    23.3    20.8    18.8
54796 20200626  2.622  -71.54   41.49    25.9    15.2    20.5    21.5     0.3    26.57 C    37.4    13.7    24.0    96.7    61.1    79.3   0.188   0.195   0.182   0.209   0.049    24.7    24.2    23.5    20.8    19.0
54796 20200627  2.622  -71.54   41.49    26.9    14.1    20.5    20.4    16.0    13.57 C    36.9    12.2    21.9    95.3    51.8    84.4   0.221   0.223   0.195   0.205   0.048    23.6    23.4    23.1    20.9    19.2
54796 20200628  2.622  -71.54   41.49    26.6    16.7    21.7    21.7     0.0    23.33 C    37.1    15.6    25.1    97.5    67.7    84.0   0.234   0.234   0.206   0.206   0.048    24.7    24.0    23.2    20.8    19.2
54796 20200629  2.622  -71.54   41.49    26.0    18.2    22.1    21.0     1.9    12.36 C    39.5    17.9    23.1    96.5    65.9    88.2   0.216   0.217   0.196   0.206   0.047    24.3    24.0    23.6    21.1    19.3
54796 20200630  2.622  -71.54   41.49    23.3    16.4    19.8    19.7     3.5    11.33 C    36.3    15.5    21.8    96.8    68.2    86.4   0.213   0.213   0.192   0.205   0.048    23.6    23.3    23.0    21.2    19.4
54796 20200701  2.622  -71.54   41.49    25.1    16.1    20.6    19.8     2.5    16.96 C    36.3    15.5    22.5    97.1    68.4    87.8   0.215   0.214   0.193   0.205   0.047    23.6    23.3    22.9    21.0    19.5
54796 20200702  2.622  -71.54   41.49    27.0    15.2    21.1    22.1     0.0    26.44 C    38.7    14.2    25.2    97.0    60.6    80.6   0.212   0.211   0.191   0.205   0.046    24.5    24.0    23.2    21.0    19.5
54796 20200703  2.622  -71.54   41.49    26.7    18.0    22.3    21.9     0.8    18.48 C    33.7    18.1    23.3    94.8    68.0    81.3   0.206   0.206   0.188   0.204   0.047    24.5    24.1    23.7    21.3    19.6
54796 20200704  2.622  -71.54   41.49    25.5    17.4    21.4    20.4     0.0    22.56 C    39.2    17.4    23.5    94.1    64.0    81.6   0.201   0.201   0.185   0.202   0.046    24.0    23.6    23.2    21.3    19.7
54796 20200705  2.622  -71.54   41.49    26.2    18.5    22.4    22.3     0.0    22.88 C    36.4    19.3    25.3    96.1    72.9    85.4   0.196   0.196   0.181   0.200   0.045    24.8    24.3    23.6    21.3    19.7
54796 20200706  2.622  -71.54   41.49    26.2    18.3    22.2    22.3     0.0    26.62 C    35.1    18.1    25.3    97.6    59.0    80.5   0.189   0.192   0.178   0.197   0.044    25.3    24.8    24.1    21.5    19.9
54796 20200707  2.622  -71.54   41.49    21.1    17.2    19.2    18.8     0.5    21.85 C    35.1    16.2    22.8    94.2    70.6    83.7   0.183   0.187   0.174   0.194   0.044    24.8    24.4    23.9    21.7    20.0
54796 20200708  2.622  -71.54   41.49    27.3    20.0    23.6    22.9     0.5    17.95 C    37.1    20.2    25.1    96.4    72.2    88.8   0.181   0.185   0.173   0.191   0.044    25.0    24.5    23.9    21.7    20.1
54796 20200709  2.622  -71.54   41.49    28.6    19.0    23.8    24.2     0.0    22.12 C    38.0    17.5    26.5    96.4    67.6    85.2   0.178   0.182   0.170   0.188   0.043    25.8    25.2    24.4    21.7    20.2
54796 20200710  2.622  -71.54   41.49    26.9    19.2    23.0    23.0     1.3    14.51 C    38.5    18.7    25.1    97.5    75.5    90.8   0.174   0.179   0.168   0.185   0.043    25.5    25.0    24.5    22.0    20.3
54796 20200711  2.622  -71.54   41.49    25.0    21.7    23.4    23.3     1.4    10.55 C    30.2    21.8    24.5    96.4    84.1    90.1   0.176   0.179   0.168   0.183   0.042    25.1    24.7    24.3    22.1    20.4
54796 20200712  2.622  -71.54   41.49    29.0    20.1    24.6    24.5     0.0    27.72 C    37.9    18.3    26.4    96.6    53.1    74.1   0.173   0.178   0.166   0.181   0.042    25.6    25.0    24.4    22.0    20.4
54796 20200713  2.622  -71.54   41.49    28.0    19.3    23.7    23.4     1.2    19.65 C    37.9    17.8    25.0    95.5    57.5    79.4   0.170   0.174   0.163   0.179   0.042    25.4    25.0    24.5    22.2    20.6
54796 20200714  2.622  -71.54   41.49    28.4    17.5    22.9    21.5    27.1    17.29 C    41.1    16.3    23.6    97.0    54.5    84.4   0.213   0.213   0.194   0.177   0.042    24.0    23.9    23.9    22.1    20.7
54796 20200715  2.622  -71.54   41.49    23.1    13.9    18.5    19.4     0.0    15.42 C    30.5    12.2    20.7    95.7    58.4    80.5   0.229   0.231   0.213   0.186   0.042    23.1    23.0    23.1    22.1    20.7
54796 20200716  2.622  -71.54   41.49    22.8    12.5    17.7    17.8     0.0    27.33 C    35.0    11.2    20.9    95.9    54.8    76.8   0.211   0.216   0.200   0.189   0.042    23.2    22.9    22.8    21.8    20.6
54796 20200717  2.622  -71.54   41.49    22.1    13.8    17.9    19.5     5.4     4.87 C    24.8    13.0    20.2    96.8    73.9    88.9   0.210   0.214   0.196   0.188   0.043    22.4    22.3    22.5    21.6    20.5
54796 20200718  2.622  -71.54   41.49    29.5    20.2    24.9    24.3     0.0    27.26 C    39.7    20.3    27.3    97.6    54.4    81.3   0.208   0.212   0.194   0.189   0.043    24.8    24.1    23.1    21.4    20.5
54796 20200719  2.622  -71.54   41.49    29.7    20.3    25.0    24.1     0.0    26.80 C    37.2    18.5    26.9    97.7    63.9    85.4   0.199   0.205   0.189   0.187   0.043    25.9    25.2    24.3    21.8    20.5
54796 20200720  2.622  -71.54   41.49    31.7    22.1    26.9    26.0     1.3    21.96 C    39.6    19.6    27.6    96.0    57.8    82.1   0.192   0.199   0.185   0.185   0.043    26.4    25.7    24.9    22.2    20.6
54796 20200721  2.622  -71.54   41.49    31.0    18.2    24.6    24.8     0.0    25.26 C    42.1    16.2    26.8    95.9    40.3    69.8   0.186   0.193   0.180   0.183   0.041    26.3    25.8    25.1    22.6    20.8
54796 20200722  2.622  -71.54   41.49    28.9    18.8    23.9    23.4     4.8    20.44 C    39.7    18.0    26.1    94.6    55.7    85.8   0.184   0.191   0.177   0.180   0.042    26.3    25.7    25.2    22.8    21.0
54796 20200723  2.622  -71.54   41.49    29.9    22.4    26.1    25.5     0.3    17.78 C    36.3    22.1    26.8    94.6    54.0    79.4   0.184   0.190   0.176   0.178   0.042    26.5    26.0    25.4    22.9    21.2
54796 20200724  2.622  -71.54   41.49    27.1    18.7    22.9    23.1     0.0    15.07 C    37.6    17.2    24.7    96.0    59.4    80.3   0.180   0.187   0.174   0.177   0.041    25.8    25.5    25.1    23.1    21.3
54796 20200725  2.622  -71.54   41.49    30.0    16.8    23.4    23.8     0.0    21.00 C    43.1    15.5    25.5    97.2    48.1    75.8   0.176   0.183   0.170   0.175   0.041    25.6    25.2    24.8    23.1    21.4
54796 20200726  2.622  -71.54   41.49    32.1    20.5    26.3    26.4     0.0    24.42 C    43.0    18.8    28.2    95.9    40.2    72.1   0.169   0.178   0.166   0.172   0.040    26.3    25.7    25.2    23.0    21.5
54796 20200727  2.622  -71.54   41.49    33.0    19.1    26.1    26.4     0.0    26.81 C    42.1    17.0    28.2    91.1    33.4    66.4   0.161   0.171   0.161   0.169   0.041    26.5    25.9    25.4    23.1    21.5
54796 20200728  2.622  -71.54   41.49    33.7    22.6    28.2    27.9     0.0    24.22 C    42.9    20.3    29.7    90.6    46.8    68.3   0.152   0.164   0.157   0.166   0.041    27.0    26.4    25.7    23.3    21.6
54796 20200729  2.622  -71.54   41.49    29.5    18.2    23.9    24.4     0.0    24.05 C    41.6    16.4    27.1    96.1    42.0    66.4   0.144   0.158   0.153   0.163   0.040    26.6    26.1    25.8    23.5    21.8
54796 20200730  2.622  -71.54   41.49    30.9    22.0    26.5    25.8     0.0    19.33 C    41.6    20.8    28.3    97.5    52.4    80.3   0.138   0.154   0.150   0.159   0.039    26.8    26.2    25.7    23.5    21.9
54796 20200731  2.622  -71.54   41.49    27.2    17.4    22.3    22.3     3.2    13.89 C    40.1    16.0    24.6    96.3    64.6    85.4   0.137   0.153   0.149   0.157   0.040    26.1    25.8    25.5    23.6    21.9
54796 20200801  2.622  -71.54   41.49    29.6    15.8    22.7    23.3     0.0    23.74 C    44.1    14.5    26.2    96.8    48.5    78.2   0.137   0.152   0.147   0.155   0.038    25.9    25.5    25.2    23.5    22.0
54796 20200802  2.622  -71.54   41.49    27.8    18.7    23.2    24.1     0.0    13.25 C    39.8    17.0    25.5    97.2    67.8    86.9   0.135   0.150   0.146   0.152   0.039    25.6    25.3    25.1    23.5    22.0
54796 20200803  2.622  -71.54   41.49    31.4    22.7    27.1    26.9     0.0    25.32 C    42.3    21.2    29.3    92.8    39.9    69.6   0.131   0.148   0.142   0.150   0.038    26.2    25.7    25.2    23.4    22.0
54796 20200804  2.622  -71.54   41.49    27.2    21.6    24.4    23.8     4.0     9.58 C    35.4    20.3    24.5    94.6    73.0    86.5   0.129   0.144   0.140   0.147   0.037    25.4    25.2    25.1    23.5    22.0
54796 20200805  2.622  -71.54   41.49    29.3    18.7    24.0    24.3     0.0    23.98 C    40.7    17.0    26.8    95.1    56.0    79.0   0.130   0.145   0.138   0.145   0.036    25.6    25.2    24.8    23.3    22.0
54796 20200806  2.622  -71.54   41.49    26.7    16.2    21.4    21.5     0.0    17.61 C    38.5    14.5    23.4    96.3    41.1    70.2   0.127   0.142   0.136   0.142   0.036    24.7    24.6    24.6    23.3    22.0
54796 20200807  2.622  -71.54   41.49    26.2    16.8    21.5    21.4     0.0    12.60 C    37.4    15.4    22.7    93.7    51.3    76.6   0.125   0.140   0.134   0.141   0.036    23.8    23.7    23.9    23.0    21.9
54796 20200808  2.622  -71.54   41.49    27.0    18.5    22.8    22.1     0.0    23.45 C    44.2    17.8    26.5    91.2    56.2    78.9   0.121   0.137   0.132   0.138   0.037    24.6    24.2    23.9    22.7    21.8
54796 20200809  2.622  -71.54   41.49    28.4    18.3    23.3    23.2     0.0    23.73 C    42.9    16.0    27.1    96.6    65.9    83.5   0.115   0.132   0.128   0.137   0.036    25.3    24.8    24.4    22.8    21.7
54796 20200810  2.622  -71.54   41.49    31.5    20.6    26.1    25.0     0.0    21.38 C    45.4    18.7    28.5    97.5    50.0    80.1   0.109   0.127   0.123   0.134   0.034    25.9    25.3    24.7    22.9    21.7
54796 20200811  2.622  -71.54   41.49    30.0    21.5    25.7    25.5     0.0    23.99 C    43.6    20.4    29.5    95.5    60.1    82.7   0.102   0.121   0.119   0.133   0.035    26.4    25.8    25.1    23.1    21.8
54796 20200812  2.622  -71.54   41.49    30.9    23.7    27.3    26.3     0.0    21.10 C    48.4    23.4    30.6    96.0    58.5    81.3   0.096   0.116   0.115   0.130   0.033    27.1    26.4    25.7    23.4    21.8
54796 20200813  2.622  -71.54   41.49    27.8    21.0    24.4    23.6     1.3     8.78 C    37.9    20.1    24.9    97.7    55.7    83.8   0.092   0.113   0.112   0.128   0.033    26.1    25.8    25.6    23.6    22.0
54796 20200814  2.622  -71.54   41.49    31.1    16.5    23.8    23.6     0.0    22.11 C    44.0    15.6    25.8    96.7    36.5    66.8   0.090   0.111   0.110   0.127   0.034    25.1    24.9    24.9    23.5    22.1
54796 20200815  2.622  -71.54   41.49    23.1    18.2    20.7    20.2     0.0    10.37 C    30.6    16.1    21.2    92.0    65.6    76.4   0.086   0.107   0.108   0.124   0.034    23.2    23.3    23.8    23.2    22.0
54796 20200816  2.622  -71.54   41.49    20.7    17.9    19.3    19.2     6.8     3.90 C    23.1    17.6    19.4    91.6    80.5    89.0   0.091   0.107   0.107   0.123   0.034    22.2    22.3    22.9    22.7    21.9
54796 20200817  2.622  -71.54   41.49    24.9    17.0    21.0    20.1     0.4    19.38 C    40.3    16.2    23.3    93.0    58.0    77.9   0.099   0.111   0.107   0.122   0.034    22.5    22.3    22.4    22.1    21.7
54796 20200818  2.622  -71.54   41.49    27.3    17.3    22.3    21.9     4.3    21.85 C    39.6    15.1    24.7    96.5    48.2    77.0   0.105   0.114   0.107   0.121   0.032    23.8    23.4    23.0    22.0    21.4
54796 20200819  2.622  -71.54   41.49    24.9    12.8    18.9    17.7     5.6    10.44 C    39.0    11.1    18.9    97.1    45.0    86.1   0.116   0.119   0.108   0.120   0.033    22.2    22.3    22.6    22.1    21.4
54796 20200820  2.622  -71.54   41.49    24.9    11.5    18.2    18.5     0.0    25.01 C    40.7     9.5    21.3    97.9    44.2    75.1   0.128   0.128   0.109   0.119   0.032    22.0    21.9    22.0    21.8    21.3
54796 20200821  2.622  -71.54   41.49    27.2    12.7    20.0    20.6     0.0    20.04 C    39.5    10.7    22.8    98.5    56.2    79.9   0.121   0.126   0.109   0.118   0.031    22.4    22.1    22.1    21.6    21.2
54796 20200822  2.622  -71.54   41.49    30.1    18.2    24.1    23.1     0.0    18.25 C    45.1    16.4    25.9    96.7    46.8    80.2   0.114   0.123   0.108   0.117   0.031    23.6    23.2    22.7    21.6    21.1
54796 20200823  2.622  -71.54   41.49    29.8    16.6    23.2    23.2     0.0    20.66 C    44.7    15.1    26.6    98.4    51.7    82.1   0.106   0.118   0.107   0.117   0.032    24.3    23.8    23.3    21.8    21.0
54796 20200824  2.622  -71.54   41.49    29.7    21.3    25.5    24.4     0.0    16.09 C    44.7    20.3    27.8    96.6    64.7    84.5   0.099   0.113   0.104   0.115   0.033    25.1    24.5    23.9    22.1    21.1
54796 20200825  2.622  -71.54   41.49    31.9    19.3    25.6    25.7     0.0    18.61 C    47.5    14.5    28.6    97.2    35.8    68.3   0.092   0.108   0.101   0.115   0.031    25.4    24.9    24.3    22.5    21.2
54796 20200826  2.622  -71.54   41.49    24.3    14.3    19.3    19.5     0.0    22.65 C    43.7    10.0    22.5    78.2    27.0    47.0   0.084   0.102   0.096   0.114   0.031    23.4    23.5    23.7    22.6    21.3
54796 20200827  2.622  -71.54   41.49    23.8    14.6    19.2    18.5     3.8    10.16 C    39.9    10.6    20.6    96.1    50.7    74.7   0.079   0.098   0.093   0.112   0.032    22.0    22.0    22.4    22.2    21.4
54796 20200828  2.622  -71.54   41.49    27.4    18.2    22.8    22.3     0.0    18.03 C    43.7    16.9    25.4    97.0    45.6    77.5   0.079   0.097   0.092   0.111   0.032    23.4    22.9    22.7    21.8    21.2
54796 20200829  2.622  -71.54   41.49    24.8    18.2    21.5    22.1     2.5     5.30 C    29.1    17.3    22.6    95.3    82.3    92.2   0.080   0.097   0.092   0.109   0.031    23.1    22.9    22.8    21.9    21.2
54796 20200830  2.622  -71.54   41.49    26.0    10.4    18.2    20.1     0.0    21.70 C    41.8     7.6    22.1    91.3    35.7    61.2   0.080   0.097   0.091   0.109   0.030    22.5    22.5    22.5    21.8    21.1
54796 20200831  2.622  -71.54   41.49    23.5     7.9    15.7    16.3     0.0    17.41 C    42.4     5.7    19.2    95.7    40.5    73.3   0.077   0.095   0.089   0.109   0.030    20.9    21.0    21.5    21.6    21.1
54796 20200901  2.622  -71.54   41.49    23.7    10.6    17.1    18.3     0.0    20.91 C    42.0     9.0    22.0    97.0    58.9    78.6   0.076   0.093   0.087   0.107   0.029    21.3    21.2    21.3    21.2    20.9
54796 20200902  2.622  -71.54   41.49    22.1    17.1    19.6    19.8     4.1     3.45 C    23.6    17.2    20.6    97.6    84.5    94.0   0.075   0.091   0.087   0.107   0.029    21.5    21.3    21.4    21.1    20.7
54796 20200903  2.622  -71.54   41.49    29.6    20.5    25.1    23.6     0.2    10.17 C    40.2    19.8    25.2    97.9    37.1    81.2   0.078   0.093   0.087   0.106   0.030    23.2    22.7    22.1    21.1    20.7
54796 20200904  2.622  -71.54   41.49    29.5    13.1    21.3    23.1     1.9    20.24 C    45.0    11.0    26.3    95.8    39.4    68.9   0.080   0.094   0.087   0.106   0.030    24.1    23.6    23.0    21.4    20.6
54796 20200905  2.622  -71.54   41.49    25.2    10.7    17.9    17.9     0.0    22.59 C    44.0     8.4    21.1    95.3    25.5    64.9   0.080   0.092   0.085   0.104   0.030    22.0    22.1    22.4    21.5    20.8
54796 20200906  2.622  -71.54   41.49    26.5    11.5    19.0    19.2     0.0    21.04 C    42.5     9.4    22.3    96.7    50.0    78.8   0.077   0.090   0.083   0.103   0.030    21.5    21.4    21.6    21.3    20.7
54796 20200907  2.622  -71.54   41.49    24.5    12.9    18.7    19.0     0.0    19.21 C    43.8    10.6    22.3    98.7    57.2    82.7   0.076   0.088   0.082   0.104   0.029    21.7    21.6    21.6    21.1    20.7
54796 20200908  2.622  -71.54   41.49    26.8    14.8    20.8    20.7     0.2    19.46 C    47.8    14.0    26.1    99.3    42.3    84.8   0.073   0.085   0.080   0.102   0.029    22.8    22.4    22.0    21.1    20.6
54796 20200909  2.622  -71.54   41.49    27.4    18.3    22.8    21.5     0.0    12.69 C    47.9    18.7    25.9    97.2    47.7    81.6   0.071   0.083   0.079   0.101   0.028    23.4    23.0    22.6    21.3    20.6
54796 20200910  2.622  -71.54   41.49    25.2    21.2    23.2    22.8     5.1     4.73 C    30.8    21.4    23.9    97.7    85.1    94.6   0.070   0.082   0.078   0.101   0.028    23.6    23.2    22.9    21.5    20.6
54796 20200911  2.622  -71.54   41.49    22.9    10.0    16.5    18.0     0.0     8.77 C    29.6     6.9    18.5    96.8    67.3    84.9   0.072   0.083   0.078   0.100   0.028    22.2    22.4    22.6    21.6    20.7
54796 20200912  2.622  -71.54   41.49    21.6     8.0    14.8    14.4     0.0    20.63 C    38.9     5.3    17.0    98.3    40.6    75.2   0.071   0.084   0.078   0.099   0.028    19.5    19.9    20.7    21.2    20.7
54796 20200913  2.622  -71.54   41.49    22.8    10.9    16.8    17.4     0.0    17.96 C    42.0     9.1    21.5    96.2    53.4    82.0   0.071   0.082   0.077   0.098   0.028    20.2    20.1    20.3    20.6    20.5
54796 20200914  2.622  -71.54   41.49    24.8    12.5    18.7    20.1     0.0    15.47 C    40.8     9.7    22.1    96.2    37.8    63.8   0.069   0.081   0.076   0.098   0.027    21.0    20.9    20.9    20.5    20.3
54796 20200915  2.622  -71.54   41.49    19.1     7.3    13.2    12.5     0.0    17.32 C    37.9     3.9    15.0    96.3    41.2    65.9   0.066   0.079   0.075   0.098   0.027    18.9    19.2    20.0    20.4    20.3
54796 20200916  2.622  -71.54   41.49    21.1     5.3    13.2    14.8     0.0    14.65 C    35.4     2.9    16.5    97.0    53.4    78.2   0.064   0.077   0.074   0.096   0.027    18.0    18.2    18.9    19.9    20.1
54796 20200917  2.622  -71.54   41.49    23.2    12.2    17.7    18.6     0.0    12.33 C    37.0     9.3    20.5    97.9    57.6    83.5   0.064   0.076   0.073   0.095   0.027    19.3    19.2    19.3    19.5    19.8
54796 20200918  2.622  -71.54   41.49    19.7    11.1    15.4    16.3     0.0    13.85 C    32.1     6.5    17.7    95.4    45.5    63.6   0.062   0.075   0.072   0.094   0.027    19.0    19.1    19.4    19.5    19.7
54796 20200919  2.622  -71.54   41.49    17.3     3.4    10.3    11.0     0.0    20.66 C    36.3    -0.8    13.3    85.7    23.3    46.8   0.058   0.073   0.069   0.095   0.026    16.9    17.4    18.3    19.2    19.6
54796 20200920  2.622  -71.54   41.49    16.1     1.1     8.6     9.3     0.0    17.03 C    28.8    -3.8     9.9    90.8    25.6    53.8   0.056   0.070   0.068   0.093   0.026    15.4    16.0    17.2    18.7    19.4
54796 20200921  2.622  -71.54   41.49    18.6     0.3     9.5     9.4     0.0    19.03 C    31.2    -4.4    10.1    94.4    30.8    66.0   0.054   0.069   0.067   0.093   0.026    14.4    14.9    16.1    18.0    19.1
54796 20200922  2.622  -71.54   41.49    19.0     3.3    11.1    12.4     0.0    11.93 C    28.6    -2.4    11.3    78.7    22.6    43.0   0.052   0.067   0.066   0.093   0.025    14.1    14.6    15.7    17.5    18.7
54796 20200923  2.622  -71.54   41.49    25.4     5.6    15.5    16.3     0.0    17.80 C    43.8     1.4    18.7    87.3    39.9    59.1   0.052   0.066   0.065   0.093   0.025    15.7    15.6    15.9    17.1    18.4
54796 20200924  2.622  -71.54   41.49    25.6     8.3    16.9    16.9     0.0    12.26 C    42.9     5.3    18.3    97.3    40.1    74.5   0.051   0.065   0.064   0.092   0.025    16.9    16.8    16.9    17.1    18.2
54796 20200925  2.622  -71.54   41.49    26.7     9.7    18.2    17.8     0.0    14.51 C    47.3     7.0    21.4    98.1    43.8    82.5   0.051   0.065   0.064   0.091   0.024    18.0    17.6    17.5    17.4    18.1
54796 20200926  2.622  -71.54   41.49    23.8    12.0    17.9    18.1     0.0    11.75 C    42.8     9.6    21.5    98.5    56.7    85.3   0.051   0.065   0.063   0.090   0.024    19.0    18.6    18.3    17.7    18.1
54796 20200927  2.622  -71.54   41.49    23.4    18.8    21.1    20.8     2.4     6.88 C    33.3    19.0    22.9    97.7    82.6    91.2   0.051   0.065   0.063   0.090   0.023    20.3    19.8    19.2    18.1    18.2
54796 20200928  2.622  -71.54   41.49    21.8    18.0    19.9    19.8     0.3     7.59 C    30.9    18.2    21.7    97.2    82.7    92.2   0.050   0.065   0.063   0.090   0.023    20.9    20.5    19.9    18.5    18.3
54796 20200929  2.622  -71.54   41.49    24.2    17.6    20.9    20.5     0.0     8.71 C    39.6    17.5    23.1    97.0    66.5    87.4   0.051   0.065   0.062   0.088   0.023    21.0    20.6    20.2    18.8    18.5
54796 20200930  2.622  -71.54   41.49    22.4    12.1    17.2    19.5     9.6    13.05 C    33.0     8.8    20.2    94.5    44.8    76.7   0.112   0.092   0.062   0.088   0.024    20.8    20.7    20.5    19.2    18.6
54796 20201001  2.622  -71.54   41.49    22.7    11.1    16.9    17.2     0.0    16.85 C    36.6     7.9    18.3    97.3    56.8    77.4   0.115   0.102   0.066   0.090   0.025    18.9    18.9    19.3    19.1    18.8
54796 20201002  2.622  -71.54   41.49    19.4     5.4    12.4    12.6     0.0     6.86 C    32.5     2.5    13.0    97.8    50.4    82.3   0.105   0.101   0.071   0.088   0.025    17.4    17.7    18.4    18.8    18.7
54796 20201003  2.622  -71.54   41.49    20.4     3.2    11.8    10.9     0.0    16.17 C    41.2     0.7    13.1    97.5    38.6    76.0   0.099   0.099   0.071   0.088   0.024    15.9    16.2    17.1    18.2    18.6
54796 20201004  2.622  -71.54   41.49    19.2     2.4    10.8    12.1     0.0    16.28 C    38.7    -0.4    14.9    97.0    36.5    71.8   0.094   0.096   0.072   0.087   0.023    15.4    15.6    16.4    17.6    18.4
54796 20201005  2.622  -71.54   41.49    17.6     8.7    13.2    13.5    14.4     8.49 C    24.9     6.1    14.1    97.4    64.6    89.1   0.151   0.146   0.103   0.088   0.024    16.1    16.2    16.6    17.4    18.1
54796 20201006  2.622  -71.54   41.49    19.1     6.1    12.6    13.1     0.0    12.27 C    36.0     3.8    14.3    97.8    63.0    84.6   0.148   0.151   0.116   0.088   0.024    15.6    15.7    16.2    17.2    17.9
54796 20201007  2.622  -71.54   41.49    22.2    11.4    16.8    16.8     2.0    11.75 C    32.3     8.6    16.9    91.2    46.9    73.4   0.137   0.142   0.114   0.088   0.025    16.2    16.2    16.4    16.9    17.8
54796 20201008  2.622  -71.54   41.49    17.2     4.4    10.8    12.1     0.0    17.05 C    31.4     0.1    12.5    84.7    26.6    52.1   0.133   0.138   0.112   0.089   0.024    15.0    15.3    16.0    16.8    17.6
54796 20201009  2.622  -71.54   41.49    16.2     1.0     8.6     9.2     0.0    16.47 C    33.0    -1.2    11.3    95.4    30.7    70.6   0.128   0.134   0.109   0.089   0.022    13.6    14.0    14.9    16.5    17.5
54796 20201010  2.622  -71.54   41.49    21.5    15.5    18.5    18.1     0.0    10.13 C    30.4    11.8    17.7    89.8    62.1    74.2   0.123   0.131   0.108   0.090   0.022    15.1    14.9    15.2    16.1    17.2
54796 20201011  2.622  -71.54   41.49    17.8    10.0    13.9    14.7     0.0    14.23 C    31.9     8.1    15.9    93.5    42.9    67.7   0.119   0.128   0.107   0.090   0.022    15.8    15.8    16.0    16.2    17.1
54796 20201012  2.622  -71.54   41.49    13.8     9.9    11.9    11.5     2.2     3.90 C    17.6     9.4    11.5    89.2    67.2    75.9   0.116   0.125   0.105   0.092   0.022    14.3    14.6    15.3    16.2    17.0
54796 20201013  2.622  -71.54   41.49    17.8    11.4    14.6    13.9    33.0     1.84 C    17.7    11.4    14.0    95.7    89.5    93.6   0.218   0.201   0.149   0.093   0.022    14.8    14.8    15.1    15.9    16.9
54796 20201014  2.622  -71.54   41.49    20.1     7.1    13.6    12.7     0.0    15.51 C    33.4     4.5    14.5    96.9    37.1    76.4   0.202   0.206   0.186   0.094   0.022    15.1    15.1    15.4    15.8    16.8
54796 20201015  2.622  -71.54   41.49    21.2     5.6    13.4    14.5     0.0    13.93 C    30.3     3.9    15.2    98.4    47.2    82.0   0.176   0.183   0.166   0.110   0.023    14.6    14.7    15.1    15.7    16.6
54796 20201016  2.622  -71.54   41.49    20.4    10.7    15.5    16.5    16.7     1.98 C    24.0    10.8    16.5    93.1    84.3    88.2   0.170   0.174   0.156   0.125   0.023    16.1    15.9    15.9    15.7    16.6
54796 20201017  2.622  -71.54   41.49    14.7     1.7     8.2     8.5    30.8    14.26 C    26.9     0.0    10.5    96.1    32.4    76.0   0.286   0.273   0.255   0.152   0.022    13.3    13.7    14.6    15.8    16.6
54796 20201018  2.622  -71.54   41.49    15.6     0.2     7.9     7.9     0.0    14.33 C    28.0    -1.1     9.3    96.5    42.8    77.3   0.208   0.214   0.206   0.181   0.023    12.3    12.7    13.6    15.3    16.3
54796 20201019  2.622  -71.54   41.49    17.5     4.7    11.1    10.3     0.0    12.72 C    34.2     3.3    12.2    96.8    63.7    85.4   0.192   0.201   0.191   0.182   0.023    13.0    13.1    13.6    14.7    16.1
54796 20201020  2.622  -71.54   41.49    18.7     6.6    12.6    14.1     6.7     4.68 C    25.2     4.9    14.7    97.8    83.3    94.9   0.195   0.201   0.189   0.184   0.026    14.0    13.8    14.0    14.6    15.8
