94075 20200101  2.623 -105.54   40.04    -3.2    -8.4    -5.8    -5.7     6.8     3.27 C    -5.3    -9.1    -7.4    87.4    60.4    70.9 -99.000 -99.000 -99.000 -99.000 -99.000    -3.5    -2.8 -9999.0 -9999.0 -9999.0
94075 20200102  2.623 -105.54   40.04    -4.6   -11.1    -7.8    -8.7     0.3     8.56 C    -8.7   -16.6   -12.3    79.7    32.9    57.7 -99.000 -99.000 -99.000 -99.000 -99.000    -3.2    -2.6 -9999.0 -9999.0 -9999.0
94075 20200103  2.623 -105.54   40.04    -1.2   -11.4    -6.3    -8.1     1.1     6.96 C    -6.6   -14.7   -10.3    74.7    42.9    65.3 -99.000 -99.000 -99.000 -99.000 -99.000    -4.0    -3.0 -9999.0 -9999.0 -9999.0
94075 20200104  2.623 -105.54   40.04     4.1    -5.5    -0.7    -0.8     0.5     7.34 C    -0.6   -11.8    -5.9    70.3    29.2    45.4 -99.000 -99.000 -99.000 -99.000 -99.000    -3.6    -2.9 -9999.0 -9999.0 -9999.0
94075 20200105  2.623 -105.54   40.04     1.3   -10.3    -4.5    -5.0     3.8     8.05 C    -2.2   -13.2    -8.6    83.6    11.1    52.3 -99.000 -99.000 -99.000 -99.000 -99.000    -3.4    -2.7 -9999.0 -9999.0 -9999.0
94075 20200106  2.623 -105.54   40.04    -7.6   -12.7   -10.2   -10.6     3.0     4.84 C   -10.0   -13.4   -12.1    75.8    45.4    63.5 -99.000 -99.000 -99.000 -99.000 -99.000    -4.0    -3.0 -9999.0 -9999.0 -9999.0
94075 20200107  2.623 -105.54   40.04    -0.6    -8.5    -4.6    -4.6     0.4     8.43 C    -2.5   -14.5    -9.4    68.1    36.0    52.0 -99.000 -99.000 -99.000 -99.000 -99.000    -4.5    -3.5 -9999.0 -9999.0 -9999.0
94075 20200108  2.623 -105.54   40.04     2.5    -8.9    -3.2    -2.7     1.1     8.89 C    -1.1   -14.3    -8.8    77.4    16.1    36.6 -99.000 -99.000 -99.000 -99.000 -99.000    -4.6    -3.6 -9999.0 -9999.0 -9999.0
94075 20200109  2.623 -105.54   40.04    -5.2   -11.5    -8.4    -9.0     1.2     7.34 C    -1.7   -16.6   -10.7    86.9    38.6    60.8 -99.000 -99.000 -99.000 -99.000 -99.000    -4.6    -3.6 -9999.0 -9999.0 -9999.0
94075 20200110  2.623 -105.54   40.04    -6.0   -14.6   -10.3   -11.0     0.0     7.03 C    -6.6   -22.3   -14.1    82.1    14.0    52.0 -99.000 -99.000 -99.000 -99.000 -99.000    -5.0    -3.8 -9999.0 -9999.0 -9999.0
94075 20200111  2.623 -105.54   40.04    -4.0   -11.9    -7.9    -7.9     1.9     5.92 C    -2.9   -18.9   -11.5    71.1    16.9    53.2 -99.000 -99.000 -99.000 -99.000 -99.000    -5.3    -4.1 -9999.0 -9999.0 -9999.0
94075 20200112  2.623 -105.54   40.04    -8.4   -12.3   -10.4   -11.0     1.2     6.31 C    -6.6   -18.7   -13.6    71.7    42.9    57.8 -99.000 -99.000 -99.000 -99.000 -99.000    -5.6    -4.3 -9999.0 -9999.0 -9999.0
94075 20200113  2.623 -105.54   40.04    -6.8   -11.8    -9.3    -9.3     1.1     3.89 C    -7.6   -18.0   -12.2    74.8    41.2    55.9 -99.000 -99.000 -99.000 -99.000 -99.000    -5.6    -4.4 -9999.0 -9999.0 -9999.0
94075 20200114  2.623 -105.54   40.04    -0.2   -12.2    -6.2    -4.9     0.7     9.55 C    -2.9   -19.8    -9.7    78.3    24.0    42.3 -99.000 -99.000 -99.000 -99.000 -99.000    -5.4    -4.4 -9999.0 -9999.0 -9999.0
94075 20200115  2.623 -105.54   40.04    -2.0   -16.5    -9.3    -8.5     1.5     9.68 C    -6.0   -22.3   -13.8    81.3    24.2    55.6 -99.000 -99.000 -99.000 -99.000 -99.000    -4.8    -3.9 -9999.0 -9999.0 -9999.0
94075 20200116  2.623 -105.54   40.04     4.1   -17.4    -6.7    -5.1     0.0     7.43 C    -1.7   -22.2   -11.2    81.5    11.7    43.3 -99.000 -99.000 -99.000 -99.000 -99.000    -5.5    -4.4 -9999.0 -9999.0 -9999.0
94075 20200117  2.623 -105.54   40.04    -0.3   -13.6    -6.9    -6.3     8.0     5.53 C    -1.9   -17.1   -10.1    85.1    38.3    59.4 -99.000 -99.000 -99.000 -99.000 -99.000    -4.5    -3.8 -9999.0 -9999.0 -9999.0
94075 20200118  2.623 -105.54   40.04    -4.5   -14.0    -9.2    -8.8     0.0     9.09 C    -4.0   -17.8   -12.5    74.8    27.3    51.7 -99.000 -99.000 -99.000 -99.000 -99.000    -5.4    -4.2 -9999.0 -9999.0 -9999.0
94075 20200119  2.623 -105.54   40.04    -1.9   -15.3    -8.6    -6.7     0.0     9.31 C    -1.8   -20.0   -11.7    72.6    31.1    51.2 -99.000 -99.000 -99.000 -99.000 -99.000    -5.8    -4.6 -9999.0 -9999.0 -9999.0
94075 20200120  2.623 -105.54   40.04     4.1   -17.7    -6.8    -6.0     0.0    10.23 C     1.5   -21.5   -10.7    60.9     8.0    36.6 -99.000 -99.000 -99.000 -99.000 -99.000    -6.3    -5.0 -9999.0 -9999.0 -9999.0
94075 20200121  2.623 -105.54   40.04     2.6    -3.8    -0.6    -0.5     1.0     5.95 C     2.2    -5.5    -2.7    85.5    18.8    58.2 -99.000 -99.000 -99.000 -99.000 -99.000    -3.8    -3.5 -9999.0 -9999.0 -9999.0
94075 20200122  2.623 -105.54   40.04    -3.4    -9.7    -6.6    -5.7     2.1     6.19 C    -4.3   -14.4    -7.9    86.7    46.8    63.6 -99.000 -99.000 -99.000 -99.000 -99.000    -3.3    -2.8 -9999.0 -9999.0 -9999.0
94075 20200123  2.623 -105.54   40.04    -4.7   -10.4    -7.5    -7.7     3.5     6.22 C    -4.5   -13.1    -9.0    74.3    53.0    67.5 -99.000 -99.000 -99.000 -99.000 -99.000    -4.2    -3.4 -9999.0 -9999.0 -9999.0
94075 20200124  2.623 -105.54   40.04    -0.4    -6.6    -3.5    -3.7     0.0     6.52 C    -3.4   -13.2    -7.7    73.5    39.2    56.0 -99.000 -99.000 -99.000 -99.000 -99.000    -4.0    -3.3 -9999.0 -9999.0 -9999.0
94075 20200125  2.623 -105.54   40.04    -1.3    -5.8    -3.6    -4.3     0.0    11.58 C    -3.4   -12.5    -7.8    71.6    40.0    56.4 -99.000 -99.000 -99.000 -99.000 -99.000    -3.8    -3.2 -9999.0 -9999.0 -9999.0
94075 20200126  2.623 -105.54   40.04     2.1    -5.7    -1.8    -2.8     0.0     8.96 C     1.3    -9.6    -5.5    72.0    29.3    56.4 -99.000 -99.000 -99.000 -99.000 -99.000    -3.7    -3.2 -9999.0 -9999.0 -9999.0
94075 20200127  2.623 -105.54   40.04     0.7    -9.7    -4.5    -3.6     0.0     6.42 C     2.9   -12.7    -4.9    69.3    51.2    59.4 -99.000 -99.000 -99.000 -99.000 -99.000    -2.9    -2.5 -9999.0 -9999.0 -9999.0
94075 20200128  2.623 -105.54   40.04    -4.2   -11.1    -7.6    -7.6     0.0    12.03 C    -2.7   -15.6   -10.4    65.4    36.6    52.2 -99.000 -99.000 -99.000 -99.000 -99.000    -4.3    -3.2 -9999.0 -9999.0 -9999.0
94075 20200129  2.623 -105.54   40.04    -3.8   -12.9    -8.4    -7.0     0.0     8.19 C    -0.9   -16.7    -8.2    91.9    38.5    63.3 -99.000 -99.000 -99.000 -99.000 -99.000    -4.3    -3.4 -9999.0 -9999.0 -9999.0
94075 20200130  2.623 -105.54   40.04    -6.0   -12.2    -9.1    -9.2     0.2     5.68 C    -5.4   -16.3   -11.6    71.9    39.9    53.2 -99.000 -99.000 -99.000 -99.000 -99.000    -5.5    -4.1 -9999.0 -9999.0 -9999.0
94075 20200131  2.623 -105.54   40.04    -0.3   -11.9    -6.1    -4.8     0.0     8.43 C    -2.2   -16.1    -8.2    60.3    19.7    39.6 -99.000 -99.000 -99.000 -99.000 -99.000    -5.7    -4.7 -9999.0 -9999.0 -9999.0
94075 20200201  2.623 -105.54   40.04     3.2    -4.3    -0.6     0.3     0.0     7.78 C     2.0    -6.9    -3.5    67.1    12.3    34.9 -99.000 -99.000 -99.000 -99.000 -99.000    -4.1    -3.7 -9999.0 -9999.0 -9999.0
94075 20200202  2.623 -105.54   40.04     9.0    -5.8     1.6     2.8     0.0    13.11 C     9.7   -11.5    -2.3    50.7     9.0    22.1 -99.000 -99.000 -99.000 -99.000 -99.000    -3.1    -2.9 -9999.0 -9999.0 -9999.0
94075 20200203  2.623 -105.54   40.04    -5.6   -19.6   -12.6   -14.2     6.1     2.46 C    -7.1   -21.3   -12.8    90.9    54.4    82.9 -99.000 -99.000 -99.000 -99.000 -99.000    -3.8    -3.0 -9999.0 -9999.0 -9999.0
94075 20200204  2.623 -105.54   40.04   -17.7   -25.0   -21.4   -21.0     2.8     1.20 C   -14.2   -31.0   -22.6    79.9    73.9    77.5 -99.000 -99.000 -99.000 -99.000 -99.000    -4.4    -3.5 -9999.0 -9999.0 -9999.0
94075 20200205  2.623 -105.54   40.04   -10.5   -20.0   -15.3   -15.4     0.0    13.58 C    -9.1   -23.9   -18.3    77.8    29.4    50.9 -99.000 -99.000 -99.000 -99.000 -99.000    -5.5    -4.3 -9999.0 -9999.0 -9999.0
94075 20200206  2.623 -105.54   40.04    -7.1   -14.8   -11.0   -10.3     5.5     9.78 C    -5.6   -17.5   -11.1    89.0    48.4    65.8 -99.000 -99.000 -99.000 -99.000 -99.000    -5.6    -4.6 -9999.0 -9999.0 -9999.0
94075 20200207  2.623 -105.54   40.04    -5.1   -13.0    -9.0    -8.8     8.7     1.82 C    -6.2   -12.6    -9.1    88.6    66.9    81.7 -99.000 -99.000 -99.000 -99.000 -99.000    -4.5    -3.9 -9999.0 -9999.0 -9999.0
94075 20200208  2.623 -105.54   40.04     0.5    -8.7    -4.1    -3.2     5.8    13.64 C    -3.2    -9.7    -6.3    85.2    37.5    61.2 -99.000 -99.000 -99.000 -99.000 -99.000    -3.8    -3.4 -9999.0 -9999.0 -9999.0
94075 20200209  2.623 -105.54   40.04    -7.9   -13.4   -10.6   -10.8     6.4     1.19 C    -9.6   -15.5   -11.5    91.4    53.3    80.5 -99.000 -99.000 -99.000 -99.000 -99.000    -3.4    -3.1 -9999.0 -9999.0 -9999.0
94075 20200210  2.623 -105.54   40.04    -6.7   -15.1   -10.9   -11.0     0.7     8.36 C    -7.4   -17.5   -13.1    90.2    49.3    74.5 -99.000 -99.000 -99.000 -99.000 -99.000    -3.3    -2.9 -9999.0 -9999.0 -9999.0
94075 20200211  2.623 -105.54   40.04    -3.9   -22.2   -13.1   -11.4     1.7    15.13 C    -8.7   -32.1   -18.3    84.8    18.4    53.6 -99.000 -99.000 -99.000 -99.000 -99.000    -3.1    -2.7 -9999.0 -9999.0 -9999.0
94075 20200212  2.623 -105.54   40.04    -7.6   -15.0   -11.3   -11.4     0.6     8.04 C    -8.6   -16.9   -13.3    86.8    34.3    69.1 -99.000 -99.000 -99.000 -99.000 -99.000    -3.1    -2.6 -9999.0 -9999.0 -9999.0
94075 20200213  2.623 -105.54   40.04    -6.5   -15.0   -10.7   -10.7     1.1     8.06 C    -9.5   -16.0   -12.5    83.8    57.9    66.5 -99.000 -99.000 -99.000 -99.000 -99.000    -2.9    -2.6 -9999.0 -9999.0 -9999.0
94075 20200214  2.623 -105.54   40.04     1.1    -7.1    -3.0    -2.1     2.2    16.09 C    -2.9   -12.1    -7.9    60.0    30.5    40.1 -99.000 -99.000 -99.000 -99.000 -99.000    -2.9    -2.5 -9999.0 -9999.0 -9999.0
94075 20200215  2.623 -105.54   40.04    -2.1    -6.5    -4.3    -4.8     0.2    11.28 C    -3.0   -12.9    -8.6    67.1    36.2    49.9 -99.000 -99.000 -99.000 -99.000 -99.000    -3.5    -2.8 -9999.0 -9999.0 -9999.0
94075 20200216  2.623 -105.54   40.04    -1.0    -6.6    -3.8    -4.2    13.3     9.36 C    -2.5    -9.3    -5.3    90.0    53.8    71.0 -99.000 -99.000 -99.000 -99.000 -99.000    -3.3    -2.9 -9999.0 -9999.0 -9999.0
94075 20200217  2.623 -105.54   40.04    -5.2   -14.1    -9.7    -8.8     3.5    15.11 C    -6.2   -18.0    -9.9    86.7    53.0    71.9 -99.000 -99.000 -99.000 -99.000 -99.000    -2.7    -2.4 -9999.0 -9999.0 -9999.0
94075 20200218  2.623 -105.54   40.04    -8.2   -17.3   -12.8   -13.7     0.4    11.69 C    -8.6   -25.1   -18.2    83.9    36.5    65.8 -99.000 -99.000 -99.000 -99.000 -99.000    -2.7    -2.3 -9999.0 -9999.0 -9999.0
94075 20200219  2.623 -105.54   40.04    -7.8   -23.0   -15.4   -13.5     0.7     8.58 C    -6.3   -33.1   -16.3    88.2    43.7    73.4 -99.000 -99.000 -99.000 -99.000 -99.000    -2.7    -2.3 -9999.0 -9999.0 -9999.0
94075 20200220  2.623 -105.54   40.04    -2.4   -27.4   -14.9   -12.9     0.0    14.65 C    -5.5   -36.9   -22.8    79.9    11.4    46.9 -99.000 -99.000 -99.000 -99.000 -99.000    -2.8    -2.4 -9999.0 -9999.0 -9999.0
94075 20200221  2.623 -105.54   40.04     3.2   -15.4    -6.1    -3.8     1.1    17.14 C    -3.3   -26.0   -13.9    63.4     8.1    29.9 -99.000 -99.000 -99.000 -99.000 -99.000    -2.9    -2.5 -9999.0 -9999.0 -9999.0
94075 20200222  2.623 -105.54   40.04     4.6    -4.6     0.0    -0.4     0.0    15.13 C    -0.2   -13.2    -6.9    60.3    26.1    38.7 -99.000 -99.000 -99.000 -99.000 -99.000    -2.7    -2.3 -9999.0 -9999.0 -9999.0
94075 20200223  2.623 -105.54   40.04    -1.8    -7.2    -4.5    -5.1     2.9     6.43 C    -3.8   -15.7    -8.4    89.2    42.5    70.8 -99.000 -99.000 -99.000 -99.000 -99.000    -2.5    -2.2 -9999.0 -9999.0 -9999.0
94075 20200224  2.623 -105.54   40.04    -5.8   -14.3   -10.0   -10.7     3.9     6.51 C    -7.6   -19.4   -12.7    83.5    50.9    65.5 -99.000 -99.000 -99.000 -99.000 -99.000    -2.6    -2.2 -9999.0 -9999.0 -9999.0
94075 20200225  2.623 -105.54   40.04   -13.4   -18.7   -16.0   -15.3     1.0     5.51 C   -12.8   -28.5   -18.7    83.3    43.9    61.2 -99.000 -99.000 -99.000 -99.000 -99.000    -3.2    -2.6 -9999.0 -9999.0 -9999.0
94075 20200226  2.623 -105.54   40.04    -4.4   -16.3   -10.3   -10.2     0.3    17.92 C    -5.3   -25.1   -13.6    64.6    24.4    48.6 -99.000 -99.000 -99.000 -99.000 -99.000    -3.6    -2.9 -9999.0 -9999.0 -9999.0
94075 20200227  2.623 -105.54   40.04    -4.8    -9.5    -7.2    -7.1     6.1    16.18 C    -3.2   -12.3    -9.6    81.2    36.5    55.8 -99.000 -99.000 -99.000 -99.000 -99.000    -3.6    -3.0 -9999.0 -9999.0 -9999.0
94075 20200228  2.623 -105.54   40.04     1.7    -7.4    -2.9    -3.4     0.0    18.31 C    -1.6   -14.0    -9.4    52.2    25.9    35.7 -99.000 -99.000 -99.000 -99.000 -99.000    -3.6    -3.1 -9999.0 -9999.0 -9999.0
94075 20200229  2.623 -105.54   40.04     2.3    -3.8    -0.7    -1.4     0.0    11.96 C     0.2   -11.9    -7.2    45.2    19.6    29.0 -99.000 -99.000 -99.000 -99.000 -99.000    -3.4    -2.9 -9999.0 -9999.0 -9999.0
94075 20200301  2.623 -105.54   40.04     1.0    -9.9    -4.4    -4.7     6.0     6.53 C     0.9   -12.0    -6.6    92.2    40.5    65.8 -99.000 -99.000 -99.000 -99.000 -99.000    -3.1    -2.6 -9999.0 -9999.0 -9999.0
94075 20200302  2.623 -105.54   40.04    -4.2    -9.1    -6.6    -6.1     2.0    14.57 C    -4.8   -13.3    -9.0    88.3    36.9    60.1 -99.000 -99.000 -99.000 -99.000 -99.000    -3.0    -2.4 -9999.0 -9999.0 -9999.0
94075 20200303  2.623 -105.54   40.04     1.1    -9.1    -4.0    -3.6     0.0    19.34 C     0.1   -16.9    -8.4    54.5    23.7    40.4 -99.000 -99.000 -99.000 -99.000 -99.000    -3.5    -2.9 -9999.0 -9999.0 -9999.0
94075 20200304  2.623 -105.54   40.04     2.7    -9.6    -3.4    -1.9     0.0    16.12 C     1.4   -16.7    -8.1    37.8    12.8    22.4 -99.000 -99.000 -99.000 -99.000 -99.000    -3.8    -3.0 -9999.0 -9999.0 -9999.0
94075 20200305  2.623 -105.54   40.04     3.1    -4.5    -0.7    -1.2     0.0    19.58 C     6.5   -10.2    -4.3    50.9    24.3    37.3 -99.000 -99.000 -99.000 -99.000 -99.000    -3.0    -2.7 -9999.0 -9999.0 -9999.0
94075 20200306  2.623 -105.54   40.04     6.4    -7.1    -0.4     1.0     0.0     9.88 C     8.1   -12.1    -3.4    56.5    18.2    30.7 -99.000 -99.000 -99.000 -99.000 -99.000    -2.4    -2.2 -9999.0 -9999.0 -9999.0
94075 20200307  2.623 -105.54   40.04     6.7    -3.8     1.4     1.2     0.0    16.71 C    13.6    -9.3    -1.2    61.9    24.1    41.5 -99.000 -99.000 -99.000 -99.000 -99.000    -2.2    -2.0 -9999.0 -9999.0 -9999.0
94075 20200308  2.623 -105.54   40.04     6.6    -3.6     1.5     1.8     2.7    16.61 C    19.4    -9.0     1.2    94.3    29.4    51.7 -99.000 -99.000 -99.000 -99.000 -99.000    -1.0    -1.2 -9999.0 -9999.0 -9999.0
94075 20200309  2.623 -105.54   40.04     1.8    -4.6    -1.4    -1.7     0.2    16.31 C    11.1    -8.1    -2.6    94.3    32.8    55.9 -99.000 -99.000 -99.000 -99.000 -99.000    -0.6    -0.7 -9999.0 -9999.0 -9999.0
94075 20200310  2.623 -105.54   40.04     1.0    -3.1    -1.1    -1.4     4.7     9.20 C     5.6   -10.8    -2.4    88.4    47.8    60.7 -99.000 -99.000 -99.000 -99.000 -99.000    -0.7    -0.6 -9999.0 -9999.0 -9999.0
94075 20200311  2.623 -105.54   40.04     4.3    -3.1     0.6     0.1     2.9    18.61 C     8.0    -9.7    -1.8    88.0    43.2    57.3 -99.000 -99.000 -99.000 -99.000 -99.000    -0.7    -0.6 -9999.0 -9999.0 -9999.0
94075 20200312  2.623 -105.54   40.04     3.3    -7.0    -1.8    -2.1     0.3    14.86 C     9.6    -7.2    -1.3    93.4    42.2    69.2 -99.000 -99.000 -99.000 -99.000 -99.000    -0.5    -0.4 -9999.0 -9999.0 -9999.0
94075 20200313  2.623 -105.54   40.04    -1.1    -9.0    -5.0    -6.2     3.6     7.59 C    15.5   -15.5    -4.0    95.0    85.3    89.5 -99.000 -99.000 -99.000 -99.000 -99.000    -0.6    -0.4 -9999.0 -9999.0 -9999.0
94075 20200314  2.623 -105.54   40.04     4.4    -7.1    -1.4    -2.4     0.0    19.00 C    16.1   -11.5    -1.4    93.8    36.0    69.6 -99.000 -99.000 -99.000 -99.000 -99.000    -0.4    -0.3 -9999.0 -9999.0 -9999.0
94075 20200315  2.623 -105.54   40.04     5.3    -6.9    -0.8     0.1     0.0    17.34 C    21.3    -8.4     1.0    78.2    31.1    47.5 -99.000 -99.000 -99.000 -99.000 -99.000    -0.3    -0.2 -9999.0 -9999.0 -9999.0
94075 20200316  2.623 -105.54   40.04     7.2    -3.6     1.8     0.7     0.0    20.14 C    19.8    -6.6     3.0    96.0    17.3    55.6 -99.000 -99.000 -99.000 -99.000 -99.000     0.4     0.3 -9999.0 -9999.0 -9999.0
94075 20200317  2.623 -105.54   40.04     7.8    -5.8     1.0     1.7     0.0    19.71 C    20.7    -7.9     3.0    92.7    21.2    42.4 -99.000 -99.000 -99.000 -99.000 -99.000     1.1     0.7 -9999.0 -9999.0 -9999.0
94075 20200318  2.623 -105.54   40.04     5.3    -7.3    -1.0    -0.4     4.4    13.14 C    20.6    -9.4     1.4    95.5    23.9    57.6 -99.000 -99.000 -99.000 -99.000 -99.000     0.5     0.5 -9999.0 -9999.0 -9999.0
94075 20200319  2.623 -105.54   40.04    -2.4   -11.5    -7.0    -5.8    42.0     2.49 C    -0.5   -11.8    -5.7    94.9    85.5    91.1 -99.000 -99.000 -99.000 -99.000 -99.000    -0.1     0.2 -9999.0 -9999.0 -9999.0
94075 20200320  2.623 -105.54   40.04    -2.7   -14.9    -8.8    -7.7     2.0    15.63 C    -0.3   -23.5    -9.0    92.6    67.0    81.3 -99.000 -99.000 -99.000 -99.000 -99.000    -0.3    -0.1 -9999.0 -9999.0 -9999.0
94075 20200321  2.623 -105.54   40.04     0.1    -8.8    -4.3    -4.6     0.7    18.88 C     0.2   -15.7    -7.6    87.9    35.9    65.7 -99.000 -99.000 -99.000 -99.000 -99.000    -0.3    -0.2 -9999.0 -9999.0 -9999.0
94075 20200322  2.623 -105.54   40.04    -1.0    -9.3    -5.1    -4.3     3.7    19.28 C    -1.3   -18.6    -7.0    91.2    43.1    63.6 -99.000 -99.000 -99.000 -99.000 -99.000    -0.4    -0.2 -9999.0 -9999.0 -9999.0
94075 20200323  2.623 -105.54   40.04     1.3   -10.7    -4.7    -3.4     2.4    17.65 C    -0.1   -18.7    -6.9    85.1    34.4    62.2 -99.000 -99.000 -99.000 -99.000 -99.000    -0.4    -0.2 -9999.0 -9999.0 -9999.0
94075 20200324  2.623 -105.54   40.04     2.8    -4.3    -0.7    -1.2     0.7    22.57 C    -0.9   -11.5    -6.0    72.8    34.4    51.1 -99.000 -99.000 -99.000 -99.000 -99.000    -0.4    -0.2 -9999.0 -9999.0 -9999.0
94075 20200325  2.623 -105.54   40.04     3.9    -4.3    -0.2     0.0     0.0    20.84 C     0.2    -9.8    -4.0    58.4    28.3    44.2 -99.000 -99.000 -99.000 -99.000 -99.000    -0.4    -0.2 -9999.0 -9999.0 -9999.0
94075 20200326  2.623 -105.54   40.04     6.4    -7.1    -0.4    -0.4     0.0    23.94 C     0.2   -13.5    -4.7    93.2    14.8    44.1 -99.000 -99.000 -99.000 -99.000 -99.000    -0.4    -0.2 -9999.0 -9999.0 -9999.0
94075 20200327  2.623 -105.54   40.04    -3.0   -10.3    -6.7    -5.9    11.4     1.34 C    -2.3   -14.7    -5.8    95.0    75.0    89.5 -99.000 -99.000 -99.000 -99.000 -99.000    -0.4    -0.2 -9999.0 -9999.0 -9999.0
94075 20200328  2.623 -105.54   40.04    -5.2   -12.7    -8.9    -8.6     0.6    24.26 C    -4.9   -17.0   -10.9    79.9    39.1    56.9 -99.000 -99.000 -99.000 -99.000 -99.000    -0.4    -0.2 -9999.0 -9999.0 -9999.0
94075 20200329  2.623 -105.54   40.04     0.3    -8.9    -4.3    -5.0     0.0    15.33 C     0.1   -14.1    -8.1    73.6    33.3    54.9 -99.000 -99.000 -99.000 -99.000 -99.000    -0.4    -0.2 -9999.0 -9999.0 -9999.0
94075 20200330  2.623 -105.54   40.04     1.8   -10.6    -4.4    -3.1     0.3    20.50 C     0.4   -14.6    -6.6    82.1    34.5    57.1 -99.000 -99.000 -99.000 -99.000 -99.000    -0.4    -0.2 -9999.0 -9999.0 -9999.0
94075 20200331  2.623 -105.54   40.04     5.1    -3.5     0.8     0.6     0.0    22.16 C     0.3    -8.2    -4.2    62.2    31.5    46.7 -99.000 -99.000 -99.000 -99.000 -99.000    -0.4    -0.2 -9999.0 -9999.0 -9999.0
94075 20200401  2.623 -105.54   40.04     7.7    -2.4     2.6     2.9     0.0    21.88 C     3.2    -6.7    -2.1    95.3    23.0    43.8 -99.000 -99.000 -99.000 -99.000 -99.000    -0.4    -0.2 -9999.0 -9999.0 -9999.0
94075 20200402  2.623 -105.54   40.04     0.8   -13.4    -6.3    -7.9     4.8    10.83 C     1.5   -21.4    -6.5    94.7    50.1    86.5 -99.000 -99.000 -99.000 -99.000 -99.000    -0.4    -0.2 -9999.0 -9999.0 -9999.0
94075 20200403  2.623 -105.54   40.04    -6.4   -17.7   -12.1   -10.7     1.2     2.55 C    -4.6   -25.4   -11.7    91.6    80.2    86.0 -99.000 -99.000 -99.000 -99.000 -99.000    -0.4    -0.2 -9999.0 -9999.0 -9999.0
94075 20200404  2.623 -105.54   40.04     3.4    -8.6    -2.6    -2.5     0.5    17.76 C     0.5   -12.7    -6.2    91.3    33.1    58.4 -99.000 -99.000 -99.000 -99.000 -99.000    -0.4    -0.2 -9999.0 -9999.0 -9999.0
94075 20200405  2.623 -105.54   40.04     7.7    -5.6     1.0     1.7     0.0    24.64 C     7.9   -10.5    -2.2    72.4    26.2    45.3 -99.000 -99.000 -99.000 -99.000 -99.000    -0.4    -0.2 -9999.0 -9999.0 -9999.0
94075 20200406  2.623 -105.54   40.04     9.0    -1.8     3.6     4.3     0.0    25.10 C    14.1    -7.9     1.5    48.9    14.7    26.8 -99.000 -99.000 -99.000 -99.000 -99.000    -0.1     0.0 -9999.0 -9999.0 -9999.0
94075 20200407  2.623 -105.54   40.04     8.3     1.2     4.8     4.2     0.0    24.91 C    20.0    -4.1     3.3    31.8    15.9    23.8 -99.000 -99.000 -99.000 -99.000 -99.000     0.3     0.2 -9999.0 -9999.0 -9999.0
94075 20200408  2.623 -105.54   40.04     7.7    -3.7     2.0     2.4     0.0    25.19 C    23.0    -6.5     3.5    73.2    24.9    37.6 -99.000 -99.000 -99.000 -99.000 -99.000     0.5     0.5 -9999.0 -9999.0 -9999.0
94075 20200409  2.623 -105.54   40.04     6.9    -6.0     0.4     0.0     0.0    25.21 C    27.5    -7.4     6.2    86.4    24.5    65.1 -99.000   0.249 -99.000 -99.000 -99.000     2.0     1.5 -9999.0 -9999.0 -9999.0
94075 20200410  2.623 -105.54   40.04     9.9     1.1     5.5     4.3     0.0    24.13 C    30.6    -2.8     7.2    67.9    21.2    40.5   0.236   0.249 -99.000 -99.000 -99.000     3.2     2.4 -9999.0 -9999.0 -9999.0
94075 20200411  2.623 -105.54   40.04     8.2    -2.5     2.8     2.9     1.0    24.93 C    29.4    -3.7     6.8    92.1    14.7    35.2   0.223   0.243 -99.000 -99.000 -99.000     3.0     2.4 -9999.0 -9999.0 -9999.0
94075 20200412  2.623 -105.54   40.04    -1.7   -15.4    -8.6   -13.6    24.9     1.92 C    -1.4   -15.7   -12.5    93.4    79.3    84.0   0.219   0.239 -99.000 -99.000 -99.000     1.0     1.5 -9999.0 -9999.0 -9999.0
94075 20200413  2.623 -105.54   40.04   -14.9   -18.1   -16.5   -16.2     6.1     1.51 C   -11.5   -21.5   -15.9    84.2    78.3    82.3   0.223   0.226 -99.000 -99.000 -99.000     0.4     0.7 -9999.0 -9999.0 -9999.0
94075 20200414  2.623 -105.54   40.04    -6.5   -16.6   -11.6   -11.0     2.1    25.75 C    -5.9   -21.1   -12.5    82.4    44.2    59.6 -99.000   0.211 -99.000 -99.000 -99.000     0.1     0.4 -9999.0 -9999.0 -9999.0
94075 20200415  2.623 -105.54   40.04    -2.0    -9.8    -5.9    -6.1    13.2    18.43 C    -1.7   -11.7    -6.5    92.3    44.0    71.8 -99.000 -99.000 -99.000 -99.000 -99.000    -0.1     0.2 -9999.0 -9999.0 -9999.0
94075 20200416  2.623 -105.54   40.04    -7.7   -15.7   -11.7   -11.3     1.6     1.22 C    -8.0   -22.4   -12.2    90.2    74.0    86.1 -99.000 -99.000 -99.000 -99.000 -99.000    -0.2     0.2 -9999.0 -9999.0 -9999.0
94075 20200417  2.623 -105.54   40.04     0.4   -10.5    -5.1    -5.4     8.9    28.79 C    -2.1   -18.1   -10.6    77.7    19.6    49.9 -99.000 -99.000 -99.000 -99.000 -99.000    -0.2     0.1 -9999.0 -9999.0 -9999.0
94075 20200418  2.623 -105.54   40.04     4.6    -4.1     0.3    -0.6     1.5    12.41 C     0.4   -12.9    -4.7    89.3    37.3    61.5 -99.000 -99.000 -99.000 -99.000 -99.000    -0.2     0.1 -9999.0 -9999.0 -9999.0
94075 20200419  2.623 -105.54   40.04     4.2    -5.8    -0.8    -1.0     1.0    17.62 C     1.1   -12.0    -5.2    82.5    28.9    57.4 -99.000 -99.000 -99.000 -99.000 -99.000    -0.2     0.1 -9999.0 -9999.0 -9999.0
94075 20200420  2.623 -105.54   40.04     5.2    -4.0     0.6     0.0     0.0    28.98 C     0.6   -11.2    -4.5    74.4    30.4    54.4 -99.000 -99.000 -99.000 -99.000 -99.000    -0.2     0.1 -9999.0 -9999.0 -9999.0
94075 20200421  2.623 -105.54   40.04     6.1    -6.7    -0.3     0.6     0.4    13.74 C     1.0   -13.0    -4.5    77.8    40.3    59.8 -99.000 -99.000 -99.000 -99.000 -99.000    -0.2     0.1 -9999.0 -9999.0 -9999.0
94075 20200422  2.623 -105.54   40.04     6.3    -0.5     2.9     2.7     0.0    17.68 C     1.1    -9.3    -3.3    75.6    32.9    43.1 -99.000 -99.000 -99.000 -99.000 -99.000    -0.2     0.1 -9999.0 -9999.0 -9999.0
94075 20200423  2.623 -105.54   40.04     4.6    -2.4     1.1     0.7     6.7    14.90 C     0.6    -6.9    -2.7    94.7    44.5    62.5 -99.000 -99.000 -99.000 -99.000 -99.000    -0.2     0.1 -9999.0 -9999.0 -9999.0
94075 20200424  2.623 -105.54   40.04     2.6    -4.6    -1.0    -1.4     6.7    23.58 C     0.5    -8.6    -3.8    94.1    42.3    67.8 -99.000 -99.000 -99.000 -99.000 -99.000    -0.2     0.1 -9999.0 -9999.0 -9999.0
94075 20200425  2.623 -105.54   40.04     4.7    -4.0     0.4     0.0     3.3    23.26 C     0.5    -6.6    -2.6    93.2    35.1    64.1 -99.000 -99.000 -99.000 -99.000 -99.000    -0.2     0.1 -9999.0 -9999.0 -9999.0
94075 20200426  2.623 -105.54   40.04     8.8    -1.2     3.8     3.7     1.1    21.09 C     0.7    -6.1    -1.8    84.2    33.3    52.4 -99.000 -99.000 -99.000 -99.000 -99.000    -0.2     0.1 -9999.0 -9999.0 -9999.0
94075 20200427  2.623 -105.54   40.04    12.9     3.4     8.1     7.6     0.0    28.55 C    10.6    -4.3     0.7    70.6    21.1    36.4 -99.000 -99.000 -99.000 -99.000 -99.000     0.1     0.2 -9999.0 -9999.0 -9999.0
94075 20200428  2.623 -105.54   40.04     8.9     0.3     4.6     5.5     0.0    28.35 C    25.2    -4.1     6.3    70.9    21.8    37.3 -99.000 -99.000 -99.000 -99.000 -99.000     0.9     0.7 -9999.0 -9999.0 -9999.0
94075 20200429  2.623 -105.54   40.04    12.4    -0.5     5.9     6.8     0.0    29.27 C    38.5    -4.9    12.5    74.9    18.1    31.9   0.263   0.277 -99.000 -99.000 -99.000     3.2     2.4 -9999.0 -9999.0 -9999.0
94075 20200430  2.623 -105.54   40.04    16.8     3.6    10.2    10.6     0.0    13.50 C    41.2    -0.6     9.3    59.2    19.7    30.5   0.245   0.262 -99.000 -99.000 -99.000     3.9     3.3 -9999.0 -9999.0 -9999.0
94075 20200501  2.623 -105.54   40.04    18.1     0.7     9.4     8.8     0.0    24.22 C    44.5    -2.9    13.7    82.1    17.4    49.6   0.233   0.252 -99.000 -99.000 -99.000     6.7     5.0 -9999.0 -9999.0 -9999.0
94075 20200502  2.623 -105.54   40.04     7.8     0.6     4.2     3.6    11.3     8.14 C    35.7    -0.8     7.3   100.0    72.2    91.3   0.235   0.253 -99.000 -99.000 -99.000     6.1     5.6 -9999.0 -9999.0 -9999.0
94075 20200503  2.623 -105.54   40.04    14.6    -1.3     6.7     6.2     0.8    25.17 C    35.4    -3.4    10.5    93.9    22.8    64.3   0.252   0.272 -99.000 -99.000 -99.000     6.8     5.6 -9999.0 -9999.0 -9999.0
94075 20200504  2.623 -105.54   40.04     6.3    -2.1     2.1     2.1     4.6    17.88 C    24.6    -7.1     4.7    96.0    31.5    59.5   0.255   0.272 -99.000 -99.000 -99.000     6.1     5.9 -9999.0 -9999.0 -9999.0
94075 20200505  2.623 -105.54   40.04     9.7    -3.6     3.1     2.5     0.0    29.15 C    33.3    -8.6     7.3    69.8    12.2    32.9   0.235   0.259 -99.000 -99.000 -99.000     5.5     5.1 -9999.0 -9999.0 -9999.0
94075 20200506  2.623 -105.54   40.04    10.8    -5.1     2.8     4.0     0.0    23.05 C    38.1    -8.3    10.0    74.4    19.5    49.7   0.222   0.247 -99.000 -99.000 -99.000     6.7     5.9 -9999.0 -9999.0 -9999.0
94075 20200507  2.623 -105.54   40.04    10.2    -4.3     2.9     4.1     0.0    30.20 C    33.9    -7.7     8.6    83.4    13.0    26.9   0.210   0.238 -99.000 -99.000 -99.000     6.5     6.2 -9999.0 -9999.0 -9999.0
94075 20200508  2.623 -105.54   40.04     5.5    -5.8    -0.1    -0.4     0.8    21.23 C    36.7    -2.6     7.7    95.0    27.2    73.1   0.201   0.230 -99.000 -99.000 -99.000     6.7     6.0 -9999.0 -9999.0 -9999.0
94075 20200509  2.623 -105.54   40.04     5.6    -3.4     1.1     0.6     0.0    20.05 C    33.9    -6.0     8.2    88.9    33.5    64.4   0.195   0.225 -99.000 -99.000 -99.000     6.9     6.4 -9999.0 -9999.0 -9999.0
94075 20200510  2.623 -105.54   40.04     6.3    -6.6    -0.2     0.2     0.0    23.49 C    34.9    -8.8     8.9    93.5    42.9    70.2   0.188   0.219 -99.000 -99.000 -99.000     7.5     6.8 -9999.0 -9999.0 -9999.0
94075 20200511  2.623 -105.54   40.04     6.2    -2.7     1.8     2.9     6.0     8.20 C    19.4    -2.4     4.6    95.5    43.1    78.9   0.201   0.216 -99.000 -99.000 -99.000     6.0     6.1 -9999.0 -9999.0 -9999.0
94075 20200512  2.623 -105.54   40.04    13.9     0.2     7.0     7.4     0.3    23.74 C    36.5    -0.7    11.0    94.0    23.2    48.1   0.224   0.224 -99.000 -99.000 -99.000     8.0     7.0 -9999.0 -9999.0 -9999.0
94075 20200513  2.623 -105.54   40.04    13.0     0.2     6.6     7.3     0.0    24.20 C    37.2    -1.7    11.1    84.2    18.3    34.2   0.208   0.223 -99.000 -99.000 -99.000     8.1     7.5 -9999.0 -9999.0 -9999.0
94075 20200514  2.623 -105.54   40.04    11.2    -1.7     4.7     4.0     0.4    19.04 C    33.3    -3.3    10.0    95.0    38.4    76.1   0.196   0.218 -99.000 -99.000 -99.000     8.3     7.6 -9999.0 -9999.0 -9999.0
94075 20200515  2.623 -105.54   40.04     7.9     1.4     4.7     3.9     5.5    10.48 C    26.8     0.8     7.8    96.6    70.8    87.5   0.200   0.214 -99.000 -99.000 -99.000     8.0     7.7 -9999.0 -9999.0 -9999.0
94075 20200516  2.623 -105.54   40.04    11.4    -2.1     4.6     4.0     0.0    22.47 C    32.4    -2.3    10.1    93.8    28.7    66.4   0.231   0.224 -99.000 -99.000 -99.000     8.8     7.9 -9999.0 -9999.0 -9999.0
94075 20200517  2.623 -105.54   40.04    17.8    -2.3     7.8     6.6     0.0    24.50 C    38.5    -3.3    12.2    89.9    24.2    63.9   0.212   0.223 -99.000 -99.000 -99.000     9.8     8.8 -9999.0 -9999.0 -9999.0
94075 20200518  2.623 -105.54   40.04    19.6     0.3    10.0     9.7     0.0    28.11 C    41.2    -0.5    15.2    86.5    14.0    51.1   0.195   0.216 -99.000 -99.000 -99.000    11.2     9.9 -9999.0 -9999.0 -9999.0
94075 20200519  2.623 -105.54   40.04    19.3     2.6    11.0    12.2     0.0    21.13 C    41.8    -0.3    14.1    76.8    12.4    36.0   0.179   0.207 -99.000 -99.000 -99.000    10.9    10.1 -9999.0 -9999.0 -9999.0
94075 20200520  2.623 -105.54   40.04    17.9     1.9     9.9     9.7     0.0    28.74 C    38.3    -0.5    13.7    79.6    10.1    32.8   0.167   0.198 -99.000 -99.000 -99.000    10.9    10.2 -9999.0 -9999.0 -9999.0
94075 20200521  2.623 -105.54   40.04    12.6    -1.0     5.8     5.7     0.0    30.46 C    36.9    -5.6    12.3    73.3    15.7    31.5   0.155   0.190 -99.000 -99.000 -99.000    10.6     9.9 -9999.0 -9999.0 -9999.0
94075 20200522  2.623 -105.54   40.04    16.3    -2.1     7.1     7.2     0.0    29.59 C    40.2    -4.2    13.3    76.2     8.2    37.8   0.145   0.183 -99.000 -99.000 -99.000    11.2    10.3 -9999.0 -9999.0 -9999.0
94075 20200523  2.623 -105.54   40.04    14.2    -0.9     6.7     6.6     0.0    19.98 C    35.7    -3.2    10.1    86.1    19.5    42.4   0.135   0.175 -99.000 -99.000 -99.000    10.4    10.1 -9999.0 -9999.0 -9999.0
94075 20200524  2.623 -105.54   40.04     2.9    -2.6     0.2     0.0    11.4     3.79 C    12.9    -8.0     0.8    96.4    53.3    87.7   0.130   0.171 -99.000 -99.000 -99.000     6.9     8.1 -9999.0 -9999.0 -9999.0
94075 20200525  2.623 -105.54   40.04     7.6    -5.0     1.3     0.9     0.0    28.57 C    28.8    -9.4     4.8    93.8    39.8    72.3   0.162   0.198 -99.000 -99.000 -99.000     8.2     7.8 -9999.0 -9999.0 -9999.0
94075 20200526  2.623 -105.54   40.04    14.6     2.7     8.6     8.6     0.0    30.88 C    35.4    -1.7    13.0    61.0    30.4    40.5   0.169   0.197 -99.000 -99.000 -99.000     9.6     8.8 -9999.0 -9999.0 -9999.0
94075 20200527  2.623 -105.54   40.04    15.9     4.3    10.1    10.4     0.0    23.83 C    35.9     1.7    13.6    77.3    36.1    52.2   0.157   0.189 -99.000 -99.000 -99.000    11.2    10.2 -9999.0 -9999.0 -9999.0
94075 20200528  2.623 -105.54   40.04    13.6     0.5     7.1     8.0     0.0    20.05 C    36.6    -0.5    13.0    90.9    51.5    75.9   0.149   0.180 -99.000 -99.000 -99.000    11.3    10.4 -9999.0 -9999.0 -9999.0
94075 20200529  2.623 -105.54   40.04    21.7     1.1    11.4    10.7     3.3    22.84 C    40.4     0.3    13.9    92.9    22.0    63.8   0.141   0.178 -99.000 -99.000 -99.000    12.2    11.3 -9999.0 -9999.0 -9999.0
94075 20200530  2.623 -105.54   40.04    18.7     4.2    11.4    10.9    17.0    19.68 C    36.1     3.4    13.1    94.5    30.1    64.7   0.164   0.201 -99.000 -99.000 -99.000    12.1    11.4 -9999.0 -9999.0 -9999.0
94075 20200531  2.623 -105.54   40.04    19.2     3.6    11.4    11.6     1.1    25.48 C    35.0     3.1    13.9    93.5    30.4    60.0   0.219   0.233 -99.000 -99.000 -99.000    12.5    11.5 -9999.0 -9999.0 -9999.0
94075 20200601  2.623 -105.54   40.04    21.2     7.8    14.5    14.6     0.0    27.59 C    36.4     5.9    16.4    66.4    19.7    40.9   0.200   0.219 -99.000 -99.000 -99.000    13.5    12.3 -9999.0 -9999.0 -9999.0
94075 20200602  2.623 -105.54   40.04    19.6     4.9    12.3    12.6     0.0    20.55 C    35.0     4.0    14.0    86.3    19.1    46.2   0.182   0.207 -99.000 -99.000 -99.000    13.1    12.5 -9999.0 -9999.0 -9999.0
94075 20200603  2.623 -105.54   40.04    19.7     3.0    11.4    12.1     0.0    26.70 C    35.3     1.8    14.4    79.1    18.0    41.7   0.169   0.196 -99.000 -99.000 -99.000    13.3    12.5 -9999.0 -9999.0 -9999.0
94075 20200604  2.623 -105.54   40.04    18.6     3.3    10.9    10.4     1.6    19.18 C    35.2     1.1    11.2    87.9    24.4    51.0   0.157   0.187 -99.000 -99.000 -99.000    12.2    12.0 -9999.0 -9999.0 -9999.0
94075 20200605  2.623 -105.54   40.04    22.2     3.1    12.7    13.4     0.0    24.22 C    37.7     1.4    15.2    81.7    18.0    44.7   0.148   0.179 -99.000 -99.000 -99.000    13.3    12.3 -9999.0 -9999.0 -9999.0
94075 20200606  2.623 -105.54   40.04    15.2     2.4     8.8    10.6     1.8     6.48 C    21.1     0.3     8.8    83.2    33.0    52.5   0.139   0.172 -99.000 -99.000 -99.000    11.0    11.5 -9999.0 -9999.0 -9999.0
94075 20200607  2.623 -105.54   40.04    19.9     1.3    10.6    11.5     0.0    26.56 C    33.7    -0.9    12.4    74.5    14.2    35.3   0.135   0.166 -99.000 -99.000 -99.000    11.7    11.1 -9999.0 -9999.0 -9999.0
94075 20200608  2.623 -105.54   40.04     9.7    -1.9     3.9     5.3     2.6    10.35 C    23.4    -2.5     7.2    85.1    51.0    65.5   0.128   0.159 -99.000 -99.000 -99.000    10.2    10.6 -9999.0 -9999.0 -9999.0
94075 20200609  2.623 -105.54   40.04     4.6    -2.3     1.1     1.6     1.7    29.30 C    16.0    -2.9     3.6    89.0    40.7    59.5   0.134   0.163 -99.000 -99.000 -99.000     8.7     9.3 -9999.0 -9999.0 -9999.0
94075 20200610  2.623 -105.54   40.04    12.2     1.0     6.6     5.8     0.0    23.93 C    30.1    -0.9     9.5    74.3    33.7    52.0   0.135   0.159 -99.000 -99.000 -99.000     9.8     9.5 -9999.0 -9999.0 -9999.0
94075 20200611  2.623 -105.54   40.04    16.7    -0.7     8.0     8.5     0.0    28.03 C    32.2    -2.8    12.0    80.4    11.7    45.0   0.127   0.153 -99.000 -99.000 -99.000    11.8    10.8 -9999.0 -9999.0 -9999.0
94075 20200612  2.623 -105.54   40.04    20.3     0.4    10.3    12.0     0.0    30.30 C    34.4    -1.0    14.6    79.4    11.8    41.3   0.117   0.142 -99.000 -99.000 -99.000    13.2    11.9 -9999.0 -9999.0 -9999.0
94075 20200613  2.623 -105.54   40.04    19.8     3.9    11.8    11.0     5.1    16.77 C    33.4     2.2    11.6    91.1    24.1    59.5   0.109   0.134 -99.000 -99.000 -99.000    12.0    11.8 -9999.0 -9999.0 -9999.0
94075 20200614  2.623 -105.54   40.04    19.9     6.0    12.9    14.0     0.0    32.40 C    31.3     3.7    14.9    81.8    14.2    27.2   0.109   0.129 -99.000 -99.000 -99.000    13.5    12.4 -9999.0 -9999.0 -9999.0
94075 20200615  2.623 -105.54   40.04    20.1     1.1    10.6    11.7     0.0    26.04 C    31.7    -1.2    12.6    63.7    13.1    34.7   0.103   0.123 -99.000 -99.000 -99.000    13.1    12.4 -9999.0 -9999.0 -9999.0
94075 20200616  2.623 -105.54   40.04    21.6     4.4    13.0    14.2     0.0    26.17 C    32.2     1.8    14.1    62.1    16.5    29.8   0.096   0.115 -99.000 -99.000 -99.000    13.4    12.7 -9999.0 -9999.0 -9999.0
94075 20200617  2.623 -105.54   40.04    21.5     2.4    12.0    13.3     0.0    27.33 C    34.4     0.2    14.4    62.9    12.9    30.6   0.090   0.107 -99.000 -99.000 -99.000    14.1    13.0 -9999.0 -9999.0 -9999.0
94075 20200618  2.623 -105.54   40.04    10.4     2.6     6.5     5.6    10.5    18.89 C    27.8    -0.4     9.3    95.4    47.0    71.9   0.090   0.101 -99.000 -99.000 -99.000    12.6    12.6 -9999.0 -9999.0 -9999.0
94075 20200619  2.623 -105.54   40.04     8.9    -0.8     4.1     3.8    10.4     9.81 C    13.5    -0.8     5.4    96.2    60.5    89.2   0.156   0.148 -99.000 -99.000 -99.000     9.5    10.4 -9999.0 -9999.0 -9999.0
94075 20200620  2.623 -105.54   40.04    16.5    -1.2     7.7     8.6     0.0    24.33 C    25.1    -1.9     9.7    93.4    22.2    50.2   0.170   0.154 -99.000 -99.000 -99.000    10.8    10.5 -9999.0 -9999.0 -9999.0
94075 20200621  2.623 -105.54   40.04    16.5     2.7     9.6     8.9     2.0    12.11 C    25.5     2.3     8.7    93.4    31.7    60.4   0.161   0.148 -99.000 -99.000 -99.000    10.6    10.7 -9999.0 -9999.0 -9999.0
94075 20200622  2.623 -105.54   40.04    15.7     1.3     8.5     9.3     0.0    24.48 C    26.4     0.7    11.7    93.9    36.2    70.5   0.161   0.146 -99.000 -99.000 -99.000    12.1    11.3 -9999.0 -9999.0 -9999.0
94075 20200623  2.623 -105.54   40.04    17.6     2.4    10.0    10.6     0.0    19.91 C    26.6     1.7    11.5    90.5    31.2    61.8   0.154   0.143 -99.000 -99.000 -99.000    12.6    12.0 -9999.0 -9999.0 -9999.0
94075 20200624  2.623 -105.54   40.04    20.2     5.2    12.7    11.4    10.0    22.63 C    30.6     2.1    12.2    92.9    20.5    61.0   0.156   0.145 -99.000 -99.000 -99.000    12.4    12.1 -9999.0 -9999.0 -9999.0
94075 20200625  2.623 -105.54   40.04    20.6     4.5    12.5    12.6     0.0    21.29 C    25.7     3.4    11.7    90.8    25.3    50.9   0.182   0.158 -99.000 -99.000 -99.000    12.2    11.8 -9999.0 -9999.0 -9999.0
94075 20200626  2.623 -105.54   40.04    16.7     3.2     9.9     9.7     1.4    17.74 C    27.2     2.0    11.0    91.2    42.8    73.9   0.169   0.153 -99.000 -99.000 -99.000    12.6    12.2 -9999.0 -9999.0 -9999.0
94075 20200627  2.623 -105.54   40.04    18.4     2.6    10.5    11.8     0.0    31.64 C    28.2     1.6    12.5    90.1    20.8    48.0   0.160   0.145 -99.000 -99.000 -99.000    13.1    12.4 -9999.0 -9999.0 -9999.0
94075 20200628  2.623 -105.54   40.04    20.3     6.7    13.5    13.3     0.3    17.48 C    27.5     4.7    12.3    79.6    25.8    45.1   0.147   0.137 -99.000 -99.000 -99.000    12.3    12.2 -9999.0 -9999.0 -9999.0
94075 20200629  2.623 -105.54   40.04    20.9     3.7    12.3    13.1     0.0    24.17 C    29.3     2.0    12.9    82.9    23.0    44.3   0.137   0.132 -99.000 -99.000 -99.000    13.3    12.6 -9999.0 -9999.0 -9999.0
94075 20200630  2.623 -105.54   40.04    13.7     4.5     9.1     9.0     0.0    29.30 C    22.9     2.1    10.5    74.5    24.2    42.1   0.125   0.124 -99.000 -99.000 -99.000    12.8    12.6 -9999.0 -9999.0 -9999.0
94075 20200701  2.623 -105.54   40.04    18.3    -1.7     8.3    10.4     0.0    29.75 C    30.1    -3.1    12.2    72.5    17.1    38.2   0.114   0.116 -99.000 -99.000 -99.000    13.2    12.6 -9999.0 -9999.0 -9999.0
94075 20200702  2.623 -105.54   40.04    20.4     3.5    12.0    12.8     0.0    22.31 C    32.3     1.0    12.8    65.4    17.1    39.4   0.103   0.109 -99.000 -99.000 -99.000    13.4    12.9 -9999.0 -9999.0 -9999.0
94075 20200703  2.623 -105.54   40.04    21.1     7.7    14.4    14.3     0.0    25.14 C    33.0     4.8    15.0    70.3    19.9    42.4   0.094   0.102 -99.000 -99.000 -99.000    14.4    13.5 -9999.0 -9999.0 -9999.0
94075 20200704  2.623 -105.54   40.04    21.0     4.8    12.9    11.7     3.6    13.53 C    28.7     3.8    11.5    90.7    25.2    62.9   0.090   0.096 -99.000 -99.000 -99.000    13.1    13.1 -9999.0 -9999.0 -9999.0
94075 20200705  2.623 -105.54   40.04    19.7     3.9    11.8    11.2     4.4    21.50 C    27.9     2.9    11.7    91.2    32.8    68.5   0.097   0.095 -99.000 -99.000 -99.000    13.2    12.8 -9999.0 -9999.0 -9999.0
94075 20200706  2.623 -105.54   40.04    22.4     5.0    13.7    14.3     0.0    24.98 C    30.5     3.6    13.7    83.4    15.8    43.5   0.103   0.095 -99.000 -99.000 -99.000    13.9    13.2 -9999.0 -9999.0 -9999.0
94075 20200707  2.623 -105.54   40.04    23.1     7.6    15.4    16.1     0.0    20.18 C    31.9     2.1    14.2    63.7     7.5    31.1   0.096   0.094 -99.000 -99.000 -99.000    13.6    13.3 -9999.0 -9999.0 -9999.0
94075 20200708  2.623 -105.54   40.04    21.7     3.6    12.7    14.1     0.0    31.40 C    31.0     0.1    14.0    56.3    10.8    24.6   0.089   0.090 -99.000 -99.000 -99.000    14.0    13.4 -9999.0 -9999.0 -9999.0
94075 20200709  2.623 -105.54   40.04    22.3     4.2    13.3    13.3     0.0    24.61 C    34.9     1.2    14.0    84.1    12.5    39.6   0.082   0.086 -99.000 -99.000 -99.000    14.4    13.8 -9999.0 -9999.0 -9999.0
94075 20200710  2.623 -105.54   40.04    23.8     2.2    13.0    14.5     0.0    31.16 C    34.7     0.0    15.3    85.5     9.0    31.7   0.076   0.082 -99.000 -99.000 -99.000    15.2    14.3 -9999.0 -9999.0 -9999.0
94075 20200711  2.623 -105.54   40.04    24.1     3.0    13.6    14.3     0.0    28.99 C    36.7     0.7    16.4    58.9     8.4    38.1   0.071   0.077 -99.000 -99.000 -99.000    16.0    14.8 -9999.0 -9999.0 -9999.0
94075 20200712  2.623 -105.54   40.04    23.7     6.4    15.1    15.5     0.0    22.61 C    33.6     3.0    15.9    60.3    15.2    34.1   0.066   0.073 -99.000 -99.000 -99.000    15.4    14.8 -9999.0 -9999.0 -9999.0
94075 20200713  2.623 -105.54   40.04    24.1     7.9    16.0    16.3     0.7    23.04 C    35.6     5.7    17.2    82.8    19.9    40.5   0.063   0.070 -99.000 -99.000 -99.000    16.3    15.2 -9999.0 -9999.0 -9999.0
94075 20200714  2.623 -105.54   40.04    21.3     7.1    14.2    12.0     4.7    15.98 C    35.1     5.2    12.3    92.7    28.2    64.6   0.061   0.068 -99.000 -99.000 -99.000    14.6    14.6 -9999.0 -9999.0 -9999.0
94075 20200715  2.623 -105.54   40.04    17.6     3.7    10.7    10.6     0.0    20.60 C    27.7     3.0    12.5    93.6    32.4    74.3   0.061   0.069 -99.000 -99.000 -99.000    14.4    14.1 -9999.0 -9999.0 -9999.0
94075 20200716  2.623 -105.54   40.04    23.0     4.5    13.8    14.6     0.0    23.15 C    37.5     3.2    15.5    84.7    18.4    43.0   0.063   0.069 -99.000 -99.000 -99.000    14.8    14.2 -9999.0 -9999.0 -9999.0
94075 20200717  2.623 -105.54   40.04    22.8    11.1    16.9    16.2     0.0    25.07 C    39.7     8.4    17.6    55.2    22.8    38.6   0.062   0.068 -99.000 -99.000 -99.000    15.9    14.8 -9999.0 -9999.0 -9999.0
94075 20200718  2.623 -105.54   40.04    23.8    11.0    17.4    17.2     0.0    24.36 C    38.1     8.0    18.6    49.0    19.5    32.2   0.060   0.067 -99.000 -99.000 -99.000    16.7    15.5 -9999.0 -9999.0 -9999.0
94075 20200719  2.623 -105.54   40.04    23.3     8.6    15.9    15.6     0.0    19.17 C    36.5     5.7    16.2    63.6    18.6    36.7   0.057   0.065 -99.000 -99.000 -99.000    16.1    15.4 -9999.0 -9999.0 -9999.0
94075 20200720  2.623 -105.54   40.04    22.7     9.4    16.1    16.4     0.0    30.42 C    36.4     7.1    19.1    75.8    11.8    35.1   0.056   0.062 -99.000 -99.000 -99.000    17.3    15.9 -9999.0 -9999.0 -9999.0
94075 20200721  2.623 -105.54   40.04    22.1     6.5    14.3    13.4     0.0    24.17 C    38.6     4.9    16.7    92.1    19.7    66.4   0.054   0.061 -99.000 -99.000 -99.000    17.6    16.4 -9999.0 -9999.0 -9999.0
94075 20200722  2.623 -105.54   40.04    23.5     7.4    15.4    13.0     2.6    16.12 C    38.2     5.0    14.0    93.1    18.1    58.3   0.051   0.060 -99.000 -99.000 -99.000    16.0    15.7 -9999.0 -9999.0 -9999.0
94075 20200723  2.623 -105.54   40.04    20.7     9.0    14.8    13.8     2.3    18.92 C    36.3     7.6    15.1    89.7    28.3    58.0   0.051   0.060 -99.000 -99.000 -99.000    15.4    15.1 -9999.0 -9999.0 -9999.0
94075 20200724  2.623 -105.54   40.04    17.9     8.4    13.2    12.6     3.3    15.50 C    26.4     7.5    13.8    93.3    46.9    73.6   0.056   0.061 -99.000 -99.000 -99.000    15.1    14.8 -9999.0 -9999.0 -9999.0
94075 20200725  2.623 -105.54   40.04    17.3     8.8    13.1    11.1    14.8     8.16 C    25.3     7.9    11.7    94.5    50.2    82.9   0.096   0.086 -99.000 -99.000 -99.000    13.7    14.0 -9999.0 -9999.0 -9999.0
94075 20200726  2.623 -105.54   40.04    14.7     5.5    10.1    10.5     0.9    11.42 C    18.5     5.1    11.3    95.0    57.7    82.0   0.129   0.105 -99.000 -99.000 -99.000    13.5    13.6 -9999.0 -9999.0 -9999.0
94075 20200727  2.623 -105.54   40.04    18.1     5.4    11.7    11.8     0.0    20.46 C    27.9     4.3    13.2    94.3    44.6    69.8   0.124   0.101 -99.000 -99.000 -99.000    14.3    13.8 -9999.0 -9999.0 -9999.0
94075 20200728  2.623 -105.54   40.04    18.2     4.6    11.4    10.9     0.0    15.85 C    28.8     3.7    11.2    90.8    40.1    65.5   0.118   0.098 -99.000 -99.000 -99.000    13.4    13.6 -9999.0 -9999.0 -9999.0
94075 20200729  2.623 -105.54   40.04    20.6     5.0    12.8    13.7     0.0    29.79 C    30.3     3.7    14.5    86.6    21.0    45.9   0.111   0.095 -99.000 -99.000 -99.000    14.1    13.7 -9999.0 -9999.0 -9999.0
94075 20200730  2.623 -105.54   40.04    17.4     5.7    11.5    11.4     0.0    18.36 C    29.2     2.6    13.1    95.1    33.3    66.8   0.102   0.092 -99.000 -99.000 -99.000    14.1    13.9 -9999.0 -9999.0 -9999.0
94075 20200731  2.623 -105.54   40.04    19.0     2.8    10.9    11.2     0.3    22.12 C    32.5     2.1    13.4    91.5    36.1    62.7   0.096   0.089 -99.000 -99.000 -99.000    14.4    14.0 -9999.0 -9999.0 -9999.0
94075 20200801  2.623 -105.54   40.04    19.0     2.8    10.9    11.1     2.3    17.53 C    32.3     1.7    12.5    90.7    27.7    62.0   0.089   0.086 -99.000 -99.000 -99.000    13.9    13.8 -9999.0 -9999.0 -9999.0
94075 20200802  2.623 -105.54   40.04    17.7     5.2    11.4    11.2     3.0    19.57 C    33.4     3.9    13.0    90.8    37.5    67.6   0.086   0.084 -99.000 -99.000 -99.000    14.0    13.8 -9999.0 -9999.0 -9999.0
94075 20200803  2.623 -105.54   40.04    20.9     4.1    12.5    12.7     0.3    23.60 C    37.6     3.5    15.3    91.8    23.9    61.1   0.086   0.083 -99.000 -99.000 -99.000    14.7    14.1 -9999.0 -9999.0 -9999.0
94075 20200804  2.623 -105.54   40.04    23.2     7.6    15.4    14.8     0.0    23.95 C    42.3     5.6    17.8    86.1    13.7    51.1   0.083   0.082 -99.000 -99.000 -99.000    15.4    14.6 -9999.0 -9999.0 -9999.0
94075 20200805  2.623 -105.54   40.04    21.1     6.9    14.0    13.7     0.3    19.18 C    37.7     4.9    16.4    81.6    24.0    58.4   0.078   0.079 -99.000 -99.000 -99.000    15.4    14.9 -9999.0 -9999.0 -9999.0
94075 20200806  2.623 -105.54   40.04    21.8     5.8    13.8    14.4     0.0    18.48 C    42.0     3.0    15.8    82.4    21.9    44.3   0.074   0.076 -99.000 -99.000 -99.000    14.8    14.5 -9999.0 -9999.0 -9999.0
94075 20200807  2.623 -105.54   40.04    23.0     3.1    13.1    15.6     0.0    29.15 C    42.9     0.1    18.9    68.0     8.8    22.3   0.069   0.072 -99.000 -99.000 -99.000    15.2    14.6 -9999.0 -9999.0 -9999.0
94075 20200808  2.623 -105.54   40.04    22.7     7.0    14.8    16.1     0.0    26.38 C    44.1     3.7    19.4    42.1     8.5    17.1   0.065   0.069 -99.000 -99.000 -99.000    16.1    15.2 -9999.0 -9999.0 -9999.0
94075 20200809  2.623 -105.54   40.04    23.1     4.6    13.9    14.3     0.0    27.77 C    44.8     1.6    18.5    52.1     6.9    25.0   0.060   0.065 -99.000 -99.000 -99.000    16.2    15.4 -9999.0 -9999.0 -9999.0
94075 20200810  2.623 -105.54   40.04    22.4     6.9    14.7    15.1     0.0    22.91 C    43.8     4.1    18.8    70.5    12.2    34.4   0.057   0.062 -99.000 -99.000 -99.000    16.6    15.7 -9999.0 -9999.0 -9999.0
94075 20200811  2.623 -105.54   40.04    23.3     5.7    14.5    14.3     0.0    23.65 C    45.6     3.1    17.8    61.7     9.8    28.7   0.054   0.060 -99.000 -99.000 -99.000    16.3    15.6 -9999.0 -9999.0 -9999.0
94075 20200812  2.623 -105.54   40.04    21.7     7.2    14.4    15.3     0.0    22.66 C    44.0     3.3    18.2    41.3    13.5    23.1   0.051   0.059 -99.000 -99.000 -99.000    16.5    15.7 -9999.0 -9999.0 -9999.0
94075 20200813  2.623 -105.54   40.04    23.5     3.9    13.7    14.4     0.0    26.40 C    46.3     1.0    18.8    49.4     7.2    24.6   0.049   0.057 -99.000 -99.000 -99.000    16.6    15.7 -9999.0 -9999.0 -9999.0
94075 20200814  2.623 -105.54   40.04    23.7     4.9    14.3    13.9     0.0    26.06 C    45.8     1.7    18.5    61.8     8.4    30.2   0.047   0.055 -99.000 -99.000 -99.000    16.8    16.0 -9999.0 -9999.0 -9999.0
94075 20200815  2.623 -105.54   40.04    24.1     3.1    13.6    14.0     0.0    28.06 C    46.6     1.0    19.3    60.5     8.3    32.1   0.046   0.054 -99.000 -99.000 -99.000    17.0    16.1 -9999.0 -9999.0 -9999.0
94075 20200816  2.623 -105.54   40.04    23.4     3.0    13.2    13.9     0.0    26.98 C    46.6     1.5    19.7    63.1     9.8    35.8   0.045   0.053 -99.000 -99.000 -99.000    17.3    16.4 -9999.0 -9999.0 -9999.0
94075 20200817  2.623 -105.54   40.04    23.6     7.6    15.6    15.1     0.0    23.74 C    46.4     4.7    19.9    67.8    12.4    42.6   0.044   0.052 -99.000 -99.000 -99.000    17.6    16.7 -9999.0 -9999.0 -9999.0
94075 20200818  2.623 -105.54   40.04    23.7     6.7    15.2    15.8     0.0    11.44 C    37.9     4.7    16.0    62.9    14.2    34.7   0.043   0.052 -99.000 -99.000 -99.000    16.0    16.0 -9999.0 -9999.0 -9999.0
94075 20200819  2.623 -105.54   40.04    23.9     4.6    14.2    13.2     1.2    18.29 C    48.0     2.8    16.3    87.7    18.7    53.9   0.042   0.051 -99.000 -99.000 -99.000    15.9    15.5 -9999.0 -9999.0 -9999.0
94075 20200820  2.623 -105.54   40.04    23.7     6.0    14.8    14.3     0.7    15.33 C    40.9     3.9    15.0    82.4    19.2    49.2   0.042   0.050 -99.000 -99.000 -99.000    14.8    14.9 -9999.0 -9999.0 -9999.0
94075 20200821  2.623 -105.54   40.04    23.2     6.4    14.8    15.9     0.0    21.67 C    45.8     3.4    18.4    72.7    16.0    35.0   0.043   0.050 -99.000 -99.000 -99.000    15.6    15.1 -9999.0 -9999.0 -9999.0
94075 20200822  2.623 -105.54   40.04    24.9     5.0    14.9    14.5     0.0    21.87 C    45.9     2.7    18.0    60.3     7.1    30.6   0.043   0.050 -99.000 -99.000 -99.000    16.1    15.4 -9999.0 -9999.0 -9999.0
94075 20200823  2.623 -105.54   40.04    24.3     8.1    16.2    15.9     0.0    15.50 C    42.3     4.5    17.9    50.7    13.8    28.6   0.042   0.050 -99.000 -99.000 -99.000    15.9    15.4 -9999.0 -9999.0 -9999.0
94075 20200824  2.623 -105.54   40.04    23.7     8.3    16.0    15.7     0.5    15.22 C    46.2     6.2    18.0    63.1    18.3    39.6   0.042   0.050 -99.000 -99.000 -99.000    16.2    15.6 -9999.0 -9999.0 -9999.0
94075 20200825  2.623 -105.54   40.04    23.5     9.3    16.4    15.9     1.2    11.23 C    43.5     6.7    15.9    86.5    23.1    45.0   0.041   0.049 -99.000 -99.000 -99.000    15.4    15.3 -9999.0 -9999.0 -9999.0
94075 20200826  2.623 -105.54   40.04    22.2     5.8    14.0    13.5     6.3    11.89 C    38.4     5.0    13.6    93.4    27.4    59.9   0.045   0.056 -99.000 -99.000 -99.000    14.2    14.4 -9999.0 -9999.0 -9999.0
94075 20200827  2.623 -105.54   40.04    24.2     4.6    14.4    13.9     0.0    19.35 C    42.7     3.2    15.6    93.8    19.8    51.7   0.054   0.063 -99.000 -99.000 -99.000    14.6    14.3 -9999.0 -9999.0 -9999.0
94075 20200828  2.623 -105.54   40.04    16.9     5.0    11.0    10.0     8.4    14.07 C    40.1     4.1    13.5    94.1    47.2    72.1   0.062   0.072 -99.000 -99.000 -99.000    14.0    14.1 -9999.0 -9999.0 -9999.0
94075 20200829  2.623 -105.54   40.04    15.9     4.0     9.9     9.0     1.1     6.87 C    21.9     3.3     8.7    95.1    40.0    74.2   0.075   0.082 -99.000 -99.000 -99.000    11.6    12.6 -9999.0 -9999.0 -9999.0
94075 20200830  2.623 -105.54   40.04    17.5     4.4    10.9    12.7     0.3    20.57 C    31.8     3.9    14.1    88.3    28.7    44.8   0.074   0.077 -99.000 -99.000 -99.000    12.8    12.7 -9999.0 -9999.0 -9999.0
94075 20200831  2.623 -105.54   40.04    18.9     0.4     9.6     9.1     3.1    16.13 C    35.5    -0.8    12.2    93.9    22.6    61.8   0.073   0.074 -99.000 -99.000 -99.000    12.7    12.8 -9999.0 -9999.0 -9999.0
94075 20200901  2.623 -105.54   40.04    16.3     1.2     8.7     9.1     0.0    24.93 C    34.2     0.1    12.3    91.7    24.9    51.2   0.075   0.072 -99.000 -99.000 -99.000    12.7    12.7 -9999.0 -9999.0 -9999.0
94075 20200902  2.623 -105.54   40.04    19.7     1.4    10.5    12.8     0.0    25.31 C    38.0    -0.7    15.6    73.5    13.7    32.0   0.074   0.070 -99.000 -99.000 -99.000    13.0    12.8 -9999.0 -9999.0 -9999.0
94075 20200903  2.623 -105.54   40.04    21.8     2.8    12.3    12.7     0.0    24.05 C    44.1    -0.8    17.2    63.8    16.4    37.3   0.071   0.068 -99.000 -99.000 -99.000    14.2    13.5 -9999.0 -9999.0 -9999.0
94075 20200904  2.623 -105.54   40.04    20.7     3.6    12.1    12.4     0.0    20.73 C    44.4     1.1    16.4    59.3    16.0    38.8   0.066   0.066 -99.000 -99.000 -99.000    14.5    13.9 -9999.0 -9999.0 -9999.0
94075 20200905  2.623 -105.54   40.04    25.3     2.9    14.1    14.9     0.0    24.17 C    44.9     0.7    18.1    67.5     6.0    30.6   0.062   0.063 -99.000 -99.000 -99.000    14.9    14.1 -9999.0 -9999.0 -9999.0
94075 20200906  2.623 -105.54   40.04    24.2    10.3    17.3    18.3     0.0    23.15 C    45.4     3.6    20.5    37.0     9.2    16.1   0.058   0.060 -99.000 -99.000 -99.000    15.6    14.8 -9999.0 -9999.0 -9999.0
94075 20200907  2.623 -105.54   40.04    21.2    -0.4    10.4    12.8     1.2    22.60 C    36.4     1.4    15.5    96.4     7.1    33.0   0.054   0.059 -99.000 -99.000 -99.000    14.7    14.4 -9999.0 -9999.0 -9999.0
94075 20200908  2.623 -105.54   40.04    -0.4    -8.6    -4.5    -6.4    21.3     4.01 C     2.5    -8.4    -4.7    96.5    88.7    91.0   0.050   0.056 -99.000 -99.000 -99.000     9.6    11.9 -9999.0 -9999.0 -9999.0
94075 20200909  2.623 -105.54   40.04    -3.3    -8.4    -5.9    -6.0     1.0     5.33 C    -1.5   -12.5    -5.5    92.9    88.7    90.7   0.070   0.055 -99.000 -99.000 -99.000     7.1     9.3 -9999.0 -9999.0 -9999.0
94075 20200910  2.623 -105.54   40.04     1.0    -5.7    -2.4    -1.3     1.5     7.77 C     1.4    -9.7    -1.1    97.7    90.5    95.1   0.110   0.055 -99.000 -99.000 -99.000     5.9     7.9 -9999.0 -9999.0 -9999.0
94075 20200911  2.623 -105.54   40.04     7.2    -1.2     3.0     2.8     0.0    12.07 C    10.2    -3.4     1.0    96.1    43.6    69.3   0.142   0.085 -99.000 -99.000 -99.000     5.3     6.9 -9999.0 -9999.0 -9999.0
94075 20200912  2.623 -105.54   40.04    15.9     0.8     8.3     8.5     0.0    23.43 C    32.9    -0.9    10.8    75.6    15.2    43.0   0.137   0.117 -99.000 -99.000 -99.000     8.5     8.3 -9999.0 -9999.0 -9999.0
94075 20200913  2.623 -105.54   40.04    17.7    -0.7     8.5     8.7     0.0    22.75 C    37.2    -3.4    12.0    80.6    16.7    44.5   0.125   0.110 -99.000 -99.000 -99.000    10.0     9.7 -9999.0 -9999.0 -9999.0
94075 20200914  2.623 -105.54   40.04    19.4     2.0    10.7    10.1     0.0    19.54 C    38.1    -0.9    12.4    69.4    12.5    40.2   0.117   0.105 -99.000 -99.000 -99.000    10.5    10.3 -9999.0 -9999.0 -9999.0
94075 20200915  2.623 -105.54   40.04    19.3     1.4    10.4    10.9     0.0    16.54 C    39.8    -1.8    12.2    63.1    13.9    33.6   0.110   0.101 -99.000 -99.000 -99.000    10.5    10.5 -9999.0 -9999.0 -9999.0
94075 20200916  2.623 -105.54   40.04    14.5     0.4     7.5     7.5     0.0    18.04 C    35.2    -1.9    11.1    71.7    37.9    52.1   0.105   0.097 -99.000 -99.000 -99.000    10.5    10.5 -9999.0 -9999.0 -9999.0
94075 20200917  2.623 -105.54   40.04    18.5     0.1     9.3     8.9     0.0    18.05 C    38.4    -2.1    11.7    76.4    15.0    43.2   0.101   0.094 -99.000 -99.000 -99.000    10.6    10.6 -9999.0 -9999.0 -9999.0
94075 20200918  2.623 -105.54   40.04    18.5     2.2    10.3    10.7     0.0    17.96 C    39.9    -1.3    13.5    65.2    15.4    37.2   0.097   0.092 -99.000 -99.000 -99.000    10.9    10.8 -9999.0 -9999.0 -9999.0
94075 20200919  2.623 -105.54   40.04    18.6     3.8    11.2    11.7     0.0    14.43 C    37.1     0.9    12.7    61.6    18.0    34.3   0.077   0.089 -99.000 -99.000 -99.000    11.1    11.1 -9999.0 -9999.0 -9999.0
94075 20200920  2.623 -105.54   40.04    17.2     3.2    10.2    10.3     0.0    12.26 C    33.2    -0.5    10.4    69.3    23.8    44.5   0.074   0.086 -99.000 -99.000 -99.000    10.4    10.7 -9999.0 -9999.0 -9999.0
94075 20200921  2.623 -105.54   40.04    19.1     0.1     9.6     9.0     0.0    15.48 C    39.9    -2.7    11.4    72.5    18.8    48.0   0.070   0.085 -99.000 -99.000 -99.000    10.5    10.6 -9999.0 -9999.0 -9999.0
94075 20200922  2.623 -105.54   40.04    17.4     1.1     9.2     9.1     0.0     9.26 C    34.7    -1.0     9.0    74.8    20.7    47.4   0.067   0.083 -99.000 -99.000 -99.000     9.8    10.3 -9999.0 -9999.0 -9999.0
94075 20200923  2.623 -105.54   40.04    17.1     4.4    10.7    11.2     0.0    17.18 C    36.9     0.8    13.2    57.2    22.8    37.9   0.065   0.082 -99.000 -99.000 -99.000    11.0    10.7 -9999.0 -9999.0 -9999.0
94075 20200924  2.623 -105.54   40.04    20.2     8.8    14.5    14.4     0.0    18.88 C    38.1     2.3    15.2    37.4    12.3    23.1   0.062   0.080 -99.000 -99.000 -99.000    11.6    11.2 -9999.0 -9999.0 -9999.0
94075 20200925  2.623 -105.54   40.04    20.5     5.8    13.1    14.4     0.0    17.25 C    40.7     0.4    14.7    43.8    13.9    22.3   0.059   0.079 -99.000 -99.000 -99.000    11.7    11.4 -9999.0 -9999.0 -9999.0
94075 20200926  2.623 -105.54   40.04    19.4     4.7    12.0    13.1     0.0    17.42 C    39.7    -0.1    14.2    61.1    15.0    26.3   0.055   0.077 -99.000 -99.000 -99.000    12.0    11.7 -9999.0 -9999.0 -9999.0
94075 20200927  2.623 -105.54   40.04    10.1    -2.9     3.6     3.2     0.0    16.47 C    34.3    -2.2     9.7    95.2    21.9    65.2   0.053   0.075 -99.000 -99.000 -99.000    11.2    11.4 -9999.0 -9999.0 -9999.0
94075 20200928  2.623 -105.54   40.04     7.7    -6.5     0.6     1.7     0.0    20.51 C    32.6   -11.3     6.9    91.3    15.0    36.0   0.050   0.074 -99.000 -99.000 -99.000     9.9    10.4 -9999.0 -9999.0 -9999.0
94075 20200929  2.623 -105.54   40.04    17.4     1.0     9.2    10.6     0.0    20.16 C    38.9    -3.2    12.8    49.9    11.7    21.6   0.048   0.072 -99.000 -99.000 -99.000    10.7    10.5 -9999.0 -9999.0 -9999.0
94075 20200930  2.623 -105.54   40.04    12.5    -2.2     5.2     7.2     0.0    19.63 C    35.5    -5.3    11.1    77.5    14.8    38.6   0.047   0.071 -99.000 -99.000 -99.000    11.1    10.9 -9999.0 -9999.0 -9999.0
94075 20201001  2.623 -105.54   40.04    11.2    -4.9     3.2     4.4     0.0    18.07 C    34.1    -9.8     7.9    85.4    13.4    50.6   0.044   0.069 -99.000 -99.000 -99.000     9.9    10.3 -9999.0 -9999.0 -9999.0
94075 20201002  2.623 -105.54   40.04    15.0     0.2     7.6     9.2     0.0    15.16 C    32.8    -4.6    10.7    53.9    12.7    22.6   0.043   0.068 -99.000 -99.000 -99.000    10.2    10.3 -9999.0 -9999.0 -9999.0
94075 20201003  2.623 -105.54   40.04     9.3    -3.4     2.9     2.1     0.0    16.49 C    32.3    -7.6     5.9    77.3    43.1    60.9   0.041   0.066 -99.000 -99.000 -99.000     9.3     9.7 -9999.0 -9999.0 -9999.0
94075 20201004  2.623 -105.54   40.04    16.7    -2.2     7.2     9.1     0.0    18.87 C    35.9    -5.9    10.1    75.8     9.5    28.1   0.041   0.065 -99.000 -99.000 -99.000     9.7     9.7 -9999.0 -9999.0 -9999.0
94075 20201005  2.623 -105.54   40.04    16.4    -0.1     8.1     9.4     0.0    18.08 C    35.8    -4.5    10.4    46.5    11.2    22.2   0.040   0.064 -99.000 -99.000 -99.000    10.1    10.0 -9999.0 -9999.0 -9999.0
94075 20201006  2.623 -105.54   40.04    19.2     3.8    11.5    11.8     0.0    18.84 C    37.7    -3.2    11.9    29.8     6.4    15.1   0.038   0.063 -99.000 -99.000 -99.000    10.3    10.1 -9999.0 -9999.0 -9999.0
94075 20201007  2.623 -105.54   40.04    18.0     1.1     9.5    10.2     0.0    17.82 C    38.2    -3.3    11.5    40.5     9.1    20.4   0.037   0.062 -99.000 -99.000 -99.000    10.5    10.3 -9999.0 -9999.0 -9999.0
94075 20201008  2.623 -105.54   40.04    18.1     1.2     9.6    12.1     0.0    17.86 C    36.5    -3.1    11.9    37.0     5.4    14.0   0.036   0.061 -99.000 -99.000 -99.000    10.3    10.2 -9999.0 -9999.0 -9999.0
94075 20201009  2.623 -105.54   40.04    16.9     3.4    10.2    11.2     0.0    13.33 C    36.6    -0.6    12.2    40.3    10.8    22.7   0.035   0.060 -99.000 -99.000 -99.000    10.7    10.5 -9999.0 -9999.0 -9999.0
94075 20201010  2.623 -105.54   40.04    16.7     0.2     8.4    10.0     0.0    13.10 C    35.4    -3.0    10.5    52.3    15.9    28.0   0.034   0.059 -99.000 -99.000 -99.000    10.0    10.2 -9999.0 -9999.0 -9999.0
94075 20201011  2.623 -105.54   40.04     9.9    -4.0     3.0     2.7     6.5     6.75 C    20.0   -10.0     1.1    90.5    22.4    50.2   0.032   0.057 -99.000 -99.000 -99.000     8.0     9.2 -9999.0 -9999.0 -9999.0
94075 20201012  2.623 -105.54   40.04     8.4    -3.2     2.6     3.5     0.0    18.13 C    10.6    -8.3     0.1    53.5    24.5    34.5   0.030   0.057 -99.000 -99.000 -99.000     5.8     7.5 -9999.0 -9999.0 -9999.0
94075 20201013  2.623 -105.54   40.04    14.0     4.8     9.4     9.2     0.0    16.61 C    29.8    -1.9     9.2    29.5    16.2    22.0   0.032   0.058 -99.000 -99.000 -99.000     7.0     7.5 -9999.0 -9999.0 -9999.0
94075 20201014  2.623 -105.54   40.04    14.6     1.3     7.9     8.6     0.0    14.90 C    32.7    -1.2    10.1    73.6    19.8    30.0   0.034   0.058 -99.000 -99.000 -99.000     8.3     8.4 -9999.0 -9999.0 -9999.0
94075 20201015  2.623 -105.54   40.04     3.8    -7.4    -1.8    -1.1     0.0    16.23 C    21.2    -8.7     2.0    92.1    12.5    39.0   0.033   0.057 -99.000 -99.000 -99.000     6.5     7.7 -9999.0 -9999.0 -9999.0
94075 20201016  2.623 -105.54   40.04     9.3    -5.4     1.9     3.5     0.0    13.20 C    24.8    -8.5     3.7    64.0    22.5    29.9   0.034   0.056 -99.000 -99.000 -99.000     5.7     6.8 -9999.0 -9999.0 -9999.0
94075 20201017  2.623 -105.54   40.04     9.2     2.7     6.0     5.7     0.0    10.38 C    24.3    -1.1     5.3    41.7    29.6    34.9   0.033   0.056 -99.000 -99.000 -99.000     6.1     6.8 -9999.0 -9999.0 -9999.0
94075 20201018  2.623 -105.54   40.04    11.6     4.9     8.3     7.8     0.3    14.58 C    25.4     1.0     8.2    41.5    23.1    30.2   0.033   0.056 -99.000 -99.000 -99.000     7.0     7.2 -9999.0 -9999.0 -9999.0
94075 20201019  2.623 -105.54   40.04    12.2     5.2     8.7     7.8     0.0     9.47 C    27.9     0.7     7.2    35.9    16.7    25.5   0.031   0.056 -99.000 -99.000 -99.000     6.8     7.3 -9999.0 -9999.0 -9999.0
94075 20201020  2.623 -105.54   40.04    11.4    -2.8     4.3     4.7     0.0     8.45 C    22.3    -7.6     3.4    80.2    21.2    42.5   0.029   0.055 -99.000 -99.000 -99.000     6.1     7.0 -9999.0 -9999.0 -9999.0
