63898 20200101  2.622  -86.57   38.89     9.1    -0.5     4.3     3.7     0.0     9.83 C    11.5    -4.3     1.6    89.6    39.8    65.3   0.354   0.368   0.363   0.472 -99.000     5.3     5.5     6.2     8.5     9.7
63898 20200102  2.622  -86.57   38.89    10.3     4.7     7.5     8.3     5.2     1.15 C    10.5    -1.0     6.7   100.0    45.5    71.9   0.350   0.364   0.360   0.469 -99.000     5.7     5.7     6.0     8.4     9.6
63898 20200103  2.622  -86.57   38.89    10.0     4.9     7.4     8.6    15.5     0.95 C    11.5     5.3     8.6   100.0    97.1    99.7   0.391   0.394   0.381   0.481 -99.000     7.4     7.1     6.9     8.2     9.5
63898 20200104  2.622  -86.57   38.89     5.0    -0.5     2.2     2.0     0.8     2.18 C     8.1    -0.5     2.5    99.9    73.6    86.9   0.374   0.381   0.372   0.478 -99.000     6.5     6.6     7.0     8.3     9.5
63898 20200105  2.622  -86.57   38.89     9.5    -3.9     2.8     2.6     0.0     9.84 C    10.4    -5.4     1.0    98.6    48.7    74.8   0.363   0.373   0.366   0.473 -99.000     5.0     5.3     6.0     8.3     9.5
63898 20200106  2.622  -86.57   38.89     8.3    -2.3     3.0     2.9     0.0    10.23 C    12.1    -6.8     0.2    87.2    28.9    58.5   0.355   0.368   0.363   0.471 -99.000     4.5     4.7     5.5     8.2     9.5
63898 20200107  2.622  -86.57   38.89     8.2    -2.6     2.8     2.9     0.0     9.83 C    12.5    -6.9     0.6    77.0    41.4    59.9   0.349   0.364   0.360   0.469 -99.000     3.8     4.1     4.9     8.0     9.4
63898 20200108  2.622  -86.57   38.89     5.4    -1.6     1.9     1.8     0.0    10.20 C    11.0    -6.3    -0.2    68.5    22.6    46.1   0.344   0.360   0.358   0.468 -99.000     3.7     3.9     4.6     7.8     9.3
63898 20200109  2.622  -86.57   38.89    14.3    -1.6     6.3     6.9     0.0     5.83 C    15.2    -6.2     3.9    66.1    30.3    44.8   0.339   0.357   0.356   0.467 -99.000     3.5     3.6     4.3     7.6     9.1
63898 20200110  2.622  -86.57   38.89    14.3     8.2    11.2    12.1    58.0     0.93 C    13.7     7.5    10.9   100.0    51.7    93.6   0.400   0.410   0.387   0.478 -99.000     6.9     6.3     5.7     7.0     8.6
63898 20200111  2.622  -86.57   38.89    18.0     2.7    10.4    11.7    51.2     0.23 C    15.5     3.6    11.2   100.0    82.5    94.1   0.421   0.419   0.397   0.483 -99.000     9.8     9.3     8.6     8.0     8.7
63898 20200112  2.622  -86.57   38.89     4.1     0.7     2.4     2.3     0.6     1.49 C     5.7     1.7     3.4    97.2    85.1    90.4   0.394   0.398   0.385   0.483 -99.000     7.5     7.6     7.9     8.1     8.9
63898 20200113  2.622  -86.57   38.89     6.1     1.4     3.8     4.0     0.0     5.25 C     9.5    -0.4     4.0    94.7    76.5    84.4   0.377   0.384   0.376   0.481 -99.000     6.7     6.8     7.1     8.3     9.1
63898 20200114  2.622  -86.57   38.89     9.5     0.4     5.0     5.3     0.0     5.27 C    12.8    -0.7     3.8   100.0    75.7    92.7   0.368   0.377   0.371   0.475 -99.000     6.1     6.2     6.6     8.2     9.2
63898 20200115  2.622  -86.57   38.89    12.3    -0.4     5.9     6.3     0.3     1.98 C    12.5    -0.8     5.8   100.0    85.5    95.9   0.364   0.373   0.368   0.473 -99.000     6.1     6.1     6.3     8.2     9.3
63898 20200116  2.622  -86.57   38.89     6.7    -4.1     1.3     0.4     0.0    10.84 C     8.2    -5.5     1.1    90.1    46.1    73.0   0.361   0.371   0.365   0.470 -99.000     5.8     5.9     6.4     8.1     9.2
63898 20200117  2.622  -86.57   38.89     1.4    -5.1    -1.9    -2.2     0.9     3.97 C     2.6    -5.7    -1.6    81.6    58.2    71.2   0.353   0.366   0.362   0.469 -99.000     3.6     4.1     5.1     8.0     9.2
63898 20200118  2.622  -86.57   38.89    10.1    -3.3     3.4     3.4    23.5     1.30 C    10.6    -2.4     3.0    99.6    71.6    86.3   0.405   0.404   0.389   0.478 -99.000     4.1     4.2     4.6     7.7     9.1
63898 20200119  2.622  -86.57   38.89    -3.2   -11.0    -7.1    -9.1     0.0     4.06 C    -2.2    -8.2    -5.9    81.6    67.5    74.1   0.375   0.382   0.376   0.480 -99.000     2.6     3.0     4.2     7.5     8.9
63898 20200120  2.622  -86.57   38.89    -4.1   -10.1    -7.1    -7.3     0.2     5.47 C     3.8    -8.3    -4.5    86.0    66.1    79.1   0.350   0.365   0.366   0.474 -99.000     1.6     1.9     3.1     7.2     8.7
63898 20200121  2.622  -86.57   38.89     0.0    -6.3    -3.2    -3.1     0.2     9.49 C    10.9    -8.5    -2.4    84.0    54.5    69.4   0.346   0.360   0.362   0.470 -99.000     1.4     1.7     2.7     6.9     8.5
63898 20200122  2.622  -86.57   38.89     2.8    -7.9    -2.6    -2.7     0.0     7.22 C     6.1    -9.7    -2.8    90.5    49.0    72.1   0.338   0.356   0.360   0.468 -99.000     1.1     1.5     2.4     6.6     8.3
63898 20200123  2.622  -86.57   38.89     8.2    -0.3     4.0     3.5     1.2     3.61 C     9.5    -3.5     2.1   100.0    37.2    62.8   0.341   0.354   0.358   0.466 -99.000     1.2     1.4     2.3     6.3     8.1
63898 20200124  2.622  -86.57   38.89     6.0     2.4     4.2     4.2     3.2     1.11 C     7.5     2.0     3.9   100.0    95.4    99.3   0.376   0.382   0.366   0.465 -99.000     2.8     2.5     2.9     6.1     7.8
63898 20200125  2.622  -86.57   38.89     2.8    -0.2     1.3     0.7     1.0     0.54 C     2.7    -0.4     0.8   100.0    85.3    94.2   0.382   0.389   0.374   0.464 -99.000     3.1     3.1     3.5     6.1     7.6
63898 20200126  2.622  -86.57   38.89     6.3    -2.4     1.9     1.5     0.0    11.67 C    11.0    -4.2     1.3    93.8    56.3    76.6   0.376   0.384   0.372   0.464 -99.000     3.0     3.0     3.4     6.1     7.6
63898 20200127  2.622  -86.57   38.89     1.5    -2.9    -0.7    -0.3     0.0     3.18 C     4.6    -4.7    -0.5   100.0    82.8    90.3   0.369   0.378   0.369   0.463 -99.000     2.6     2.8     3.4     6.0     7.6
63898 20200128  2.622  -86.57   38.89     0.2    -1.5    -0.6    -0.6     0.0     1.85 C     3.6    -0.6     0.5    93.2    84.1    88.3   0.365   0.374   0.366   0.463 -99.000     2.8     2.8     3.3     6.0     7.5
63898 20200129  2.622  -86.57   38.89     2.9    -0.7     1.1     0.8     0.0     3.35 C     7.4    -0.4     1.4    94.5    71.9    83.3   0.361   0.371   0.365   0.463 -99.000     3.0     3.1     3.4     6.0     7.5
63898 20200130  2.622  -86.57   38.89     4.7    -0.3     2.2     1.8     0.0     7.39 C    15.7    -0.7     3.0    85.8    58.8    74.4   0.357   0.368   0.363   0.463 -99.000     3.5     3.5     3.7     5.9     7.5
63898 20200131  2.622  -86.57   38.89     3.6    -0.1     1.7     1.7     3.6     2.90 C     7.5    -0.6     2.2   100.0    73.7    92.4   0.365   0.369   0.362   0.463 -99.000     3.6     3.7     3.9     5.9     7.4
63898 20200201  2.622  -86.57   38.89     5.8     1.6     3.7     3.1     0.0     2.23 C     8.0    -1.2     3.1   100.0    66.8    89.1   0.376   0.376   0.365   0.463 -99.000     4.0     4.0     4.1     6.0     7.5
63898 20200202  2.622  -86.57   38.89    16.7     0.4     8.6     9.1     0.0    12.52 C    17.4    -2.0     6.0    90.8    42.1    61.6   0.370   0.373   0.365   0.463 -99.000     4.3     4.3     4.3     6.0     7.5
63898 20200203  2.622  -86.57   38.89    22.0     5.0    13.5    13.1     0.4     8.33 C    23.0    -1.0     9.0    80.8    29.5    56.5   0.364   0.370   0.364   0.463 -99.000     5.5     5.2     5.0     6.1     7.5
63898 20200204  2.622  -86.57   38.89    16.6     1.8     9.2    10.1    10.4     1.27 C    15.1     2.3     9.5    98.9    53.7    91.1   0.385   0.385   0.374   0.464 -99.000     7.4     7.1     6.4     6.2     7.5
63898 20200205  2.622  -86.57   38.89     2.7     0.2     1.4     1.0     6.1     2.36 C     5.5     0.4     1.8   100.0    76.3    89.3   0.393   0.395   0.384   0.475 -99.000     5.5     5.8     6.0     6.5     7.7
63898 20200206  2.622  -86.57   38.89     0.3    -2.5    -1.1    -0.9     2.1     2.02 C     2.4    -1.8     0.5   100.0    84.0    95.4   0.392   0.395   0.385   0.482 -99.000     4.4     4.6     5.1     6.7     7.9
63898 20200207  2.622  -86.57   38.89     0.9    -3.6    -1.3    -1.3     0.3     5.06 C     6.1    -4.2    -0.7    86.7    66.0    78.9   0.383   0.385   0.377   0.481 -99.000     3.5     3.7     4.4     6.7     8.0
63898 20200208  2.622  -86.57   38.89     0.6    -3.1    -1.2    -1.0     1.8     2.32 C     0.9    -6.8    -1.6   100.0    79.2    91.4   0.378   0.379   0.371   0.473 -99.000     3.3     3.5     4.0     6.5     7.9
63898 20200209  2.622  -86.57   38.89     7.8    -5.0     1.4     0.4    12.9     1.92 C     6.2    -7.9    -0.4   100.0    81.5    93.9   0.389   0.389   0.376   0.472 -99.000     2.7     2.9     3.6     6.4     7.8
63898 20200210  2.622  -86.57   38.89    10.8     1.3     6.1     4.5    12.6     1.77 C     9.3     1.3     4.9   100.0    88.1    96.8   0.410   0.411   0.396   0.480 -99.000     4.4     4.2     4.1     6.0     7.6
63898 20200211  2.622  -86.57   38.89     5.3     0.6     2.9     2.1     0.0     7.25 C    11.7    -1.5     2.6    90.6    52.1    78.0   0.389   0.389   0.380   0.480 -99.000     4.3     4.2     4.4     6.1     7.5
63898 20200212  2.622  -86.57   38.89     2.4    -1.8     0.3     0.8    15.9     1.58 C     4.7    -2.9     0.8   100.0    79.4    93.9   0.394   0.392   0.382   0.480 -99.000     3.6     3.8     4.2     6.0     7.5
63898 20200213  2.622  -86.57   38.89     1.9   -10.0    -4.0    -2.4     3.0     2.29 C     6.9    -7.4    -1.1   100.0    72.1    90.8   0.404   0.403   0.390   0.481 -99.000     3.2     3.3     3.9     6.0     7.4
63898 20200214  2.622  -86.57   38.89    -5.0   -14.1    -9.6    -9.9     0.3    13.85 C     4.3   -11.7    -6.4    81.4    46.5    67.1   0.377   0.379   0.376   0.481 -99.000     1.7     2.0     3.0     6.0     7.4
63898 20200215  2.622  -86.57   38.89     7.8   -10.5    -1.4    -0.9     0.0    13.66 C    11.1   -10.8    -1.6    84.4    31.9    59.1   0.357   0.367   0.368   0.473 -99.000     1.0     1.4     2.2     5.8     7.3
63898 20200216  2.622  -86.57   38.89    11.2     1.8     6.5     5.8     0.0    11.48 C    17.2    -3.5     3.6    74.1    44.6    56.6   0.360   0.363   0.365   0.469 -99.000     1.4     1.6     2.1     5.6     7.2
63898 20200217  2.622  -86.57   38.89    12.1     0.5     6.3     6.7     0.0     4.62 C    12.0    -3.5     4.4    80.1    58.0    69.6   0.366   0.366   0.365   0.467 -99.000     2.6     2.5     2.7     5.4     7.0
63898 20200218  2.622  -86.57   38.89    11.3    -1.0     5.2     6.1     4.6     4.01 C     9.6    -2.9     5.5    99.0    72.4    87.1   0.388   0.386   0.371   0.465 -99.000     4.7     4.4     4.1     5.4     6.9
63898 20200219  2.622  -86.57   38.89     6.6    -3.5     1.6     0.8     0.0    15.46 C    14.5    -5.1     0.8    86.2    35.5    65.7   0.383   0.382   0.372   0.465 -99.000     3.4     3.6     3.9     5.6     7.0
63898 20200220  2.622  -86.57   38.89     1.8    -5.8    -2.0    -1.7     0.0    14.21 C    11.9    -8.3    -0.7    72.9    46.4    58.4   0.376   0.376   0.369   0.464 -99.000     2.9     3.2     3.6     5.7     7.0
63898 20200221  2.622  -86.57   38.89     3.4    -9.3    -3.0    -3.3     0.0    16.56 C    12.0   -10.6    -2.9    87.6    28.0    55.8   0.365   0.369   0.367   0.464 -99.000     1.9     2.3     3.0     5.7     7.0
63898 20200222  2.622  -86.57   38.89     9.3    -4.8     2.3     2.1     0.0    16.83 C    15.4    -9.0    -0.2    70.9    26.4    44.9   0.358   0.364   0.364   0.463 -99.000     1.6     2.0     2.5     5.6     7.0
63898 20200223  2.622  -86.57   38.89    13.1     1.6     7.4     6.9     0.0     9.88 C    19.6    -5.5     4.5    62.4    35.7    47.4   0.357   0.362   0.363   0.463 -99.000     2.6     2.7     2.7     5.5     6.9
63898 20200224  2.622  -86.57   38.89     7.1     5.2     6.1     6.2    17.3     1.11 C     8.2     2.2     5.6   100.0    63.3    94.7   0.390   0.387   0.375   0.467 -99.000     4.0     3.9     3.7     5.4     6.9
63898 20200225  2.622  -86.57   38.89     6.8     3.4     5.1     5.8     4.7     2.31 C     9.5     3.8     6.4   100.0    98.3    99.7   0.410   0.407   0.394   0.477 -99.000     5.1     4.8     4.5     5.5     6.7
63898 20200226  2.622  -86.57   38.89     3.4    -2.2     0.6     0.8     6.9     3.27 C     4.3    -3.9     1.5   100.0    77.4    93.6   0.406   0.404   0.392   0.478 -99.000     4.5     4.6     4.7     5.6     6.9
63898 20200227  2.622  -86.57   38.89     2.6    -3.4    -0.4    -0.2     0.0    12.48 C     9.3    -6.5    -0.3    77.1    53.5    61.6   0.396   0.394   0.385   0.479 -99.000     3.5     3.6     4.0     5.7     7.0
63898 20200228  2.622  -86.57   38.89     2.5    -4.3    -0.9    -1.1     2.5     8.26 C    10.5    -7.1    -0.7    93.7    51.3    74.9   0.388   0.386   0.379   0.478 -99.000     3.3     3.5     3.9     5.8     7.0
63898 20200229  2.622  -86.57   38.89     4.0    -7.3    -1.7    -1.7     0.0    18.27 C    11.7   -11.8    -2.3    84.6    37.0    57.7   0.381   0.379   0.374   0.471 -99.000     2.8     3.1     3.5     5.7     7.0
63898 20200301  2.622  -86.57   38.89    17.9    -2.8     7.5     7.9     0.0    14.02 C    20.5    -6.5     6.1    67.9    36.5    53.4   0.374   0.375   0.371   0.468 -99.000     3.2     3.2     3.4     5.7     7.0
63898 20200302  2.622  -86.57   38.89    14.1     9.0    11.6    10.4    12.7     1.39 C    11.7     7.9     9.5   100.0    47.6    93.9   0.403   0.398   0.386   0.473 -99.000     5.9     5.5     4.9     5.6     7.0
63898 20200303  2.622  -86.57   38.89    13.9     6.8    10.4    10.2     9.4    16.68 C    19.4    -1.3     8.8   100.0    40.1    71.6   0.412   0.408   0.396   0.480 -99.000     7.2     6.9     6.1     5.8     7.0
63898 20200304  2.622  -86.57   38.89    14.8     3.2     9.0     8.9     0.0    14.04 C    20.6    -1.8     5.9    69.3    33.0    50.1   0.389   0.388   0.382   0.480 -99.000     6.2     6.3     6.1     6.0     7.1
63898 20200305  2.622  -86.57   38.89    15.2    -0.2     7.5     7.5     0.0    15.76 C    22.3    -3.4     5.9    84.2    20.6    53.6   0.378   0.378   0.375   0.476 -99.000     5.9     6.0     5.8     6.2     7.3
63898 20200306  2.622  -86.57   38.89     6.8    -1.7     2.6     2.3     1.0     4.29 C     5.9    -5.7     1.5    84.1    49.1    66.8   0.370   0.370   0.370   0.470 -99.000     5.1     5.4     5.7     6.4     7.5
63898 20200307  2.622  -86.57   38.89     9.9    -5.5     2.2     2.5     0.0    19.38 C    20.9    -8.3     2.4    92.2    25.7    60.1   0.363   0.365   0.367   0.468 -99.000     4.3     4.5     4.8     6.5     7.5
63898 20200308  2.622  -86.57   38.89    18.3    -0.1     9.1     9.5     0.0    18.86 C    25.4    -5.3     7.0    64.4    19.9    40.8   0.358   0.361   0.365   0.467 -99.000     4.9     5.0     4.9     6.4     7.5
63898 20200309  2.622  -86.57   38.89    16.7    12.1    14.4    14.2     3.2     7.57 C    19.5     5.4    11.8    95.2    34.9    53.5   0.353   0.356   0.364   0.467 -99.000     6.6     6.4     5.9     6.4     7.5
63898 20200310  2.622  -86.57   38.89    14.6     5.9    10.3     9.1    21.9     2.94 C    13.2     6.4     9.4   100.0    89.2    94.7   0.400   0.393   0.386   0.475 -99.000     8.4     8.1     7.3     6.5     7.6
63898 20200311  2.622  -86.57   38.89     9.8     3.9     6.9     6.9     0.0     5.29 C    14.8     1.0     7.0   100.0    79.9    91.9   0.391   0.387   0.380   0.477 -99.000     7.7     7.7     7.3     6.8     7.7
63898 20200312  2.622  -86.57   38.89    16.0     3.0     9.5    10.4     9.8     6.85 C    19.4     0.1     9.8   100.0    74.2    94.8   0.395   0.391   0.383   0.478 -99.000     7.7     7.5     7.2     7.0     8.0
63898 20200313  2.622  -86.57   38.89    13.9     3.1     8.5     7.4     0.0    14.00 C    15.3     0.2     6.9    88.9    38.2    60.6   0.399   0.396   0.387   0.481 -99.000     8.3     8.3     7.9     7.2     8.1
63898 20200314  2.622  -86.57   38.89     5.5     1.7     3.6     3.5    11.6     1.74 C     6.2     0.4     3.7    98.1    58.3    82.5   0.402   0.399   0.389   0.482 -99.000     6.8     7.0     7.2     7.4     8.3
63898 20200315  2.622  -86.57   38.89     8.2     0.7     4.5     3.6     0.0    10.53 C    18.2     0.1     5.3    89.8    61.9    77.6   0.398   0.396   0.387   0.483 -99.000     6.4     6.5     6.5     7.4     8.4
63898 20200316  2.622  -86.57   38.89     9.0     3.4     6.2     6.0     0.0     6.55 C    16.1     3.1     6.9    85.4    64.7    76.4   0.386   0.384   0.379   0.481 -99.000     6.9     6.9     6.7     7.4     8.4
63898 20200317  2.622  -86.57   38.89    12.8     4.8     8.8     8.0     0.0    16.34 C    23.1     0.9     9.0    99.1    51.9    72.3   0.378   0.378   0.374   0.474 -99.000     7.8     7.7     7.2     7.4     8.4
63898 20200318  2.622  -86.57   38.89    15.1     4.7     9.9     9.5    13.8     1.52 C    13.7     0.2     8.5   100.0    71.7    93.7   0.394   0.392   0.383   0.477 -99.000     7.6     7.6     7.4     7.4     8.4
63898 20200319  2.622  -86.57   38.89    19.7    11.8    15.8    15.4    35.5     0.85 C    18.7    11.3    14.4   100.0    88.2    97.3   0.426   0.420   0.401   0.484 -99.000    10.1     9.6     8.7     7.7     8.6
63898 20200320  2.622  -86.57   38.89    20.0     2.5    11.3    13.5    16.2     8.04 C    20.7     3.4    13.3    94.1    73.2    83.1   0.427   0.421   0.403   0.486 -99.000    12.6    12.1    11.0     8.5     9.0
63898 20200321  2.622  -86.57   38.89     3.4    -0.8     1.3     1.1     0.0     7.00 C     8.9    -1.8     2.9    86.2    57.5    69.7   0.397   0.392   0.385   0.485 -99.000     9.0     9.4     9.6     8.5     9.1
63898 20200322  2.622  -86.57   38.89     4.9    -1.8     1.5     2.0     0.5     5.56 C     8.3    -2.2     2.5    86.4    73.0    79.7   0.387   0.383   0.378   0.480 -99.000     7.1     7.5     8.0     8.7     9.3
63898 20200323  2.622  -86.57   38.89    12.0     3.5     7.8     6.5     0.2    17.34 C    23.4     1.4     8.7    93.3    56.3    77.8   0.382   0.378   0.375   0.475 -99.000     8.1     8.0     7.8     8.5     9.3
63898 20200324  2.622  -86.57   38.89    10.6     2.3     6.5     6.3     7.3     6.22 C    16.0     0.6     6.5    97.7    72.7    88.8   0.384   0.378   0.375   0.473 -99.000     8.0     8.1     8.1     8.4     9.3
63898 20200325  2.622  -86.57   38.89    16.5     3.6    10.0     9.2     0.0    19.29 C    24.4     2.8    10.6   100.0    51.7    81.5   0.408   0.399   0.387   0.473 -99.000     9.0     8.7     8.3     8.4     9.3
63898 20200326  2.622  -86.57   38.89    19.5     7.0    13.3    14.2     0.5     9.95 C    20.6     2.6    12.3    97.4    69.3    79.3   0.394   0.389   0.381   0.472 -99.000     9.8     9.6     9.0     8.4     9.3
63898 20200327  2.622  -86.57   38.89    25.0    12.9    19.0    18.8     6.2    13.35 C    28.9    12.0    17.9   100.0    48.0    80.7   0.404   0.395   0.383   0.471 -99.000    12.0    11.4    10.2     8.6     9.4
63898 20200328  2.622  -86.57   38.89    24.8    17.9    21.4    21.6    18.5     6.07 C    25.8    14.7    18.9    96.3    63.9    79.3   0.409   0.401   0.388   0.473 -99.000    13.8    13.1    11.8     8.9     9.6
63898 20200329  2.622  -86.57   38.89    19.4    12.2    15.8    15.7     0.0    18.39 C    22.6     7.1    14.4    90.1    33.0    55.6   0.407   0.400   0.393   0.485 -99.000    13.9    13.6    12.7     9.3     9.9
63898 20200330  2.622  -86.57   38.89    15.9     6.4    11.2    11.6     0.0    22.59 C    25.0     2.4    11.2    65.8    36.0    48.9   0.388   0.382   0.380   0.485 -99.000    12.3    12.3    11.9     9.7    10.3
63898 20200331  2.622  -86.57   38.89     9.8     5.4     7.6     6.6     0.0     7.54 C    12.8     4.7     7.3    79.5    56.1    67.8   0.382   0.372   0.375   0.479 -99.000    10.9    11.2    11.2    10.0    10.5
63898 20200401  2.622  -86.57   38.89    11.2     4.5     7.9     7.7     0.0    10.14 C    24.7     0.7     8.5    87.0    53.1    71.6   0.376   0.364   0.371   0.477 -99.000    10.4    10.5    10.4    10.1    10.7
63898 20200402  2.622  -86.57   38.89    17.5     1.6     9.5    10.5     0.0    23.00 C    29.0    -1.2    11.0    97.7    33.7    62.1   0.369   0.356   0.368   0.475 -99.000    10.7    10.5    10.2    10.1    10.7
63898 20200403  2.622  -86.57   38.89    21.5     7.3    14.4    14.8     0.0    20.50 C    31.3     2.5    15.0    74.0    36.0    52.6   0.357   0.345   0.364   0.474 -99.000    12.1    11.7    11.0    10.0    10.7
63898 20200404  2.622  -86.57   38.89    18.3     8.3    13.3    13.0     0.7    16.14 C    29.9     6.2    14.0    96.5    46.3    70.8   0.343   0.334   0.361   0.473 -99.000    12.9    12.6    11.8    10.1    10.8
63898 20200405  2.622  -86.57   38.89    14.5     7.0    10.7    10.1     1.2    11.17 C    26.2     7.3    12.5    98.5    74.3    87.5   0.335   0.327   0.357   0.473 -99.000    12.7    12.5    11.9    10.3    10.9
63898 20200406  2.622  -86.57   38.89    22.1     9.6    15.8    15.5     0.0    17.85 C    32.9     7.0    16.0    93.3    51.3    73.2   0.329   0.320   0.353   0.472 -99.000    13.5    13.1    12.3    10.5    11.1
63898 20200407  2.622  -86.57   38.89    25.6    13.6    19.6    20.2     0.0    17.84 C    31.6     8.8    18.6    85.4    53.1    69.3   0.315   0.310   0.349   0.472 -99.000    14.4    14.0    13.0    10.7    11.2
63898 20200408  2.622  -86.57   38.89    27.4    14.0    20.7    21.3    13.0    14.88 C    34.1    12.9    20.9    98.9    34.8    73.5   0.311   0.301   0.346   0.472 -99.000    16.0    15.4    14.1    11.0    11.4
63898 20200409  2.622  -86.57   38.89    14.2     3.1     8.7     9.2     0.5    21.97 C    22.3     1.6    10.5    94.0    30.9    54.6   0.354   0.306   0.350   0.473 -99.000    14.4    14.5    14.0    11.2    11.7
63898 20200410  2.622  -86.57   38.89    10.5    -0.1     5.2     5.5     0.0    24.99 C    22.3    -1.4     7.5    74.4    37.8    53.3   0.336   0.305   0.345   0.472 -99.000    12.5    12.6    12.5    11.5    12.0
63898 20200411  2.622  -86.57   38.89    16.8     4.8    10.8    11.0     0.0    17.36 C    26.7     2.4    11.5    73.6    24.2    44.1   0.319   0.301   0.341   0.473 -99.000    12.3    12.3    12.1    11.5    12.0
63898 20200412  2.622  -86.57   38.89    16.1     9.5    12.8    12.4     8.7     3.59 C    17.4     7.6    11.7   100.0    44.9    78.6   0.324   0.297   0.337   0.472 -99.000    12.3    12.3    12.0    11.4    12.1
63898 20200413  2.622  -86.57   38.89    12.2     3.2     7.7     6.9     1.5    12.63 C    18.0     1.7     8.0   100.0    45.7    73.9   0.357   0.302   0.336   0.472 -99.000    12.0    12.0    11.9    11.4    12.1
63898 20200414  2.622  -86.57   38.89     7.8     1.0     4.4     4.4     0.0    19.55 C    18.6    -2.9     5.4    72.9    28.4    45.2   0.346   0.303   0.335   0.473 -99.000    11.0    11.1    11.1    11.3    12.0
63898 20200415  2.622  -86.57   38.89     9.8    -1.6     4.1     4.3     0.0    15.50 C    16.0    -4.2     3.5    63.2    36.0    49.0   0.333   0.301   0.333   0.472 -99.000     9.5     9.8    10.3    11.2    12.0
63898 20200416  2.622  -86.57   38.89     9.6    -3.4     3.1     4.0     0.0    13.69 C    17.5    -6.9     4.7    86.3    44.4    59.2   0.323   0.298   0.332   0.471 -99.000     8.8     9.0     9.4    11.1    11.9
63898 20200417  2.622  -86.57   38.89     9.7     2.8     6.3     6.6     9.8     2.11 C    11.4     2.9     6.4    97.9    56.1    82.2   0.361   0.299   0.333   0.471 -99.000     9.2     9.3     9.5    10.7    11.7
63898 20200418  2.622  -86.57   38.89    13.1    -0.4     6.3     6.8     0.0    25.40 C    23.3    -1.2     8.7    93.8    42.2    65.1   0.383   0.311   0.335   0.470 -99.000    10.0     9.8     9.6    10.6    11.6
63898 20200419  2.622  -86.57   38.89    14.6     4.5     9.6     9.5     0.0     8.02 C    21.6     0.0     8.0    83.7    53.8    68.5   0.363   0.313   0.334   0.470 -99.000    10.1    10.1    10.0    10.4    11.5
63898 20200420  2.622  -86.57   38.89    18.4     5.9    12.2    12.4     0.0    23.97 C    26.7     1.8    12.3    85.6    29.4    52.7   0.346   0.310   0.333   0.470 -99.000    11.1    10.8    10.3    10.4    11.3
63898 20200421  2.622  -86.57   38.89    14.5     7.6    11.1    11.8     0.0    26.51 C    22.5     0.0    11.2    73.8    23.5    43.6   0.322   0.302   0.330   0.469 -99.000    12.0    11.7    11.1    10.4    11.3
63898 20200422  2.622  -86.57   38.89    21.5     2.5    12.0    13.7     0.0    24.75 C    31.2    -0.5    13.1    80.0    26.9    42.0   0.300   0.292   0.325   0.469 -99.000    11.8    11.6    11.1    10.6    11.5
63898 20200423  2.622  -86.57   38.89    16.0    10.7    13.3    12.5    24.4     2.77 C    18.4    10.5    12.4   100.0    45.8    91.5   0.371   0.342   0.356   0.470 -99.000    12.3    12.1    11.7    10.7    11.5
63898 20200424  2.622  -86.57   38.89    20.4    11.2    15.8    14.8     0.0    22.51 C    32.3     8.7    16.7    98.5    50.8    75.8   0.397   0.382   0.378   0.470 -99.000    13.7    13.1    12.2    10.9    11.6
63898 20200425  2.622  -86.57   38.89    16.8     9.3    13.1    13.2    23.8     7.89 C    20.7     5.6    12.7    98.8    72.1    88.7   0.402   0.384   0.378   0.473 -99.000    13.4    13.3    12.7    11.0    11.7
63898 20200426  2.622  -86.57   38.89    16.3     6.2    11.2    10.7     4.4    13.88 C    21.9     5.2    10.5    95.8    36.6    69.2   0.419   0.403   0.393   0.484 -99.000    12.7    12.7    12.5    11.2    12.0
63898 20200427  2.622  -86.57   38.89    19.5     2.5    11.0    13.3     0.0    26.70 C    29.6    -0.2    14.0    88.1    30.7    51.5   0.396   0.383   0.382   0.484 -99.000    13.0    12.7    12.2    11.3    12.1
63898 20200428  2.622  -86.57   38.89    23.5    13.8    18.6    18.6     1.4    21.70 C    31.6    11.0    18.6    73.1    42.9    59.4   0.373   0.368   0.375   0.480 -99.000    15.0    14.3    13.4    11.4    12.1
63898 20200429  2.622  -86.57   38.89    19.9     9.1    14.5    14.1     8.2     7.36 C    20.4     9.3    13.8    93.8    46.1    77.7   0.387   0.366   0.374   0.478 -99.000    14.8    14.6    13.9    11.5    12.3
63898 20200430  2.622  -86.57   38.89    11.0     7.0     9.0     9.1     3.6     4.16 C    14.2     4.2     9.1    98.4    68.0    83.6   0.416   0.394   0.388   0.477 -99.000    13.1    13.2    13.1    11.7    12.5
63898 20200501  2.622  -86.57   38.89    20.8     5.5    13.2    13.4     0.0    27.13 C    30.0     1.5    15.0    89.4    34.1    59.7   0.399   0.385   0.384   0.476 -99.000    13.7    13.3    12.7    11.8    12.6
63898 20200502  2.622  -86.57   38.89    27.2    12.3    19.8    20.9     0.0    23.79 C    32.9     8.9    19.7    74.2    50.3    56.7   0.376   0.370   0.376   0.475 -99.000    15.9    15.3    14.1    11.8    12.6
63898 20200503  2.622  -86.57   38.89    22.6    11.3    16.9    18.1     5.1     7.39 C    26.4     7.3    17.2    98.1    51.0    78.7   0.375   0.361   0.373   0.475 -99.000    16.5    16.2    15.1    12.0    12.7
63898 20200504  2.622  -86.57   38.89    21.1     6.9    14.0    14.8     0.2    21.27 C    29.8     3.8    15.0    99.8    45.8    69.1   0.379   0.361   0.371   0.474 -99.000    15.6    15.5    14.7    12.3    12.9
63898 20200505  2.622  -86.57   38.89    14.0     6.6    10.3     8.9    12.2     3.69 C    13.1     7.6    10.4    98.9    71.8    94.7   0.409   0.394   0.387   0.478 -99.000    14.3    14.6    14.4    12.5    13.1
63898 20200506  2.622  -86.57   38.89    15.7     4.7    10.2     9.8     0.0    25.70 C    25.3     2.4    11.4    90.5    33.0    60.0   0.399   0.387   0.383   0.476 -99.000    14.2    14.2    13.6    12.7    13.3
63898 20200507  2.622  -86.57   38.89    19.2     6.2    12.7    13.4     0.0    22.88 C    27.6     2.4    13.2    85.5    41.1    58.3   0.378   0.372   0.375   0.475 -99.000    14.4    14.4    13.8    12.7    13.4
63898 20200508  2.622  -86.57   38.89    13.5     2.0     7.7     9.3    15.6    15.35 C    20.2    -0.5     9.9   100.0    35.7    71.7   0.410   0.396   0.386   0.479 -99.000    13.9    14.1    13.8    12.7    13.4
63898 20200509  2.622  -86.57   38.89    13.8    -2.0     5.9     6.7     0.0    28.93 C    28.3    -3.8    10.0    97.8    31.6    56.3   0.403   0.397   0.385   0.478 -99.000    12.9    12.9    12.8    12.7    13.4
63898 20200510  2.622  -86.57   38.89    17.2     4.5    10.9    10.2     0.6    20.33 C    27.9     2.9    11.3    75.0    47.6    59.5   0.387   0.385   0.378   0.478 -99.000    13.4    13.4    13.1    12.6    13.4
63898 20200511  2.622  -86.57   38.89    10.8     2.4     6.6     7.1     0.0    11.48 C    20.2     0.6     8.2    87.8    46.6    67.3   0.375   0.374   0.374   0.477 -99.000    12.3    12.5    12.6    12.5    13.4
63898 20200512  2.622  -86.57   38.89    14.7     1.5     8.1     9.5     0.0    19.85 C    29.6    -0.2    11.3    99.2    38.0    62.8   0.366   0.366   0.370   0.476 -99.000    12.5    12.4    12.2    12.4    13.3
63898 20200513  2.622  -86.57   38.89    11.9     7.9     9.9    10.2     0.3     3.89 C    13.2     6.0    10.5   100.0    66.4    89.6   0.357   0.360   0.367   0.476 -99.000    12.5    12.6    12.4    12.3    13.3
63898 20200514  2.622  -86.57   38.89    26.9    11.5    19.2    19.6     5.9    19.20 C    31.2    11.7    19.1   100.0    42.1    73.3   0.380   0.366   0.367   0.475 -99.000    14.8    14.1    13.1    12.3    13.2
63898 20200515  2.622  -86.57   38.89    23.6    16.7    20.2    20.6     5.1    12.69 C    29.4    15.0    19.4    95.7    60.7    75.7   0.396   0.373   0.368   0.474 -99.000    16.5    16.0    14.7    12.4    13.2
63898 20200516  2.622  -86.57   38.89    26.2    15.5    20.9    20.7     1.2    19.34 C    36.3    13.8    21.9    99.3    63.7    85.5   0.391   0.375   0.368   0.474 -99.000    18.0    17.4    15.9    12.6    13.3
63898 20200517  2.622  -86.57   38.89    23.8    16.7    20.2    20.6    40.2     8.20 C    26.5    16.6    20.0   100.0    70.7    87.8   0.387   0.378   0.370   0.476 -99.000    18.4    18.1    16.8    13.1    13.6
63898 20200518  2.622  -86.57   38.89    18.9    14.2    16.6    16.1    12.2     7.69 C    25.8    14.7    17.3   100.0    79.6    94.3   0.428   0.423   0.401   0.492 -99.000    18.0    17.8    17.0    14.0    14.2
63898 20200519  2.622  -86.57   38.89    20.5    14.1    17.3    16.5     0.6    12.04 C    26.3    14.3    17.9   100.0    75.7    91.0   0.415   0.410   0.392   0.491 -99.000    18.0    17.8    16.9    14.0    14.4
63898 20200520  2.622  -86.57   38.89    15.1    12.8    13.9    13.4     0.0     5.18 C    16.4    12.5    14.0    98.9    80.7    89.0   0.404   0.399   0.385   0.490 -99.000    16.9    17.0    16.5    14.2    14.7
63898 20200521  2.622  -86.57   38.89    17.5    12.3    14.9    14.7     0.0     9.14 C    22.9     9.5    15.2   100.0    77.5    86.1   0.395   0.390   0.380   0.485 -99.000    16.4    16.4    15.8    14.3    14.8
63898 20200522  2.622  -86.57   38.89    24.0    10.9    17.5    17.7     0.0    21.88 C    32.8     9.0    18.6   100.0    52.9    81.4   0.385   0.383   0.376   0.484 -99.000    17.6    17.3    16.1    14.3    14.9
63898 20200523  2.622  -86.57   38.89    28.5    14.8    21.6    21.0     0.2    21.70 C    33.7    12.6    21.4    99.6    64.6    86.4   0.371   0.372   0.372   0.482 -99.000    19.2    18.9    17.3    14.4    14.9
63898 20200524  2.622  -86.57   38.89    29.2    17.1    23.2    22.1    11.5    22.89 C    34.1    14.6    22.7   100.0    58.9    87.1   0.371   0.371   0.370   0.481 -99.000    20.4    20.1    18.4    14.6    15.1
63898 20200525  2.622  -86.57   38.89    29.9    16.9    23.4    23.0     0.0    25.72 C    34.7    15.7    23.3   100.0    53.5    83.2   0.400   0.394   0.374   0.481 -99.000    21.2    21.0    19.1    14.9    15.3
63898 20200526  2.622  -86.57   38.89    28.6    18.2    23.4    23.2     4.4    23.57 C    33.4    16.0    22.9    98.3    60.6    81.6   0.386   0.379   0.370   0.481 -99.000    21.7    21.7    19.8    15.3    15.6
63898 20200527  2.622  -86.57   38.89    25.9    18.8    22.3    21.3     0.2    15.24 C    28.8    16.7    21.2   100.0    68.7    89.3   0.383   0.376   0.368   0.480 -99.000    21.4    21.6    20.1    15.7    16.0
63898 20200528  2.622  -86.57   38.89    26.6    17.3    22.0    21.5    11.5    23.20 C    30.1    16.5    22.1   100.0    58.4    84.9   0.407   0.398   0.375   0.480 -99.000    21.7    21.7    20.1    16.0    16.3
63898 20200529  2.622  -86.57   38.89    24.2    16.7    20.4    19.8     2.5    15.91 C    28.2    12.9    19.4    98.2    50.7    82.6   0.403   0.392   0.376   0.481 -99.000    21.2    21.5    20.2    16.2    16.6
63898 20200530  2.622  -86.57   38.89    22.3    12.6    17.4    17.9     0.0    28.61 C    28.4    10.1    17.7    88.5    46.1    65.3   0.392   0.384   0.373   0.480 -99.000    20.4    20.7    19.6    16.4    16.8
63898 20200531  2.622  -86.57   38.89    22.1    12.0    17.1    17.2     0.0    30.16 C    28.6     8.4    16.7    93.1    36.8    60.0   0.371   0.367   0.367   0.480 -99.000    19.8    20.3    19.2    16.5    16.9
63898 20200601  2.622  -86.57   38.89    24.6     8.0    16.3    17.7     0.0    27.86 C    28.5     5.3    16.7    94.4    36.3    60.3   0.351   0.350   0.358   0.480 -99.000    19.2    19.7    18.7    16.6    17.0
63898 20200602  2.622  -86.57   38.89    30.0    17.2    23.6    24.0     0.0    28.14 C    32.0    11.7    21.3    57.7    36.4    47.1   0.331   0.334   0.351   0.479 -99.000    20.3    20.5    19.1    16.5    17.0
63898 20200603  2.622  -86.57   38.89    29.9    20.1    25.0    25.4     0.0    26.46 C    33.7    16.4    23.7    69.9    51.0    60.9   0.308   0.318   0.341   0.479 -99.000    21.4    21.5    19.9    16.6    17.2
63898 20200604  2.622  -86.57   38.89    28.3    18.5    23.4    23.1     0.8    14.93 C    34.3    16.3    22.8   100.0    67.3    83.1   0.293   0.306   0.332   0.478 -99.000    21.9    22.0    20.5    16.7    17.2
63898 20200605  2.622  -86.57   38.89    28.7    17.3    23.0    23.6     0.0    24.16 C    33.5    15.4    23.5   100.0    57.0    81.9   0.285   0.301   0.326   0.478 -99.000    22.1    22.1    20.5    17.0    17.4
63898 20200606  2.622  -86.57   38.89    31.6    19.6    25.6    26.1     0.0    28.22 C    36.7    16.4    25.2    99.0    50.4    70.5   0.274   0.295   0.318   0.477 -99.000    22.8    22.8    21.1    17.1    17.5
63898 20200607  2.622  -86.57   38.89    28.7    16.7    22.7    23.1     0.0    28.66 C    34.1    12.0    21.9    67.3    39.0    53.0   0.258   0.283   0.307   0.477 -99.000    22.2    22.5    21.1    17.3    17.7
63898 20200608  2.622  -86.57   38.89    28.9    16.7    22.8    23.2     0.0    25.94 C    34.6    12.4    22.2    72.9    46.5    58.5   0.243   0.271   0.296   0.476 -99.000    21.6    21.8    20.8    17.5    17.9
63898 20200609  2.622  -86.57   38.89    27.3    21.6    24.5    24.8     0.2    12.38 C    31.3    19.2    24.0    91.0    61.2    79.7   0.233   0.261   0.287   0.475 -99.000    21.9    21.9    20.8    17.5    18.0
63898 20200610  2.622  -86.57   38.89    28.6    18.1    23.4    25.1     0.0    17.50 C    34.5    16.5    25.0    85.7    44.8    71.0   0.227   0.254   0.282   0.473 -99.000    22.5    22.5    21.2    17.7    18.0
63898 20200611  2.622  -86.57   38.89    26.1    14.1    20.1    20.8     0.0    29.86 C    36.1    11.5    21.2    95.9    34.5    60.6   0.218   0.241   0.274   0.470 -99.000    21.6    21.7    20.8    17.8    18.2
63898 20200612  2.622  -86.57   38.89    28.9    13.9    21.4    22.4     0.0    29.20 C    39.9     9.2    22.2    90.8    32.2    57.6   0.209   0.230   0.265   0.467 -99.000    21.1    21.3    20.4    17.8    18.3
63898 20200613  2.622  -86.57   38.89    26.9    12.4    19.6    20.6     0.0    27.22 C    39.0     9.2    21.8    99.6    48.2    70.1   0.201   0.219   0.258   0.462 -99.000    20.8    21.0    20.2    17.8    18.4
63898 20200614  2.622  -86.57   38.89    23.6    12.3    17.9    18.1     4.1    26.60 C    35.2     9.9    19.6    97.4    40.9    67.2   0.204   0.213   0.252   0.459 -99.000    20.6    20.8    20.1    17.8    18.4
63898 20200615  2.622  -86.57   38.89    25.2    11.1    18.1    18.5     0.0    28.21 C    37.1     7.5    19.7    82.4    38.4    61.4   0.204   0.208   0.247   0.456 -99.000    20.0    20.1    19.5    17.7    18.4
63898 20200616  2.622  -86.57   38.89    26.6    14.0    20.3    20.7     0.0    29.23 C    37.8    10.8    22.0    96.1    46.4    68.2   0.199   0.204   0.242   0.451 -99.000    20.5    20.4    19.6    17.7    18.4
63898 20200617  2.622  -86.57   38.89    27.6    14.1    20.9    21.2     0.0    25.89 C    39.7    10.5    22.2    95.0    44.4    69.3   0.195   0.198   0.236   0.446 -99.000    20.5    20.4    19.7    17.7    18.2
63898 20200618  2.622  -86.57   38.89    28.6    14.6    21.6    22.3     0.0    26.77 C    47.6    11.7    25.2    99.9    45.6    71.7   0.192   0.194   0.231   0.441 -99.000    21.3    21.0    20.0    17.7    18.2
63898 20200619  2.622  -86.57   38.89    30.3    17.4    23.8    24.7     0.0    25.08 C    50.7    13.6    27.7    93.5    45.3    66.8   0.191   0.191   0.227   0.437 -99.000    22.2    21.9    20.7    17.7    18.3
63898 20200620  2.622  -86.57   38.89    31.7    17.7    24.7    25.7     0.0    26.61 C    49.7    15.4    29.0    98.3    43.9    65.8   0.190   0.189   0.223   0.433 -99.000    23.0    22.5    21.3    17.8    18.4
63898 20200621  2.622  -86.57   38.89    25.2    19.4    22.3    22.0     2.1    11.32 C    39.2    16.5    23.0   100.0    74.2    88.3   0.188   0.186   0.220   0.431 -99.000    22.5    22.3    21.4    18.0    18.6
63898 20200622  2.622  -86.57   38.89    29.8    17.6    23.7    23.1     0.6    23.04 C    47.9    15.6    27.1   100.0    56.9    85.0   0.188   0.186   0.219   0.430 -99.000    22.9    22.5    21.4    18.2    18.8
63898 20200623  2.622  -86.57   38.89    25.3    16.9    21.1    21.4    57.8    22.05 C    42.2    15.2    24.4   100.0    56.1    81.0   0.324   0.345   0.366   0.473 -99.000    22.9    22.6    21.8    18.7    18.8
63898 20200624  2.622  -86.57   38.89    26.2    16.3    21.3    21.1     0.0    24.67 C    45.4    13.8    25.0    95.5    44.2    70.4   0.314   0.327   0.345   0.468 -99.000    22.6    22.3    21.6    18.6    18.9
63898 20200625  2.622  -86.57   38.89    28.3    14.2    21.2    22.3     0.0    23.12 C    46.9    12.4    25.3    96.8    42.8    67.6   0.299   0.312   0.330   0.465 -99.000    22.2    21.9    21.3    18.7    19.1
63898 20200626  2.622  -86.57   38.89    30.7    20.9    25.8    25.4     0.0    22.26 C    47.7    17.2    28.2    83.2    51.8    69.0   0.286   0.302   0.320   0.462 -99.000    23.1    22.6    21.7    18.7    19.1
63898 20200627  2.622  -86.57   38.89    25.8    20.2    23.0    22.9     3.2     6.93 C    34.5    20.5    24.1    98.1    81.3    89.8   0.279   0.293   0.314   0.459 -99.000    23.0    22.8    22.0    18.8    19.3
63898 20200628  2.622  -86.57   38.89    28.5    20.4    24.4    23.5     0.4    13.03 C    42.4    19.6    25.4   100.0    69.2    89.6   0.286   0.291   0.310   0.459 -99.000    23.2    22.7    21.9    18.9    19.4
63898 20200629  2.622  -86.57   38.89    31.6    21.2    26.4    25.9     8.0    21.64 C    48.8    20.8    29.5   100.0    65.1    85.2   0.294   0.290   0.308   0.459 -99.000    24.6    23.9    22.7    19.0    19.5
63898 20200630  2.622  -86.57   38.89    26.7    20.3    23.5    22.8     3.0    12.45 C    35.3    19.8    24.4    99.9    78.3    90.8   0.337   0.295   0.311   0.458 -99.000    24.3    23.9    23.1    19.1    19.6
63898 20200701  2.622  -86.57   38.89    29.9    18.9    24.4    24.4     0.0    24.87 C    48.6    17.8    28.4   100.0    65.4    86.6   0.333   0.297   0.311   0.456 -99.000    24.6    24.0    23.0    19.4    19.7
63898 20200702  2.622  -86.57   38.89    31.0    21.4    26.2    26.2     0.0    26.35 C    50.0    19.3    29.6    99.3    52.2    75.3   0.313   0.294   0.309   0.455 -99.000    25.4    24.8    23.8    19.5    19.9
63898 20200703  2.622  -86.57   38.89    31.2    18.6    24.9    25.5     0.0    28.09 C    47.3    17.1    29.1    97.9    46.4    71.3   0.293   0.285   0.304   0.452 -99.000    25.2    24.7    23.8    19.7    20.0
63898 20200704  2.622  -86.57   38.89    32.4    20.8    26.6    26.8     0.0    26.80 C    48.6    18.7    30.2    88.2    47.5    70.6   0.276   0.275   0.299   0.448 -99.000    25.5    24.9    24.0    19.9    20.2
63898 20200705  2.622  -86.57   38.89    32.8    20.7    26.7    27.2     0.0    28.25 C    50.2    18.7    30.9    97.5    46.1    71.5   0.261   0.266   0.293   0.445 -99.000    26.0    25.4    24.3    20.0    20.4
63898 20200706  2.622  -86.57   38.89    32.3    20.5    26.4    26.4     0.0    27.45 C    48.3    18.9    30.8    97.8    52.9    76.5   0.247   0.256   0.287   0.440 -99.000    26.1    25.4    24.5    20.3    20.5
63898 20200707  2.622  -86.57   38.89    32.6    20.4    26.5    26.5     0.0    25.66 C    50.4    18.7    30.4   100.0    54.9    78.9   0.235   0.245   0.280   0.436 -99.000    26.1    25.5    24.6    20.4    20.7
63898 20200708  2.622  -86.57   38.89    31.6    21.1    26.4    24.2     4.8    15.55 C    47.4    19.6    25.8   100.0    59.5    90.0   0.232   0.236   0.275   0.433 -99.000    25.4    25.1    24.5    20.6    20.9
63898 20200709  2.622  -86.57   38.89    32.5    19.6    26.0    25.4     0.0    26.74 C    46.9    18.6    28.8   100.0    58.9    81.7   0.233   0.231   0.272   0.431 -99.000    25.6    24.9    24.2    20.7    21.0
63898 20200710  2.622  -86.57   38.89    29.6    20.7    25.2    25.0     0.0    23.27 C    48.6    16.8    28.7    99.5    52.4    77.0   0.228   0.226   0.267   0.428 -99.000    25.6    25.1    24.4    20.7    21.1
63898 20200711  2.622  -86.57   38.89    31.0    18.2    24.6    23.4    28.2    26.22 C    51.1    16.4    28.7   100.0    51.7    75.5   0.244   0.233   0.285   0.436 -99.000    24.8    24.5    24.0    20.8    21.1
63898 20200712  2.622  -86.57   38.89    27.5    17.0    22.3    21.4    33.8    19.68 C    37.7    16.6    24.4    99.1    62.3    86.8   0.356   0.366   0.384   0.474 -99.000    24.1    23.8    23.4    20.8    21.1
63898 20200713  2.622  -86.57   38.89    27.5    16.4    21.9    22.2     0.0    26.87 C    46.7    15.6    26.7    96.1    52.0    74.4   0.358   0.362   0.372   0.466 -99.000    24.7    24.3    23.6    20.8    21.2
63898 20200714  2.622  -86.57   38.89    29.2    15.9    22.5    22.9     0.0    28.72 C    47.9    14.5    27.7    99.9    50.9    75.6   0.337   0.347   0.361   0.458 -99.000    24.9    24.5    23.7    20.8    21.3
63898 20200715  2.622  -86.57   38.89    30.9    16.5    23.7    24.4     2.0    24.70 C    48.6    14.7    27.8   100.0    53.5    77.6   0.319   0.333   0.351   0.455 -99.000    25.1    24.7    23.9    20.9    21.3
63898 20200716  2.622  -86.57   38.89    25.3    19.6    22.5    22.8     0.6     8.85 C    31.5    18.1    23.9   100.0    79.9    89.6   0.313   0.324   0.344   0.453 -99.000    24.8    24.6    24.0    20.9    21.3
63898 20200717  2.622  -86.57   38.89    29.9    17.5    23.7    24.1     0.0    25.18 C    48.5    16.7    28.1   100.0    64.3    84.3   0.308   0.318   0.338   0.452 -99.000    24.9    24.5    23.7    21.0    21.3
63898 20200718  2.622  -86.57   38.89    31.8    21.4    26.6    26.8     0.0    25.01 C    48.6    19.8    30.7   100.0    58.8    81.9   0.294   0.309   0.331   0.450 -99.000    26.2    25.6    24.5    21.0    21.3
63898 20200719  2.622  -86.57   38.89    32.9    20.9    26.9    27.0     2.3    23.91 C    48.1    21.5    30.4    96.1    60.0    79.5   0.282   0.299   0.323   0.449 -99.000    26.7    26.2    25.1    21.1    21.5
63898 20200720  2.622  -86.57   38.89    30.5    20.7    25.6    25.2     0.5    22.48 C    46.4    20.5    29.0   100.0    57.5    84.4   0.274   0.291   0.316   0.448 -99.000    26.7    26.2    25.2    21.3    21.6
63898 20200721  2.622  -86.57   38.89    31.6    20.3    25.9    25.4    28.6    21.01 C    46.3    20.5    29.2   100.0    62.9    87.1   0.272   0.292   0.314   0.447 -99.000    26.8    26.3    25.4    21.4    21.7
63898 20200722  2.622  -86.57   38.89    29.5    20.3    24.9    23.4    21.8    12.77 C    38.5    20.6    25.0   100.0    77.4    93.3   0.379   0.401   0.388   0.459 -99.000    25.6    25.4    24.9    21.6    21.9
63898 20200723  2.622  -86.57   38.89    29.5    21.1    25.3    24.2     0.0    17.60 C    39.2    19.1    26.1   100.0    64.7    89.9   0.378   0.393   0.384   0.457 -99.000    26.0    25.6    24.9    21.7    21.9
63898 20200724  2.622  -86.57   38.89    29.5    19.0    24.2    24.1     0.0    27.50 C    41.4    17.9    26.5   100.0    53.6    79.5   0.355   0.370   0.369   0.458 -99.000    26.1    25.6    24.9    21.7    22.0
63898 20200725  2.622  -86.57   38.89    30.3    17.6    24.0    24.1     0.0    22.77 C    40.7    16.7    25.7   100.0    63.1    84.2   0.334   0.354   0.360   0.457 -99.000    25.7    25.4    24.7    21.7    22.1
63898 20200726  2.622  -86.57   38.89    31.8    20.1    25.9    26.1     0.0    26.12 C    40.5    18.6    27.7   100.0    62.2    83.3   0.315   0.340   0.351   0.457 -99.000    26.2    25.7    24.9    21.8    22.1
63898 20200727  2.622  -86.57   38.89    31.2    22.1    26.6    25.1     4.0    18.29 C    39.4    21.9    26.3   100.0    69.5    90.6   0.298   0.327   0.342   0.457 -99.000    26.4    26.0    25.2    21.8    22.1
63898 20200728  2.622  -86.57   38.89    29.4    19.7    24.5    24.5     0.0    28.70 C    37.2    17.2    26.3   100.0    49.5    80.1   0.298   0.318   0.336   0.457 -99.000    26.4    25.9    25.1    21.9    22.1
63898 20200729  2.622  -86.57   38.89    30.2    17.7    23.9    24.2     0.0    26.20 C    44.0    15.9    27.4    99.7    53.4    78.4   0.289   0.311   0.329   0.457 -99.000    25.9    25.6    24.9    21.9    22.2
63898 20200730  2.622  -86.57   38.89    23.9    20.5    22.2    22.1    60.8     2.89 C    25.8    20.7    22.5   100.0    84.5    98.2   0.359   0.382   0.369   0.472 -99.000    24.8    24.9    24.6    22.0    22.4
63898 20200731  2.622  -86.57   38.89    23.6    19.5    21.6    21.5     8.1     7.75 C    27.8    19.6    22.4    99.2    85.1    94.3   0.393   0.410   0.386   0.483 -99.000    24.1    24.0    23.8    22.0    22.5
63898 20200801  2.622  -86.57   38.89    24.6    18.7    21.6    20.8    33.3     6.78 C    32.6    19.1    22.3   100.0    88.0    98.7   0.413   0.430   0.399   0.487 -99.000    23.7    23.7    23.4    22.0    22.6
63898 20200802  2.622  -86.57   38.89    26.9    15.8    21.3    20.9     0.3    21.45 C    39.2    15.3    23.6   100.0    64.2    85.7   0.401   0.415   0.390   0.497 -99.000    24.1    23.7    23.4    21.9    22.6
63898 20200803  2.622  -86.57   38.89    26.8    18.3    22.5    21.2     0.0    19.06 C    42.6    17.2    24.2   100.0    68.0    90.5   0.381   0.394   0.377   0.494 -99.000    24.4    24.1    23.6    21.9    22.4
63898 20200804  2.622  -86.57   38.89    24.5    15.0    19.7    19.5     0.0    20.66 C    39.5    12.5    22.7   100.0    57.0    82.0   0.369   0.382   0.371   0.491 -99.000    23.9    23.7    23.4    21.8    22.4
63898 20200805  2.622  -86.57   38.89    23.9    13.4    18.6    18.2     0.0    23.67 C    42.4    11.6    21.5    97.2    50.9    76.6   0.357   0.369   0.365   0.489 -99.000    23.0    22.8    22.8    21.7    22.2
63898 20200806  2.622  -86.57   38.89    24.6    14.3    19.5    19.2     0.0    21.31 C    42.3    12.3    22.1    98.5    51.4    77.2   0.341   0.356   0.360   0.488 -99.000    22.7    22.5    22.4    21.6    22.1
63898 20200807  2.622  -86.57   38.89    26.2    14.6    20.4    20.2     0.0    26.00 C    42.5    12.7    23.1    96.1    48.8    74.8   0.325   0.343   0.353   0.487 -99.000    22.7    22.5    22.2    21.5    22.0
63898 20200808  2.622  -86.57   38.89    28.0    13.6    20.8    21.2     0.0    25.93 C    43.0    11.3    24.2   100.0    51.5    78.1   0.310   0.330   0.344   0.487 -99.000    22.8    22.6    22.2    21.3    21.9
63898 20200809  2.622  -86.57   38.89    28.2    16.9    22.5    23.0     0.0    19.72 C    38.6    15.4    24.9    99.9    68.9    85.5   0.298   0.320   0.337   0.487 -99.000    23.4    23.0    22.6    21.3    21.9
63898 20200810  2.622  -86.57   38.89    30.4    20.0    25.2    23.6    26.1    15.79 C    42.5    18.8    25.5   100.0    78.5    92.4   0.309   0.331   0.341   0.486 -99.000    24.0    23.7    23.0    21.3    21.8
63898 20200811  2.622  -86.57   38.89    28.6    19.6    24.1    23.2     0.3    21.46 C    38.3    19.0    25.5   100.0    66.4    89.1   0.387   0.398   0.377   0.486 -99.000    24.3    23.9    23.2    21.3    21.8
63898 20200812  2.622  -86.57   38.89    27.5    20.4    23.9    23.6     0.0    12.93 C    34.0    19.1    24.3   100.0    73.5    90.9   0.367   0.379   0.367   0.487 -99.000    24.4    24.1    23.5    21.4    21.9
63898 20200813  2.622  -86.57   38.89    30.1    21.0    25.5    23.0    20.0    13.62 C    45.3    19.4    25.0   100.0    67.7    93.5   0.375   0.387   0.372   0.491 -99.000    24.4    24.1    23.6    21.5    21.9
63898 20200814  2.622  -86.57   38.89    28.6    20.7    24.6    23.4     0.0    13.78 C    41.8    19.6    25.3   100.0    67.1    92.0   0.399   0.403   0.381   0.495 -99.000    24.7    24.3    23.7    21.5    21.9
63898 20200815  2.622  -86.57   38.89    29.5    19.3    24.4    23.9     0.0    23.58 C    46.1    17.8    27.6   100.0    60.4    85.3   0.385   0.390   0.375   0.492 -99.000    25.1    24.7    23.9    21.6    21.9
63898 20200816  2.622  -86.57   38.89    27.2    19.4    23.3    22.8     0.0    21.81 C    40.4    16.8    25.2   100.0    54.3    81.6   0.367   0.378   0.370   0.490 -99.000    24.9    24.7    24.0    21.7    22.0
63898 20200817  2.622  -86.57   38.89    28.7    17.5    23.1    23.1     0.0    22.80 C    41.2    15.8    25.2    96.5    53.3    77.5   0.348   0.365   0.365   0.490 -99.000    24.5    24.3    23.7    21.7    22.1
63898 20200818  2.622  -86.57   38.89    24.5    17.8    21.1    20.7     0.0    14.61 C    38.6    16.4    22.4   100.0    73.1    89.4   0.333   0.353   0.359   0.489 -99.000    24.0    24.0    23.6    21.8    22.1
63898 20200819  2.622  -86.57   38.89    25.2    14.3    19.8    19.9     0.0    25.63 C    36.5    13.2    21.9    93.9    51.1    71.6   0.318   0.341   0.352   0.488 -99.000    23.2    23.2    22.9    21.8    22.1
63898 20200820  2.622  -86.57   38.89    26.1    14.5    20.3    20.2     0.0    25.61 C    36.5    12.3    21.7    94.3    51.3    74.3   0.304   0.329   0.344   0.488 -99.000    23.0    22.9    22.6    21.7    22.1
63898 20200821  2.622  -86.57   38.89    27.2    15.9    21.5    21.5     0.0    21.97 C    37.4    14.5    22.8    97.5    56.9    79.4   0.291   0.319   0.336   0.487 -99.000    23.1    23.0    22.5    21.5    22.1
63898 20200822  2.622  -86.57   38.89    28.9    17.5    23.2    22.1    67.4    21.67 C    37.9    16.1    23.9   100.0    58.9    86.6   0.313   0.341   0.347   0.492 -99.000    23.2    23.0    22.6    21.6    22.1
63898 20200823  2.622  -86.57   38.89    28.6    18.4    23.5    23.4     0.0    20.26 C    35.2    17.3    23.9   100.0    61.1    85.0   0.382   0.396   0.380   0.500 -99.000    23.5    23.3    22.7    21.6    22.1
63898 20200824  2.622  -86.57   38.89    30.3    20.2    25.3    25.5     0.0    22.02 C    35.5    18.8    25.4    96.1    63.2    79.2   0.364   0.377   0.370   0.494 -99.000    24.5    24.1    23.3    21.5    22.1
63898 20200825  2.622  -86.57   38.89    31.0    22.2    26.6    26.2     0.0    21.42 C    37.0    20.2    26.5    98.1    60.6    80.6   0.344   0.365   0.364   0.492 -99.000    25.2    24.8    23.9    21.6    22.1
63898 20200826  2.622  -86.57   38.89    29.5    20.5    25.0    25.3     0.0    20.93 C    40.4    18.6    27.2   100.0    69.1    87.4   0.329   0.355   0.358   0.491 -99.000    25.4    25.1    24.2    21.8    22.1
63898 20200827  2.622  -86.57   38.89    28.0    22.1    25.0    25.1     0.0     8.97 C    33.3    21.3    25.8    99.3    82.4    91.5   0.323   0.346   0.354   0.490 -99.000    25.3    25.0    24.4    21.9    22.3
63898 20200828  2.622  -86.57   38.89    29.3    20.9    25.1    24.8     0.0    13.66 C    38.5    19.1    25.7   100.0    74.0    90.8   0.316   0.340   0.349   0.490 -99.000    25.4    25.1    24.4    21.9    22.4
63898 20200829  2.622  -86.57   38.89    28.8    19.2    24.0    23.4     0.0    17.17 C    37.1    15.5    24.6   100.0    52.2    84.0   0.308   0.333   0.344   0.490 -99.000    25.1    24.8    24.3    22.0    22.5
63898 20200830  2.622  -86.57   38.89    25.6    15.8    20.7    20.7     0.0    22.68 C    34.8    13.0    21.5    93.6    54.3    74.7   0.298   0.324   0.338   0.489 -99.000    24.0    23.9    23.7    22.1    22.6
63898 20200831  2.622  -86.57   38.89    26.4    17.1    21.7    21.5     0.0    11.97 C    35.4    15.7    22.6   100.0    79.2    88.1   0.291   0.316   0.332   0.488 -99.000    23.7    23.5    23.3    22.0    22.6
63898 20200901  2.622  -86.57   38.89    26.3    19.0    22.6    22.3     0.0     7.99 C    29.7    18.1    22.9   100.0    80.6    94.5   0.287   0.312   0.328   0.488 -99.000    23.7    23.5    23.2    21.9    22.6
63898 20200902  2.622  -86.57   38.89    25.2    21.6    23.4    23.1     2.0     9.50 C    30.2    21.1    23.9   100.0    83.3    94.6   0.286   0.309   0.325   0.488 -99.000    24.1    23.9    23.3    21.9    22.4
63898 20200903  2.622  -86.57   38.89    28.0    21.5    24.7    23.9     3.2    15.32 C    32.3    20.2    24.3   100.0    62.1    87.3   0.290   0.308   0.323   0.488 -99.000    24.5    24.1    23.5    21.9    22.4
63898 20200904  2.622  -86.57   38.89    24.4    13.8    19.1    19.7     0.0    21.31 C    32.7    10.3    19.9    95.6    39.2    64.3   0.288   0.305   0.320   0.488 -99.000    23.5    23.5    23.3    21.9    22.4
63898 20200905  2.622  -86.57   38.89    26.1    11.0    18.5    19.4     0.0    23.00 C    40.5     8.4    21.2   100.0    43.2    68.8   0.283   0.300   0.316   0.487 -99.000    22.2    22.2    22.2    21.9    22.4
63898 20200906  2.622  -86.57   38.89    25.7    13.7    19.7    20.3     0.0    15.25 C    39.7    11.7    21.1   100.0    54.6    77.2   0.279   0.295   0.313   0.486 -99.000    22.1    22.1    22.0    21.7    22.4
63898 20200907  2.622  -86.57   38.89    29.2    19.0    24.1    23.8     0.0    20.44 C    41.8    14.6    25.1    86.3    64.3    75.6   0.274   0.291   0.309   0.486 -99.000    22.7    22.5    22.0    21.5    22.1
63898 20200908  2.622  -86.57   38.89    30.0    18.0    24.0    23.8     0.0    20.25 C    42.5    15.8    25.4    99.7    59.6    80.4   0.269   0.286   0.306   0.484 -99.000    23.4    23.1    22.6    21.5    22.1
63898 20200909  2.622  -86.57   38.89    29.7    16.9    23.3    23.0     0.0    20.24 C    42.2    14.3    24.7   100.0    57.6    84.9   0.263   0.280   0.302   0.483 -99.000    23.4    23.2    22.7    21.5    22.1
63898 20200910  2.622  -86.57   38.89    28.4    18.5    23.4    23.0     0.0    19.64 C    40.2    16.3    25.1   100.0    62.8    86.3   0.258   0.274   0.299   0.483 -99.000    23.5    23.4    22.8    21.5    22.1
63898 20200911  2.622  -86.57   38.89    22.0    19.6    20.8    20.7     0.0     4.71 C    25.8    18.1    21.5    98.0    88.0    93.0   0.255   0.270   0.295   0.482 -99.000    22.8    22.9    22.6    21.5    22.1
63898 20200912  2.622  -86.57   38.89    27.4    19.2    23.3    22.3     0.0    10.34 C    38.5    19.3    23.7    96.2    76.4    90.6   0.253   0.270   0.292   0.482 -99.000    22.9    22.7    22.3    21.5    22.1
63898 20200913  2.622  -86.57   38.89    26.6    18.4    22.5    22.5     0.5    16.91 C    35.4    15.5    23.9    99.7    59.5    83.3   0.250   0.266   0.289   0.481 -99.000    23.3    23.2    22.6    21.4    22.0
63898 20200914  2.622  -86.57   38.89    25.1    14.5    19.8    19.8     0.0    19.38 C    35.3    12.3    20.8    96.1    53.8    76.8   0.245   0.258   0.285   0.481 -99.000    22.4    22.5    22.2    21.4    21.9
63898 20200915  2.622  -86.57   38.89    22.4    11.5    16.9    17.0     0.0    17.21 C    31.4     7.0    17.1    97.9    50.2    76.2   0.240   0.251   0.281   0.479 -99.000    21.4    21.6    21.6    21.3    21.9
63898 20200916  2.622  -86.57   38.89    25.0     9.7    17.4    16.8     0.0    17.66 C    34.1     6.7    17.4   100.0    53.6    86.2   0.236   0.245   0.277   0.480 -99.000    20.3    20.5    20.7    21.2    21.9
63898 20200917  2.622  -86.57   38.89    26.2    10.9    18.6    18.7     0.0    18.39 C    34.3     8.3    19.3   100.0    39.5    77.0   0.232   0.241   0.273   0.480 -99.000    20.4    20.5    20.5    21.0    21.8
63898 20200918  2.622  -86.57   38.89    18.9    10.6    14.8    14.9     0.0    20.24 C    30.0     6.0    15.3    91.6    39.6    64.4   0.228   0.235   0.269   0.479 -99.000    19.9    20.2    20.2    20.8    21.6
63898 20200919  2.622  -86.57   38.89    19.2     6.8    13.0    12.7     0.0    21.51 C    29.7     4.1    13.3    87.9    38.3    62.7   0.224   0.229   0.264   0.478 -99.000    18.5    18.9    19.2    20.7    21.5
63898 20200920  2.622  -86.57   38.89    22.5     6.9    14.7    14.2     0.0    21.25 C    30.4     3.5    13.9    92.6    29.4    58.8   0.220   0.224   0.261   0.476 -99.000    17.9    18.3    18.5    20.4    21.3
63898 20200921  2.622  -86.57   38.89    23.5     8.0    15.8    15.5     0.0    20.09 C    33.2     4.0    15.3    91.1    45.9    68.4   0.216   0.220   0.257   0.474 -99.000    18.0    18.2    18.3    20.1    21.1
63898 20200922  2.622  -86.57   38.89    22.9     8.8    15.8    16.0     0.0    15.61 C    32.9     5.3    15.3    99.9    52.9    77.4   0.213   0.216   0.254   0.473 -99.000    18.0    18.2    18.2    19.9    20.9
63898 20200923  2.622  -86.57   38.89    20.5    10.2    15.3    15.5     0.0     9.11 C    29.8     7.5    15.0   100.0    61.2    84.8   0.211   0.215   0.251   0.474 -99.000    17.9    18.1    18.1    19.6    20.7
63898 20200924  2.622  -86.57   38.89    23.3    13.1    18.2    17.2     1.6    15.00 C    31.5    10.7    17.7   100.0    57.7    84.2   0.210   0.214   0.249   0.473 -99.000    18.7    18.6    18.4    19.5    20.5
63898 20200925  2.622  -86.57   38.89    24.8    11.8    18.3    18.3     0.0    18.49 C    32.7    10.1    18.9   100.0    53.2    81.7   0.209   0.213   0.247   0.472 -99.000    18.9    18.9    18.6    19.3    20.3
63898 20200926  2.622  -86.57   38.89    22.8    14.5    18.6    18.0     0.0     8.69 C    28.8    10.9    17.5   100.0    70.1    88.7   0.208   0.211   0.245   0.471 -99.000    19.0    19.0    18.8    19.3    20.3
63898 20200927  2.622  -86.57   38.89    24.7    14.7    19.7    19.3     0.0    15.82 C    33.0    10.9    18.7   100.0    60.9    83.7   0.207   0.209   0.243   0.469 -99.000    19.1    19.1    18.8    19.2    20.1
63898 20200928  2.622  -86.57   38.89    18.2    10.0    14.1    14.2     6.2     5.95 C    21.9     6.7    13.3    99.8    70.1    91.2   0.214   0.207   0.244   0.468 -99.000    18.3    18.6    18.6    19.1    20.1
63898 20200929  2.622  -86.57   38.89    17.2     7.4    12.3    11.6     0.0    15.32 C    25.4     4.1    11.0   100.0    55.5    83.1   0.217   0.205   0.242   0.467 -99.000    16.8    17.1    17.5    19.1    20.1
63898 20200930  2.622  -86.57   38.89    24.9     8.3    16.6    15.5     0.0    16.94 C    30.1     5.5    14.9    93.7    36.7    63.9   0.214   0.204   0.240   0.466 -99.000    16.7    16.8    17.0    18.9    19.9
63898 20201001  2.622  -86.57   38.89    18.4     7.2    12.8    12.0     0.0    12.55 C    25.0     3.0    10.4    87.9    38.6    66.2   0.210   0.202   0.237   0.465 -99.000    16.0    16.3    16.7    18.7    19.7
63898 20201002  2.622  -86.57   38.89    16.4     4.2    10.3    10.2     0.0    14.54 C    27.2     0.5    10.5   100.0    47.3    78.3   0.207   0.200   0.235   0.464 -99.000    15.2    15.4    15.9    18.5    19.5
63898 20201003  2.622  -86.57   38.89    16.7     5.9    11.3    10.9     0.2    11.48 C    24.5     2.8    11.6   100.0    49.7    81.9   0.206   0.199   0.234   0.464 -99.000    15.1    15.3    15.7    18.2    19.4
63898 20201004  2.622  -86.57   38.89    13.7     5.5     9.6    10.1     0.0     4.47 C    16.5     0.2     9.4    95.2    69.4    85.0   0.204   0.199   0.233   0.464 -99.000    15.1    15.4    15.7    18.0    19.1
63898 20201005  2.622  -86.57   38.89    16.6     0.5     8.6     9.0     0.0    18.50 C    26.1    -1.5     8.6   100.0    40.9    73.3   0.201   0.197   0.231   0.463 -99.000    13.8    14.2    14.8    17.8    18.9
63898 20201006  2.622  -86.57   38.89    22.2     3.9    13.1    13.6     0.0    16.44 C    29.6     1.3    12.6    98.9    41.5    68.6   0.200   0.196   0.230   0.462 -99.000    14.1    14.3    14.5    17.5    18.8
63898 20201007  2.622  -86.57   38.89    28.7    12.7    20.7    19.6     0.0    16.58 C    33.4     9.0    17.8    83.8    39.2    60.8   0.200   0.195   0.229   0.460 -99.000    15.6    15.6    15.3    17.3    18.5
63898 20201008  2.622  -86.57   38.89    25.6    10.5    18.1    18.0     0.0    16.19 C    32.4     6.0    16.0    87.9    30.8    58.5   0.199   0.194   0.228   0.458 -99.000    16.0    16.1    15.9    17.2    18.3
63898 20201009  2.622  -86.57   38.89    27.2     9.4    18.3    18.7     0.0    13.49 C    32.6     6.2    17.3    94.6    44.4    72.1   0.198   0.192   0.227   0.458 -99.000    16.2    16.1    15.9    17.2    18.2
63898 20201010  2.622  -86.57   38.89    23.1    16.2    19.7    19.3     0.0     5.80 C    27.2    12.9    18.7    98.2    76.9    88.8   0.198   0.192   0.226   0.458 -99.000    17.3    17.1    16.7    17.2    18.2
63898 20201011  2.622  -86.57   38.89    27.0    16.3    21.6    20.4     0.0    14.78 C    33.5    13.4    20.0   100.0    50.7    82.3   0.197   0.192   0.226   0.458 -99.000    17.8    17.6    17.1    17.3    18.2
63898 20201012  2.622  -86.57   38.89    23.1     9.6    16.3    16.4     0.8     5.59 C    30.7     4.9    15.5   100.0    75.2    93.0   0.196   0.191   0.225   0.457 -99.000    17.4    17.4    17.2    17.3    18.2
63898 20201013  2.622  -86.57   38.89    20.5     3.7    12.1    12.9     0.0    16.06 C    25.3     0.9    10.9   100.0    35.6    71.1   0.194   0.189   0.223   0.457 -99.000    15.6    15.9    16.2    17.3    18.2
63898 20201014  2.622  -86.57   38.89    25.1     7.0    16.1    17.4     0.0    15.34 C    29.9     2.7    14.7    90.4    28.0    52.5   0.193   0.188   0.221   0.455 -99.000    15.4    15.6    15.7    17.3    18.2
63898 20201015  2.622  -86.57   38.89    19.9     4.9    12.4    12.2     3.2     1.03 C    16.2     0.6    10.6    97.4    40.3    77.9   0.195   0.187   0.220   0.454 -99.000    15.1    15.4    15.6    17.2    18.2
63898 20201016  2.622  -86.57   38.89    13.8    -0.4     6.7     7.8     0.0    16.42 C    20.7    -3.8     5.7    91.3    28.5    53.7   0.194   0.186   0.219   0.453 -99.000    13.2    13.8    14.4    17.0    18.1
63898 20201017  2.622  -86.57   38.89    16.5    -0.7     7.9     9.0     0.0    12.87 C    27.2    -4.2     7.6    94.3    28.4    55.8   0.194   0.185   0.217   0.453 -99.000    12.3    12.8    13.5    16.8    18.0
63898 20201018  2.622  -86.57   38.89    17.1     8.9    13.0    12.9     4.5     5.81 C    29.6     7.5    13.5   100.0    50.3    73.5   0.195   0.186   0.217   0.451 -99.000    13.3    13.4    13.6    16.5    17.7
63898 20201019  2.622  -86.57   38.89    11.0     8.7     9.9     9.8    46.2     1.19 C    11.6     9.6    10.6   100.0    99.7   100.0   0.349   0.346   0.338   0.460 -99.000    13.2    13.4    13.7    16.2    17.5
63898 20201020  2.622  -86.57   38.89    16.2     8.4    12.3    10.9     8.2     3.17 C    16.2     9.0    11.8   100.0    93.3    98.5   0.380   0.396   0.372   0.462 -99.000    13.3    13.4    13.5    16.0    17.3
