53152 20200101  2.622 -119.88   34.41    18.3     5.5    11.9    12.7     0.0    11.45 C    22.0     3.6    12.3    86.3    46.2    74.0   0.325   0.310   0.325   0.461   0.525    11.7    12.1    11.7    13.5    13.6
53152 20200102  2.622 -119.88   34.41    19.6     9.1    14.4    14.8     0.0    10.58 C    23.3     5.2    12.6    88.7    39.4    63.9   0.317   0.307   0.322   0.460   0.540    12.3    12.7    12.1    13.6    13.6
53152 20200103  2.622 -119.88   34.41    20.2     7.0    13.6    12.2     0.0    12.06 C    23.5     4.5    10.9    80.0    37.4    68.1   0.315   0.304   0.321   0.460   0.541    11.9    12.4    12.0    13.6    13.7
53152 20200104  2.622 -119.88   34.41    16.2     5.4    10.8    10.8     0.0    11.51 C    22.5     3.3    10.3    94.0    72.4    84.0   0.311   0.301   0.315   0.451   0.533    11.6    12.1    11.8    13.6    13.7
53152 20200105  2.622 -119.88   34.41    20.8     4.9    12.8    13.0     0.0    11.64 C    24.1     3.3    11.8    94.5    17.7    63.6   0.299   0.298   0.313   0.451   0.535    11.3    12.0    11.7    13.5    13.5
53152 20200106  2.622 -119.88   34.41    20.4     5.9    13.2    13.1     0.0    12.88 C    24.3     2.7    10.9    73.3    18.1    48.2   0.289   0.297   0.312   0.451   0.535    11.0    11.9    11.6    13.5    13.5
53152 20200107  2.622 -119.88   34.41    19.4     4.3    11.9    11.1     0.0    10.65 C    23.8     1.3     9.3    82.8    28.4    65.5   0.284   0.293   0.309   0.446   0.533    10.4    11.4    11.3    13.3    13.5
53152 20200108  2.622 -119.88   34.41    19.1     6.2    12.7    12.7     0.0    11.44 C    21.9     1.6    10.5    76.9    31.7    55.8   0.280   0.290   0.306   0.438   0.521    10.4    11.3    11.2    13.2    13.4
53152 20200109  2.622 -119.88   34.41    16.2     6.5    11.3    12.0     0.3     9.04 C    17.9     3.0     9.9    83.3    44.4    56.2   0.278   0.287   0.303   0.434   0.533    10.5    11.4    11.2    13.1 -9999.0
53152 20200110  2.622 -119.88   34.41    16.1     3.8    10.0    10.2     0.0    12.61 C    21.4     1.4     9.3    83.8    51.8    69.1   0.275   0.284   0.300   0.433   0.524    10.2    11.1    10.9    12.9    13.1
53152 20200111  2.622 -119.88   34.41    17.9     4.6    11.2    11.0     0.0    12.84 C    22.6     2.6     9.9    91.8    37.1    68.5   0.274   0.281   0.298   0.429   0.524    10.3    11.2    11.0    12.8    13.1
53152 20200112  2.622 -119.88   34.41    15.5     5.5    10.5    10.8     0.0    12.57 C    21.3     2.0     9.4    78.8    46.3    65.4   0.271   0.278   0.295   0.424   0.525    10.2    11.2    10.9    12.8    13.0
53152 20200113  2.622 -119.88   34.41    16.2     4.1    10.1     9.8     0.0    12.65 C    20.6     0.8     8.7    86.3    45.5    70.2   0.267   0.274   0.293   0.430   0.523     9.9    10.8    10.7    12.7    12.9
53152 20200114  2.622 -119.88   34.41    15.8     4.6    10.2    10.3     0.0    13.16 C    21.5     1.5     9.4    91.6    50.9    75.4   0.264   0.271   0.291   0.426   0.513    10.0    10.9    10.7    12.6    12.8
53152 20200115  2.622 -119.88   34.41    15.2     4.7     9.9     9.5     0.0    12.25 C    20.8     2.9     9.3    93.1    68.9    83.7   0.261   0.268   0.289   0.424   0.519    10.2    11.0    10.8    12.5    12.7
53152 20200116  2.622 -119.88   34.41    14.7     5.3    10.0    10.2    12.4     5.07 C    19.6     3.3     9.7    95.0    59.4    82.1   0.278   0.271   0.292   0.424   0.511    10.5    11.2    10.9    12.6    12.7
53152 20200117  2.622 -119.88   34.41    14.6     3.0     8.8     9.1     0.0    12.68 C    20.3     0.7     7.8    87.4    56.2    74.7   0.316   0.299   0.311   0.419   0.515    10.0    11.0    10.9    12.6    12.7
53152 20200118  2.622 -119.88   34.41    15.4     3.2     9.3     9.3     0.0    12.20 C    21.9     1.0     8.6    87.7    44.9    77.3   0.303   0.296   0.309   0.418   0.515     9.7    10.7    10.5    12.5    12.6
53152 20200119  2.622 -119.88   34.41    19.0     4.4    11.7    11.5     0.0     6.30 C    20.3     2.2    10.0    84.9    31.4    68.2   0.297   0.294   0.308   0.422   0.508    10.1    10.8    10.6    12.4    12.6
53152 20200120  2.622 -119.88   34.41    16.7    10.2    13.4    13.0     0.2     6.10 C    24.6     8.4    12.7    92.9    58.1    77.4   0.293   0.292   0.307   0.418   0.513    11.5    11.8    11.3    12.5    12.5
53152 20200121  2.622 -119.88   34.41    16.1     8.8    12.4    12.5     0.0    12.47 C    20.6     5.9    12.3    95.1    72.8    85.3   0.291   0.291   0.307   0.416   0.512    12.2    12.6    12.0    12.7    12.6
53152 20200122  2.622 -119.88   34.41    20.9     8.6    14.8    13.6     0.0    13.38 C    23.6     5.5    12.3    92.9    53.6    77.8   0.287   0.288   0.306   0.415   0.512    11.8    12.3    11.8    12.9    12.7
53152 20200123  2.622 -119.88   34.41    17.5     7.0    12.3    12.3     0.0    13.22 C    22.2     4.9    11.9    95.1    75.2    88.1   0.282   0.285   0.303   0.417   0.509    11.8    12.4    11.9    13.0    12.8
53152 20200124  2.622 -119.88   34.41    20.0     8.5    14.3    14.4     0.0    12.40 C    24.6     5.9    13.3    92.6    28.4    72.3   0.278   0.283   0.300   0.413   0.516    12.1    12.6    12.0    13.1    12.9
53152 20200125  2.622 -119.88   34.41    18.1     9.9    14.0    13.7     0.0    13.16 C    23.9     7.5    13.4    96.9    35.3    80.8   0.275   0.279   0.298   0.408   0.513    12.5    12.9    12.3    13.2    13.0
53152 20200126  2.622 -119.88   34.41    18.4    11.3    14.9    14.2     0.0    12.51 C    23.4     7.1    14.3    96.1    64.6    83.3   0.273   0.277   0.296   0.408   0.514    13.1    13.4    12.7    13.4    13.0
53152 20200127  2.622 -119.88   34.41    22.4     9.5    15.9    16.4     0.0    12.99 C    27.9     6.0    13.8    87.3    24.3    50.7   0.268   0.273   0.294   0.411   0.512    12.6    13.2    12.7    13.5    13.2
53152 20200128  2.622 -119.88   34.41    22.5     7.0    14.7    15.3     0.0    14.21 C    26.0     2.6    13.0    67.4    21.1    46.5   0.261   0.267   0.290   0.407   0.515    12.0    12.7    12.4    13.5    13.3
53152 20200129  2.622 -119.88   34.41    21.6     8.1    14.8    15.0     0.0    13.84 C    24.4     3.8    12.8    70.4    19.5    45.2   0.254   0.262   0.286   0.399   0.510    11.9    12.7    12.3    13.5    13.3
53152 20200130  2.622 -119.88   34.41    19.2     7.1    13.1    12.7     0.0    10.96 C    25.0     3.9    11.6    81.9    44.7    65.5   0.248   0.256   0.282   0.400   0.503    11.6    12.4    12.1    13.4    13.3
53152 20200131  2.622 -119.88   34.41    21.9     8.2    15.0    14.5     0.0    14.25 C    25.8     5.6    13.5    83.4    34.9    65.0   0.247   0.252   0.278   0.400   0.502    12.2    12.8    12.3    13.4    13.3
53152 20200201  2.622 -119.88   34.41    20.2     7.5    13.9    13.1     0.0    15.23 C    25.4     4.6    12.6    96.7    42.2    78.3   0.241   0.246   0.275   0.397   0.506    12.2    12.8    12.4    13.4    13.3
53152 20200202  2.622 -119.88   34.41    20.7     9.5    15.1    13.2     0.2    12.43 C    24.6     7.7    13.6    97.9    24.6    74.0   0.233   0.243   0.272   0.398   0.508    12.7    13.2    12.7    13.5    13.3
53152 20200203  2.622 -119.88   34.41    16.5     5.7    11.1    11.0     0.0    14.87 C    20.1    -0.4     9.3    49.1    14.3    27.6   0.227   0.237   0.268   0.394   0.509    11.0    12.3    12.2    13.5    13.3
53152 20200204  2.622 -119.88   34.41    14.5     1.8     8.1     8.5     0.0    15.56 C    20.5    -2.3     7.3    70.1    23.1    42.6   0.221   0.230   0.263   0.389   0.502     9.6    11.0    11.2    13.2    13.3
53152 20200205  2.622 -119.88   34.41    15.0     1.2     8.1     8.4     0.0    13.99 C    21.2    -0.9     8.1    75.3    42.9    63.1   0.216   0.225   0.259   0.389   0.501     9.6    10.7    10.8    12.9    13.0
53152 20200206  2.622 -119.88   34.41    15.8     4.7    10.2    10.2     0.0    15.38 C    22.5     3.0    10.4    85.6    55.1    72.4   0.213   0.223   0.256   0.385   0.505 -9999.0 -9999.0 -9999.0 -9999.0 -9999.0
53152 20200207  2.622 -119.88   34.41    15.6     4.6    10.1    10.1     0.0    15.79 C    22.9     2.6    10.4    93.2    73.6    84.4   0.209   0.221   0.253   0.384   0.495    10.9    11.6    11.3    12.7    12.7
53152 20200208  2.622 -119.88   34.41    15.0     6.9    11.0    11.0     0.0    10.07 C    23.3     5.1    11.6    97.3    78.2    90.5   0.205   0.218   0.250   0.387   0.496    11.5    12.0    11.6    12.7    12.7
53152 20200209  2.622 -119.88   34.41    17.0     9.2    13.1    13.0     0.0    13.21 C    23.3     3.9    12.6    91.5    30.5    64.8   0.203   0.215   0.248   0.383   0.496    12.2    12.7    12.1    12.9    12.8
53152 20200210  2.622 -119.88   34.41    23.2     8.0    15.6    16.2     0.0    16.22 C    25.9     4.3    14.1    54.0     9.6    28.6   0.196   0.210   0.244   0.378   0.498    11.5    12.2    11.9    13.0    12.8
53152 20200211  2.622 -119.88   34.41    18.0     7.0    12.5    13.0     0.0    16.68 C    24.5     2.4    11.7    76.7    17.8    52.8   0.190   0.204   0.240   0.374   0.502    11.5    12.2    11.8    13.0    12.8
53152 20200212  2.622 -119.88   34.41    16.4     4.5    10.5    10.7     0.0    16.11 C    21.7     2.4    10.5    91.0    62.8    77.9   0.186   0.200   0.236   0.373   0.505    11.3    12.0    11.7    13.0    12.8
53152 20200213  2.622 -119.88   34.41    15.9     6.8    11.4    11.1     0.0    16.43 C    22.9     4.8    11.8    94.6    70.7    84.9   0.185   0.196   0.234   0.369   0.497    11.7    12.3    11.9    13.0    12.8
53152 20200214  2.622 -119.88   34.41    16.6     6.0    11.3    11.0     0.0    16.48 C    23.1     4.3    11.5    94.1    72.4    84.7   0.181   0.192   0.231   0.362   0.492    11.9    12.5    12.0    13.1    12.8
53152 20200215  2.622 -119.88   34.41    16.6     6.3    11.4    11.5     0.0    16.25 C    23.9     4.4    11.9    96.1    75.4    86.5   0.177   0.189   0.228   0.359   0.494    12.0    12.6    12.1    13.1    12.9
53152 20200216  2.622 -119.88   34.41    17.0     7.0    12.0    12.0     0.0    16.52 C    23.6     5.5    12.6    94.5    73.6    86.3   0.174   0.185   0.225   0.357   0.498    12.3    12.8    12.3    13.1    13.0
53152 20200217  2.622 -119.88   34.41    17.7     7.0    12.3    12.2     0.0    15.38 C    25.8     5.2    12.4    96.4    50.8    85.5   0.171   0.182   0.222   0.355   0.501    12.4    12.9    12.5    13.2    13.0
53152 20200218  2.622 -119.88   34.41    17.0     8.3    12.7    13.0     0.0    14.24 C    24.8     6.1    13.4    96.3    75.4    89.0   0.167   0.179   0.220   0.352   0.502    13.0    13.3    12.8    13.3    13.1
53152 20200219  2.622 -119.88   34.41    16.8     8.2    12.5    12.6     0.0    16.50 C    24.7     6.2    13.2    98.0    73.9    87.0   0.164   0.175   0.217   0.349   0.501    13.1    13.5    13.0    13.5    13.1
53152 20200220  2.622 -119.88   34.41    20.4     6.6    13.5    12.4     0.0    17.62 C    28.1     5.1    12.6    95.7    42.7    85.1   0.160   0.171   0.214   0.346   0.502    12.7    13.3    12.9    13.6    13.3
53152 20200221  2.622 -119.88   34.41    20.5     8.2    14.3    14.3     0.0    12.12 C    25.8     5.8    14.2    86.1    28.2    67.9   0.155   0.168   0.211   0.340   0.496    12.8    13.4    12.9    13.6    13.3
53152 20200222  2.622 -119.88   34.41    17.5     8.8    13.1    14.2     0.2    13.52 C    23.8     5.3    14.4    82.7    60.0    72.8   0.153   0.165   0.208   0.335   0.491    13.8    14.2    13.5    13.7    13.4
53152 20200223  2.622 -119.88   34.41    17.7     7.5    12.6    12.9     0.0    18.10 C    24.9     4.8    12.8    89.7    55.7    74.2   0.148   0.161   0.204   0.333   0.493    12.8    13.6    13.2    13.9    13.5
53152 20200224  2.622 -119.88   34.41    20.5     7.0    13.8    13.5     0.0    18.51 C    24.8     4.8    13.3    94.3    12.3    71.6   0.143   0.157   0.201   0.328   0.489    12.8    13.5    13.1    13.8    13.5
53152 20200225  2.622 -119.88   34.41    23.8     8.1    15.9    14.9     0.0    18.98 C    29.8     4.4    14.4    70.7    26.5    54.8   0.138   0.153   0.196   0.323   0.489    13.0    13.5    13.1    13.8    13.5
53152 20200226  2.622 -119.88   34.41    22.0     7.9    15.0    14.6     0.0    18.78 C    28.2     5.1    13.9    74.2    16.2    52.4   0.133   0.149   0.191   0.320   0.494    12.9    13.5    13.0    13.8    13.5
53152 20200227  2.622 -119.88   34.41    21.7     7.3    14.5    14.9     0.0    13.32 C    28.9     4.1    13.8    72.9    24.2    50.6   0.128   0.145   0.187   0.314   0.501    12.6    13.2    12.9    13.8    13.5
53152 20200228  2.622 -119.88   34.41    24.7    10.8    17.8    16.6     0.0    17.68 C    32.7     7.1    16.4    72.1    22.7    48.5   0.125   0.142   0.182   0.310   0.494    13.8    14.0    13.3    13.8    13.5
53152 20200229  2.622 -119.88   34.41    18.6     9.7    14.1    14.5     0.0    17.31 C    26.2     5.0    14.3    82.0    42.1    69.2   0.122   0.139   0.178   0.310   0.490    13.9    14.3    13.7    14.0    13.6
53152 20200301  2.622 -119.88   34.41    15.6     7.3    11.5    11.2     1.4    15.27 C    21.1     5.0    11.0    91.2    49.5    62.7   0.120   0.136   0.175   0.306   0.494    12.8    13.6    13.3    14.1    13.7
53152 20200302  2.622 -119.88   34.41    22.1     5.3    13.7    13.4     0.0    19.77 C    26.3     2.5    12.8    92.4    17.6    52.1   0.131   0.133   0.171   0.303   0.494    12.4    13.3    13.0    14.0    13.7
53152 20200303  2.622 -119.88   34.41    19.9     4.2    12.0    12.5     0.0    20.01 C    28.2     1.2    12.9    92.1    23.1    66.5   0.122   0.131   0.168   0.301   0.491    12.4    13.2    12.8    13.8    13.7
53152 20200304  2.622 -119.88   34.41    17.4     9.2    13.3    13.3     0.0    14.96 C    25.7     6.9    14.3    96.0    73.1    85.8   0.118   0.130   0.166   0.299   0.495    13.7    13.9    13.3    13.9    13.7
53152 20200305  2.622 -119.88   34.41    17.0    10.1    13.5    13.7     0.0    18.52 C    25.6     8.0    15.4    92.1    72.2    83.2   0.116   0.129   0.163   0.298   0.499    14.8    15.0    14.1    14.1    13.7
53152 20200306  2.622 -119.88   34.41    17.1     9.0    13.1    12.9     0.0    18.60 C    25.5     7.0    14.5    96.2    72.9    84.5   0.113   0.128   0.161   0.299   0.495    14.6    14.9    14.2    14.3    13.8
53152 20200307  2.622 -119.88   34.41    16.5     7.5    12.0    12.5     0.0    17.09 C    25.5     4.0    13.9    91.2    63.3    77.0   0.111   0.126   0.159   0.297   0.491    14.7    15.1    14.4    14.5    14.0
53152 20200308  2.622 -119.88   34.41    16.5     5.5    11.0    11.5     0.0    19.18 C    27.8     3.7    12.9    90.5    49.1    72.8   0.107   0.124   0.156   0.295   0.486    13.7    14.3    14.0    14.5    14.1
53152 20200309  2.622 -119.88   34.41    20.9     9.5    15.2    14.5     0.0    10.58 C    27.7     7.8    14.7    77.7    41.6    62.0   0.105   0.123   0.154   0.292   0.488    14.1    14.5    14.1    14.5    14.1
53152 20200310  2.622 -119.88   34.41    17.6    13.3    15.4    15.1    21.5     6.23 C    23.1    11.4    14.6    95.9    73.4    86.0   0.194   0.148   0.181   0.294   0.488    14.8    15.0    14.4    14.6    14.1
53152 20200311  2.622 -119.88   34.41    18.5    11.2    14.9    15.3    10.3    18.43 C    26.2     9.8    16.4    95.3    72.4    87.4   0.284   0.225   0.222   0.292   0.479    15.7    15.7    14.9    14.8    14.3
53152 20200312  2.622 -119.88   34.41    17.3    10.1    13.7    13.7     0.9     8.91 C    23.2     8.5    14.1    95.4    73.8    87.5   0.254   0.227   0.223   0.298   0.478    14.9    15.4    14.8    15.0    14.4
53152 20200313  2.622 -119.88   34.41    15.0    12.4    13.7    13.3     0.8     6.04 C    18.3    12.0    13.7    94.8    73.6    85.6   0.251   0.223   0.224   0.297   0.476    14.8    15.4    14.8    15.0    14.6
53152 20200314  2.622 -119.88   34.41    15.7    11.7    13.7    13.0     3.7     8.85 C    22.9    10.8    13.2    88.6    74.1    81.8   0.257   0.223   0.225   0.297   0.478    14.8    15.3    14.8    15.1    14.6
53152 20200315  2.622 -119.88   34.41    16.3    10.4    13.3    12.6     3.7    11.40 C    24.5     9.5    13.0    91.9    66.2    81.8   0.285   0.230   0.227   0.297   0.480    14.8    15.3    14.8    15.1    14.7
53152 20200316  2.622 -119.88   34.41    13.9     4.5     9.2    10.6    29.5     6.88 C    16.7     2.8     9.9    92.1    69.6    84.2   0.348   0.288   0.278   0.297   0.489    13.5    14.6    14.4    15.1    14.7
53152 20200317  2.622 -119.88   34.41    14.3     4.8     9.5     9.5     4.9    20.57 C    21.8     3.0    10.2    91.9    53.8    74.7   0.348   0.309   0.307   0.296   0.488    12.7    13.7    13.6    14.8    14.7
53152 20200318  2.622 -119.88   34.41    17.8     3.4    10.6    11.2     0.0    22.75 C    23.2     1.0    11.4    88.6    39.7    64.0   0.329   0.304   0.304   0.297   0.481    12.4    13.4    13.3    14.6    14.4
53152 20200319  2.622 -119.88   34.41    15.8     5.0    10.4    11.3     0.0    17.46 C    24.1     2.3    11.8    85.7    51.4    70.6   0.313   0.298   0.301   0.292   0.484    12.7    13.6    13.3    14.4    14.3
53152 20200320  2.622 -119.88   34.41    16.1     8.9    12.5    12.4     3.9    12.00 C    20.4     6.8    12.7    93.6    65.1    81.2   0.326   0.300   0.301   0.292   0.481    13.5    14.0    13.6    14.4    14.3
53152 20200321  2.622 -119.88   34.41    16.6     7.9    12.3    12.9     0.0    22.00 C    26.3     5.7    14.2    95.6    60.9    80.0   0.321   0.298   0.301   0.291   0.483    14.3    14.6    14.0    14.5    14.2
53152 20200322  2.622 -119.88   34.41    17.8     9.5    13.6    13.7    14.7    10.74 C    23.7     7.9    13.8    94.3    62.1    82.4   0.334   0.305   0.303   0.298   0.483    14.2    14.7    14.2    14.6    14.3
53152 20200323  2.622 -119.88   34.41    17.2     8.4    12.8    13.2     1.0    20.62 C    23.0     6.4    13.6    95.8    69.4    82.2   0.364   0.333   0.322   0.297   0.482    14.5    14.9    14.3    14.7    14.3
53152 20200324  2.622 -119.88   34.41    16.2     8.3    12.2    12.6     0.0    21.41 C    21.0     5.8    12.8    92.1    56.6    73.9   0.347   0.320   0.318   0.297   0.483    14.2    14.8    14.1    14.8    14.4
53152 20200325  2.622 -119.88   34.41    16.3     7.1    11.7    11.9     0.0    20.73 C    23.5     5.1    12.3    84.1    51.2    67.1   0.336   0.312   0.312   0.297   0.479    13.9    14.6    14.1    14.8    14.4
53152 20200326  2.622 -119.88   34.41    14.7     7.3    11.0    11.2     0.0    23.90 C    20.1     5.1    11.5    70.4    42.9    57.5   0.324   0.305   0.304   0.297   0.473    13.3    14.3    13.7    14.7    14.4
53152 20200327  2.622 -119.88   34.41    17.9     5.1    11.5    11.8     0.0    23.76 C    22.5     3.0    11.7    76.3    40.3    59.3   0.313   0.296   0.297   0.298   0.473    13.3    14.0    13.4    14.5    14.3
53152 20200328  2.622 -119.88   34.41    16.2     5.4    10.8    11.6     0.2    21.73 C    23.6     2.9    12.5    80.9    55.7    72.2   0.299   0.288   0.291   0.298   0.485    13.5    14.1    13.4    14.4    14.3
53152 20200329  2.622 -119.88   34.41    17.5     6.8    12.2    13.1     0.0    23.29 C    23.1     4.3    13.2    88.1    52.9    72.7   0.291   0.280   0.285   0.299   0.480    14.1    14.5    13.8    14.5    14.3
53152 20200330  2.622 -119.88   34.41    17.5     6.3    11.9    12.5     0.0    23.95 C    26.0     3.5    13.6    89.4    67.1    80.6   0.281   0.271   0.279   0.298   0.476    14.3    14.7    13.9    14.5    14.3
53152 20200331  2.622 -119.88   34.41    19.9     7.7    13.8    13.5     0.0    22.23 C    27.3     5.6    14.7    92.2    46.9    80.7   0.275   0.263   0.272   0.297   0.471    14.8    15.1    14.3    14.7    14.3
53152 20200401  2.622 -119.88   34.41    18.5     9.6    14.0    14.4     0.0    23.92 C    26.6     6.3    15.5    90.6    61.1    79.7   0.265   0.255   0.266   0.295   0.473    15.3    15.5    14.7    14.8    14.4
53152 20200402  2.622 -119.88   34.41    18.9     8.0    13.5    13.4     0.0    24.50 C    25.8     4.3    14.5    85.9    40.4    69.3   0.254   0.246   0.259   0.297   0.474    15.3    15.7    14.9    15.0    14.5
53152 20200403  2.622 -119.88   34.41    19.5     5.5    12.5    12.8     0.0    24.54 C    27.1     3.3    13.6    83.6    47.5    68.9   0.242   0.236   0.251   0.301   0.482    14.8    15.3    14.7    15.1    14.7
53152 20200404  2.622 -119.88   34.41    16.8     6.9    11.9    12.6     0.0    23.38 C    25.3     5.0    13.8    88.0    65.3    76.3   0.230   0.228   0.245   0.302   0.479    15.0    15.4    14.7    15.1    14.7
53152 20200405  2.622 -119.88   34.41    14.1     9.6    11.8    12.5    33.4     8.19 C    17.3     7.3    12.7    93.5    80.5    88.6   0.258   0.237   0.245   0.300   0.478    14.7    15.3    14.8    15.3    14.7
53152 20200406  2.622 -119.88   34.41    16.1     7.6    11.8    12.4     3.2    22.52 C    24.0     6.0    13.8    93.2    64.2    80.4   0.359   0.322   0.302   0.296   0.478    15.3    15.5    14.8    15.2    14.7
53152 20200407  2.622 -119.88   34.41    15.9     5.4    10.7    10.4     6.9    15.59 C    24.9     4.0    11.1    90.5    55.7    78.0   0.354   0.314   0.308   0.295   0.477    14.4    15.1    14.6    15.3    14.9
53152 20200408  2.622 -119.88   34.41    15.2     7.3    11.2    11.7     0.8    19.93 C    23.8     5.4    13.2    92.3    62.3    77.9   0.364   0.326   0.316   0.294   0.484    15.0    15.3    14.5    15.2    14.8
53152 20200409  2.622 -119.88   34.41    12.2     8.5    10.3    10.7    14.6     5.21 C    12.7     6.7    10.1    91.3    77.2    85.9   0.376   0.336   0.322   0.377   0.512    13.9    14.8    14.5    15.2    14.8
53152 20200410  2.622 -119.88   34.41    15.8     6.6    11.2    11.8     0.0    20.92 C    24.2     5.5    12.8    94.8    68.1    82.2   0.375   0.341   0.327   0.443   0.522    14.2    14.7    14.3    15.1    14.7
53152 20200411  2.622 -119.88   34.41    19.2    10.3    14.7    14.9     0.0    25.32 C    28.3     7.8    16.2    88.2    62.6    76.7   0.368   0.334   0.328   0.445   0.532    15.5    15.6    14.8    15.1    14.7
53152 20200412  2.622 -119.88   34.41    15.9    12.9    14.4    14.1     0.0     8.34 C    21.1    11.7    15.0    91.2    79.0    84.3   0.358   0.327   0.326   0.449   0.536    15.7    16.0    15.3    15.4    14.8
53152 20200413  2.622 -119.88   34.41    18.0     9.7    13.8    14.2     0.0    22.91 C    28.0     8.0    16.0    91.4    69.4    80.1   0.349   0.322   0.322   0.450   0.536    16.6    16.5    15.5    15.5    14.9
53152 20200414  2.622 -119.88   34.41    18.5     8.0    13.2    13.7     0.0    25.82 C    28.1     6.9    15.7    95.7    74.2    87.4   0.338   0.316   0.319   0.453   0.543    16.6    16.6    15.7    15.7    15.1
53152 20200415  2.622 -119.88   34.41    20.0     9.2    14.6    15.1     0.0    26.21 C    30.2     7.5    17.0    94.6    56.7    81.4   0.328   0.307   0.314   0.450   0.544    17.1    17.0    16.1    15.9    15.2
53152 20200416  2.622 -119.88   34.41    17.9    11.3    14.6    14.5     0.0    23.56 C    27.9     8.5    16.5    93.7    74.3    84.9   0.318   0.300   0.309   0.444   0.544    17.2    17.2    16.3    16.2    15.4
53152 20200417  2.622 -119.88   34.41    18.6    12.2    15.4    15.3     0.0    21.14 C    28.6     9.8    17.3    88.6    56.9    76.5   0.310   0.292   0.302   0.443   0.542    17.8    17.7    16.7    16.3    15.6
53152 20200418  2.622 -119.88   34.41    16.9    10.9    13.9    14.7     0.0    12.20 C    22.9     8.0    15.4    86.7    64.4    75.1   0.298   0.284   0.295   0.437   0.540    17.2    17.5    16.7    16.6    15.8
53152 20200419  2.622 -119.88   34.41    18.0     8.2    13.1    13.6     0.0    23.14 C    29.0     6.6    15.3    90.7    65.0    79.0   0.290   0.276   0.289   0.434   0.541    17.0    17.2    16.4    16.6    16.0
53152 20200420  2.622 -119.88   34.41    18.6     9.1    13.8    14.5     0.2    24.37 C    28.3     6.8    16.1    90.4    62.9    75.7   0.280   0.268   0.282   0.432   0.542    17.3    17.4    16.5    16.6    16.0
53152 20200421  2.622 -119.88   34.41    23.0     9.9    16.4    17.3     0.0    26.69 C    31.0     7.6    18.2    82.4    38.4    61.2   0.267   0.257   0.274   0.430   0.545    17.7    17.8    16.8    16.7    16.0
53152 20200422  2.622 -119.88   34.41    30.1    11.7    20.9    18.6     0.0    26.41 C    30.6     9.4    20.0    88.6    23.0    64.5   0.254   0.246   0.265   0.423   0.537    18.4    18.3    17.2    16.8    16.1
53152 20200423  2.622 -119.88   34.41    32.0    16.5    24.2    24.3     0.0    26.59 C    32.8    13.5    24.5    66.7    23.0    43.0   0.235   0.234   0.254   0.420   0.540    19.6    19.2    18.0    17.1    16.3
53152 20200424  2.622 -119.88   34.41    26.8    13.8    20.3    20.9     0.0    26.74 C    35.2    11.2    22.8    90.2    20.9    57.8   0.211   0.221   0.243   0.417   0.542    20.0    19.9    18.7    17.5    16.6
53152 20200425  2.622 -119.88   34.41    22.6    13.0    17.8    17.1     0.0    27.10 C    33.3    10.8    19.5    91.4    60.9    81.6   0.195   0.210   0.235   0.417   0.542    19.5    19.6    18.5    17.8    16.8
53152 20200426  2.622 -119.88   34.41    20.9    12.1    16.5    16.8     0.0    25.84 C    31.5     9.9    19.4    94.5    67.9    82.2   0.177   0.202   0.228   0.414   0.543    19.4    19.5    18.5    17.9    17.0
53152 20200427  2.622 -119.88   34.41    21.0    12.7    16.9    16.7     0.0    26.88 C    32.1    10.2    19.0    94.6    66.2    81.4   0.168   0.195   0.222   0.409   0.543    19.3    19.5    18.6    18.1    17.2
53152 20200428  2.622 -119.88   34.41    20.1    11.5    15.8    16.1     0.0    26.80 C    31.1     9.1    18.8    93.5    72.1    83.3   0.160   0.188   0.215   0.406   0.543    19.2    19.4    18.5    18.1    17.3
53152 20200429  2.622 -119.88   34.41    16.9    14.4    15.7    15.2     0.0     9.53 C    22.9    14.5    16.9    96.8    84.1    93.2   0.154   0.172   0.211   0.403   0.543    18.6    19.1    18.5    18.2    17.3
53152 20200430  2.622 -119.88   34.41    23.4    14.1    18.8    16.0     0.3    19.39 C    27.8    12.1    18.3    97.3    30.3    85.9   0.151   0.165   0.207   0.398   0.545    18.8    19.0    18.4    18.1    17.4
53152 20200501  2.622 -119.88   34.41    25.3    13.1    19.2    19.6     0.0    27.58 C    32.5    10.8    20.8    88.4    26.0    55.1   0.145   0.170   0.200   0.394   0.542    19.3    19.4    18.5    18.1    17.5
53152 20200502  2.622 -119.88   34.41    25.6    11.8    18.7    18.7     0.0    27.69 C    34.7     9.0    20.1    87.9    30.9    59.8   0.138   0.165   0.191   0.386   0.529    19.6    19.7    18.7    18.3    17.5
53152 20200503  2.622 -119.88   34.41    23.8    11.4    17.6    17.4     0.0    27.35 C    33.2     8.6    19.0    92.2    48.5    72.2   0.132   0.163   0.185   0.380   0.536    19.6    19.7    18.8    18.3    17.7
53152 20200504  2.622 -119.88   34.41    24.2    11.7    17.9    17.3     0.0    28.50 C    34.8     7.6    18.8    91.2    39.1    71.2   0.126   0.158   0.179   0.375   0.537    19.5    19.6    18.9    18.4    17.7
53152 20200505  2.622 -119.88   34.41    24.6     9.4    17.0    17.0     0.0    28.34 C    34.8     5.8    18.9    90.2    33.6    72.5   0.121   0.154   0.175   0.374   0.536    19.2    19.4    18.7    18.4    17.8
53152 20200506  2.622 -119.88   34.41    23.4    11.2    17.3    17.8     0.3    26.02 C    33.6     8.0    19.1    91.4    46.8    70.9   0.117   0.150   0.170   0.369   0.531    19.6    19.7    18.9    18.4    17.9
53152 20200507  2.622 -119.88   34.41    23.1    10.6    16.9    16.9     0.0    27.62 C    34.0     7.6    19.2    91.2    46.1    76.1   0.113   0.147   0.167   0.363   0.528    19.6    19.7    18.8    18.4    17.9
53152 20200508  2.622 -119.88   34.41    21.9    11.9    16.9    15.8     0.0    26.44 C    32.7     8.8    18.9    97.4    69.1    87.3   0.109   0.145   0.164   0.363   0.525    20.2    20.0    19.1    18.5    18.0
53152 20200509  2.622 -119.88   34.41    17.4    12.7    15.1    14.5     0.4    13.05 C    28.0    13.1    17.0    97.4    76.8    91.3   0.105   0.143   0.163   0.358   0.529    19.6    19.8    19.0    18.7    18.0
53152 20200510  2.622 -119.88   34.41    16.8    12.1    14.5    14.1     0.6    11.43 C    23.7    12.3    16.0    97.6    79.0    89.5   0.103   0.141   0.162   0.360   0.521    18.9    19.2    18.7    18.6    18.0
53152 20200511  2.622 -119.88   34.41    18.0    10.9    14.4    14.8     0.9    24.09 C    29.9     7.7    17.4    96.0    68.8    83.1   0.102   0.139   0.161   0.356   0.520    19.6    19.6    18.7    18.4    18.0
53152 20200512  2.622 -119.88   34.41    19.6    10.1    14.9    15.4     0.0    25.35 C    31.5     7.3    17.4    89.1    55.3    74.5   0.100   0.138   0.158   0.354   0.513    19.6    19.7    18.8    18.5    18.0
53152 20200513  2.622 -119.88   34.41    22.3     8.7    15.5    16.7     0.0    27.76 C    32.4     5.6    18.1    85.4    41.3    63.1   0.096   0.135   0.155   0.351   0.510    19.5    19.6    18.8    18.5    18.0
53152 20200514  2.622 -119.88   34.41    25.7    13.0    19.4    18.7     0.0    27.46 C    31.0     9.7    20.3    74.7    34.7    59.6   0.094   0.134   0.154   0.346   0.510    20.3    20.2    19.2    18.6    18.0
53152 20200515  2.622 -119.88   34.41    26.5    11.7    19.1    18.5     0.4    27.76 C    31.4     8.8    19.7    78.1    34.8    60.7   0.091   0.132   0.151   0.345   0.508    20.6    20.5    19.5    18.8    18.2
53152 20200516  2.622 -119.88   34.41    23.7    12.0    17.9    17.3     0.0    27.07 C    34.3     8.5    19.7    89.8    37.7    70.0   0.088   0.130   0.150   0.340   0.504    20.5    20.5    19.6    18.9    18.3
53152 20200517  2.622 -119.88   34.41    20.5    10.6    15.5    16.0     0.0    23.96 C    32.3     6.7    18.7    96.6    65.5    82.2   0.086   0.129   0.149   0.341   0.501    20.5    20.5    19.6    19.0    18.4
53152 20200518  2.622 -119.88   34.41    19.9    10.9    15.4    16.2     0.8    25.23 C    30.2     6.8    18.1    97.3    61.6    81.9   0.086   0.128   0.148   0.339   0.498    21.0    21.0    20.0    19.2    18.6
53152 20200519  2.622 -119.88   34.41    20.0    11.3    15.6    15.8     0.0    28.68 C    25.6     6.5    16.9    72.0    46.3    62.5   0.083   0.126   0.147   0.333   0.499    19.7    20.1    19.4    19.2    18.7
53152 20200520  2.622 -119.88   34.41    24.2     9.0    16.6    16.4     0.0    28.67 C    31.1     5.6    18.4    87.8    40.8    64.9   0.081   0.125   0.146   0.334   0.492    20.0    20.2    19.6    19.1    18.5
53152 20200521  2.622 -119.88   34.41    20.1     9.0    14.6    15.4     0.0    28.83 C    32.0     5.5    18.1    90.9    58.1    76.9   0.079   0.123   0.144   0.333   0.487    20.2    20.4    19.7    19.1    18.5
53152 20200522  2.622 -119.88   34.41    20.2    11.4    15.8    15.8     0.0    28.34 C    30.0     7.7    18.6    92.5    53.7    77.5   0.078   0.123   0.144   0.330   0.486    20.6    20.7    20.0    19.2    18.5
53152 20200523  2.622 -119.88   34.41    19.4    10.2    14.8    15.1     0.0    26.70 C    30.6     7.3    17.8    90.7    62.9    78.4   0.077   0.122   0.143   0.330   0.482    20.4    20.6    20.0    19.3    18.6
53152 20200524  2.622 -119.88   34.41    19.2    10.3    14.7    14.9     0.0    27.66 C    30.0     6.5    17.7    92.8    68.3    83.5   0.076   0.121   0.142   0.330   0.478    20.5    20.7    20.1    19.3    18.6
53152 20200525  2.622 -119.88   34.41    19.2    12.0    15.6    15.4     1.0    25.95 C    31.1     9.3    18.2    96.3    73.9    87.6   0.075   0.120   0.142   0.329   0.474    21.0    20.9    20.3    19.4    18.7
53152 20200526  2.622 -119.88   34.41    18.4    13.8    16.1    15.2     0.3    20.02 C    30.9    13.5    18.5    97.7    78.1    91.7   0.074   0.119   0.141   0.328   0.469    20.9    21.0    20.5    19.6    18.8
53152 20200527  2.622 -119.88   34.41    17.8    13.4    15.6    14.8     2.1    17.83 C    30.4    13.5    18.2    97.7    79.1    91.7   0.074   0.118   0.140   0.329   0.473    20.8    21.0    20.5    19.7    18.9
53152 20200528  2.622 -119.88   34.41    19.6    13.3    16.5    15.3     0.5    21.85 C    30.9    13.8    18.8    97.8    69.6    88.5   0.074   0.118   0.140   0.326   0.471    21.1    21.2    20.6    19.7    19.0
53152 20200529  2.622 -119.88   34.41    18.4    13.1    15.8    15.4     0.4    10.65 C    25.1     9.7    17.0    96.3    74.5    88.8   0.072   0.116   0.140   0.324   0.472    20.2    20.8    20.5    19.8    19.1
53152 20200530  2.622 -119.88   34.41    22.0    11.7    16.9    16.8     0.0    24.50 C    34.2     9.0    19.5    95.0    63.5    81.6   0.072   0.116   0.139   0.322   0.473    20.9    20.9    20.2    19.7    19.1
53152 20200531  2.622 -119.88   34.41    21.0    11.6    16.3    16.1     0.4    16.86 C    32.5     8.5    18.1    95.8    58.0    82.7   0.071   0.115   0.139   0.323   0.466    20.4    20.7    20.2    19.7    19.1
53152 20200601  2.622 -119.88   34.41    24.4    12.3    18.4    17.7     0.0    22.14 C    34.8     9.8    19.9    92.7    37.2    75.3   0.070   0.115   0.138   0.323   0.466    21.0    20.9    20.3    19.7    19.1
53152 20200602  2.622 -119.88   34.41    19.7    12.5    16.1    16.3     0.0    23.46 C    31.9     9.3    19.0    93.7    70.1    82.8   0.070   0.114   0.138   0.321   0.466    21.0    21.1    20.4    19.8    19.1
53152 20200603  2.622 -119.88   34.41    21.6    12.2    16.9    17.1     0.0    26.79 C    33.3     9.8    20.6    96.1    64.3    83.1   0.069   0.111   0.138   0.322   0.468    21.5    21.5    20.6    19.9    19.2
53152 20200604  2.622 -119.88   34.41    21.1    16.2    18.6    18.0     0.0    17.76 C    29.7    15.9    20.0    91.8    72.1    84.4   0.069   0.106   0.138   0.320   0.467    21.5    21.6    21.0    20.1    19.2
53152 20200605  2.622 -119.88   34.41    20.4    13.4    16.9    17.2     1.3     7.22 C    24.7    10.3    17.7    96.2    62.6    83.0   0.068   0.106   0.136   0.316   0.467    20.4    21.0    20.6    20.1    19.3
53152 20200606  2.622 -119.88   34.41    22.5    13.1    17.8    18.0     0.0    29.31 C    33.3     9.4    19.9    86.7    48.4    64.9   0.068   0.104   0.136   0.318   0.467    20.9    21.1    20.3    20.0    19.3
53152 20200607  2.622 -119.88   34.41    27.4    12.8    20.1    18.7     0.0    30.31 C    38.2     8.6    20.3    65.8    17.2    45.1   0.067   0.105   0.137   0.315   0.467    21.5    21.6    20.8    20.1    19.4
53152 20200608  2.622 -119.88   34.41    25.1    14.3    19.7    19.5     0.0    30.19 C    34.8     8.3    20.6    59.9    21.4    39.8   0.065   0.104   0.137   0.316   0.467    21.8    21.9    21.1    20.2    19.5
53152 20200609  2.622 -119.88   34.41    27.0    10.5    18.7    19.5     0.0    30.27 C    37.3     6.1    21.3    77.2    16.4    51.5   0.064   0.104   0.137   0.315   0.467    22.5    22.3    21.4    20.3    19.5
53152 20200610  2.622 -119.88   34.41    27.9    12.9    20.4    19.3     0.0    29.93 C    37.7     9.1    22.1    90.3    21.2    68.1   0.063   0.104   0.136   0.314   0.466    23.2    22.9    21.9    20.5    19.6
53152 20200611  2.622 -119.88   34.41    24.7    13.7    19.2    17.9     0.0    29.40 C    36.6    12.0    21.9    97.2    47.5    81.3   0.062   0.104   0.136   0.315   0.466    23.5    23.2    22.2    20.7    19.7
53152 20200612  2.622 -119.88   34.41    23.0    14.2    18.6    17.7     0.0    23.63 C    31.0     9.5    20.4    96.6    34.4    70.3   0.061   0.102   0.136   0.315   0.469    22.9    23.1    22.4    21.0    19.9
53152 20200613  2.622 -119.88   34.41    23.6    13.4    18.5    19.2     0.0    29.09 C    34.2     9.5    20.9    75.1    32.4    53.5   0.060   0.102   0.135   0.315   0.467    22.6    22.7    22.2    21.1    20.0
53152 20200614  2.622 -119.88   34.41    22.1    12.5    17.3    18.1     0.0    29.12 C    33.3     9.4    20.6    88.2    35.6    66.6   0.059   0.101   0.136   0.313   0.464    23.1    23.0    22.3    21.1    20.1
53152 20200615  2.622 -119.88   34.41    21.5    11.5    16.5    17.0     0.0    28.48 C    34.5     8.1    20.3    89.0    62.8    79.3   0.058   0.100   0.135   0.313   0.466    22.8    22.9    22.2    21.1    20.2
53152 20200616  2.622 -119.88   34.41    21.1    13.2    17.1    17.4     0.0    17.23 C    31.4    10.0    19.6    90.3    57.3    77.5   0.056   0.099   0.135   0.313   0.467    22.5    22.8    22.2    21.2    20.3
53152 20200617  2.622 -119.88   34.41    21.9    12.9    17.4    17.1     0.0    25.92 C    35.0     9.4    19.8    93.0    63.4    80.1   0.057   0.099   0.135   0.313   0.467    22.8    22.8    22.1    21.2    20.4
53152 20200618  2.622 -119.88   34.41    19.9    11.8    15.8    16.3     0.2    12.08 C    26.5     9.1    17.9    95.1    76.0    84.9   0.055   0.098   0.134   0.313   0.466    21.5    22.1    21.7    21.2    20.6
53152 20200619  2.622 -119.88   34.41    20.2    12.9    16.6    16.6     0.3    17.66 C    30.2    10.0    18.9    92.9    69.0    83.1   0.055   0.097   0.133   0.314   0.466    22.0    22.1    21.5    21.1    20.7
53152 20200620  2.622 -119.88   34.41    20.3    13.0    16.7    16.0     0.2    15.63 C    28.8     9.9    18.2    93.6    69.4    84.5   0.054   0.096   0.133   0.316   0.466    21.4    21.8    21.3    21.0    20.7
53152 20200621  2.622 -119.88   34.41    19.5    14.4    17.0    16.3     0.4    16.96 C    28.1    11.3    18.8    93.2    72.5    84.8   0.055   0.096   0.133   0.314   0.466    21.7    21.9    21.3    21.0    20.6
53152 20200622  2.622 -119.88   34.41    20.1    14.7    17.4    16.7     0.0    14.27 C    29.1    12.4    18.6    93.6    72.1    85.3   0.053   0.095   0.133   0.310   0.466    21.3    21.7    21.2    20.9    20.5
53152 20200623  2.622 -119.88   34.41    20.8    14.7    17.7    16.9     0.0    22.05 C    32.2    12.5    19.9    93.8    68.0    83.9   0.054   0.095   0.133   0.306   0.465    22.0    22.1    21.3    20.9    20.3
53152 20200624  2.622 -119.88   34.41    20.2    14.8    17.5    16.5     0.8    17.43 C    31.2    15.0    19.5    95.1    70.2    85.8   0.053   0.095   0.133   0.306   0.465    22.1    22.3    21.7    21.0    20.3
53152 20200625  2.622 -119.88   34.41    21.8    14.5    18.2    17.1     0.6    23.13 C    33.8    14.7    20.6    96.2    66.0    85.0   0.054   0.095   0.133   0.307   0.466    22.8    22.7    21.9    21.1    20.4
53152 20200626  2.622 -119.88   34.41    19.9    14.5    17.2    16.2     0.4    18.20 C    31.9    14.7    19.0    95.8    72.7    87.3   0.053   0.095   0.133   0.310   0.465    22.4    22.6    22.1    21.2    20.4
53152 20200627  2.622 -119.88   34.41    19.8    14.3    17.0    16.3     0.0    19.58 C    31.2    14.7    19.6    95.8    72.2    86.8   0.053   0.094   0.132   0.310   0.467    22.4    22.6    22.0    21.3    20.5
53152 20200628  2.622 -119.88   34.41    21.2    12.4    16.8    17.1     0.7    21.62 C    31.9     9.5    19.6    96.0    67.0    82.9   0.053   0.094   0.132   0.310   0.472    22.8    22.9    22.2    21.3    20.8
53152 20200629  2.622 -119.88   34.41    21.1    13.3    17.2    17.3     0.0    28.70 C    33.3    10.8    20.4    90.9    58.1    73.8   0.052   0.094   0.132   0.311   0.468    23.2    23.1    22.3    21.4    20.9
53152 20200630  2.622 -119.88   34.41    20.8    10.6    15.7    16.1     0.0    28.22 C    31.6     7.8    19.0    94.1    64.4    81.9   0.051   0.093   0.132   0.312   0.474    22.9    23.1    22.4    21.5    21.0
53152 20200701  2.622 -119.88   34.41    20.0    12.1    16.0    16.5     0.3    16.16 C    28.1     9.2    18.6    92.8    71.1    82.1   0.051   0.093   0.132   0.310   0.471    22.4    22.8    22.3    21.6    21.1
53152 20200702  2.622 -119.88   34.41    20.2    11.5    15.8    16.1     0.0    23.71 C    32.2     8.7    18.7    93.7    68.4    83.1   0.050   0.092   0.132   0.309   0.470    22.5    22.7    22.1    21.5    21.1
53152 20200703  2.622 -119.88   34.41    20.8    11.7    16.2    16.3     0.0    28.35 C    31.6     8.6    19.0    93.9    65.5    82.5   0.049   0.092   0.132   0.306   0.468    22.8    23.0    22.4    21.5    21.1
53152 20200704  2.622 -119.88   34.41    20.9    12.1    16.5    16.5     0.0    28.05 C    33.6     9.4    19.9    94.2    70.8    84.9   0.049   0.092   0.132   0.306   0.469    23.0    23.1    22.5    21.6    20.9
53152 20200705  2.622 -119.88   34.41    23.0    12.5    17.7    18.2     0.0    29.13 C    34.9     9.7    21.4    94.6    61.1    79.4   0.049   0.092   0.132   0.306   0.468    23.4    23.4    22.7    21.7    20.8
53152 20200706  2.622 -119.88   34.41    24.2    13.4    18.8    19.1     0.0    29.19 C    35.4    10.1    22.0    92.0    53.9    74.9   0.048   0.092   0.132   0.311   0.466    23.9    23.8    23.0    21.8    20.9
53152 20200707  2.622 -119.88   34.41    23.5    12.9    18.2    18.6     0.0    29.30 C    35.5     9.5    21.4    90.4    55.1    74.6   0.048   0.091   0.132   0.315   0.465    23.9    23.9    23.2    21.9    21.0
53152 20200708  2.622 -119.88   34.41    22.0    14.4    18.2    17.8     0.4    28.96 C    33.3    11.4    21.1    90.8    60.2    79.0   0.047   0.091   0.132   0.313   0.466    24.0    24.2    23.1    22.1    21.1
53152 20200709  2.622 -119.88   34.41    19.7    13.9    16.8    16.4     0.2    20.34 C    30.5    10.8    19.1    94.8    71.4    84.9   0.046   0.090   0.131   0.313   0.475    23.0    23.6    22.9    22.2    21.4
53152 20200710  2.622 -119.88   34.41    21.1    13.9    17.5    17.0     0.0    22.71 C    32.6    10.9    19.9    95.0    71.0    86.1   0.046   0.089   0.131   0.313   0.477    23.2    23.4    22.7    22.1    21.6
53152 20200711  2.622 -119.88   34.41    20.6    14.4    17.5    17.0     0.6    25.35 C    31.1    12.9    20.4    97.4    73.0    86.6   0.046   0.089   0.131   0.313   0.473    23.7    23.7    22.9    22.1    21.3
53152 20200712  2.622 -119.88   34.41    23.2    14.8    19.0    18.6     0.0    28.06 C    34.5    13.5    22.2    92.3    64.8    79.6   0.046   0.089   0.131   0.313   0.472    24.3    24.2    23.1    22.2    21.4
53152 20200713  2.622 -119.88   34.41    21.6    12.4    17.0    17.7     0.4    28.02 C    34.1    10.3    21.3    95.5    64.9    81.4   0.046   0.089   0.131   0.312   0.474    24.2    24.4    23.4    22.4    21.5
53152 20200714  2.622 -119.88   34.41    21.2    14.6    17.9    17.3     0.0    22.60 C    33.0    11.3    20.1    89.8    65.7    81.2   0.045   0.088   0.131   0.308   0.473    23.9    24.3    23.4    22.5    21.7
53152 20200715  2.622 -119.88   34.41    20.4    12.6    16.5    16.6     0.2    19.58 C    30.8    10.0    19.0    91.8    67.3    81.1   0.044   0.088   0.131   0.308   0.470    23.0    23.6    23.0    22.5    21.6
53152 20200716  2.622 -119.88   34.41    21.4    11.7    16.5    16.5     0.0    21.49 C    32.8     9.2    19.2    92.6    58.9    79.4   0.043   0.087   0.130   0.309   0.472    22.7    23.3    22.7    22.4    21.6
53152 20200717  2.622 -119.88   34.41    22.2    13.3    17.7    17.4     0.0    24.09 C    33.4    10.1    20.2    88.8    58.9    77.7   0.044   0.087   0.131   0.312   0.473    23.7    23.9    23.0    22.4    21.6
53152 20200718  2.622 -119.88   34.41    21.0    11.5    16.3    16.6     0.0    27.38 C    31.0     9.2    18.9    92.7    65.3    80.9   0.043   0.087   0.130   0.310   0.472    23.3    23.7    23.0    22.4    21.6
53152 20200719  2.622 -119.88   34.41    21.3    12.7    17.0    16.9     0.0    24.42 C    32.9    10.4    19.5    95.2    67.5    83.3   0.043   0.087   0.130   0.311   0.469    23.4    23.8    23.0    22.4    21.6
53152 20200720  2.622 -119.88   34.41    22.1    12.8    17.4    17.6     0.0    26.20 C    33.7    10.1    20.7    93.1    60.8    80.7   0.043   0.086   0.130   0.311   0.467    23.6    23.9    23.1    22.5    21.6
53152 20200721  2.622 -119.88   34.41    22.4    12.3    17.3    17.2     0.0    27.15 C    35.6    10.1    20.3    93.7    62.4    82.2   0.043   0.086   0.130   0.309   0.472    23.8    24.0    23.1    22.5    22.0
53152 20200722  2.622 -119.88   34.41    20.7    14.4    17.5    16.5     0.2    18.41 C    31.4    11.3    19.0    91.8    66.1    83.0   0.042   0.086   0.130   0.308   0.473    23.1    23.7    23.1    22.5    21.7
53152 20200723  2.622 -119.88   34.41    20.3    12.6    16.4    16.3     0.0    12.36 C    28.1     9.9    17.8    91.7    70.5    83.2   0.041   0.084   0.129   0.309   0.472    22.0    22.8    22.6    22.5    21.8
53152 20200724  2.622 -119.88   34.41    21.4    11.5    16.5    16.6     0.0    24.37 C    33.3     8.9    19.5    94.6    64.2    82.3   0.042   0.084   0.128   0.313   0.465    22.5    22.9    22.3    22.3    21.7
53152 20200725  2.622 -119.88   34.41    20.7    12.9    16.8    16.6     0.5    20.95 C    32.3    10.6    18.9    93.9    69.0    83.8   0.042   0.085   0.129   0.314   0.470    22.8    23.3    22.6    22.3    21.6
53152 20200726  2.622 -119.88   34.41    20.1    13.4    16.7    16.2     0.3    22.51 C    29.8    10.2    18.7    95.6    69.4    85.8   0.042   0.084   0.129   0.314   0.471    22.7    23.2    22.6    22.3    21.6
53152 20200727  2.622 -119.88   34.41    20.4    14.4    17.4    16.3     0.0    21.70 C    30.6    12.1    19.1    94.9    68.8    84.5   0.042   0.084   0.129   0.314   0.470    22.6    23.2    22.6    22.3    21.6
53152 20200728  2.622 -119.88   34.41    20.4    11.9    16.2    16.3     0.0    25.06 C    33.5     9.5    19.5    94.8    68.0    83.3   0.042   0.084   0.129   0.314   0.466    23.0    23.4    22.6    22.3    21.6
53152 20200729  2.622 -119.88   34.41    20.1    13.8    17.0    16.3     0.0    21.18 C    29.3    10.7    19.0    94.5    69.4    85.1   0.042   0.084   0.129   0.314   0.460    22.9    23.4    22.8    22.4    21.6
53152 20200730  2.622 -119.88   34.41    21.3    13.6    17.4    16.5     0.2    24.22 C    32.6    10.4    20.0    96.8    66.5    85.6   0.042   0.084   0.129   0.314   0.458    23.2    23.5    22.8    22.4    21.6
53152 20200731  2.622 -119.88   34.41    22.5    11.5    17.0    17.0     0.0    28.21 C    35.1     8.9    20.2    96.1    64.4    81.9   0.041   0.083   0.129   0.314   0.461    23.1    23.5    22.6    22.4    21.7
53152 20200801  2.622 -119.88   34.41    21.9    12.3    17.1    17.5     0.0    28.40 C    34.6     9.8    20.3    93.9    58.9    80.0   0.041   0.084   0.129   0.313   0.468    23.5    23.8    22.9    22.4    21.9
53152 20200802  2.622 -119.88   34.41    22.1    12.0    17.0    17.0     0.0    27.36 C    34.0     9.3    20.3    95.7    56.1    82.7   0.041   0.083   0.129   0.311   0.468    23.3    23.8    22.9    22.5    22.1
53152 20200803  2.622 -119.88   34.41    19.3    13.6    16.4    16.6     0.0    23.65 C    31.9    10.9    20.1    95.8    76.7    87.3   0.041   0.083   0.129   0.310   0.470    23.5    23.8    23.0    22.6    22.1
53152 20200804  2.622 -119.88   34.41    20.3    13.5    16.9    17.1     0.0    21.64 C    32.9    10.5    20.0    95.6    70.5    84.5   0.041   0.083   0.129   0.309   0.470    23.2    23.6    22.9    22.6    22.1
53152 20200805  2.622 -119.88   34.41    21.1    11.9    16.5    16.8     0.0    25.96 C    32.3     9.8    19.6    96.2    65.6    83.0   0.040   0.082   0.129   0.309   0.467    23.1    23.5    22.8    22.6    22.1
53152 20200806  2.622 -119.88   34.41    22.6    12.1    17.3    16.7     0.0    18.04 C    33.3     9.2    18.0    93.2    60.4    82.2   0.040   0.082   0.128   0.309   0.465    22.3    23.2    22.6    22.6    22.0
53152 20200807  2.622 -119.88   34.41    22.6    12.3    17.5    17.3     0.0    26.62 C    35.2     9.6    20.5    93.2    58.8    79.8   0.040   0.082   0.128   0.310   0.467    23.1    23.3    22.5    22.5    21.9
53152 20200808  2.622 -119.88   34.41    20.1    13.1    16.6    16.6     0.0    25.66 C    31.0     9.9    19.2    94.3    66.1    81.7   0.041   0.082   0.129   0.309   0.468    23.5    23.8    22.9    22.5    21.9
53152 20200809  2.622 -119.88   34.41    19.7    11.9    15.8    15.7     0.2    22.57 C    31.2     8.8    18.4    96.2    67.5    84.5   0.039   0.081   0.128   0.309   0.466    22.9    23.5    22.8    22.6    21.8
53152 20200810  2.622 -119.88   34.41    18.9    11.8    15.3    14.9     0.4    19.26 C    28.7     8.8    17.3    97.5    71.4    88.2   0.039   0.081   0.128   0.309   0.463    22.4    23.2    22.6    22.6    22.0
53152 20200811  2.622 -119.88   34.41    20.1    11.3    15.7    15.3     0.0    21.15 C    30.5     8.7    17.9    96.9    69.4    87.4   0.038   0.080   0.127   0.311   0.463    22.0    22.8    22.3    22.5    22.0
53152 20200812  2.622 -119.88   34.41    20.6    11.2    15.9    15.6     0.0    24.00 C    31.1     8.1    18.5    97.1    70.1    87.3   0.039   0.080   0.127   0.313   0.465    22.2    22.8    22.2    22.4    21.9
53152 20200813  2.622 -119.88   34.41    24.5    14.7    19.6    18.2     0.4    20.26 C    33.7    14.5    21.1    96.6    45.9    79.7   0.040   0.081   0.128   0.313   0.466    23.2    23.4    22.5    22.4    21.9
53152 20200814  2.622 -119.88   34.41    27.7    15.3    21.5    20.9     0.0    25.88 C    36.6    13.8    23.4    91.9    40.4    73.4   0.041   0.082   0.128   0.314   0.465    24.7    24.2    23.0    22.5    21.9
53152 20200815  2.622 -119.88   34.41    25.7    16.0    20.8    20.2     0.0    23.35 C    38.2    14.0    23.6    93.1    56.4    77.6   0.041   0.081   0.129   0.309   0.463    24.8    24.6    23.5    22.8    22.1
53152 20200816  2.622 -119.88   34.41    28.0    18.0    23.0    21.9     0.0    23.43 C    39.6    16.0    25.0    91.4    56.1    76.8   0.042   0.082   0.129   0.309   0.459    25.9    25.3    24.0    23.0    22.2
53152 20200817  2.622 -119.88   34.41    24.6    16.0    20.3    20.0     0.0    22.34 C    36.5    14.8    22.9    95.1    67.8    82.5   0.042   0.082   0.129   0.316   0.462    25.4    25.2    24.2    23.2    22.2
53152 20200818  2.622 -119.88   34.41    26.1    17.7    21.9    21.0     0.0    23.61 C    37.5    16.4    24.1    90.1    64.3    79.2   0.042   0.082   0.129   0.316   0.471    25.9    25.5    24.4    23.3    22.4
53152 20200819  2.622 -119.88   34.41    28.7    16.6    22.6    21.6     0.0    22.62 C    38.7    14.9    24.4    88.4    50.2    76.1   0.043   0.082   0.129   0.314   0.470    26.3    25.9    24.7    23.6    22.6
53152 20200820  2.622 -119.88   34.41    25.2    15.8    20.5    20.7     0.0    20.99 C    35.0    14.4    23.1    92.2    63.5    79.6   0.041   0.081   0.129   0.311   0.463    25.4    25.4    24.6    23.6    22.6
53152 20200821  2.622 -119.88   34.41    23.8    16.9    20.4    19.7     0.0    21.27 C    34.3    15.1    22.6    94.8    67.3    83.0   0.041   0.081   0.129   0.311   0.466    25.4    25.3    24.6    23.8    22.8
53152 20200822  2.622 -119.88   34.41    29.2    17.3    23.3    21.7     0.0    19.67 C    40.1    15.3    24.0    95.8    49.8    80.7   0.041   0.081   0.129   0.311   0.467    25.8    25.5    24.6    23.8    22.8
53152 20200823  2.622 -119.88   34.41    24.7    18.4    21.5    20.9     0.5    12.22 C    31.6    16.1    22.2    96.7    73.1    88.9   0.041   0.081   0.129   0.311   0.472    24.9    25.1    24.4    23.8    22.9
53152 20200824  2.622 -119.88   34.41    23.5    18.6    21.1    20.1     0.0    16.04 C    32.4    16.0    22.1    95.8    73.0    88.0   0.041   0.081   0.129   0.312   0.473    24.7    24.9    24.2    23.8    22.9
53152 20200825  2.622 -119.88   34.41    24.7    16.7    20.7    20.3     0.0    23.61 C    36.5    14.7    23.4    96.6    67.7    84.4   0.042   0.081   0.129   0.312   0.473    25.4    25.2    24.3    23.7    23.0
53152 20200826  2.622 -119.88   34.41    24.1    17.0    20.5    19.9     0.0    20.23 C    35.7    14.3    22.6    96.3    63.2    83.8   0.042   0.081   0.129   0.312   0.473    25.3    25.2    24.6    23.8    23.1
53152 20200827  2.622 -119.88   34.41    25.9    15.1    20.5    19.9     0.0    24.82 C    38.2    12.3    22.6    93.9    51.8    78.0   0.041   0.080   0.128   0.311   0.473    25.0    25.1    24.4    23.9    23.2
53152 20200828  2.622 -119.88   34.41    20.8    12.4    16.6    17.0     0.0    19.79 C    30.8    10.3    19.0    95.2    67.5    84.0   0.040   0.080   0.128   0.311   0.473    23.7    24.4    24.1    23.9    23.2
53152 20200829  2.622 -119.88   34.41    21.3    14.8    18.1    17.1     0.4    21.91 C    31.9    14.2    20.1    92.3    60.2    80.9   0.040   0.080   0.128   0.312   0.473    24.1    24.5    24.0    23.7    23.0
53152 20200830  2.622 -119.88   34.41    21.8    14.8    18.3    17.3     0.0    20.20 C    32.6    11.7    20.0    91.3    60.6    80.4   0.040   0.079   0.128   0.312   0.473    24.1    24.5    24.0    23.7    23.0
53152 20200831  2.622 -119.88   34.41    22.1    15.5    18.8    17.6     0.0    19.12 C    33.1    15.1    20.4    90.0    61.8    80.1   0.040   0.079   0.128   0.312   0.473    24.0    24.4    23.9    23.7    23.0
53152 20200901  2.622 -119.88   34.41    22.4    13.3    17.8    17.6     0.3    15.82 C    32.7    10.9    19.5    88.9    63.8    79.3   0.040   0.079   0.128   0.312   0.472    23.6    24.2    23.7    23.6    23.0
53152 20200902  2.622 -119.88   34.41    22.2    11.3    16.8    17.6     0.0    22.91 C    32.7     9.9    20.0    94.2    63.6    79.9   0.040   0.079   0.127   0.313   0.471    23.5    23.9    23.4    23.5    22.8
53152 20200903  2.622 -119.88   34.41    23.3    15.0    19.1    19.0     0.0    22.85 C    32.7    12.0    21.5    89.2    62.8    79.3   0.041   0.079   0.128   0.314   0.470    24.2    24.4    23.7    23.4    23.0
53152 20200904  2.622 -119.88   34.41    23.2    15.4    19.3    19.2     0.0    22.94 C    33.5    12.8    21.9    89.3    64.7    79.5   0.042   0.079   0.128   0.313   0.468    24.6    24.6    23.8    23.5    23.0
53152 20200905  2.622 -119.88   34.41    24.5    14.2    19.3    19.6     0.0    22.43 C    34.9    12.5    22.2    95.6    66.1    81.3   0.043   0.079   0.128   0.312   0.471    24.6    24.7    23.9    23.6    22.8
53152 20200906  2.622 -119.88   34.41    27.3    16.4    21.9    21.8     0.0    22.90 C    38.3    14.4    24.6    91.6    60.9    76.6   0.043   0.079   0.128   0.312   0.474    25.6    25.2    24.2    23.6    22.9
53152 20200907  2.622 -119.88   34.41    26.7    16.5    21.6    21.5     0.0    17.58 C    38.0    15.0    23.8    97.0    60.7    81.9   0.046   0.080   0.129   0.312   0.473    25.7    25.5    24.4    23.8    23.2
53152 20200908  2.622 -119.88   34.41    22.3    16.7    19.5    19.6     0.9     7.33 C    26.4    14.4    20.6    97.1    80.2    91.0   0.049   0.078   0.128   0.310   0.473    24.5    24.9    24.3    23.9    23.3
53152 20200909  2.622 -119.88   34.41    19.6    15.6    17.6    17.4     0.3    10.88 C    26.2    14.2    18.7    97.8    81.6    93.4   0.052   0.077   0.127   0.312   0.473    23.0    23.9    23.4    23.8    23.3
53152 20200910  2.622 -119.88   34.41    18.0    12.6    15.3    15.6     0.5     5.94 C    20.8    10.2    15.8    97.9    84.0    94.1   0.060   0.077   0.126   0.313   0.473    21.8    23.0    22.7    23.6    23.2
53152 20200911  2.622 -119.88   34.41    20.9    12.2    16.6    16.2     0.0    14.73 C    29.0     9.9    17.5    97.6    76.8    90.6   0.026   0.077   0.126   0.310   0.472    21.7    22.5    22.1    23.2    22.9
53152 20200912  2.622 -119.88   34.41    19.7    13.1    16.4    16.0     0.3    11.83 C    25.6    10.6    17.1    97.7    76.1    90.6   0.027   0.077   0.125   0.308   0.466    21.3    22.3    21.9    23.0    22.7
53152 20200913  2.622 -119.88   34.41    21.1    13.3    17.2    16.9     0.0    18.33 C    29.9    10.5    18.7    97.1    71.1    87.2   0.027   0.077   0.125   0.310   0.462    22.0    22.5    22.0    22.8    22.6
53152 20200914  2.622 -119.88   34.41    22.1    12.4    17.3    16.9     0.3    19.85 C    31.6     9.7    18.4    97.1    64.5    86.4   0.035   0.076   0.126   0.309   0.464    22.1    22.6    22.0    22.7    22.5
53152 20200915  2.622 -119.88   34.41    22.2    11.2    16.7    16.3     0.2    17.89 C    29.7     9.4    17.6    97.2    69.0    88.8   0.027   0.076   0.126   0.307   0.469    21.6    22.4    21.9    22.7    22.4
53152 20200916  2.622 -119.88   34.41    22.0    12.4    17.2    16.3     0.0    19.57 C    30.3     9.6    18.2    98.0    72.3    90.1   0.027   0.076   0.126   0.307   0.473    21.8    22.4    21.9    22.6    22.4
53152 20200917  2.622 -119.88   34.41    22.7     9.8    16.2    17.2     0.0    19.59 C    33.2     7.7    19.2    97.8    68.1    86.5   0.036   0.076   0.126   0.307   0.471    22.0    22.4    21.8    22.5    22.3
53152 20200918  2.622 -119.88   34.41    27.8    15.1    21.5    21.5     0.0    19.35 C    39.1    13.7    23.4    89.7    32.0    65.4   0.039   0.077   0.126   0.307   0.471    23.4    23.3    22.4    22.5    22.2
53152 20200919  2.622 -119.88   34.41    25.4    12.1    18.8    18.8     0.0    21.74 C    34.7     9.5    20.5    94.6    51.0    78.3   0.039   0.077   0.126   0.306   0.472    23.3    23.4    22.5    22.7    22.2
53152 20200920  2.622 -119.88   34.41    19.0    14.3    16.7    15.9     0.2    11.56 C    26.9    13.0    17.9    97.4    80.0    91.3   0.038   0.076   0.126   0.307   0.473    22.2    22.8    22.2    22.7    22.3
53152 20200921  2.622 -119.88   34.41    19.7    13.8    16.7    15.7     0.5    14.58 C    30.8    14.0    18.1    97.4    69.1    88.5   0.038   0.076   0.126   0.306   0.473    22.1    22.6    22.0    22.7    22.3
53152 20200922  2.622 -119.88   34.41    20.7    14.6    17.6    16.7     0.5    18.50 C    30.9    15.0    19.4    96.8    68.4    86.1   0.039   0.076   0.126   0.307   0.472    22.8    23.0    22.2    22.6    22.2
53152 20200923  2.622 -119.88   34.41    19.7    13.6    16.7    15.9     0.0    14.32 C    29.3    10.8    17.8    97.8    75.6    91.5   0.039   0.076   0.126   0.307   0.472    22.4    22.9    22.3    22.6    22.1
53152 20200924  2.622 -119.88   34.41    22.6    10.0    16.3    16.8     0.0    21.07 C    34.6     8.1    18.8    95.0    66.5    83.1   0.039   0.075   0.125   0.308   0.472    22.0    22.5    21.8    22.5    22.1
53152 20200925  2.622 -119.88   34.41    22.2    11.4    16.8    16.8     0.0    19.26 C    33.0     9.3    18.5    96.4    70.7    86.1   0.039   0.075   0.125   0.310   0.474    22.0    22.4    21.7    22.4    22.1
53152 20200926  2.622 -119.88   34.41    22.5    11.5    17.0    16.9     0.0    16.76 C    33.7    10.3    18.3    96.1    68.3    86.9   0.039   0.075   0.125   0.311   0.469    21.8    22.3    21.7    22.4    22.0
53152 20200927  2.622 -119.88   34.41    23.5    13.0    18.2    18.9     0.3    13.94 C    32.6    11.6    20.6    95.0    70.9    85.1   0.040   0.075   0.125   0.312   0.466    22.4    22.6    21.8    22.4    21.9
53152 20200928  2.622 -119.88   34.41    21.7    16.7    19.2    18.4     0.9     7.55 C    29.5    17.0    19.9    96.3    78.5    90.8   0.041   0.076   0.126   0.312   0.465    22.5    22.8    22.0    22.4    21.9
53152 20200929  2.622 -119.88   34.41    21.9    14.5    18.2    17.4     0.8    16.42 C    31.1    12.2    19.3    97.6    72.2    89.5   0.042   0.076   0.126   0.312   0.467    22.6    22.9    22.1    22.4    22.0
53152 20200930  2.622 -119.88   34.41    25.6    13.8    19.7    18.9     0.5    19.99 C    35.5    12.1    20.6    95.3    58.3    83.1   0.043   0.075   0.125   0.312   0.469    22.5    22.7    22.0    22.4    21.9
53152 20201001  2.622 -119.88   34.41    30.7    13.9    22.3    21.4     0.2    18.96 C    40.3    12.0    22.7    93.8    28.9    74.6   0.044   0.076   0.126   0.313   0.468    23.3    23.2    22.1    22.4    21.9
53152 20201002  2.622 -119.88   34.41    28.6    15.0    21.8    20.8     0.0    18.56 C    37.6    13.0    22.2    92.5    44.8    77.7   0.045   0.076   0.126   0.311   0.469    23.7    23.5    22.4    22.6    21.9
53152 20201003  2.622 -119.88   34.41    25.3    14.5    19.9    19.9     0.0    18.66 C    36.1    12.5    21.1    97.5    61.9    82.0   0.045   0.076   0.126   0.308   0.468    23.4    23.4    22.3    22.6    22.1
53152 20201004  2.622 -119.88   34.41    21.4    15.4    18.4    18.0     0.6    14.70 C    30.4    12.5    20.2    97.9    77.3    92.2   0.046   0.076   0.126   0.308   0.465    23.2    23.4    22.3    22.7    22.1
53152 20201005  2.622 -119.88   34.41    21.3    15.2    18.2    17.1     0.8    16.03 C    31.5    14.5    19.3    97.9    73.3    90.3   0.048   0.076   0.126   0.308   0.464    23.1    23.3    22.4    22.7    22.1
53152 20201006  2.622 -119.88   34.41    22.3    12.7    17.5    17.5     0.0    16.84 C    31.1    10.2    19.0    97.7    70.7    87.8   0.050   0.076   0.126   0.308   0.464    23.0    23.2    22.4    22.7    22.2
53152 20201007  2.622 -119.88   34.41    20.9    12.7    16.8    17.2     0.0    15.92 C    31.1    10.2    18.8    96.9    71.8    87.6   0.053   0.075   0.125   0.309   0.464    22.1    22.6    21.9    22.6    22.1
53152 20201008  2.622 -119.88   34.41    21.9    13.0    17.5    17.7     0.0    11.05 C    29.7    11.0    18.5    88.7    64.5    78.7   0.040   0.075   0.126   0.311   0.467    22.0    22.5    21.8    22.5    22.1
53152 20201009  2.622 -119.88   34.41    22.3    11.1    16.7    16.9     0.0    15.04 C    31.2     9.6    18.0    91.6    63.2    79.8   0.027   0.074   0.125   0.311   0.470    21.4    21.9    21.4    22.4    22.1
53152 20201010  2.622 -119.88   34.41    22.2    11.6    16.9    17.7     0.0    14.60 C    32.2    10.8    18.9    93.5    63.0    81.5   0.030   0.074   0.125   0.304   0.471    21.5    22.0    21.3    22.3    21.9
53152 20201011  2.622 -119.88   34.41    23.2    12.1    17.6    17.7     0.4    17.95 C    32.1    10.9    19.1    95.1    67.0    84.2   0.029   0.075   0.125   0.303   0.464    21.8    22.1    21.3    22.1    21.9
53152 20201012  2.622 -119.88   34.41    24.9    11.5    18.2    18.2     0.3    18.13 C    32.6    10.1    19.2    95.9    48.0    83.1   0.028   0.074   0.125   0.303   0.458    21.7    22.0    21.2    22.0    21.8
53152 20201013  2.622 -119.88   34.41    27.0    11.9    19.5    19.3     0.0    18.23 C    36.8    10.5    20.4    94.6    41.1    75.7   0.028   0.074   0.125   0.304   0.458    22.1    22.3    21.3    22.0    21.8
53152 20201014  2.622 -119.88   34.41    28.7    10.1    19.4    19.1     0.0    18.20 C    37.9     8.6    19.9    89.4    34.2    69.3   0.028   0.074   0.125   0.304   0.458    21.9    22.1    21.1    22.0    21.8
53152 20201015  2.622 -119.88   34.41    26.0    12.0    19.0    19.1     0.0    18.12 C    34.3    10.0    19.7    90.6    42.0    74.1   0.029   0.074   0.125   0.305   0.458    22.1    22.1    21.1    22.0    21.5
53152 20201016  2.622 -119.88   34.41    27.6    12.2    19.9    19.2     0.0    16.77 C    36.1    10.2    19.8    88.9    40.3    73.7   0.029   0.074   0.125   0.305   0.457    21.9    22.1    21.2    22.0    21.5
53152 20201017  2.622 -119.88   34.41    26.2    12.2    19.2    18.6     0.0    16.14 C    33.0    10.0    19.1    95.7    52.1    75.0   0.033   0.074   0.125   0.305   0.457    21.6    22.0    21.0    22.0    21.6
53152 20201018  2.622 -119.88   34.41    21.4    11.8    16.6    16.9     0.3    11.00 C    31.2    10.4    17.5    96.2    73.2    89.7   0.038   0.073   0.124   0.305   0.458    20.7    21.4    20.7    21.9    21.6
53152 20201019  2.622 -119.88   34.41    20.8    11.6    16.2    17.0     0.0    10.26 C    29.9    10.1    18.2    97.9    73.2    88.6   0.039   0.073   0.124   0.306   0.459    20.7    21.2    20.6    21.8    21.6
53152 20201020  2.622 -119.88   34.41    18.9    15.9    17.4    16.7     0.0     3.93 C    22.8    16.0    17.8    92.7    80.1    89.0   0.039   0.073   0.125   0.308   0.462    20.7    21.3    20.6    21.7    21.4
