04237 20200101  2.623 -123.81   47.51     9.4     3.6     6.5     7.7    25.2     0.69 C    10.1     2.2     7.6    96.5    90.3    95.7   0.300   0.215 -99.000 -99.000 -99.000     7.4     7.2 -9999.0 -9999.0 -9999.0
04237 20200102  2.623 -123.81   47.51     5.0     3.2     4.1     4.0    31.3     0.37 C     5.4     2.3     4.1    97.2    91.3    95.3   0.290   0.204 -99.000 -99.000 -99.000     6.0     6.1 -9999.0 -9999.0 -9999.0
04237 20200103  2.623 -123.81   47.51     9.0     5.0     7.0     7.2    67.6     0.18 C     8.5     5.2     7.0    97.0    93.2    96.4   0.307   0.216 -99.000 -99.000 -99.000     6.1     6.0 -9999.0 -9999.0 -9999.0
04237 20200104  2.623 -123.81   47.51     6.7     2.0     4.3     4.1    26.0     1.13 C     8.0     1.0     4.2    97.4    93.8    96.0   0.299   0.212 -99.000 -99.000 -99.000     5.8     5.8 -9999.0 -9999.0 -9999.0
04237 20200105  2.623 -123.81   47.51     6.0     2.6     4.3     3.8    35.0     1.67 C     9.1     2.8     4.3    96.7    92.8    95.6   0.300   0.213 -99.000 -99.000 -99.000     5.3     5.4 -9999.0 -9999.0 -9999.0
04237 20200106  2.623 -123.81   47.51     9.6     1.7     5.7     5.5 -9999.0     0.06 C     9.3     2.0     5.5    97.0    93.4    95.8   0.361   0.246 -99.000 -99.000 -99.000     5.2     5.1 -9999.0 -9999.0 -9999.0
04237 20200107  2.623 -123.81   47.51     9.8     4.7     7.3     8.5 -9999.0     0.01 C     9.5     4.4     8.5    96.6    92.0    96.2   0.329   0.233 -99.000 -99.000 -99.000     8.5     8.2 -9999.0 -9999.0 -9999.0
04237 20200108  2.623 -123.81   47.51     5.0    -0.8     2.1     2.6     4.8     1.62 C     7.8    -2.4     3.0    97.7    91.4    95.9   0.289   0.199 -99.000 -99.000 -99.000     6.3     6.4 -9999.0 -9999.0 -9999.0
04237 20200109  2.623 -123.81   47.51     4.2    -0.9     1.6     1.8     1.5     2.47 C     8.3    -2.9     2.1    97.5    89.0    95.8   0.276   0.188 -99.000 -99.000 -99.000     4.7     4.9 -9999.0 -9999.0 -9999.0
04237 20200110  2.623 -123.81   47.51     4.6     0.9     2.8     3.0    66.8     0.48 C     5.7     1.0     3.1    96.9    90.8    95.7   0.319   0.218 -99.000 -99.000 -99.000     4.4     4.5 -9999.0 -9999.0 -9999.0
04237 20200111  2.623 -123.81   47.51     5.9     0.0     3.0     3.4    31.6     1.30 C     7.0     0.1     3.6    97.4    69.7    94.0   0.309   0.216 -99.000 -99.000 -99.000     4.4     4.5 -9999.0 -9999.0 -9999.0
04237 20200112  2.623 -123.81   47.51     2.7    -0.7     1.0     0.6    37.2     0.79 C     1.9    -2.0     0.2    97.7    88.4    95.5   0.319   0.221 -99.000 -99.000 -99.000     2.9     3.2 -9999.0 -9999.0 -9999.0
04237 20200113  2.623 -123.81   47.51     0.5    -0.7    -0.1    -0.2     2.7     0.95 C     0.5    -1.9    -0.6    97.8    94.9    97.0   0.280   0.189 -99.000 -99.000 -99.000     2.8     3.0 -9999.0 -9999.0 -9999.0
04237 20200114  2.623 -123.81   47.51     0.0    -2.3    -1.2    -0.8    20.3     0.11 C    -0.2    -7.8    -1.6    97.8    85.8    95.0   0.274   0.185 -99.000 -99.000 -99.000     2.7     2.9 -9999.0 -9999.0 -9999.0
04237 20200115  2.623 -123.81   47.51     4.9    -0.4     2.3     1.0    16.7     0.25 C     0.3    -2.0    -0.5    97.4    76.4    93.1   0.288   0.194 -99.000 -99.000 -99.000     2.4     2.6 -9999.0 -9999.0 -9999.0
04237 20200116  2.623 -123.81   47.51     2.8    -1.1     0.9     0.5     7.6     3.40 C     1.3    -6.2    -0.9    97.6    90.8    96.6   0.292   0.202 -99.000 -99.000 -99.000     2.1     2.3 -9999.0 -9999.0 -9999.0
04237 20200117  2.623 -123.81   47.51     2.1    -1.9     0.1    -0.2     6.4     1.47 C     0.3    -8.3    -2.5    97.5    82.1    94.5   0.273   0.186 -99.000 -99.000 -99.000     2.2     2.3 -9999.0 -9999.0 -9999.0
04237 20200118  2.623 -123.81   47.51     4.0     0.6     2.3     2.5    26.2     0.50 C     1.3     0.1     0.7    97.4    92.5    96.1   0.311   0.216 -99.000 -99.000 -99.000     1.8     1.9 -9999.0 -9999.0 -9999.0
04237 20200119  2.623 -123.81   47.51     5.8     2.1     4.0     3.6     7.4     0.31 C     4.3     1.0     2.4    97.5    95.7    96.9   0.301   0.209 -99.000 -99.000 -99.000     1.8     1.9 -9999.0 -9999.0 -9999.0
04237 20200120  2.623 -123.81   47.51     6.7     3.7     5.2     5.3    10.4     0.39 C     7.2     3.4     5.1    97.3    89.5    96.3   0.292   0.202 -99.000 -99.000 -99.000     3.1     2.9 -9999.0 -9999.0 -9999.0
04237 20200121  2.623 -123.81   47.51     7.0     4.6     5.8     5.7    59.7     0.27 C     6.5     4.8     5.5    96.7    91.8    95.5   0.324   0.225 -99.000 -99.000 -99.000     4.1     4.0 -9999.0 -9999.0 -9999.0
04237 20200122  2.623 -123.81   47.51     6.8     4.6     5.7     5.6    68.7     0.02 C     6.4     4.3     5.3    96.9    90.1    94.5   0.321   0.222 -99.000 -99.000 -99.000     4.4     4.3 -9999.0 -9999.0 -9999.0
04237 20200123  2.623 -123.81   47.51     8.6     6.6     7.6     7.7   191.7     0.10 C     9.0     6.4     7.8    96.9    96.2    96.6   0.361   0.246 -99.000 -99.000 -99.000     6.7     6.4 -9999.0 -9999.0 -9999.0
04237 20200124  2.623 -123.81   47.51     9.2     6.5     7.8     8.0    38.0     1.51 C    11.4     6.5     8.3    96.9    93.1    95.8   0.319   0.224 -99.000 -99.000 -99.000     7.1     6.9 -9999.0 -9999.0 -9999.0
04237 20200125  2.623 -123.81   47.51    10.2     6.1     8.1     7.5     7.9     2.56 C    12.6     5.8     7.7    96.2    80.8    93.1   0.292   0.200 -99.000 -99.000 -99.000     7.0     6.8 -9999.0 -9999.0 -9999.0
04237 20200126  2.623 -123.81   47.51     8.8     4.5     6.6     7.0    47.8     0.99 C    11.0     4.7     7.2    96.4    86.2    94.8   0.320   0.222 -99.000 -99.000 -99.000     6.9     6.8 -9999.0 -9999.0 -9999.0
04237 20200127  2.623 -123.81   47.51     6.9     4.5     5.7     5.5    27.2     1.50 C     8.8     4.5     5.6    96.7    84.9    92.5   0.308   0.213 -99.000 -99.000 -99.000     6.2     6.1 -9999.0 -9999.0 -9999.0
04237 20200128  2.623 -123.81   47.51    10.6     5.3     7.9     6.9    20.5     5.15 C    13.8     4.7     7.4    96.6    75.4    93.1   0.302   0.208 -99.000 -99.000 -99.000     6.5     6.4 -9999.0 -9999.0 -9999.0
04237 20200129  2.623 -123.81   47.51     7.6     1.3     4.4     5.3    46.4     1.38 C     9.8    -0.3     5.0    97.0    90.5    95.4   0.309   0.211 -99.000 -99.000 -99.000     6.2     6.2 -9999.0 -9999.0 -9999.0
04237 20200130  2.623 -123.81   47.51     7.6     0.9     4.2     4.3    56.7     2.26 C     9.7    -0.5     3.9    97.2    78.0    94.7   0.305   0.203 -99.000 -99.000 -99.000     4.9     5.0 -9999.0 -9999.0 -9999.0
04237 20200131  2.623 -123.81   47.51    10.5     6.2     8.3     8.6   153.1     0.03 C     9.9     6.3     8.4    97.1    95.9    96.4   0.347   0.243 -99.000 -99.000 -99.000     6.8     6.5 -9999.0 -9999.0 -9999.0
04237 20200201  2.623 -123.81   47.51    10.2     0.2     5.2     5.6    60.6     2.37 C    10.2     0.0     6.3    97.5    85.2    94.9   0.316   0.219 -99.000 -99.000 -99.000     8.0     7.9 -9999.0 -9999.0 -9999.0
04237 20200202  2.623 -123.81   47.51     5.6    -0.6     2.5     1.1     6.4     5.61 C    10.9    -2.1     1.5    97.8    65.2    94.7   0.287   0.194 -99.000 -99.000 -99.000     5.4     5.6 -9999.0 -9999.0 -9999.0
04237 20200203  2.623 -123.81   47.51     4.3    -1.4     1.4     0.3     0.0     6.33 C    10.2    -3.7     0.0    97.9    87.5    96.1   0.283   0.194 -99.000 -99.000 -99.000     4.6     4.8 -9999.0 -9999.0 -9999.0
04237 20200204  2.623 -123.81   47.51     3.0    -1.6     0.7     0.6    32.1     0.40 C     2.6    -3.5     0.0    97.2    93.1    96.0   0.298   0.202 -99.000 -99.000 -99.000     3.0     3.4 -9999.0 -9999.0 -9999.0
04237 20200205  2.623 -123.81   47.51     7.6     2.8     5.2     5.5    29.0     1.44 C     8.8     2.6     5.8    97.1    95.2    96.5   0.316   0.220 -99.000 -99.000 -99.000     4.2     4.1 -9999.0 -9999.0 -9999.0
04237 20200206  2.623 -123.81   47.51     8.7     6.6     7.6     7.5    57.0     0.48 C     8.8     6.4     7.5    97.0    95.3    96.6   0.326   0.228 -99.000 -99.000 -99.000     6.0     5.7 -9999.0 -9999.0 -9999.0
04237 20200207  2.623 -123.81   47.51     9.3     5.6     7.4     7.5    41.5     1.10 C    10.5     5.4     7.7    97.0    95.2    96.5   0.318   0.221 -99.000 -99.000 -99.000     6.8     6.6 -9999.0 -9999.0 -9999.0
04237 20200208  2.623 -123.81   47.51     8.8     0.8     4.8     5.1     8.6     4.90 C    14.7    -0.9     5.4    97.5    75.9    94.1   0.293   0.204 -99.000 -99.000 -99.000     6.4     6.3 -9999.0 -9999.0 -9999.0
04237 20200209  2.623 -123.81   47.51     8.4    -0.3     4.1     3.2     0.0     7.78 C    15.3    -2.3     3.2    97.7    69.3    92.8   0.265   0.177 -99.000 -99.000 -99.000     5.1     5.2 -9999.0 -9999.0 -9999.0
04237 20200210  2.623 -123.81   47.51     9.1    -0.6     4.3     3.8     0.0     5.95 C    12.9    -2.0     3.9    97.7    67.6    92.5   0.258   0.172 -99.000 -99.000 -99.000     5.1     5.2 -9999.0 -9999.0 -9999.0
04237 20200211  2.623 -123.81   47.51     8.0     1.8     4.9     4.9     0.6     3.41 C    12.3     0.3     5.7    97.2    87.4    95.4   0.255   0.168 -99.000 -99.000 -99.000     5.6     5.5 -9999.0 -9999.0 -9999.0
04237 20200212  2.623 -123.81   47.51     8.6     1.8     5.2     5.0     0.0     5.81 C    15.3     0.5     5.6    97.5    81.4    93.7   0.255   0.169 -99.000 -99.000 -99.000     5.9     5.8 -9999.0 -9999.0 -9999.0
04237 20200213  2.623 -123.81   47.51     6.8     2.6     4.7     4.6    10.6     2.57 C    10.1     0.8     5.1    97.1    90.3    95.7   0.276   0.185 -99.000 -99.000 -99.000     5.9     5.8 -9999.0 -9999.0 -9999.0
04237 20200214  2.623 -123.81   47.51     6.5     2.2     4.4     4.4     9.9     4.12 C    12.2     0.8     5.4    97.3    85.6    95.3   0.291   0.201 -99.000 -99.000 -99.000     5.9     5.8 -9999.0 -9999.0 -9999.0
04237 20200215  2.623 -123.81   47.51     8.1     2.3     5.2     4.6    23.5     1.59 C    10.2     1.2     5.1    97.3    94.3    95.5   0.305   0.212 -99.000 -99.000 -99.000     5.8     5.8 -9999.0 -9999.0 -9999.0
04237 20200216  2.623 -123.81   47.51     6.2     0.3     3.2     2.8     8.3     3.44 C    10.8    -0.4     3.2    97.8    90.5    96.4   0.288   0.197 -99.000 -99.000 -99.000     5.2     5.2 -9999.0 -9999.0 -9999.0
04237 20200217  2.623 -123.81   47.51     8.7    -0.5     4.1     2.6     0.2     8.57 C    16.3    -2.1     3.2    97.7    63.2    92.2   0.275   0.188 -99.000 -99.000 -99.000     5.1     5.1 -9999.0 -9999.0 -9999.0
04237 20200218  2.623 -123.81   47.51     8.6    -1.0     3.8     2.0     0.0     9.78 C    13.5    -3.5     1.5    97.5    51.3    87.6   0.261   0.176 -99.000 -99.000 -99.000     4.3     4.5 -9999.0 -9999.0 -9999.0
04237 20200219  2.623 -123.81   47.51    12.2    -1.6     5.3     2.5     0.0    10.00 C    15.6    -4.2     2.1    97.5    38.1    89.8   0.255   0.170 -99.000 -99.000 -99.000     4.0     4.1 -9999.0 -9999.0 -9999.0
04237 20200220  2.623 -123.81   47.51    14.0    -0.1     6.9     4.0     0.2    10.13 C    17.0    -2.2     3.3    96.8    34.0    85.0   0.250   0.165 -99.000 -99.000 -99.000     4.2     4.2 -9999.0 -9999.0 -9999.0
04237 20200221  2.623 -123.81   47.51    11.1    -0.4     5.4     4.4     0.0     9.27 C    16.5    -2.9     4.3    97.4    48.5    85.7   0.247   0.162 -99.000 -99.000 -99.000     4.4     4.3 -9999.0 -9999.0 -9999.0
04237 20200222  2.623 -123.81   47.51     9.2     4.3     6.7     6.0     6.1     7.47 C    16.3     3.4     7.2    96.8    72.0    90.7   0.272   0.184 -99.000 -99.000 -99.000     5.9     5.7 -9999.0 -9999.0 -9999.0
04237 20200223  2.623 -123.81   47.51     6.2     2.6     4.4     4.3    38.7     1.63 C     8.3     1.7     4.8    96.8    92.7    95.4   0.306   0.212 -99.000 -99.000 -99.000     5.5     5.5 -9999.0 -9999.0 -9999.0
04237 20200224  2.623 -123.81   47.51     7.1     1.2     4.1     3.6     0.0     5.33 C    14.3     0.0     4.6    97.1    68.7    92.8   0.273   0.187 -99.000 -99.000 -99.000     5.5     5.4 -9999.0 -9999.0 -9999.0
04237 20200225  2.623 -123.81   47.51    10.1     0.6     5.3     5.0     1.1     4.55 C    13.0    -0.8     5.1    97.4    68.8    90.1   0.260   0.175 -99.000 -99.000 -99.000     5.3     5.3 -9999.0 -9999.0 -9999.0
04237 20200226  2.623 -123.81   47.51    12.6     2.5     7.5     6.4     0.0    10.13 C    21.8     0.9     7.7    97.3    62.4    88.8   0.260   0.174 -99.000 -99.000 -99.000     6.6     6.3 -9999.0 -9999.0 -9999.0
04237 20200227  2.623 -123.81   47.51    12.3     1.6     6.9     5.4     0.0    10.87 C    18.3    -0.8     6.2    97.4    49.3    88.4   0.253   0.168 -99.000 -99.000 -99.000     6.8     6.6 -9999.0 -9999.0 -9999.0
04237 20200228  2.623 -123.81   47.51     6.6     1.0     3.8     4.0    19.4     2.51 C    10.9    -0.7     5.1    97.8    84.0    95.6   0.271   0.182 -99.000 -99.000 -99.000     6.0     6.0 -9999.0 -9999.0 -9999.0
04237 20200229  2.623 -123.81   47.51     7.6    -0.6     3.5     3.8    10.6     7.62 C    14.9    -1.4     5.3    97.2    68.8    93.3   0.291   0.203 -99.000 -99.000 -99.000     6.3     6.2 -9999.0 -9999.0 -9999.0
04237 20200301  2.623 -123.81   47.51     7.9    -0.9     3.5     3.1     0.0     8.66 C    15.3    -2.7     3.7    97.2    59.5    87.1   0.265   0.181 -99.000 -99.000 -99.000     5.5     5.5 -9999.0 -9999.0 -9999.0
04237 20200302  2.623 -123.81   47.51     7.9     3.0     5.5     5.2    16.3     2.22 C    10.4     3.5     6.1    97.0    93.3    95.4   0.289   0.198 -99.000 -99.000 -99.000     6.0     5.9 -9999.0 -9999.0 -9999.0
04237 20200303  2.623 -123.81   47.51     8.1     4.6     6.4     6.0    15.9     3.19 C    12.8     3.8     7.2    97.0    93.0    95.9   0.296   0.205 -99.000 -99.000 -99.000     6.8     6.6 -9999.0 -9999.0 -9999.0
04237 20200304  2.623 -123.81   47.51     9.6     0.6     5.1     4.7     1.9    12.95 C    16.8    -0.2     6.2    97.6    46.4    87.4   0.280   0.193 -99.000 -99.000 -99.000     6.7     6.6 -9999.0 -9999.0 -9999.0
04237 20200305  2.623 -123.81   47.51     6.8     3.0     4.9     4.7    24.5     1.06 C     7.9     2.1     5.1    96.5    76.0    94.0   0.285   0.197 -99.000 -99.000 -99.000     6.3     6.3 -9999.0 -9999.0 -9999.0
04237 20200306  2.623 -123.81   47.51     8.3    -0.2     4.0     3.4     3.4     9.39 C    17.6    -0.7     5.0    97.5    62.8    92.3   0.280   0.193 -99.000 -99.000 -99.000     6.3     6.3 -9999.0 -9999.0 -9999.0
04237 20200307  2.623 -123.81   47.51     5.9    -0.7     2.6     1.8     4.7     5.66 C    13.9    -1.6     2.7    97.6    80.1    95.4   0.283   0.195 -99.000 -99.000 -99.000     5.4     5.5 -9999.0 -9999.0 -9999.0
04237 20200308  2.623 -123.81   47.51     7.8    -1.6     3.1     2.2     0.0    10.96 C    15.7    -4.0     2.7    97.5    48.4    86.7   0.266   0.180 -99.000 -99.000 -99.000     5.0     5.1 -9999.0 -9999.0 -9999.0
04237 20200309  2.623 -123.81   47.51    11.0    -1.0     5.0     3.4     0.0    13.97 C    18.1    -2.8     4.0    97.2    35.4    79.0   0.258   0.173 -99.000 -99.000 -99.000     5.3     5.3 -9999.0 -9999.0 -9999.0
04237 20200310  2.623 -123.81   47.51     6.5     0.6     3.5     4.2    17.4     2.70 C     8.5    -0.9     4.7    97.1    73.3    93.1   0.272   0.182 -99.000 -99.000 -99.000     5.3     5.3 -9999.0 -9999.0 -9999.0
04237 20200311  2.623 -123.81   47.51    10.6    -0.8     4.9     4.5     1.5    10.47 C    18.8    -2.2     5.4    97.5    53.9    88.8   0.280   0.193 -99.000 -99.000 -99.000     6.2     6.1 -9999.0 -9999.0 -9999.0
04237 20200312  2.623 -123.81   47.51     9.7    -1.4     4.1     3.0     0.0    14.51 C    20.0    -3.8     4.1    97.7    46.9    80.5   0.260   0.176 -99.000 -99.000 -99.000     5.6     5.6 -9999.0 -9999.0 -9999.0
04237 20200313  2.623 -123.81   47.51     6.5     0.3     3.4     2.3     4.0     7.37 C    15.1     0.4     4.6    96.6    76.6    91.9   0.271   0.182 -99.000 -99.000 -99.000     5.8     5.8 -9999.0 -9999.0 -9999.0
04237 20200314  2.623 -123.81   47.51     7.7     0.6     4.1     3.4     0.0     6.16 C    14.0    -1.6     3.3    96.0    40.8    61.3   0.263   0.178 -99.000 -99.000 -99.000     5.5     5.5 -9999.0 -9999.0 -9999.0
04237 20200315  2.623 -123.81   47.51    11.7    -1.5     5.1     3.8     0.0    14.44 C    19.9    -4.1     4.1    94.4    31.9    60.6   0.255   0.170 -99.000 -99.000 -99.000     5.2     5.2 -9999.0 -9999.0 -9999.0
04237 20200316  2.623 -123.81   47.51    16.6    -2.0     7.3     5.0     0.0    15.22 C    23.8    -4.4     5.5    96.4    36.1    78.7   0.249   0.164 -99.000 -99.000 -99.000     5.6     5.5 -9999.0 -9999.0 -9999.0
04237 20200317  2.623 -123.81   47.51    12.0    -1.2     5.4     4.3     0.0     9.10 C    18.7    -3.8     4.0    97.2    33.0    79.7   0.244   0.158 -99.000 -99.000 -99.000     5.6     5.5 -9999.0 -9999.0 -9999.0
04237 20200318  2.623 -123.81   47.51    13.7    -1.3     6.2     4.8     0.0    14.98 C    22.9    -4.0     5.6    96.9    49.4    81.5   0.240   0.154 -99.000 -99.000 -99.000     5.8     5.7 -9999.0 -9999.0 -9999.0
04237 20200319  2.623 -123.81   47.51    15.2    -1.0     7.1     5.7     0.0    15.00 C    25.2    -3.2     6.5    97.7    45.0    81.7   0.236   0.150 -99.000 -99.000 -99.000     6.3     6.2 -9999.0 -9999.0 -9999.0
04237 20200320  2.623 -123.81   47.51    16.4     0.5     8.4     6.6     0.0    15.53 C    25.5    -1.9     7.2    97.2    44.7    79.3   0.233   0.147 -99.000 -99.000 -99.000     6.8     6.6 -9999.0 -9999.0 -9999.0
04237 20200321  2.623 -123.81   47.51    14.4     0.0     7.2     5.8     0.0    15.15 C    23.4    -1.7     8.1    97.3    51.9    85.4   0.230   0.143 -99.000 -99.000 -99.000     7.2     7.0 -9999.0 -9999.0 -9999.0
04237 20200322  2.623 -123.81   47.51     8.6     2.1     5.3     5.2     1.1     8.15 C    20.3     0.2     7.2    96.8    73.4    90.4   0.227   0.141 -99.000 -99.000 -99.000     7.3     7.1 -9999.0 -9999.0 -9999.0
04237 20200323  2.623 -123.81   47.51     8.1     2.4     5.3     4.8    19.0     9.04 C    17.2     1.0     7.2    96.9    80.0    92.8   0.282   0.194 -99.000 -99.000 -99.000     7.5     7.3 -9999.0 -9999.0 -9999.0
04237 20200324  2.623 -123.81   47.51     8.1     1.0     4.5     4.0    14.6     9.47 C    18.7     0.8     6.7    97.2    78.4    93.0   0.288   0.198 -99.000 -99.000 -99.000     7.2     7.1 -9999.0 -9999.0 -9999.0
04237 20200325  2.623 -123.81   47.51    11.1     0.8     5.9     5.2     0.0    13.82 C    22.8     0.3     7.8    97.4    51.8    84.2   0.266   0.180 -99.000 -99.000 -99.000     7.9     7.7 -9999.0 -9999.0 -9999.0
04237 20200326  2.623 -123.81   47.51     7.4     0.4     3.9     4.1     3.8     4.69 C    13.3    -0.6     5.5    96.6    68.4    90.7   0.263   0.175 -99.000 -99.000 -99.000     7.2     7.2 -9999.0 -9999.0 -9999.0
04237 20200327  2.623 -123.81   47.51     9.1     4.1     6.6     6.3    19.4     4.18 C    12.2     4.6     7.7    96.7    88.8    94.8   0.295   0.203 -99.000 -99.000 -99.000     7.6     7.4 -9999.0 -9999.0 -9999.0
04237 20200328  2.623 -123.81   47.51     9.3     6.4     7.9     7.6    55.7     1.29 C    10.2     6.6     8.0    96.8    94.9    96.1   0.314   0.220 -99.000 -99.000 -99.000     7.9     7.7 -9999.0 -9999.0 -9999.0
04237 20200329  2.623 -123.81   47.51     9.6     6.2     7.9     7.1    27.6    10.14 C    20.6     6.6     9.7    96.8    72.3    92.7   0.299   0.209 -99.000 -99.000 -99.000     8.9     8.5 -9999.0 -9999.0 -9999.0
04237 20200330  2.623 -123.81   47.51     7.3     1.1     4.2     4.4    29.3     4.40 C    12.8     1.0     6.1    96.5    88.6    94.6   0.306   0.215 -99.000 -99.000 -99.000     8.1     8.0 -9999.0 -9999.0 -9999.0
04237 20200331  2.623 -123.81   47.51     6.5     0.3     3.4     3.2    11.2     8.71 C    16.6     0.2     5.8    97.1    84.9    93.9   0.291   0.201 -99.000 -99.000 -99.000     7.5     7.4 -9999.0 -9999.0 -9999.0
04237 20200401  2.623 -123.81   47.51     9.8    -0.3     4.7     3.9     3.4    15.89 C    22.7    -0.6     6.9    97.7    58.8    89.8   0.280   0.193 -99.000 -99.000 -99.000     8.0     7.8 -9999.0 -9999.0 -9999.0
04237 20200402  2.623 -123.81   47.51     8.4     0.8     4.6     3.8     1.5    10.52 C    18.8     1.5     6.7    96.9    56.0    87.8   0.271   0.182 -99.000 -99.000 -99.000     8.1     7.9 -9999.0 -9999.0 -9999.0
04237 20200403  2.623 -123.81   47.51     5.8     1.1     3.4     3.1     2.3     6.55 C    14.0     0.8     5.5    96.6    75.6    91.6   0.274   0.183 -99.000 -99.000 -99.000     7.8     7.7 -9999.0 -9999.0 -9999.0
04237 20200404  2.623 -123.81   47.51     9.7     0.1     4.9     4.6     0.0    12.08 C    19.6     0.0     6.8    96.8    42.1    77.4   0.266   0.179 -99.000 -99.000 -99.000     7.8     7.6 -9999.0 -9999.0 -9999.0
04237 20200405  2.623 -123.81   47.51    12.8     3.1     7.9     7.6     0.0    11.55 C    23.3     2.9     9.8    94.5    47.5    74.9   0.256   0.171 -99.000 -99.000 -99.000     8.8     8.4 -9999.0 -9999.0 -9999.0
04237 20200406  2.623 -123.81   47.51    15.5     1.5     8.5     7.3     0.0    16.84 C    27.3    -0.6     9.0    96.8    39.2    75.2   0.249   0.164 -99.000 -99.000 -99.000     9.1     8.8 -9999.0 -9999.0 -9999.0
04237 20200407  2.623 -123.81   47.51    14.9    -0.2     7.3     6.4     0.0    18.43 C    27.0    -1.9     8.6    96.8    46.1    79.0   0.242   0.157 -99.000 -99.000 -99.000     9.0     8.7 -9999.0 -9999.0 -9999.0
04237 20200408  2.623 -123.81   47.51    19.0     1.7    10.3     9.2     0.0    18.57 C    30.0    -0.6    10.9    97.0    38.4    74.8   0.236   0.151 -99.000 -99.000 -99.000     9.5     9.2 -9999.0 -9999.0 -9999.0
04237 20200409  2.623 -123.81   47.51    20.3     2.8    11.6    10.0     0.0    18.63 C    31.3     0.6    11.7    96.5    41.9    75.6   0.231   0.145 -99.000 -99.000 -99.000    10.2     9.8 -9999.0 -9999.0 -9999.0
04237 20200410  2.623 -123.81   47.51    16.4     4.0    10.2     8.6     0.0    14.10 C    28.2     2.5    12.0    97.0    59.7    83.8   0.226   0.141 -99.000 -99.000 -99.000    10.5    10.1 -9999.0 -9999.0 -9999.0
04237 20200411  2.623 -123.81   47.51    15.9     4.7    10.3     9.3     0.0    17.44 C    31.1     1.7    12.8    91.8    48.7    73.5   0.221   0.137 -99.000 -99.000 -99.000    11.4    10.9 -9999.0 -9999.0 -9999.0
04237 20200412  2.623 -123.81   47.51    17.9     1.1     9.5     8.6     0.0    19.80 C    30.6    -1.0    10.2    91.4    20.4    56.3   0.214   0.132 -99.000 -99.000 -99.000    10.6    10.4 -9999.0 -9999.0 -9999.0
04237 20200413  2.623 -123.81   47.51    18.7     2.3    10.5     9.5     0.0    19.80 C    30.7    -0.8    10.6    77.3    17.3    46.5   0.207   0.127 -99.000 -99.000 -99.000    10.3    10.1 -9999.0 -9999.0 -9999.0
04237 20200414  2.623 -123.81   47.51    16.4     0.1     8.3     8.1     0.0    19.14 C    30.5    -0.6    11.6    95.6    50.2    74.3   0.201   0.122 -99.000 -99.000 -99.000    10.5    10.2 -9999.0 -9999.0 -9999.0
04237 20200415  2.623 -123.81   47.51    18.9     4.5    11.7    10.8     0.0    19.60 C    32.1     3.1    13.8    94.5    50.0    74.6   0.195   0.118 -99.000 -99.000 -99.000    11.8    11.4 -9999.0 -9999.0 -9999.0
04237 20200416  2.623 -123.81   47.51    21.4     4.3    12.9    12.1     0.0    20.24 C    33.5     0.6    13.3    80.5    22.0    52.8   0.189   0.112 -99.000 -99.000 -99.000    11.7    11.4 -9999.0 -9999.0 -9999.0
04237 20200417  2.623 -123.81   47.51    20.9     5.6    13.3    12.0     0.0    16.78 C    32.3     2.6    13.8    89.2    26.2    60.2   0.183   0.106 -99.000 -99.000 -99.000    11.9    11.5 -9999.0 -9999.0 -9999.0
04237 20200418  2.623 -123.81   47.51    12.3     7.4     9.9     9.6     0.0     6.73 C    18.0     6.0    12.3    90.9    69.6    82.9   0.179   0.101 -99.000 -99.000 -99.000    11.9    11.6 -9999.0 -9999.0 -9999.0
04237 20200419  2.623 -123.81   47.51    15.2     5.7    10.4    10.2     0.0    14.51 C    30.8     4.2    13.7    94.2    54.4    76.7   0.177   0.098 -99.000 -99.000 -99.000    12.2    11.8 -9999.0 -9999.0 -9999.0
04237 20200420  2.623 -123.81   47.51    16.8     4.3    10.5     9.6     0.0    16.32 C    31.8     1.8    13.0    96.4    55.8    80.3   0.173   0.094 -99.000 -99.000 -99.000    12.0    11.7 -9999.0 -9999.0 -9999.0
04237 20200421  2.623 -123.81   47.51    13.6     7.4    10.5    10.0     0.0    11.69 C    28.1     7.6    13.9    91.4    57.3    76.5   0.171   0.090 -99.000 -99.000 -99.000    12.7    12.3 -9999.0 -9999.0 -9999.0
04237 20200422  2.623 -123.81   47.51    11.2     7.8     9.5     9.4    25.8     2.88 C    15.0     8.5    10.8    96.2    87.7    94.0   0.243   0.157 -99.000 -99.000 -99.000    11.8    11.6 -9999.0 -9999.0 -9999.0
04237 20200423  2.623 -123.81   47.51    14.4     8.3    11.3    10.5     0.0    12.93 C    25.1     8.4    13.3    96.5    67.4    88.3   0.259   0.175 -99.000 -99.000 -99.000    12.5    12.1 -9999.0 -9999.0 -9999.0
04237 20200424  2.623 -123.81   47.51    15.8     7.4    11.6    11.0     0.0     8.09 C    22.9     7.4    12.9    94.8    50.7    82.2   0.239   0.159 -99.000 -99.000 -99.000    12.5    12.2 -9999.0 -9999.0 -9999.0
04237 20200425  2.623 -123.81   47.51    14.1     7.9    11.0    10.5    26.1    14.72 C    25.8     8.9    13.6    95.8    67.3    87.8   0.268   0.182 -99.000 -99.000 -99.000    13.0    12.6 -9999.0 -9999.0 -9999.0
04237 20200426  2.623 -123.81   47.51    15.6     6.0    10.8     9.5    20.2    14.27 C    24.8     5.1    12.5    96.3    44.4    79.2   0.265   0.178 -99.000 -99.000 -99.000    12.9    12.6 -9999.0 -9999.0 -9999.0
04237 20200427  2.623 -123.81   47.51    11.7     6.5     9.1     9.1    29.8     6.77 C    19.0     5.8    11.0    96.3    90.6    94.9   0.290   0.202 -99.000 -99.000 -99.000    12.1    11.9 -9999.0 -9999.0 -9999.0
04237 20200428  2.623 -123.81   47.51    13.4     5.5     9.5     9.6     0.3     8.21 C    20.3     4.2    11.2    96.4    70.8    90.2   0.259   0.175 -99.000 -99.000 -99.000    12.1    11.9 -9999.0 -9999.0 -9999.0
04237 20200429  2.623 -123.81   47.51    15.4     8.7    12.1    11.2    12.4     4.89 C    18.8     9.1    12.5    96.0    77.9    92.4   0.264   0.178 -99.000 -99.000 -99.000    12.5    12.2 -9999.0 -9999.0 -9999.0
04237 20200430  2.623 -123.81   47.51    11.2     6.4     8.8     8.8    20.8    10.10 C    21.5     5.6    11.4    96.6    82.9    93.6   0.287   0.200 -99.000 -99.000 -99.000    12.6    12.3 -9999.0 -9999.0 -9999.0
04237 20200501  2.623 -123.81   47.51    15.3     3.9     9.6     9.2     0.4    14.64 C    27.2     2.5    11.2    97.1    41.6    85.8   0.262   0.178 -99.000 -99.000 -99.000    12.4    12.1 -9999.0 -9999.0 -9999.0
04237 20200502  2.623 -123.81   47.51    12.0     6.4     9.2     9.2    33.0     3.63 C    13.3     6.4     9.6    96.4    91.0    95.0   0.284   0.196 -99.000 -99.000 -99.000    12.1    11.9 -9999.0 -9999.0 -9999.0
04237 20200503  2.623 -123.81   47.51    12.1     3.9     8.0     7.3     4.8    13.56 C    21.0     3.3     9.1    96.2    69.2    90.5   0.275   0.190 -99.000 -99.000 -99.000    11.9    11.7 -9999.0 -9999.0 -9999.0
04237 20200504  2.623 -123.81   47.51    14.4     3.7     9.0     8.3     4.7     6.89 C    19.1     2.9     9.0    96.5    47.9    87.6   0.260   0.175 -99.000 -99.000 -99.000    11.2    11.1 -9999.0 -9999.0 -9999.0
04237 20200505  2.623 -123.81   47.51    19.7     4.8    12.2    11.7     0.6    18.13 C    30.5     4.4    14.6    96.9    42.3    82.0   0.262   0.178 -99.000 -99.000 -99.000    12.7    12.3 -9999.0 -9999.0 -9999.0
04237 20200506  2.623 -123.81   47.51    14.0     4.5     9.2     8.8    12.4    13.98 C    26.0     3.2    11.5    96.2    60.7    88.4   0.275   0.190 -99.000 -99.000 -99.000    13.1    12.8 -9999.0 -9999.0 -9999.0
04237 20200507  2.623 -123.81   47.51    21.6     3.1    12.3    11.2     0.0    24.08 C    31.6     1.8    13.7    96.4    31.4    72.6   0.251   0.168 -99.000 -99.000 -99.000    13.1    12.7 -9999.0 -9999.0 -9999.0
04237 20200508  2.623 -123.81   47.51    27.2     6.1    16.6    15.8     0.0    24.21 C    35.9     3.6    17.2    93.7    13.9    60.4   0.237   0.154 -99.000 -99.000 -99.000    14.2    13.7 -9999.0 -9999.0 -9999.0
04237 20200509  2.623 -123.81   47.51    29.5     8.7    19.1    19.1     0.0    21.81 C    38.7     6.0    19.6    84.5    15.7    53.1   0.225   0.140 -99.000 -99.000 -99.000    15.4    14.8 -9999.0 -9999.0 -9999.0
04237 20200510  2.623 -123.81   47.51    30.4    11.7    21.0    19.5     0.0    22.64 C    41.0     9.0    21.6    86.5    21.1    62.0   0.214   0.130 -99.000 -99.000 -99.000    16.7    16.0 -9999.0 -9999.0 -9999.0
04237 20200511  2.623 -123.81   47.51    16.0    10.1    13.0    12.9     4.8     6.40 C    19.8    10.1    14.8    95.5    72.9    85.8   0.208   0.127 -99.000 -99.000 -99.000    15.8    15.5 -9999.0 -9999.0 -9999.0
04237 20200512  2.623 -123.81   47.51    14.6     9.9    12.3    11.3    21.2     3.79 C    18.3    10.0    12.6    96.0    85.7    93.8   0.264   0.176 -99.000 -99.000 -99.000    14.3    14.1 -9999.0 -9999.0 -9999.0
04237 20200513  2.623 -123.81   47.51    13.5     7.2    10.3    10.3    24.9     7.85 C    21.7     6.5    12.1    96.5    76.2    93.9   0.285   0.200 -99.000 -99.000 -99.000    13.8    13.5 -9999.0 -9999.0 -9999.0
04237 20200514  2.623 -123.81   47.51    15.9     7.7    11.8    10.7     0.8    16.03 C    27.2     7.4    14.0    96.4    58.6    89.0   0.260   0.176 -99.000 -99.000 -99.000    14.2    13.9 -9999.0 -9999.0 -9999.0
04237 20200515  2.623 -123.81   47.51    16.9     6.7    11.8    11.9     0.0    16.12 C    27.1     5.7    14.6    96.3    52.6    82.0   0.245   0.162 -99.000 -99.000 -99.000    14.6    14.2 -9999.0 -9999.0 -9999.0
04237 20200516  2.623 -123.81   47.51    13.2    10.3    11.8    11.7    25.1     2.55 C    15.7    10.8    12.5    96.2    70.1    92.0   0.267   0.181 -99.000 -99.000 -99.000    13.9    13.7 -9999.0 -9999.0 -9999.0
04237 20200517  2.623 -123.81   47.51    16.7     8.0    12.4    12.1     3.6    18.91 C    28.1     6.6    15.2    96.5    62.0    86.5   0.268   0.185 -99.000 -99.000 -99.000    14.8    14.4 -9999.0 -9999.0 -9999.0
04237 20200518  2.623 -123.81   47.51    20.0     7.3    13.6    12.2     5.1    20.38 C    33.8     6.2    15.4    95.4    55.0    84.1   0.257   0.174 -99.000 -99.000 -99.000    15.1    14.7 -9999.0 -9999.0 -9999.0
04237 20200519  2.623 -123.81   47.51    17.4     9.9    13.6    12.4     0.0    19.33 C    30.6    11.1    16.9    94.9    63.7    83.1   0.252   0.169 -99.000 -99.000 -99.000    16.1    15.6 -9999.0 -9999.0 -9999.0
04237 20200520  2.623 -123.81   47.51    14.1     8.2    11.2    10.9     0.9    10.36 C    22.2     8.5    13.6    95.0    73.5    87.5   0.240   0.158 -99.000 -99.000 -99.000    15.5    15.2 -9999.0 -9999.0 -9999.0
04237 20200521  2.623 -123.81   47.51    11.2     6.1     8.6     8.2    13.1    10.48 C    21.4     6.3    11.0    96.2    77.1    92.2   0.266   0.179 -99.000 -99.000 -99.000    14.4    14.2 -9999.0 -9999.0 -9999.0
04237 20200522  2.623 -123.81   47.51    12.0     6.2     9.1     9.1     2.9     9.31 C    21.0     7.2    11.7    96.4    75.6    90.8   0.271   0.186 -99.000 -99.000 -99.000    14.0    13.8 -9999.0 -9999.0 -9999.0
04237 20200523  2.623 -123.81   47.51    15.7     5.4    10.6    10.6     0.0    16.30 C    26.6     4.6    13.8    96.3    59.7    80.4   0.252   0.169 -99.000 -99.000 -99.000    14.5    14.2 -9999.0 -9999.0 -9999.0
04237 20200524  2.623 -123.81   47.51    18.7     7.7    13.2    12.9     0.2    14.76 C    28.3     7.2    15.9    94.8    52.3    78.7   0.241   0.157 -99.000 -99.000 -99.000    15.3    14.9 -9999.0 -9999.0 -9999.0
04237 20200525  2.623 -123.81   47.51    15.3    10.5    12.9    12.6     8.6     9.12 C    21.6    11.3    14.9    95.7    87.5    93.1   0.265   0.179 -99.000 -99.000 -99.000    15.6    15.2 -9999.0 -9999.0 -9999.0
04237 20200526  2.623 -123.81   47.51    20.1     9.4    14.7    13.4     0.0    24.46 C    32.0    10.9    17.9    95.6    55.2    81.9   0.253   0.169 -99.000 -99.000 -99.000    16.6    16.0 -9999.0 -9999.0 -9999.0
04237 20200527  2.623 -123.81   47.51    25.1     9.5    17.3    16.3     0.0    25.43 C    36.2     7.6    19.5    95.7    40.9    73.3   0.237   0.153 -99.000 -99.000 -99.000    17.2    16.7 -9999.0 -9999.0 -9999.0
04237 20200528  2.623 -123.81   47.51    26.9    11.4    19.2    18.0     0.0    21.99 C    38.3    10.1    21.2    93.6    38.2    69.8   0.225   0.138 -99.000 -99.000 -99.000    18.1    17.5 -9999.0 -9999.0 -9999.0
04237 20200529  2.623 -123.81   47.51    22.8     9.4    16.1    15.2     0.0    23.47 C    36.8     8.5    19.7    94.7    49.3    75.2   0.212   0.127 -99.000 -99.000 -99.000    18.3    17.8 -9999.0 -9999.0 -9999.0
04237 20200530  2.623 -123.81   47.51    13.3     9.0    11.2    10.8     6.9     3.50 C    17.3     8.6    12.2    95.9    77.3    90.5   0.221   0.135 -99.000 -99.000 -99.000    16.2    16.2 -9999.0 -9999.0 -9999.0
04237 20200531  2.623 -123.81   47.51    15.9     6.3    11.1    10.8     0.0    11.14 C    26.4     5.0    12.9    96.1    55.5    82.8   0.241   0.155 -99.000 -99.000 -99.000    15.5    15.3 -9999.0 -9999.0 -9999.0
04237 20200601  2.623 -123.81   47.51    19.2     4.1    11.7    11.2     0.0    27.65 C    35.7     2.8    15.0    96.5    45.1    74.8   0.226   0.142 -99.000 -99.000 -99.000    15.7    15.4 -9999.0 -9999.0 -9999.0
04237 20200602  2.623 -123.81   47.51    14.4     5.4     9.9    10.3     0.4     9.46 C    20.4     4.7    12.2    95.7    68.2    85.5   0.215   0.131 -99.000 -99.000 -99.000    15.0    14.9 -9999.0 -9999.0 -9999.0
04237 20200603  2.623 -123.81   47.51    19.7     7.0    13.4    12.8     0.0    21.15 C    33.6     5.3    16.9    95.5    47.9    77.1   0.209   0.124 -99.000 -99.000 -99.000    16.0    15.6 -9999.0 -9999.0 -9999.0
04237 20200604  2.623 -123.81   47.51    18.1     8.2    13.1    12.7     0.0    15.42 C    29.2     7.7    15.7    93.5    58.4    77.0   0.201   0.116 -99.000 -99.000 -99.000    16.3    16.0 -9999.0 -9999.0 -9999.0
04237 20200605  2.623 -123.81   47.51    19.7     7.0    13.4    12.4     0.0    20.65 C    33.6     6.2    16.2    95.5    43.1    76.0   0.194   0.108 -99.000 -99.000 -99.000    16.3    16.0 -9999.0 -9999.0 -9999.0
04237 20200606  2.623 -123.81   47.51    13.0     8.3    10.7    10.1     9.7     9.62 C    21.5     8.4    12.5    96.1    83.2    92.4   0.207   0.123 -99.000 -99.000 -99.000    15.7    15.5 -9999.0 -9999.0 -9999.0
04237 20200607  2.623 -123.81   47.51    16.2     7.9    12.1    11.3     0.6    15.66 C    26.6     8.3    14.2    96.5    63.2    86.3   0.242   0.156 -99.000 -99.000 -99.000    15.7    15.4 -9999.0 -9999.0 -9999.0
04237 20200608  2.623 -123.81   47.51    14.9     8.9    11.9    10.9     4.9    11.62 C    22.9     9.9    13.4    95.7    62.1    86.8   0.235   0.149 -99.000 -99.000 -99.000    15.7    15.4 -9999.0 -9999.0 -9999.0
04237 20200609  2.623 -123.81   47.51    14.3     8.9    11.6    11.7    72.3     4.79 C    17.0     9.5    12.9    96.1    93.6    95.2   0.289   0.198 -99.000 -99.000 -99.000    14.2    14.1 -9999.0 -9999.0 -9999.0
04237 20200610  2.623 -123.81   47.51    16.6    11.4    14.0    13.7     1.6     7.85 C    20.7    11.9    15.3    96.3    85.8    94.1   0.263   0.179 -99.000 -99.000 -99.000    15.3    15.0 -9999.0 -9999.0 -9999.0
04237 20200611  2.623 -123.81   47.51    20.0    12.0    16.0    14.8     0.5    20.03 C    29.6    12.4    18.1    96.2    57.8    84.4   0.251   0.169 -99.000 -99.000 -99.000    16.7    16.2 -9999.0 -9999.0 -9999.0
04237 20200612  2.623 -123.81   47.51    15.5     9.4    12.5    12.1    16.2    10.95 C    25.7     9.7    14.6    96.3    73.9    92.8   0.272   0.186 -99.000 -99.000 -99.000    16.4    16.1 -9999.0 -9999.0 -9999.0
04237 20200613  2.623 -123.81   47.51    14.4     7.8    11.1    10.6    10.2    10.67 C    24.2     7.8    12.9    96.4    74.3    93.3   0.272   0.186 -99.000 -99.000 -99.000    15.6    15.4 -9999.0 -9999.0 -9999.0
04237 20200614  2.623 -123.81   47.51    15.2     7.4    11.3    11.1     0.0    10.72 C    22.9     6.8    13.2    96.3    58.2    88.9   0.256   0.172 -99.000 -99.000 -99.000    15.2    15.0 -9999.0 -9999.0 -9999.0
04237 20200615  2.623 -123.81   47.51    15.5     9.3    12.4    11.2    17.3    10.23 C    25.7    10.2    13.4    96.1    80.1    93.0   0.278   0.188 -99.000 -99.000 -99.000    15.3    15.0 -9999.0 -9999.0 -9999.0
04237 20200616  2.623 -123.81   47.51    17.2     8.7    13.0    12.2     1.6    18.27 C    28.0     7.7    15.1    96.3    66.6    89.0   0.265   0.179 -99.000 -99.000 -99.000    15.9    15.5 -9999.0 -9999.0 -9999.0
04237 20200617  2.623 -123.81   47.51    19.5     6.8    13.1    12.7     0.0    22.42 C    31.9     5.6    15.9    96.9    60.6    84.4   0.253   0.167 -99.000 -99.000 -99.000    16.5    16.0 -9999.0 -9999.0 -9999.0
04237 20200618  2.623 -123.81   47.51    23.4     7.8    15.6    14.7     0.0    23.26 C    34.0     6.7    18.2    96.7    46.7    80.3   0.241   0.154 -99.000 -99.000 -99.000    17.1    16.6 -9999.0 -9999.0 -9999.0
04237 20200619  2.623 -123.81   47.51    25.5    10.7    18.1    17.1     0.4    17.96 C    35.7    10.2    19.9    95.8    48.6    78.4   0.229   0.143 -99.000 -99.000 -99.000    17.8    17.3 -9999.0 -9999.0 -9999.0
04237 20200620  2.623 -123.81   47.51    18.1    13.6    15.8    15.2    13.8     8.96 C    24.5    14.1    17.2    95.9    92.9    94.9   0.265   0.175 -99.000 -99.000 -99.000    17.9    17.4 -9999.0 -9999.0 -9999.0
04237 20200621  2.623 -123.81   47.51    19.4     9.0    14.2    14.1     0.0    19.29 C    31.1     8.3    17.4    96.0    55.8    83.6   0.257   0.172 -99.000 -99.000 -99.000    18.2    17.7 -9999.0 -9999.0 -9999.0
04237 20200622  2.623 -123.81   47.51    25.8     7.8    16.8    15.9     0.0    25.86 C    37.7     7.4    19.6    96.1    47.3    77.5   0.241   0.156 -99.000 -99.000 -99.000    18.3    17.7 -9999.0 -9999.0 -9999.0
04237 20200623  2.623 -123.81   47.51    26.1    12.0    19.1    18.6     0.0    20.26 C    37.8    10.9    21.4    96.0    53.2    79.8   0.228   0.141 -99.000 -99.000 -99.000    19.1    18.5 -9999.0 -9999.0 -9999.0
04237 20200624  2.623 -123.81   47.51    22.8    13.1    18.0    16.5     0.0    22.24 C    37.6    13.5    21.1    92.5    62.3    82.9   0.218   0.130 -99.000 -99.000 -99.000    19.7    19.1 -9999.0 -9999.0 -9999.0
04237 20200625  2.623 -123.81   47.51    24.7    11.5    18.1    16.9     0.0    24.02 C    38.2    10.7    21.7    94.9    55.2    80.2   0.207   0.119 -99.000 -99.000 -99.000    20.1    19.5 -9999.0 -9999.0 -9999.0
04237 20200626  2.623 -123.81   47.51    23.4    11.3    17.3    16.3     0.0    20.91 C    37.7    10.5    21.0    96.2    52.7    81.3   0.194   0.108 -99.000 -99.000 -99.000    19.9    19.3 -9999.0 -9999.0 -9999.0
04237 20200627  2.623 -123.81   47.51    17.3    10.9    14.1    13.4     0.6    11.26 C    30.6    10.5    16.4    95.0    56.4    79.4   0.186   0.099 -99.000 -99.000 -99.000    18.6    18.4 -9999.0 -9999.0 -9999.0
04237 20200628  2.623 -123.81   47.51    22.2     9.9    16.1    15.1     1.2    25.35 C    35.0     9.0    18.8    95.7    47.2    78.0   0.182   0.099 -99.000 -99.000 -99.000    18.8    18.4 -9999.0 -9999.0 -9999.0
04237 20200629  2.623 -123.81   47.51    19.6     9.6    14.6    14.3     0.0    17.05 C    33.7     8.7    18.6    94.9    68.1    83.1   0.177   0.093 -99.000 -99.000 -99.000    18.7    18.3 -9999.0 -9999.0 -9999.0
04237 20200630  2.623 -123.81   47.51    17.9    10.6    14.2    13.6     0.0    14.42 C    32.1    10.9    17.3    92.9    59.1    78.6   0.172   0.087 -99.000 -99.000 -99.000    18.5    18.2 -9999.0 -9999.0 -9999.0
04237 20200701  2.623 -123.81   47.51    15.2    10.5    12.8    12.5     1.3    10.46 C    23.6    11.2    15.2    94.5    78.2    88.4   0.170   0.085 -99.000 -99.000 -99.000    17.7    17.5 -9999.0 -9999.0 -9999.0
04237 20200702  2.623 -123.81   47.51    15.9    10.9    13.4    12.7     2.4    10.14 C    24.1    11.8    15.2    95.6    72.8    87.2   0.169   0.085 -99.000 -99.000 -99.000    17.3    17.0 -9999.0 -9999.0 -9999.0
04237 20200703  2.623 -123.81   47.51    17.0     9.9    13.4    13.0     2.9    13.60 C    27.2     8.5    15.7    96.0    68.2    87.7   0.188   0.125 -99.000 -99.000 -99.000    17.3    17.0 -9999.0 -9999.0 -9999.0
04237 20200704  2.623 -123.81   47.51    19.2     7.9    13.6    13.6     0.0    17.51 C    32.3     6.4    16.4    96.2    56.5    80.5   0.184   0.116 -99.000 -99.000 -99.000    17.3    17.0 -9999.0 -9999.0 -9999.0
04237 20200705  2.623 -123.81   47.51    21.2     8.5    14.8    13.8     0.0    14.36 C    34.7     7.3    16.3    95.7    50.8    80.4   0.177   0.104 -99.000 -99.000 -99.000    17.3    17.0 -9999.0 -9999.0 -9999.0
04237 20200706  2.623 -123.81   47.51    17.1     8.3    12.7    13.3     0.0     9.75 C    24.0     6.8    15.6    95.2    63.6    81.1   0.171   0.094 -99.000 -99.000 -99.000    16.8    16.6 -9999.0 -9999.0 -9999.0
04237 20200707  2.623 -123.81   47.51    17.1    11.0    14.1    13.7     0.7    11.13 C    23.5     9.0    15.9    95.3    75.2    88.1   0.168   0.089 -99.000 -99.000 -99.000    17.1    16.7 -9999.0 -9999.0 -9999.0
04237 20200708  2.623 -123.81   47.51    20.9    11.3    16.1    15.4     0.0    18.55 C    35.0    10.9    19.2    95.4    56.8    79.7   0.165   0.085 -99.000 -99.000 -99.000    17.8    17.3 -9999.0 -9999.0 -9999.0
04237 20200709  2.623 -123.81   47.51    19.9    10.2    15.1    14.5     4.6    16.41 C    30.1     9.3    17.3    95.8    63.1    86.3   0.166   0.107 -99.000 -99.000 -99.000    18.1    17.6 -9999.0 -9999.0 -9999.0
04237 20200710  2.623 -123.81   47.51    21.2     9.5    15.4    14.3     0.0    17.33 C    31.8     8.0    17.0    95.3    50.9    79.4   0.168   0.106 -99.000 -99.000 -99.000    17.8    17.4 -9999.0 -9999.0 -9999.0
04237 20200711  2.623 -123.81   47.51    17.7     8.6    13.2    13.1    14.9    10.67 C    24.9     7.1    15.0    96.0    63.8    89.7   0.174   0.109 -99.000 -99.000 -99.000    16.8    16.6 -9999.0 -9999.0 -9999.0
04237 20200712  2.623 -123.81   47.51    21.2     9.2    15.2    14.9     0.2    22.40 C    32.7     7.8    18.0    96.1    52.2    81.7   0.226   0.150 -99.000 -99.000 -99.000    17.8    17.3 -9999.0 -9999.0 -9999.0
04237 20200713  2.623 -123.81   47.51    22.5     8.3    15.4    14.5     0.0    25.10 C    35.1     7.4    18.1    96.1    51.2    78.7   0.205   0.132 -99.000 -99.000 -99.000    17.8    17.4 -9999.0 -9999.0 -9999.0
04237 20200714  2.623 -123.81   47.51    25.1     8.5    16.8    16.1     0.0    25.30 C    37.4     6.6    19.2    96.5    46.7    76.6   0.189   0.116 -99.000 -99.000 -99.000    18.1    17.6 -9999.0 -9999.0 -9999.0
04237 20200715  2.623 -123.81   47.51    25.4     9.7    17.6    16.8     0.0    24.58 C    38.1     8.5    20.3    95.8    56.7    79.7   0.176   0.102 -99.000 -99.000 -99.000    18.6    18.1 -9999.0 -9999.0 -9999.0
04237 20200716  2.623 -123.81   47.51    25.1    11.5    18.3    17.3     0.0    21.39 C    38.6    10.1    21.5    96.3    53.7    81.9   0.166   0.090 -99.000 -99.000 -99.000    19.2    18.7 -9999.0 -9999.0 -9999.0
04237 20200717  2.623 -123.81   47.51    20.4    10.1    15.3    15.6     0.0    12.90 C    35.2     8.4    18.5    94.7    54.2    76.9   0.158   0.081 -99.000 -99.000 -99.000    19.0    18.7 -9999.0 -9999.0 -9999.0
04237 20200718  2.623 -123.81   47.51    25.8     9.1    17.5    16.8     0.0    24.57 C    38.6     7.2    20.0    96.1    49.3    78.0   0.152   0.071 -99.000 -99.000 -99.000    18.6    18.1 -9999.0 -9999.0 -9999.0
04237 20200719  2.623 -123.81   47.51    27.8    11.9    19.8    18.5     0.0    22.98 C    40.2    10.1    22.1    95.9    49.9    79.3   0.146   0.066 -99.000 -99.000 -99.000    19.6    19.0 -9999.0 -9999.0 -9999.0
04237 20200720  2.623 -123.81   47.51    30.0    12.8    21.4    20.0     0.0    24.38 C    41.7    10.5    22.8    96.0    45.7    76.1   0.140   0.060 -99.000 -99.000 -99.000    20.1    19.5 -9999.0 -9999.0 -9999.0
04237 20200721  2.623 -123.81   47.51    24.8    12.9    18.9    17.0     0.0    18.81 C    37.6    11.9    21.3    95.6    59.1    82.7   0.135   0.055 -99.000 -99.000 -99.000    20.2    19.6 -9999.0 -9999.0 -9999.0
04237 20200722  2.623 -123.81   47.51    21.8    13.1    17.5    16.3     0.0    18.10 C    36.4    13.2    20.4    95.4    61.1    83.2   0.131   0.052 -99.000 -99.000 -99.000    20.2    19.7 -9999.0 -9999.0 -9999.0
04237 20200723  2.623 -123.81   47.51    20.0    13.3    16.6    15.7     0.0    17.24 C    34.2    14.1    20.2    92.5    60.7    76.8   0.128   0.050 -99.000 -99.000 -99.000    19.9    19.4 -9999.0 -9999.0 -9999.0
04237 20200724  2.623 -123.81   47.51    21.2    10.0    15.6    15.2     0.0    13.83 C    35.2     8.2    18.2    93.3    50.4    74.3   0.124   0.048 -99.000 -99.000 -99.000    19.3    19.0 -9999.0 -9999.0 -9999.0
04237 20200725  2.623 -123.81   47.51    24.5     7.8    16.2    15.2     0.0    24.10 C    37.5     5.9    18.6    96.0    47.3    76.2   0.121   0.046 -99.000 -99.000 -99.000    18.8    18.4 -9999.0 -9999.0 -9999.0
04237 20200726  2.623 -123.81   47.51    32.4    11.3    21.8    19.8     0.0    24.20 C    42.5     8.6    22.1    95.5    30.2    69.8   0.117   0.044 -99.000 -99.000 -99.000    19.5    18.9 -9999.0 -9999.0 -9999.0
04237 20200727  2.623 -123.81   47.51    31.5    12.6    22.0    20.4     0.0    23.90 C    42.6    10.8    22.8    94.4    31.9    69.9   0.114   0.042 -99.000 -99.000 -99.000    20.4    19.7 -9999.0 -9999.0 -9999.0
04237 20200728  2.623 -123.81   47.51    24.6    11.2    17.9    16.5     0.0    20.43 C    38.4     9.7    20.7    95.2    42.1    77.5   0.111   0.040 -99.000 -99.000 -99.000    20.4    19.8 -9999.0 -9999.0 -9999.0
04237 20200729  2.623 -123.81   47.51    29.1     9.9    19.5    17.5     0.0    23.67 C    41.2     8.3    21.1    96.0    30.3    69.2   0.109   0.039 -99.000 -99.000 -99.000    20.1    19.6 -9999.0 -9999.0 -9999.0
04237 20200730  2.623 -123.81   47.51    31.8     9.6    20.7    19.0     0.0    23.17 C    43.1     7.6    21.7    95.1    28.9    67.8   0.107   0.038 -99.000 -99.000 -99.000    20.0    19.5 -9999.0 -9999.0 -9999.0
04237 20200731  2.623 -123.81   47.51    23.5    11.9    17.7    16.8     0.0    20.85 C    37.8    10.9    21.7    94.0    56.8    78.9   0.105   0.036 -99.000 -99.000 -99.000    20.5    19.9 -9999.0 -9999.0 -9999.0
04237 20200801  2.623 -123.81   47.51    24.0    12.2    18.1    17.5     0.4    21.96 C    39.2    11.1    22.1    95.1    56.5    80.4   0.105   0.036 -99.000 -99.000 -99.000    21.1    20.5 -9999.0 -9999.0 -9999.0
04237 20200802  2.623 -123.81   47.51    23.8    11.1    17.5    16.8     0.0    16.18 C    36.3     9.6    20.6    95.9    54.8    80.9   0.104   0.035 -99.000 -99.000 -99.000    20.3    19.9 -9999.0 -9999.0 -9999.0
04237 20200803  2.623 -123.81   47.51    24.9    14.0    19.5    18.4     0.3    19.15 C    39.1    12.3    22.3    94.6    56.4    81.7   0.103   0.035 -99.000 -99.000 -99.000    21.0    20.4 -9999.0 -9999.0 -9999.0
04237 20200804  2.623 -123.81   47.51    26.8    12.0    19.4    18.3     0.0    22.56 C    40.9    10.1    22.1    95.9    45.6    78.2   0.102   0.034 -99.000 -99.000 -99.000    20.7    20.2 -9999.0 -9999.0 -9999.0
04237 20200805  2.623 -123.81   47.51    24.9    12.4    18.6    17.1     0.0    20.52 C    39.2    10.6    22.1    95.6    49.4    78.1   0.102   0.033 -99.000 -99.000 -99.000    20.9    20.4 -9999.0 -9999.0 -9999.0
04237 20200806  2.623 -123.81   47.51    17.6    11.9    14.8    14.8    13.4    10.47 C    25.6    11.5    17.3    95.8    60.4    87.9   0.131   0.093 -99.000 -99.000 -99.000    19.6    19.4 -9999.0 -9999.0 -9999.0
04237 20200807  2.623 -123.81   47.51    22.9     9.3    16.1    15.5     0.0    19.92 C    35.6     8.1    19.0    96.3    47.6    78.8   0.130   0.079 -99.000 -99.000 -99.000    18.9    18.7 -9999.0 -9999.0 -9999.0
04237 20200808  2.623 -123.81   47.51    23.6    10.4    17.0    16.2     0.0    15.84 C    36.1     9.1    19.1    94.2    41.3    75.1   0.128   0.068 -99.000 -99.000 -99.000    19.4    19.0 -9999.0 -9999.0 -9999.0
04237 20200809  2.623 -123.81   47.51    25.6     8.3    16.9    15.9     0.0    21.87 C    37.5     6.9    18.9    95.9    43.2    76.3   0.124   0.060 -99.000 -99.000 -99.000    18.7    18.4 -9999.0 -9999.0 -9999.0
04237 20200810  2.623 -123.81   47.51    24.8     9.9    17.3    16.1     0.0    21.57 C    37.7     8.2    19.2    95.9    49.3    79.3   0.119   0.054 -99.000 -99.000 -99.000    19.0    18.7 -9999.0 -9999.0 -9999.0
04237 20200811  2.623 -123.81   47.51    21.3     8.9    15.1    14.2     0.0    17.37 C    34.5     8.2    18.2    96.1    46.0    77.8   0.115   0.048 -99.000 -99.000 -99.000    18.8    18.5 -9999.0 -9999.0 -9999.0
04237 20200812  2.623 -123.81   47.51    21.9     6.7    14.3    13.0     0.0    19.96 C    37.8     5.5    16.1    95.1    41.0    72.5   0.112   0.044 -99.000 -99.000 -99.000    18.0    17.9 -9999.0 -9999.0 -9999.0
04237 20200813  2.623 -123.81   47.51    23.3     5.9    14.6    13.4     0.0    20.76 C    35.7     4.1    16.2    95.7    38.5    74.0   0.108   0.039 -99.000 -99.000 -99.000    17.5    17.4 -9999.0 -9999.0 -9999.0
04237 20200814  2.623 -123.81   47.51    27.8     8.0    17.9    16.5     0.0    20.55 C    38.8     6.2    19.0    95.8    38.5    75.0   0.106   0.037 -99.000 -99.000 -99.000    18.0    17.7 -9999.0 -9999.0 -9999.0
04237 20200815  2.623 -123.81   47.51    33.6    11.8    22.7    20.7     0.0    20.64 C    43.5     9.4    22.4    96.1    31.3    72.2   0.104   0.035 -99.000 -99.000 -99.000    19.2    18.7 -9999.0 -9999.0 -9999.0
04237 20200816  2.623 -123.81   47.51    35.4    13.2    24.3    22.2     0.0    20.29 C    45.7    11.2    24.3    91.2    24.0    63.5   0.103   0.033 -99.000 -99.000 -99.000    20.3    19.6 -9999.0 -9999.0 -9999.0
04237 20200817  2.623 -123.81   47.51    26.0    13.7    19.9    18.8     0.0    20.29 C    40.1    11.7    22.1    95.1    56.5    79.8   0.101   0.032 -99.000 -99.000 -99.000    20.6    20.1 -9999.0 -9999.0 -9999.0
04237 20200818  2.623 -123.81   47.51    25.0    13.1    19.0    17.8     0.0    19.02 C    38.8    11.2    21.7    95.4    51.7    79.9   0.100   0.031 -99.000 -99.000 -99.000    20.5    20.0 -9999.0 -9999.0 -9999.0
04237 20200819  2.623 -123.81   47.51    25.7    11.3    18.5    17.3     0.6    16.28 C    38.2     9.7    20.5    95.9    54.9    79.8   0.098   0.031 -99.000 -99.000 -99.000    19.9    19.4 -9999.0 -9999.0 -9999.0
04237 20200820  2.623 -123.81   47.51    18.3    15.1    16.7    16.7    38.3     2.36 C    20.4    16.0    17.9    96.0    93.7    95.1   0.169   0.127 -99.000 -99.000 -99.000    19.1    18.9 -9999.0 -9999.0 -9999.0
04237 20200821  2.623 -123.81   47.51    18.8    15.0    16.9    16.3    27.4     3.90 C    23.9    15.8    17.6    96.1    92.8    95.6   0.216   0.172 -99.000 -99.000 -99.000    18.6    18.3 -9999.0 -9999.0 -9999.0
04237 20200822  2.623 -123.81   47.51    22.8    10.9    16.8    15.6     0.0    20.04 C    31.4    10.2    18.3    96.5    49.8    86.7   0.214   0.157 -99.000 -99.000 -99.000    18.7    18.4 -9999.0 -9999.0 -9999.0
04237 20200823  2.623 -123.81   47.51    23.8    10.8    17.3    15.8     0.0    18.39 C    33.5     9.1    17.9    96.5    52.2    81.7   0.201   0.138 -99.000 -99.000 -99.000    18.4    18.1 -9999.0 -9999.0 -9999.0
04237 20200824  2.623 -123.81   47.51    23.6    11.7    17.6    15.9     0.0    19.31 C    35.2    10.6    19.2    95.4    50.2    79.2   0.194   0.129 -99.000 -99.000 -99.000    18.7    18.4 -9999.0 -9999.0 -9999.0
04237 20200825  2.623 -123.81   47.51    23.3    10.7    17.0    15.2     0.0    18.93 C    34.8     9.7    18.6    96.1    52.8    82.8   0.187   0.121 -99.000 -99.000 -99.000    18.7    18.4 -9999.0 -9999.0 -9999.0
04237 20200826  2.623 -123.81   47.51    24.4    10.9    17.7    15.4     0.0    17.66 C    34.6     9.6    18.8    96.6    47.5    82.3   0.181   0.115 -99.000 -99.000 -99.000    18.8    18.4 -9999.0 -9999.0 -9999.0
04237 20200827  2.623 -123.81   47.51    24.7     8.8    16.7    15.4     0.0    18.76 C    35.3     7.3    17.7    96.5    53.6    81.7   0.175   0.108 -99.000 -99.000 -99.000    18.2    17.9 -9999.0 -9999.0 -9999.0
04237 20200828  2.623 -123.81   47.51    24.4    11.4    17.9    15.9     0.0    15.40 C    34.8    10.5    18.7    96.4    54.9    85.5   0.170   0.103 -99.000 -99.000 -99.000    18.5    18.1 -9999.0 -9999.0 -9999.0
04237 20200829  2.623 -123.81   47.51    21.1     8.1    14.6    14.8     0.0    16.39 C    32.4     6.5    17.8    95.4    45.7    79.2   0.166   0.098 -99.000 -99.000 -99.000    18.6    18.3 -9999.0 -9999.0 -9999.0
04237 20200830  2.623 -123.81   47.51    22.0     6.3    14.2    13.3     0.0    18.14 C    32.7     4.9    16.3    96.2    41.9    77.3   0.160   0.093 -99.000 -99.000 -99.000    17.3    17.1 -9999.0 -9999.0 -9999.0
04237 20200831  2.623 -123.81   47.51    21.6    10.8    16.2    14.9     0.0    13.60 C    32.9     9.3    17.6    95.9    58.9    84.8   0.156   0.089 -99.000 -99.000 -99.000    18.1    17.7 -9999.0 -9999.0 -9999.0
04237 20200901  2.623 -123.81   47.51    26.8    10.5    18.6    17.0     0.0    17.73 C    36.1     9.4    18.9    96.1    47.4    81.7   0.153   0.085 -99.000 -99.000 -99.000    18.1    17.8 -9999.0 -9999.0 -9999.0
04237 20200902  2.623 -123.81   47.51    26.7    11.9    19.3    17.4     0.0    17.58 C    36.3    10.2    19.5    96.2    54.5    82.4   0.149   0.080 -99.000 -99.000 -99.000    18.5    18.2 -9999.0 -9999.0 -9999.0
04237 20200903  2.623 -123.81   47.51    29.6    12.2    20.9    19.1     0.0    17.46 C    37.6    10.2    20.2    96.3    36.2    78.5   0.145   0.075 -99.000 -99.000 -99.000    18.6    18.2 -9999.0 -9999.0 -9999.0
04237 20200904  2.623 -123.81   47.51    20.9    12.6    16.8    15.8     0.0    14.90 C    30.6    10.1    18.3    95.7    64.7    84.0   0.142   0.071 -99.000 -99.000 -99.000    18.4    18.1 -9999.0 -9999.0 -9999.0
04237 20200905  2.623 -123.81   47.51    22.1    11.9    17.0    16.0     0.0    12.44 C    31.0    10.1    18.2    95.1    58.1    80.5   0.140   0.069 -99.000 -99.000 -99.000    18.6    18.2 -9999.0 -9999.0 -9999.0
04237 20200906  2.623 -123.81   47.51    26.0    10.5    18.2    16.6     0.0    16.97 C    34.8     9.0    18.3    96.4    53.0    82.5   0.137   0.065 -99.000 -99.000 -99.000    18.2    17.8 -9999.0 -9999.0 -9999.0
04237 20200907  2.623 -123.81   47.51    30.0    11.6    20.8    19.9     0.0    17.04 C    36.1    10.4    20.4    96.2    16.3    60.0   0.135   0.062 -99.000 -99.000 -99.000    18.6    18.2 -9999.0 -9999.0 -9999.0
04237 20200908  2.623 -123.81   47.51    29.2    12.2    20.7    19.4     0.0    16.63 C    35.8     8.5    18.9    74.8    16.2    43.8   0.130   0.057 -99.000 -99.000 -99.000    18.4    18.1 -9999.0 -9999.0 -9999.0
04237 20200909  2.623 -123.81   47.51    32.3     9.8    21.1    18.6     0.0    16.99 C    38.0     7.0    18.3    89.4    21.4    63.6   0.127   0.053 -99.000 -99.000 -99.000    18.0    17.7 -9999.0 -9999.0 -9999.0
04237 20200910  2.623 -123.81   47.51    31.6    13.1    22.3    19.6     0.0    16.12 C    37.0     8.6    19.2    89.8    26.3    64.4   0.124   0.050 -99.000 -99.000 -99.000    18.2    17.9 -9999.0 -9999.0 -9999.0
04237 20200911  2.623 -123.81   47.51    20.1    12.4    16.3    15.0     0.0     7.95 C    26.7    10.8    17.1    93.0    62.7    83.6   0.122   0.048 -99.000 -99.000 -99.000    18.0    17.8 -9999.0 -9999.0 -9999.0
04237 20200912  2.623 -123.81   47.51    15.1     9.9    12.5    12.9     0.0     2.63 C    17.4     7.6    13.4    95.9    83.2    91.8   0.122   0.047 -99.000 -99.000 -99.000    16.9    16.9 -9999.0 -9999.0 -9999.0
04237 20200913  2.623 -123.81   47.51    20.5     9.2    14.9    14.0     0.0     8.77 C    25.2     7.1    14.7    96.4    57.9    86.0   0.120   0.045 -99.000 -99.000 -99.000    16.1    16.0 -9999.0 -9999.0 -9999.0
04237 20200914  2.623 -123.81   47.51    19.7    12.7    16.2    15.3     2.1     4.33 C    25.3    12.6    16.5    95.5    64.1    90.4   0.120   0.046 -99.000 -99.000 -99.000    16.8    16.5 -9999.0 -9999.0 -9999.0
04237 20200915  2.623 -123.81   47.51    21.9    15.2    18.6    17.7     3.6     7.51 C    26.8    14.4    18.7    96.1    72.2    92.5   0.122   0.060 -99.000 -99.000 -99.000    17.6    17.2 -9999.0 -9999.0 -9999.0
04237 20200916  2.623 -123.81   47.51    21.8    13.9    17.9    17.6     0.0     8.47 C    24.4    13.0    18.6    96.0    72.5    91.3   0.134   0.085 -99.000 -99.000 -99.000    17.9    17.4 -9999.0 -9999.0 -9999.0
04237 20200917  2.623 -123.81   47.51    22.1    13.5    17.8    17.7     1.0     9.78 C    25.6    11.9    18.6    96.3    72.6    90.3   0.135   0.075 -99.000 -99.000 -99.000    18.1    17.7 -9999.0 -9999.0 -9999.0
04237 20200918  2.623 -123.81   47.51    18.6    14.5    16.5    16.2     4.9     3.34 C    22.4    14.7    17.2    95.9    85.0    94.0   0.148   0.104 -99.000 -99.000 -99.000    17.8    17.6 -9999.0 -9999.0 -9999.0
04237 20200919  2.623 -123.81   47.51    18.5    13.6    16.1    15.2     5.1     7.42 C    25.7    13.8    17.0    96.5    84.1    94.3   0.189   0.125 -99.000 -99.000 -99.000    17.8    17.4 -9999.0 -9999.0 -9999.0
04237 20200920  2.623 -123.81   47.51    20.7    10.1    15.4    14.6     0.0    13.76 C    27.6     8.8    15.7    96.7    64.4    89.3   0.198   0.129 -99.000 -99.000 -99.000    17.2    17.0 -9999.0 -9999.0 -9999.0
04237 20200921  2.623 -123.81   47.51    17.3    11.7    14.5    14.3     3.5     5.51 C    21.1    10.0    15.3    96.0    69.5    92.8   0.193   0.121 -99.000 -99.000 -99.000    16.7    16.5 -9999.0 -9999.0 -9999.0
04237 20200922  2.623 -123.81   47.51    19.2    11.4    15.3    14.6     0.0     8.94 C    26.3    11.6    16.3    96.4    64.2    89.4   0.201   0.131 -99.000 -99.000 -99.000    17.1    16.8 -9999.0 -9999.0 -9999.0
04237 20200923  2.623 -123.81   47.51    15.6    13.0    14.3    14.2   106.3     0.29 C    16.6    13.4    14.5    96.3    93.6    95.7   0.268   0.184 -99.000 -99.000 -99.000    15.6    15.6 -9999.0 -9999.0 -9999.0
04237 20200924  2.623 -123.81   47.51    17.0    12.5    14.8    13.8    43.9     4.83 C    23.2    12.8    15.0    96.1    91.6    94.9   0.270   0.188 -99.000 -99.000 -99.000    15.7    15.5 -9999.0 -9999.0 -9999.0
04237 20200925  2.623 -123.81   47.51    15.3    10.5    12.9    13.1    52.8     3.96 C    21.1     9.6    14.0    96.4    91.1    95.3   0.270   0.187 -99.000 -99.000 -99.000    15.3    15.2 -9999.0 -9999.0 -9999.0
04237 20200926  2.623 -123.81   47.51    15.6     8.7    12.1    11.5     4.6     4.56 C    20.2     6.7    11.9    96.7    89.5    95.4   0.249   0.173 -99.000 -99.000 -99.000    14.8    14.8 -9999.0 -9999.0 -9999.0
04237 20200927  2.623 -123.81   47.51    19.5     8.1    13.8    12.4     0.0    12.39 C    24.7     6.3    13.1    96.9    52.0    88.7   0.234   0.160 -99.000 -99.000 -99.000    14.7    14.5 -9999.0 -9999.0 -9999.0
04237 20200928  2.623 -123.81   47.51    24.6     9.3    17.0    15.0     0.0    13.50 C    28.5     7.4    14.9    97.0    56.3    90.0   0.224   0.150 -99.000 -99.000 -99.000    15.1    14.9 -9999.0 -9999.0 -9999.0
04237 20200929  2.623 -123.81   47.51    27.0    11.3    19.2    16.9     0.0    13.84 C    30.7     8.8    16.4    96.3    49.4    87.4   0.216   0.142 -99.000 -99.000 -99.000    15.7    15.4 -9999.0 -9999.0 -9999.0
04237 20200930  2.623 -123.81   47.51    22.1    10.8    16.5    15.5     0.0    10.35 C    25.7     8.4    15.2    96.5    60.9    89.2   0.210   0.137 -99.000 -99.000 -99.000    15.6    15.4 -9999.0 -9999.0 -9999.0
04237 20201001  2.623 -123.81   47.51    20.7    11.8    16.2    15.1     0.0    10.92 C    24.7     9.3    15.9    96.3    69.2    91.0   0.206   0.134 -99.000 -99.000 -99.000    16.1    15.9 -9999.0 -9999.0 -9999.0
04237 20201002  2.623 -123.81   47.51    23.9     9.2    16.6    14.8     0.0    12.75 C    27.9     7.0    15.2    97.1    58.3    88.7   0.202   0.129 -99.000 -99.000 -99.000    15.6    15.4 -9999.0 -9999.0 -9999.0
04237 20201003  2.623 -123.81   47.51    14.5    12.4    13.4    13.4     0.0     2.49 C    17.1    13.3    14.7    96.1    90.2    93.8   0.199   0.127 -99.000 -99.000 -99.000    15.8    15.5 -9999.0 -9999.0 -9999.0
04237 20201004  2.623 -123.81   47.51    19.8    12.4    16.1    14.9     0.3     9.53 C    26.2    13.1    16.8    95.8    66.2    86.3   0.197   0.126 -99.000 -99.000 -99.000    16.2    15.9 -9999.0 -9999.0 -9999.0
04237 20201005  2.623 -123.81   47.51    21.5    11.7    16.6    15.6     0.0    12.76 C    27.1     9.8    16.6    95.7    59.4    84.2   0.194   0.123 -99.000 -99.000 -99.000    16.6    16.3 -9999.0 -9999.0 -9999.0
04237 20201006  2.623 -123.81   47.51    23.3     9.6    16.4    14.8     0.0    12.25 C    27.5     7.9    15.0    96.6    57.2    88.3   0.188   0.119 -99.000 -99.000 -99.000    15.8    15.6 -9999.0 -9999.0 -9999.0
04237 20201007  2.623 -123.81   47.51    23.0    10.5    16.8    15.1     0.0    12.02 C    27.6     8.6    15.8    96.7    61.2    88.5   0.184   0.116 -99.000 -99.000 -99.000    15.9    15.6 -9999.0 -9999.0 -9999.0
04237 20201008  2.623 -123.81   47.51    18.2    12.3    15.2    14.1     0.7     6.21 C    24.4    13.1    15.6    96.2    63.8    87.1   0.182   0.113 -99.000 -99.000 -99.000    16.0    15.7 -9999.0 -9999.0 -9999.0
04237 20201009  2.623 -123.81   47.51    16.9    12.8    14.9    13.9    43.1     4.84 C    23.3    12.9    15.2    96.2    78.0    93.3   0.207   0.135 -99.000 -99.000 -99.000    15.8    15.6 -9999.0 -9999.0 -9999.0
04237 20201010  2.623 -123.81   47.51    12.9     8.7    10.8    10.9    33.0     5.65 C    19.2     9.1    12.3    96.4    84.4    94.8   0.270   0.186 -99.000 -99.000 -99.000    14.7    14.7 -9999.0 -9999.0 -9999.0
04237 20201011  2.623 -123.81   47.51    14.9     6.3    10.6    10.3    92.6     0.53 C    14.5     5.0    10.4    96.9    92.9    95.5   0.271   0.191 -99.000 -99.000 -99.000    12.9    13.0 -9999.0 -9999.0 -9999.0
04237 20201012  2.623 -123.81   47.51    14.8     7.6    11.2    10.4     2.9    11.83 C    21.5     6.8    11.9    96.7    60.5    89.3   0.246   0.171 -99.000 -99.000 -99.000    13.3    13.2 -9999.0 -9999.0 -9999.0
04237 20201013  2.623 -123.81   47.51    13.6     8.7    11.1    10.8    63.2     3.44 C    19.3     9.0    11.5    96.4    86.0    94.5   0.275   0.195 -99.000 -99.000 -99.000    12.7    12.6 -9999.0 -9999.0 -9999.0
04237 20201014  2.623 -123.81   47.51    14.7     5.2     9.9     9.5     5.9     7.61 C    21.9     2.9    10.0    97.1    71.7    94.4   0.253   0.178 -99.000 -99.000 -99.000    12.7    12.7 -9999.0 -9999.0 -9999.0
04237 20201015  2.623 -123.81   47.51    15.4     4.5     9.9     9.2     0.0     8.93 C    19.5     2.5     9.6    97.3    56.6    89.9   0.234   0.161 -99.000 -99.000 -99.000    11.7    11.8 -9999.0 -9999.0 -9999.0
04237 20201016  2.623 -123.81   47.51    15.4     9.8    12.6    12.0    13.0     1.28 C    16.3     8.1    12.4    96.4    95.3    95.8   0.253   0.174 -99.000 -99.000 -99.000    12.8    12.7 -9999.0 -9999.0 -9999.0
04237 20201017  2.623 -123.81   47.51    13.6     7.3    10.4    10.1     0.6     6.18 C    18.6     5.4    11.0    96.9    79.1    93.1   0.240   0.166 -99.000 -99.000 -99.000    12.8    12.6 -9999.0 -9999.0 -9999.0
04237 20201018  2.623 -123.81   47.51    15.8     8.7    12.2    11.5    16.3     3.31 C    18.9     9.5    12.4    96.4    93.3    95.6   0.258   0.180 -99.000 -99.000 -99.000    12.9    12.8 -9999.0 -9999.0 -9999.0
04237 20201019  2.623 -123.81   47.51    13.6     6.7    10.2    10.9     0.6     4.50 C    19.2     5.4    11.7    96.7    75.9    93.3   0.241   0.166 -99.000 -99.000 -99.000    13.2    13.0 -9999.0 -9999.0 -9999.0
04237 20201020  2.623 -123.81   47.51    15.6     5.9    10.7     9.1     0.2     9.84 C    21.8     4.2     9.7    96.9    53.7    87.5   0.232   0.157 -99.000 -99.000 -99.000    12.3    12.2 -9999.0 -9999.0 -9999.0
