96404 20200101  2.514 -141.21   62.74    -7.7   -21.4   -14.5   -14.2     3.2     0.05 C    -8.0   -24.4   -15.0    91.7    78.8    83.8 -99.000 -99.000 -99.000 -99.000 -99.000 -9999.0 -9999.0 -9999.0 -9999.0 -9999.0
96404 20200102  2.514 -141.21   62.74   -16.1   -34.7   -25.4   -23.2     1.6     0.08 C   -15.6   -39.0   -26.1    82.3    69.6    77.2 -99.000 -99.000 -99.000 -99.000 -99.000 -9999.0 -9999.0 -9999.0 -9999.0 -9999.0
96404 20200103  2.514 -141.21   62.74   -22.2   -33.4   -27.8   -24.1     0.7     0.01 C   -20.9   -33.5   -23.6    83.0    71.1    76.8 -99.000 -99.000 -99.000 -99.000 -99.000 -9999.0 -9999.0 -9999.0 -9999.0 -9999.0
96404 20200104  2.514 -141.21   62.74   -21.4   -36.6   -29.0   -26.1     1.3     0.09 C   -21.6   -40.6   -28.6    77.3    67.3    74.2 -99.000 -99.000 -99.000 -99.000 -99.000 -9999.0 -9999.0 -9999.0 -9999.0 -9999.0
96404 20200105  2.514 -141.21   62.74   -27.4   -37.8   -32.6   -33.8     0.0     0.02 C   -27.2   -41.4   -36.5    72.8    66.3    68.9 -99.000 -99.000 -99.000 -99.000 -99.000 -9999.0 -9999.0 -9999.0 -9999.0 -9999.0
96404 20200106  2.514 -141.21   62.74   -31.4   -38.8   -35.1   -35.6     0.0     0.08 C   -31.0   -41.7   -38.5    70.8    65.8    67.8 -99.000 -99.000 -99.000 -99.000 -99.000 -9999.0 -9999.0 -9999.0 -9999.0 -9999.0
96404 20200107  2.514 -141.21   62.74   -29.3   -39.6   -34.4   -33.9     0.2     0.04 C   -27.8   -42.3   -34.6    71.4    65.3    68.6 -99.000 -99.000 -99.000 -99.000 -99.000 -9999.0 -9999.0 -9999.0 -9999.0 -9999.0
96404 20200108  2.514 -141.21   62.74   -27.4   -40.0   -33.7   -32.9     0.3     0.03 C   -26.0   -44.5   -35.0    72.7    64.8    69.4 -99.000 -99.000 -99.000 -99.000 -99.000 -9999.0 -9999.0 -9999.0 -9999.0 -9999.0
96404 20200109  2.514 -141.21   62.74   -35.9   -44.7   -40.3   -41.9     0.0     0.07 C   -41.9   -48.1   -46.2    67.9    62.6    64.3 -99.000 -99.000 -99.000 -99.000 -99.000 -9999.0 -9999.0 -9999.0 -9999.0 -9999.0
96404 20200110  2.514 -141.21   62.74   -36.0   -44.6   -40.3   -41.6     0.3     0.06 C   -41.8   -48.2   -45.9    68.4    61.6    64.0 -99.000 -99.000 -99.000 -99.000 -99.000 -9999.0 -9999.0 -9999.0 -9999.0 -9999.0
96404 20200111  2.514 -141.21   62.74   -37.6   -44.2   -40.9   -42.2     0.0     0.07 C   -42.7   -46.6   -45.3    72.2    62.6    63.6 -99.000 -99.000 -99.000 -99.000 -99.000 -9999.0 -9999.0 -9999.0 -9999.0 -9999.0
96404 20200112  2.514 -141.21   62.74   -37.1   -43.4   -40.2   -40.9     0.0     0.08 C   -42.0   -45.7   -44.5    71.4    61.9    64.1 -99.000 -99.000 -99.000 -99.000 -99.000 -9999.0 -9999.0 -9999.0 -9999.0 -9999.0
96404 20200113  2.514 -141.21   62.74   -30.0   -44.2   -37.1   -38.3     0.0     0.09 C   -26.8   -46.8   -38.8    70.3    62.3    65.6 -99.000 -99.000 -99.000 -99.000 -99.000 -9999.0 -9999.0 -9999.0 -9999.0 -9999.0
96404 20200114  2.514 -141.21   62.74   -24.6   -30.1   -27.3   -27.5     1.2     0.05 C   -23.1   -29.3   -25.8    75.1    69.8    72.5 -99.000 -99.000 -99.000 -99.000 -99.000 -9999.0 -9999.0 -9999.0 -9999.0 -9999.0
96404 20200115  2.514 -141.21   62.74   -22.8   -25.4   -24.1   -23.9     1.7     0.04 C   -22.6   -26.8   -24.0    76.7    74.7    75.8 -99.000 -99.000 -99.000 -99.000 -99.000 -9999.0 -9999.0 -9999.0 -9999.0 -9999.0
96404 20200116  2.514 -141.21   62.74   -25.4   -40.0   -32.7   -32.9     0.0     0.09 C   -26.2   -44.0   -36.9    75.7    66.8    70.9 -99.000 -99.000 -99.000 -99.000 -99.000 -9999.0 -9999.0 -9999.0 -9999.0 -9999.0
96404 20200117  2.514 -141.21   62.74   -32.0   -42.7   -37.4   -39.8     0.0     0.13 C   -39.3   -45.8   -44.3    74.6    64.7    66.7 -99.000 -99.000 -99.000 -99.000 -99.000 -9999.0 -9999.0 -9999.0 -9999.0 -9999.0
96404 20200118  2.514 -141.21   62.74   -35.0   -44.5   -39.8   -40.5     0.0     0.13 C   -39.0   -47.2   -43.5    69.6    63.7    65.6 -99.000 -99.000 -99.000 -99.000 -99.000 -9999.0 -9999.0 -9999.0 -9999.0 -9999.0
96404 20200119  2.514 -141.21   62.74   -28.9   -38.8   -33.8   -33.0     0.0     0.08 C   -25.4   -40.4   -32.7    72.4    65.9    69.3 -99.000 -99.000 -99.000 -99.000 -99.000 -9999.0 -9999.0 -9999.0 -9999.0 -9999.0
96404 20200120  2.514 -141.21   62.74   -26.7   -32.0   -29.4   -29.3     0.0     0.17 C   -25.8   -34.1   -30.3    73.6    70.2    72.0 -99.000 -99.000 -99.000 -99.000 -99.000 -9999.0 -9999.0 -9999.0 -9999.0 -9999.0
96404 20200121  2.514 -141.21   62.74   -23.8   -31.1   -27.5   -26.9     0.0     0.15 C   -22.7   -33.4   -28.2    75.9    71.3    73.7 -99.000 -99.000 -99.000 -99.000 -99.000 -9999.0 -9999.0 -9999.0 -9999.0 -9999.0
96404 20200122  2.514 -141.21   62.74   -19.7   -28.5   -24.1   -22.8     0.2     0.16 C   -18.3   -31.4   -22.0    86.2    73.1    77.1 -99.000 -99.000 -99.000 -99.000 -99.000 -9999.0 -9999.0 -9999.0 -9999.0 -9999.0
96404 20200123  2.514 -141.21   62.74   -17.5   -20.6   -19.0   -19.2     0.4     0.06 C   -17.3   -19.9   -18.8    79.4    77.3    78.2 -99.000 -99.000 -99.000 -99.000 -99.000 -9999.0 -9999.0 -9999.0 -9999.0 -9999.0
96404 20200124  2.514 -141.21   62.74   -19.2   -24.6   -21.9   -22.1     2.9     0.23 C   -19.3   -30.0   -23.3    78.0    74.2    76.2 -99.000 -99.000 -99.000 -99.000 -99.000 -9999.0 -9999.0 -9999.0 -9999.0 -9999.0
96404 20200125  2.514 -141.21   62.74   -24.0   -38.5   -31.2   -31.6     0.3     0.16 C   -24.6   -42.8   -34.1    75.1    66.0    70.1 -99.000 -99.000 -99.000 -99.000 -99.000 -9999.0 -9999.0 -9999.0 -9999.0 -9999.0
96404 20200126  2.514 -141.21   62.74   -25.5   -36.3   -30.9   -29.1     0.2     0.12 C   -24.2   -40.6   -29.9    74.1    67.1    71.4 -99.000 -99.000 -99.000 -99.000 -99.000 -9999.0 -9999.0 -9999.0 -9999.0 -9999.0
96404 20200127  2.514 -141.21   62.74   -29.6   -38.9   -34.3   -33.3     0.0     0.16 C   -27.7   -41.9   -34.0    71.8    65.6    69.1 -99.000 -99.000 -99.000 -99.000 -99.000 -9999.0 -9999.0 -9999.0 -9999.0 -9999.0
96404 20200128  2.514 -141.21   62.74   -27.2   -35.8   -31.5   -30.9     0.0     0.07 C   -25.0   -39.0   -31.0    72.9    67.3    70.5 -99.000 -99.000 -99.000 -99.000 -99.000 -9999.0 -9999.0 -9999.0 -9999.0 -9999.0
96404 20200129  2.514 -141.21   62.74   -19.8   -31.5   -25.7   -25.3     0.3     0.11 C   -18.7   -34.4   -25.0    78.2    71.0    74.6 -99.000 -99.000 -99.000 -99.000 -99.000 -9999.0 -9999.0 -9999.0 -9999.0 -9999.0
96404 20200130  2.514 -141.21   62.74   -23.1   -35.2   -29.1   -30.1     0.0     0.48 C   -25.4   -37.6   -33.4    76.9    68.6    72.1 -99.000 -99.000 -99.000 -99.000 -99.000 -9999.0 -9999.0 -9999.0 -9999.0 -9999.0
96404 20200131  2.514 -141.21   62.74   -24.7   -32.8   -28.7   -27.2     0.0     0.10 C   -24.2   -35.4   -27.6    76.2    70.1    74.0 -99.000 -99.000 -99.000 -99.000 -99.000 -9999.0 -9999.0 -9999.0 -9999.0 -9999.0
96404 20200201  2.514 -141.21   62.74   -25.2   -34.8   -30.0   -26.9     0.3     0.18 C   -24.4   -40.5   -28.2    75.0    67.4    71.7 -99.000 -99.000 -99.000 -99.000 -99.000 -9999.0 -9999.0 -9999.0 -9999.0 -9999.0
96404 20200202  2.514 -141.21   62.74   -21.0   -35.7   -28.3   -25.8     0.0     0.86 C   -21.7   -40.9   -29.4    75.3    63.7    69.7 -99.000 -99.000 -99.000 -99.000 -99.000 -9999.0 -9999.0 -9999.0 -9999.0 -9999.0
96404 20200203  2.514 -141.21   62.74   -16.4   -23.3   -19.9   -20.0     0.0     1.65 C   -19.4   -27.1   -23.0    78.4    62.5    70.8 -99.000 -99.000 -99.000 -99.000 -99.000 -9999.0 -9999.0 -9999.0 -9999.0 -9999.0
96404 20200204  2.514 -141.21   62.74   -15.3   -24.2   -19.8   -19.5     0.0     1.59 C   -15.6   -27.1   -20.3    81.2    70.4    76.4 -99.000 -99.000 -99.000 -99.000 -99.000 -9999.0 -9999.0 -9999.0 -9999.0 -9999.0
96404 20200205  2.514 -141.21   62.74   -11.9   -21.7   -16.8   -16.3     0.7     0.72 C   -13.4   -24.5   -17.3    84.0    75.6    79.8 -99.000 -99.000 -99.000 -99.000 -99.000 -9999.0 -9999.0 -9999.0 -9999.0 -9999.0
96404 20200206  2.514 -141.21   62.74    -7.2   -20.8   -14.0   -12.7     0.0     1.89 C    -9.0   -23.7   -16.1    88.9    74.0    81.2 -99.000 -99.000 -99.000 -99.000 -99.000 -9999.0 -9999.0 -9999.0 -9999.0 -9999.0
96404 20200207  2.514 -141.21   62.74    -8.4   -20.9   -14.6   -14.2     0.0     1.54 C   -12.5   -23.9   -18.8    88.9    74.3    81.6 -99.000 -99.000 -99.000 -99.000 -99.000 -9999.0 -9999.0 -9999.0 -9999.0 -9999.0
96404 20200208  2.514 -141.21   62.74    -6.9   -21.6   -14.3   -13.5     0.0     1.61 C   -10.0   -24.8   -17.1    90.1    66.3    78.0 -99.000 -99.000 -99.000 -99.000 -99.000 -9999.0 -9999.0 -9999.0 -9999.0 -9999.0
96404 20200209  2.514 -141.21   62.74     0.0   -21.4   -10.7    -5.5     0.0     2.04 C    -8.2   -24.5   -13.4    89.4    47.8    67.5 -99.000 -99.000 -99.000 -99.000 -99.000 -9999.0 -9999.0 -9999.0 -9999.0 -9999.0
96404 20200210  2.514 -141.21   62.74    -4.7   -23.4   -14.1   -13.5     3.4     0.89 C   -10.8   -31.1   -15.9    85.0    58.3    72.5 -99.000 -99.000 -99.000 -99.000 -99.000 -9999.0 -9999.0 -9999.0 -9999.0 -9999.0
96404 20200211  2.514 -141.21   62.74   -17.6   -33.3   -25.4   -25.7     0.0     2.83 C   -19.0   -38.4   -30.2    76.9    59.0    71.7 -99.000 -99.000 -99.000 -99.000 -99.000 -9999.0 -9999.0 -9999.0 -9999.0 -9999.0
96404 20200212  2.514 -141.21   62.74   -18.5   -22.8   -20.6   -20.3     9.3     0.46 C   -18.2   -22.1   -19.6    80.3    74.1    77.4 -99.000 -99.000 -99.000 -99.000 -99.000 -9999.0 -9999.0 -9999.0 -9999.0 -9999.0
96404 20200213  2.514 -141.21   62.74   -17.6   -39.8   -28.7   -26.4     1.5     1.25 C   -18.3   -44.0   -29.7    80.5    65.9    71.7 -99.000 -99.000 -99.000 -99.000 -99.000 -9999.0 -9999.0 -9999.0 -9999.0 -9999.0
96404 20200214  2.514 -141.21   62.74   -27.8   -42.1   -35.0   -37.0     0.0     2.02 C   -30.4   -45.6   -41.9    73.3    65.4    67.7 -99.000 -99.000 -99.000 -99.000 -99.000 -9999.0 -9999.0 -9999.0 -9999.0 -9999.0
96404 20200215  2.514 -141.21   62.74   -27.5   -43.4   -35.4   -37.5     0.0     2.23 C   -32.2   -46.6   -42.3    70.9    64.0    66.4 -99.000 -99.000 -99.000 -99.000 -99.000 -9999.0 -9999.0 -9999.0 -9999.0 -9999.0
96404 20200216  2.514 -141.21   62.74   -26.1   -42.4   -34.2   -33.6     0.0     2.45 C   -29.8   -46.3   -38.8    74.3    60.8    66.7 -99.000 -99.000 -99.000 -99.000 -99.000 -9999.0 -9999.0 -9999.0 -9999.0 -9999.0
96404 20200217  2.514 -141.21   62.74   -21.4   -33.4   -27.4   -26.6     0.0     0.75 C   -20.4   -37.1   -26.8    74.7    62.8    69.5 -99.000 -99.000 -99.000 -99.000 -99.000 -9999.0 -9999.0 -9999.0 -9999.0 -9999.0
96404 20200218  2.514 -141.21   62.74   -19.5   -28.0   -23.8   -24.5     0.0     1.05 C   -21.1   -29.3   -25.9    76.6    67.4    73.1 -99.000 -99.000 -99.000 -99.000 -99.000 -9999.0 -9999.0 -9999.0 -9999.0 -9999.0
96404 20200219  2.514 -141.21   62.74    -2.3   -27.5   -14.9   -13.2     0.0     1.03 C    -9.0   -29.0   -17.5    80.4    54.8    70.6 -99.000 -99.000 -99.000 -99.000 -99.000 -9999.0 -9999.0 -9999.0 -9999.0 -9999.0
96404 20200220  2.514 -141.21   62.74    -2.4   -20.9   -11.7   -10.5     0.0     3.99 C    -7.2   -24.4   -15.4    86.7    46.3    66.1 -99.000 -99.000 -99.000 -99.000 -99.000 -9999.0 -9999.0 -9999.0 -9999.0 -9999.0
96404 20200221  2.514 -141.21   62.74    -7.1   -20.7   -13.9   -14.4     0.0     2.95 C   -10.1   -23.0   -17.2    86.2    65.7    78.7 -99.000 -99.000 -99.000 -99.000 -99.000 -9999.0 -9999.0 -9999.0 -9999.0 -9999.0
96404 20200222  2.514 -141.21   62.74    -2.0   -24.6   -13.3   -13.1     0.0     5.47 C    -7.8   -29.1   -17.7    87.2    45.0    75.4 -99.000 -99.000 -99.000 -99.000 -99.000 -9999.0 -9999.0 -9999.0 -9999.0 -9999.0
96404 20200223  2.514 -141.21   62.74   -16.1   -27.4   -21.7   -18.9     4.0     2.35 C   -16.3   -32.2   -20.2    82.0    73.4    77.1 -99.000 -99.000 -99.000 -99.000 -99.000 -9999.0 -9999.0 -9999.0 -9999.0 -9999.0
96404 20200224  2.514 -141.21   62.74   -15.6   -34.4   -25.0   -25.6     0.0     5.83 C   -20.8   -38.8   -32.4    79.8    42.0    68.7 -99.000 -99.000 -99.000 -99.000 -99.000 -9999.0 -9999.0 -9999.0 -9999.0 -9999.0
96404 20200225  2.514 -141.21   62.74   -21.6   -36.7   -29.2   -27.2     0.9     1.40 C   -20.2   -40.3   -27.8    78.5    68.6    73.4 -99.000 -99.000 -99.000 -99.000 -99.000 -9999.0 -9999.0 -9999.0 -9999.0 -9999.0
96404 20200226  2.514 -141.21   62.74   -17.5   -32.0   -24.8   -24.3     0.0     3.15 C   -19.9   -34.6   -27.6    78.7    65.7    72.8 -99.000 -99.000 -99.000 -99.000 -99.000 -9999.0 -9999.0 -9999.0 -9999.0 -9999.0
96404 20200227  2.514 -141.21   62.74   -14.2   -28.3   -21.3   -20.1     0.4     5.55 C   -14.5   -32.3   -23.0    81.2    59.9    72.3 -99.000 -99.000 -99.000 -99.000 -99.000 -9999.0 -9999.0 -9999.0 -9999.0 -9999.0
96404 20200228  2.514 -141.21   62.74   -14.8   -33.0   -23.9   -21.3     0.0     6.44 C   -18.4   -38.0   -25.9    81.0    56.3    70.9 -99.000 -99.000 -99.000 -99.000 -99.000 -9999.0 -9999.0 -9999.0 -9999.0 -9999.0
96404 20200229  2.514 -141.21   62.74   -14.3   -30.1   -22.2   -20.1     0.0     5.08 C   -16.7   -35.7   -25.1    81.4    55.4    70.9 -99.000 -99.000 -99.000 -99.000 -99.000 -9999.0 -9999.0 -9999.0 -9999.0 -9999.0
96404 20200301  2.514 -141.21   62.74   -10.0   -19.1   -14.5   -14.5     1.8     1.83 C   -10.5   -19.3   -14.8    85.3    71.1    76.5 -99.000 -99.000 -99.000 -99.000 -99.000 -9999.0 -9999.0 -9999.0 -9999.0 -9999.0
96404 20200302  2.514 -141.21   62.74   -11.0   -18.6   -14.8   -14.4     1.2     1.94 C   -11.4   -20.9   -15.0    84.5    71.3    78.6 -99.000 -99.000 -99.000 -99.000 -99.000 -9999.0 -9999.0 -9999.0 -9999.0 -9999.0
96404 20200303  2.514 -141.21   62.74   -18.4   -25.4   -21.9   -20.4     2.9     5.87 C   -16.9   -28.5   -21.2    79.1    66.1    74.1 -99.000 -99.000 -99.000 -99.000 -99.000 -9999.0 -9999.0 -9999.0 -9999.0 -9999.0
96404 20200304  2.514 -141.21   62.74   -21.1   -28.5   -24.8   -23.2     1.5     1.71 C   -21.1   -31.7   -24.3    77.6    62.4    70.8 -99.000 -99.000 -99.000 -99.000 -99.000 -9999.0 -9999.0 -9999.0 -9999.0 -9999.0
96404 20200305  2.514 -141.21   62.74   -20.6   -38.2   -29.4   -29.7     0.0     3.97 C   -23.5   -42.8   -34.4    74.8    51.2    66.5 -99.000 -99.000 -99.000 -99.000 -99.000 -9999.0 -9999.0 -9999.0 -9999.0 -9999.0
96404 20200306  2.514 -141.21   62.74   -17.4   -39.7   -28.6   -27.9     0.0     5.18 C   -20.6   -43.1   -32.4    74.5    46.0    64.4 -99.000 -99.000 -99.000 -99.000 -99.000 -9999.0 -9999.0 -9999.0 -9999.0 -9999.0
96404 20200307  2.514 -141.21   62.74   -10.0   -25.3   -17.6   -16.9     0.0     4.06 C   -11.0   -29.6   -19.0    73.3    44.8    60.8 -99.000 -99.000 -99.000 -99.000 -99.000 -9999.0 -9999.0 -9999.0 -9999.0 -9999.0
96404 20200308  2.514 -141.21   62.74    -5.5   -21.6   -13.5   -13.8     0.0     5.05 C   -10.0   -25.1   -16.7    84.1    50.5    68.3 -99.000 -99.000 -99.000 -99.000 -99.000 -9999.0 -9999.0 -9999.0 -9999.0 -9999.0
96404 20200309  2.514 -141.21   62.74    -8.1   -26.4   -17.2   -18.0     0.4     7.91 C   -10.2   -30.4   -21.9    82.1    55.4    72.5 -99.000 -99.000 -99.000 -99.000 -99.000 -9999.0 -9999.0 -9999.0 -9999.0 -9999.0
96404 20200310  2.514 -141.21   62.74   -15.1   -29.7   -22.4   -17.8     3.2     4.24 C   -15.9   -36.3   -19.2    80.1    64.9    73.5 -99.000 -99.000 -99.000 -99.000 -99.000 -9999.0 -9999.0 -9999.0 -9999.0 -9999.0
96404 20200311  2.514 -141.21   62.74   -16.4   -37.9   -27.2   -27.5     0.0     9.77 C   -19.1   -41.9   -32.9    76.9    48.3    64.8 -99.000 -99.000 -99.000 -99.000 -99.000 -9999.0 -9999.0 -9999.0 -9999.0 -9999.0
96404 20200312  2.514 -141.21   62.74   -12.1   -33.6   -22.8   -22.4     0.0     9.49 C   -15.7   -39.2   -28.6    78.2    43.8    64.2 -99.000 -99.000 -99.000 -99.000 -99.000 -9999.0 -9999.0 -9999.0 -9999.0 -9999.0
96404 20200313  2.514 -141.21   62.74    -5.2   -21.2   -13.2   -13.9     0.0     7.08 C    -9.9   -27.9   -18.6    77.6    29.5    53.0 -99.000 -99.000 -99.000 -99.000 -99.000 -9999.0 -9999.0 -9999.0 -9999.0 -9999.0
96404 20200314  2.514 -141.21   62.74    -3.5   -23.5   -13.5   -12.2     0.0     9.13 C    -8.0   -27.1   -17.4    81.5    32.7    56.8 -99.000 -99.000 -99.000 -99.000 -99.000 -9999.0 -9999.0 -9999.0 -9999.0 -9999.0
96404 20200315  2.514 -141.21   62.74     1.4   -18.4    -8.5    -8.7     0.0     9.51 C    -4.1   -22.7   -14.5    81.6    24.1    56.1 -99.000 -99.000 -99.000 -99.000 -99.000 -9999.0 -9999.0 -9999.0 -9999.0 -9999.0
96404 20200316  2.514 -141.21   62.74    -1.0   -20.6   -10.8   -10.5     0.0     9.67 C    -4.2   -25.5   -15.3    87.7    50.6    70.6 -99.000 -99.000 -99.000 -99.000 -99.000 -9999.0 -9999.0 -9999.0 -9999.0 -9999.0
96404 20200317  2.514 -141.21   62.74     1.1   -18.5    -8.7    -7.6     0.0     8.70 C    -3.7   -22.4   -12.4    88.7    39.4    67.0 -99.000 -99.000 -99.000 -99.000 -99.000 -9999.0 -9999.0 -9999.0 -9999.0 -9999.0
96404 20200318  2.514 -141.21   62.74     1.7   -15.6    -7.0    -4.5     6.0     5.03 C    -0.2   -20.8    -7.0    92.5    60.5    81.0 -99.000 -99.000 -99.000 -99.000 -99.000 -9999.0 -9999.0 -9999.0 -9999.0 -9999.0
96404 20200319  2.514 -141.21   62.74     3.6   -15.9    -6.2    -3.1     0.0     9.42 C    -1.2   -21.0    -8.3    93.1    49.5    71.8 -99.000 -99.000 -99.000 -99.000 -99.000 -9999.0 -9999.0 -9999.0 -9999.0 -9999.0
96404 20200320  2.514 -141.21   62.74     3.0   -13.3    -5.2    -2.7     2.2     6.76 C    -0.8   -19.3    -6.8    92.4    38.8    71.5 -99.000 -99.000 -99.000 -99.000 -99.000 -9999.0 -9999.0 -9999.0 -9999.0 -9999.0
96404 20200321  2.514 -141.21   62.74     0.6    -6.8    -3.1    -2.5     1.3     3.41 C    -2.5   -14.4    -5.2    93.1    50.0    70.5 -99.000 -99.000 -99.000 -99.000 -99.000 -9999.0 -9999.0 -9999.0 -9999.0 -9999.0
96404 20200322  2.514 -141.21   62.74    -3.5   -10.0    -6.7    -5.9     0.3    11.52 C    -4.9   -17.5    -9.5    91.9    44.5    65.1 -99.000 -99.000 -99.000 -99.000 -99.000 -9999.0 -9999.0 -9999.0 -9999.0 -9999.0
96404 20200323  2.514 -141.21   62.74    -1.4   -13.9    -7.6    -6.8     0.6     5.47 C    -4.2   -16.9    -8.6    86.4    43.5    69.2 -99.000 -99.000 -99.000 -99.000 -99.000 -9999.0 -9999.0 -9999.0 -9999.0 -9999.0
96404 20200324  2.514 -141.21   62.74     5.0   -12.8    -3.9    -3.3     0.0     9.71 C     0.0   -16.5    -6.8    86.6    44.8    68.7 -99.000 -99.000 -99.000 -99.000 -99.000 -9999.0 -9999.0 -9999.0 -9999.0 -9999.0
96404 20200325  2.514 -141.21   62.74     4.4   -11.4    -3.5    -1.7     0.0     5.13 C     0.1   -16.6    -6.1    91.8    44.9    71.5 -99.000 -99.000 -99.000 -99.000 -99.000 -9999.0 -9999.0 -9999.0 -9999.0 -9999.0
96404 20200326  2.514 -141.21   62.74    -3.6   -13.2    -8.4    -6.5     1.2     6.02 C    -4.1   -16.0    -8.2    90.4    34.1    65.6 -99.000 -99.000 -99.000 -99.000 -99.000 -9999.0 -9999.0 -9999.0 -9999.0 -9999.0
96404 20200327  2.514 -141.21   62.74   -11.1   -27.8   -19.5   -18.0     0.0    13.69 C   -13.6   -33.9   -24.1    77.5    26.4    47.1 -99.000 -99.000 -99.000 -99.000 -99.000 -9999.0 -9999.0 -9999.0 -9999.0 -9999.0
96404 20200328  2.514 -141.21   62.74   -10.9   -29.0   -19.9   -18.7     0.0    12.35 C   -12.4   -33.3   -24.1    66.1    26.7    41.5 -99.000 -99.000 -99.000 -99.000 -99.000 -9999.0 -9999.0 -9999.0 -9999.0 -9999.0
96404 20200329  2.514 -141.21   62.74   -10.0   -36.5   -23.2   -23.0     0.0    14.49 C   -12.6   -38.9   -27.1    72.5    21.9    48.6 -99.000 -99.000 -99.000 -99.000 -99.000 -9999.0 -9999.0 -9999.0 -9999.0 -9999.0
96404 20200330  2.514 -141.21   62.74    -8.4   -35.8   -22.1   -20.9     0.0    14.70 C   -10.7   -37.4   -25.3    73.6    23.4    47.2 -99.000 -99.000 -99.000 -99.000 -99.000 -9999.0 -9999.0 -9999.0 -9999.0 -9999.0
96404 20200331  2.514 -141.21   62.74    -5.7   -31.1   -18.4   -16.7     0.0    14.72 C    -8.4   -34.2   -21.6    75.0    25.1    47.6 -99.000 -99.000 -99.000 -99.000 -99.000 -9999.0 -9999.0 -9999.0 -9999.0 -9999.0
96404 20200401  2.514 -141.21   62.74    -0.8   -27.3   -14.1   -13.1     0.0    15.06 C    -4.8   -29.6   -18.2    81.0    26.0    51.5 -99.000 -99.000 -99.000 -99.000 -99.000 -9999.0 -9999.0 -9999.0 -9999.0 -9999.0
96404 20200402  2.514 -141.21   62.74     1.9   -22.5   -10.3    -7.5     0.0    12.97 C    -2.1   -26.6   -12.4    81.4    24.2    50.4 -99.000 -99.000 -99.000 -99.000 -99.000 -9999.0 -9999.0 -9999.0 -9999.0 -9999.0
96404 20200403  2.514 -141.21   62.74    -1.2    -9.0    -5.1    -4.6     3.8     6.91 C    -1.0   -13.8    -6.0    90.5    58.3    79.0 -99.000 -99.000 -99.000 -99.000 -99.000 -9999.0 -9999.0 -9999.0 -9999.0 -9999.0
96404 20200404  2.514 -141.21   62.74     2.4   -16.8    -7.2    -4.1     0.0     9.58 C    -0.5   -21.5    -7.8    91.3    48.5    69.3 -99.000 -99.000 -99.000 -99.000 -99.000 -9999.0 -9999.0 -9999.0 -9999.0 -9999.0
96404 20200405  2.514 -141.21   62.74     5.6    -5.6     0.0     0.0     2.7    10.39 C     0.2   -11.7    -3.0    89.5    41.5    61.6 -99.000 -99.000 -99.000 -99.000 -99.000 -9999.0 -9999.0 -9999.0 -9999.0 -9999.0
96404 20200406  2.514 -141.21   62.74    -3.1   -23.6   -13.4    -8.6     1.5    15.37 C    -4.7   -26.0   -11.2    88.5    34.7    64.4 -99.000 -99.000 -99.000 -99.000 -99.000 -9999.0 -9999.0 -9999.0 -9999.0 -9999.0
96404 20200407  2.514 -141.21   62.74    -2.4   -27.2   -14.8   -13.3     0.0    16.07 C    -5.8   -28.9   -16.5    78.7    29.9    55.3 -99.000 -99.000 -99.000 -99.000 -99.000 -9999.0 -9999.0 -9999.0 -9999.0 -9999.0
96404 20200408  2.514 -141.21   62.74    -4.8   -19.0   -11.9    -9.9     0.4     9.14 C    -4.7   -23.0   -11.4    88.2    48.9    70.9 -99.000 -99.000 -99.000 -99.000 -99.000 -9999.0 -9999.0 -9999.0 -9999.0 -9999.0
96404 20200409  2.514 -141.21   62.74    -2.1   -22.0   -12.1   -11.4     0.0    16.95 C    -5.3   -24.3   -15.6    85.1    28.9    58.5 -99.000 -99.000 -99.000 -99.000 -99.000 -9999.0 -9999.0 -9999.0 -9999.0 -9999.0
96404 20200410  2.514 -141.21   62.74     1.4   -23.5   -11.0    -8.0     0.0    13.64 C    -3.0   -26.8   -14.0    82.2    21.6    49.2 -99.000 -99.000 -99.000 -99.000 -99.000 -9999.0 -9999.0 -9999.0 -9999.0 -9999.0
96404 20200411  2.514 -141.21   62.74     7.6   -18.2    -5.3    -3.6     0.0    17.38 C    -0.6   -22.1    -9.8    81.0    21.2    47.9 -99.000 -99.000 -99.000 -99.000 -99.000 -9999.0 -9999.0 -9999.0 -9999.0 -9999.0
96404 20200412  2.514 -141.21   62.74     9.2   -10.9    -0.9     1.2     0.0    12.63 C     0.3   -14.6    -4.7    77.7    23.2    46.3 -99.000 -99.000 -99.000 -99.000 -99.000 -9999.0 -9999.0 -9999.0 -9999.0 -9999.0
96404 20200413  2.514 -141.21   62.74     8.8    -3.8     2.5     3.0     0.2    10.75 C     0.1    -4.9    -1.0    93.1    43.7    67.5 -99.000 -99.000 -99.000 -99.000 -99.000 -9999.0 -9999.0 -9999.0 -9999.0 -9999.0
96404 20200414  2.514 -141.21   62.74    11.7    -7.6     2.0     3.1     0.0    17.61 C     0.0    -9.0    -2.8    94.7    33.5    64.3 -99.000 -99.000 -99.000 -99.000 -99.000 -9999.0 -9999.0 -9999.0 -9999.0 -9999.0
96404 20200415  2.514 -141.21   62.74    13.3    -3.9     4.7     5.5     0.0    14.38 C     0.2    -6.2    -1.5    85.8    30.5    55.6 -99.000 -99.000 -99.000 -99.000 -99.000 -9999.0 -9999.0 -9999.0 -9999.0 -9999.0
96404 20200416  2.514 -141.21   62.74    10.3    -1.9     4.2     5.1     0.0    11.31 C     0.2    -2.7    -0.3    91.9    50.0    67.0 -99.000 -99.000 -99.000 -99.000 -99.000 -9999.0 -9999.0 -9999.0 -9999.0 -9999.0
96404 20200417  2.514 -141.21   62.74    11.4    -4.6     3.4     4.1     0.0    11.23 C     0.2    -6.0    -1.4    95.2    34.9    66.9 -99.000 -99.000 -99.000 -99.000 -99.000 -9999.0 -9999.0 -9999.0 -9999.0 -9999.0
96404 20200418  2.514 -141.21   62.74    13.7    -0.1     6.8     7.1     0.0    18.21 C     0.1    -3.4    -0.9    83.7    35.0    57.1 -99.000 -99.000 -99.000 -99.000 -99.000 -9999.0 -9999.0 -9999.0 -9999.0 -9999.0
96404 20200419  2.514 -141.21   62.74    15.8    -0.5     7.6     7.9     0.0    16.02 C     1.3    -2.8    -0.4    86.8    29.8    54.9 -99.000 -99.000 -99.000 -99.000 -99.000 -9999.0 -9999.0 -9999.0 -9999.0 -9999.0
96404 20200420  2.514 -141.21   62.74     8.2     1.1     4.6     4.8     2.0     7.97 C     4.0    -0.4     1.0    87.5    60.3    74.7 -99.000 -99.000 -99.000 -99.000 -99.000 -9999.0 -9999.0 -9999.0 -9999.0 -9999.0
96404 20200421  2.514 -141.21   62.74    10.3    -2.2     4.1     4.7     2.7    13.24 C    11.6    -1.9     3.1    95.5    38.2    71.7 -99.000 -99.000 -99.000 -99.000 -99.000 -9999.0 -9999.0 -9999.0 -9999.0 -9999.0
96404 20200422  2.514 -141.21   62.74     9.6    -4.1     2.7     2.4     0.0    14.19 C    16.5    -3.3     3.4    94.0    42.2    71.0 -99.000 -99.000 -99.000 -99.000 -99.000 -9999.0 -9999.0 -9999.0 -9999.0 -9999.0
96404 20200423  2.514 -141.21   62.74     7.6    -4.8     1.4     2.1     0.4     9.27 C    10.4    -3.1     3.0    95.5    42.5    71.5 -99.000 -99.000 -99.000 -99.000 -99.000 -9999.0 -9999.0 -9999.0 -9999.0 -9999.0
96404 20200424  2.514 -141.21   62.74     2.7    -4.1    -0.7    -0.3     3.8     8.41 C    11.1    -2.5     1.4    95.9    57.8    84.3 -99.000 -99.000 -99.000 -99.000 -99.000 -9999.0 -9999.0 -9999.0 -9999.0 -9999.0
96404 20200425  2.514 -141.21   62.74     2.8    -7.5    -2.4    -2.6     0.0    18.74 C    17.0    -5.0     2.7    64.3    20.1    37.5 -99.000 -99.000 -99.000 -99.000 -99.000 -9999.0 -9999.0 -9999.0 -9999.0 -9999.0
96404 20200426  2.514 -141.21   62.74     8.2   -11.4    -1.6    -0.7     0.0    21.10 C    17.6    -7.1     3.1    79.7    23.1    41.5 -99.000 -99.000 -99.000 -99.000 -99.000 -9999.0 -9999.0 -9999.0 -9999.0 -9999.0
96404 20200427  2.514 -141.21   62.74     9.5   -11.1    -0.8     0.1     0.0    19.51 C    20.5    -6.5     3.9    87.2    20.8    50.2 -99.000 -99.000 -99.000 -99.000 -99.000 -9999.0 -9999.0 -9999.0 -9999.0 -9999.0
96404 20200428  2.514 -141.21   62.74    11.3   -10.5     0.4     1.5     0.0    20.99 C    21.9    -6.3     5.1    86.6    20.2    47.8 -99.000 -99.000 -99.000 -99.000 -99.000 -9999.0 -9999.0 -9999.0 -9999.0 -9999.0
96404 20200429  2.514 -141.21   62.74     5.7    -2.0     1.8     1.4     0.7     9.19 C    15.8    -1.9     3.4    90.8    37.0    58.7 -99.000 -99.000 -99.000 -99.000 -99.000 -9999.0 -9999.0 -9999.0 -9999.0 -9999.0
96404 20200430  2.514 -141.21   62.74     5.8    -5.2     0.3     0.0     0.2    15.64 C    19.5    -5.8     3.3    92.2    46.2    65.1 -99.000 -99.000 -99.000 -99.000 -99.000 -9999.0 -9999.0 -9999.0 -9999.0 -9999.0
96404 20200501  2.514 -141.21   62.74    10.2    -4.6     2.8     3.6     0.0    13.16 C    22.0    -3.5     5.5    86.7    27.1    57.8 -99.000 -99.000 -99.000 -99.000 -99.000 -9999.0 -9999.0 -9999.0 -9999.0 -9999.0
96404 20200502  2.514 -141.21   62.74    11.1    -8.3     1.4     3.4     0.0    14.68 C    19.4    -5.1     5.4    91.7    25.2    52.9 -99.000 -99.000 -99.000 -99.000 -99.000 -9999.0 -9999.0 -9999.0 -9999.0 -9999.0
96404 20200503  2.514 -141.21   62.74    13.6    -0.3     6.7     5.8     0.2    14.53 C    24.7    -1.3     7.6    94.1    27.0    50.5 -99.000 -99.000 -99.000 -99.000 -99.000 -9999.0 -9999.0 -9999.0 -9999.0 -9999.0
96404 20200504  2.514 -141.21   62.74    15.1    -3.3     5.9     5.1     0.0    19.25 C    29.6    -2.6     8.6    96.4    26.7    67.9 -99.000 -99.000 -99.000 -99.000 -99.000 -9999.0 -9999.0 -9999.0 -9999.0 -9999.0
96404 20200505  2.514 -141.21   62.74    16.1    -4.6     5.8     6.2     0.0    17.25 C    28.5    -3.5     7.5    93.7    29.9    58.4 -99.000 -99.000 -99.000 -99.000 -99.000 -9999.0 -9999.0 -9999.0 -9999.0 -9999.0
96404 20200506  2.514 -141.21   62.74    16.1    -2.3     6.9     7.1     0.6    16.49 C    28.8    -2.3     8.0    92.0    25.4    58.7 -99.000 -99.000 -99.000 -99.000 -99.000 -9999.0 -9999.0 -9999.0 -9999.0 -9999.0
96404 20200507  2.514 -141.21   62.74    16.6    -2.3     7.1     7.9     0.7    18.28 C    30.8    -2.0     9.4    91.2    21.7    54.1 -99.000 -99.000 -99.000 -99.000 -99.000 -9999.0 -9999.0 -9999.0 -9999.0 -9999.0
96404 20200508  2.514 -141.21   62.74    18.4    -2.2     8.1     9.8     0.0    17.47 C    26.0    -2.5     8.6    73.5    16.1    35.6 -99.000 -99.000 -99.000 -99.000 -99.000 -9999.0 -9999.0 -9999.0 -9999.0 -9999.0
96404 20200509  2.514 -141.21   62.74    23.9    -2.7    10.6    13.0     0.0    21.71 C    28.5    -2.4    11.4    77.7    12.0    32.5 -99.000 -99.000 -99.000 -99.000 -99.000 -9999.0 -9999.0 -9999.0 -9999.0 -9999.0
96404 20200510  2.514 -141.21   62.74    24.7     3.8    14.2    16.3     0.0    22.91 C    31.4    -1.1    13.6    65.8    16.5    31.7 -99.000 -99.000 -99.000 -99.000 -99.000 -9999.0 -9999.0 -9999.0 -9999.0 -9999.0
96404 20200511  2.514 -141.21   62.74    22.9     0.9    11.9    15.6     0.0    23.25 C    31.4    -0.8    14.1    77.9    14.5    30.1 -99.000 -99.000 -99.000 -99.000 -99.000 -9999.0 -9999.0 -9999.0 -9999.0 -9999.0
96404 20200512  2.514 -141.21   62.74    20.1    -2.8     8.7    10.8     0.0    20.68 C    29.4    -2.2    12.9    89.4    28.1    54.7 -99.000 -99.000 -99.000 -99.000 -99.000 -9999.0 -9999.0 -9999.0 -9999.0 -9999.0
96404 20200513  2.514 -141.21   62.74    18.4     0.5     9.4    11.0     0.0    21.52 C    31.5    -0.5    12.9    89.4    19.3    42.4 -99.000 -99.000 -99.000 -99.000 -99.000 -9999.0 -9999.0 -9999.0 -9999.0 -9999.0
96404 20200514  2.514 -141.21   62.74    11.0     3.4     7.2     7.3     0.0     9.84 C    20.3     2.5     8.9    89.4    29.8    55.8 -99.000 -99.000 -99.000 -99.000 -99.000 -9999.0 -9999.0 -9999.0 -9999.0 -9999.0
96404 20200515  2.514 -141.21   62.74    17.9     2.0    10.0     9.8     0.0    16.83 C    31.2     1.9    12.2    91.4    27.2    60.0 -99.000 -99.000 -99.000 -99.000 -99.000 -9999.0 -9999.0 -9999.0 -9999.0 -9999.0
96404 20200516  2.514 -141.21   62.74    16.1     0.1     8.1     8.9     0.0    15.60 C    28.3    -1.0    10.5    90.4    21.8    55.7 -99.000 -99.000 -99.000 -99.000 -99.000 -9999.0 -9999.0 -9999.0 -9999.0 -9999.0
96404 20200517  2.514 -141.21   62.74    12.6    -0.5     6.0     5.8     0.0    17.80 C    28.9    -2.9     8.8    84.7    24.3    50.2 -99.000 -99.000 -99.000 -99.000 -99.000 -9999.0 -9999.0 -9999.0 -9999.0 -9999.0
96404 20200518  2.514 -141.21   62.74    18.7    -0.7     9.0    10.0     0.0    21.63 C    31.6    -3.2    11.1    57.3    19.8    30.9 -99.000 -99.000 -99.000 -99.000 -99.000 -9999.0 -9999.0 -9999.0 -9999.0 -9999.0
96404 20200519  2.514 -141.21   62.74    17.4     6.4    11.9    11.3     0.0    15.56 C    31.8     2.6    12.2    66.0    22.7    34.2 -99.000 -99.000 -99.000 -99.000 -99.000 -9999.0 -9999.0 -9999.0 -9999.0 -9999.0
96404 20200520  2.514 -141.21   62.74    16.6     2.6     9.6    10.1     0.0    17.00 C    33.5    -0.9    12.4    80.0    21.7    50.8 -99.000 -99.000 -99.000 -99.000 -99.000 -9999.0 -9999.0 -9999.0 -9999.0 -9999.0
96404 20200521  2.514 -141.21   62.74    22.0    -1.3    10.4    11.9     0.0    21.96 C    34.5    -2.5    12.3    90.2    16.0    44.7 -99.000 -99.000 -99.000 -99.000 -99.000 -9999.0 -9999.0 -9999.0 -9999.0 -9999.0
96404 20200522  2.514 -141.21   62.74    21.6    -1.8     9.9    12.1     0.0    21.54 C    32.8    -2.9    12.7    82.2    13.9    39.6 -99.000 -99.000 -99.000 -99.000 -99.000 -9999.0 -9999.0 -9999.0 -9999.0 -9999.0
96404 20200523  2.514 -141.21   62.74    23.7    -2.9    10.4    13.8     0.0    22.87 C    34.2    -3.1    14.8    90.7    15.7    41.7 -99.000 -99.000 -99.000 -99.000 -99.000 -9999.0 -9999.0 -9999.0 -9999.0 -9999.0
96404 20200524  2.514 -141.21   62.74    15.3     6.9    11.1    11.6     0.3    10.35 C    23.0     3.9    11.9    89.3    33.7    59.3 -99.000 -99.000 -99.000 -99.000 -99.000 -9999.0 -9999.0 -9999.0 -9999.0 -9999.0
96404 20200525  2.514 -141.21   62.74    10.5     2.6     6.6     6.5    11.4    13.06 C    25.1     2.5     9.7    94.7    70.2    85.8 -99.000 -99.000 -99.000 -99.000 -99.000 -9999.0 -9999.0 -9999.0 -9999.0 -9999.0
96404 20200526  2.514 -141.21   62.74    15.9    -0.6     7.7     9.0     0.0    23.33 C    32.4    -1.3    11.9    95.1    30.1    55.5 -99.000 -99.000 -99.000 -99.000 -99.000 -9999.0 -9999.0 -9999.0 -9999.0 -9999.0
96404 20200527  2.514 -141.21   62.74    15.3     3.4     9.3     9.6     0.0    10.46 C    23.2     2.8    10.9    87.5    45.6    65.9 -99.000 -99.000 -99.000 -99.000 -99.000 -9999.0 -9999.0 -9999.0 -9999.0 -9999.0
96404 20200528  2.514 -141.21   62.74    19.4     3.6    11.5    11.7     2.1    14.27 C    29.7     1.5    12.9    94.1    34.1    66.0 -99.000 -99.000 -99.000 -99.000 -99.000 -9999.0 -9999.0 -9999.0 -9999.0 -9999.0
96404 20200529  2.514 -141.21   62.74    21.8     1.0    11.4    11.6     0.4    18.06 C    34.0    -0.2    13.4    95.3    27.9    67.2 -99.000 -99.000 -99.000 -99.000 -99.000 -9999.0 -9999.0 -9999.0 -9999.0 -9999.0
96404 20200530  2.514 -141.21   62.74    22.2    -1.0    10.6    11.9     0.9    16.65 C    32.8    -1.0    13.1    96.7    26.4    63.5 -99.000 -99.000 -99.000 -99.000 -99.000 -9999.0 -9999.0 -9999.0 -9999.0 -9999.0
96404 20200531  2.514 -141.21   62.74    18.3     6.5    12.4    11.3     9.6    10.95 C    24.7     4.8    12.6    96.0    40.2    73.0 -99.000 -99.000 -99.000 -99.000 -99.000 -9999.0 -9999.0 -9999.0 -9999.0 -9999.0
96404 20200601  2.514 -141.21   62.74    13.1     6.0     9.5     8.8     3.0    10.00 C    19.5     5.9    10.9    96.1    53.6    81.0 -99.000 -99.000 -99.000 -99.000 -99.000 -9999.0 -9999.0 -9999.0 -9999.0 -9999.0
96404 20200602  2.514 -141.21   62.74    16.5     5.9    11.2     9.6     0.0    16.47 C    31.1     5.2    12.7    94.3    39.9    73.0 -99.000 -99.000 -99.000 -99.000 -99.000 -9999.0 -9999.0 -9999.0 -9999.0 -9999.0
96404 20200603  2.514 -141.21   62.74    12.2     3.9     8.1     8.8     1.8    12.20 C    19.3     2.2    10.7    94.0    39.2    69.2 -99.000 -99.000 -99.000 -99.000 -99.000 -9999.0 -9999.0 -9999.0 -9999.0 -9999.0
96404 20200604  2.514 -141.21   62.74    12.2     5.1     8.6     8.3     9.3    10.60 C    20.9     3.6    10.5    95.5    60.0    84.3 -99.000 -99.000 -99.000 -99.000 -99.000 -9999.0 -9999.0 -9999.0 -9999.0 -9999.0
96404 20200605  2.514 -141.21   62.74    15.6     1.2     8.4     9.2     0.3    18.35 C    30.9    -0.2    11.0    96.1    38.1    68.3 -99.000 -99.000 -99.000 -99.000 -99.000 -9999.0 -9999.0 -9999.0 -9999.0 -9999.0
96404 20200606  2.514 -141.21   62.74    19.4    -1.9     8.8    10.8     0.0    21.68 C    35.6    -2.1    13.0    95.7    26.7    56.3 -99.000 -99.000 -99.000 -99.000 -99.000 -9999.0 -9999.0 -9999.0 -9999.0 -9999.0
96404 20200607  2.514 -141.21   62.74    17.6     0.4     9.0    10.4     5.1    14.69 C    31.9    -1.6    12.4    94.1    44.5    72.6 -99.000 -99.000 -99.000 -99.000 -99.000 -9999.0 -9999.0 -9999.0 -9999.0 -9999.0
96404 20200608  2.514 -141.21   62.74    14.8     5.2    10.0     8.6    16.2     8.47 C    31.4     5.5    10.8    96.2    66.5    90.0 -99.000 -99.000 -99.000 -99.000 -99.000 -9999.0 -9999.0 -9999.0 -9999.0 -9999.0
96404 20200609  2.514 -141.21   62.74    15.9     4.8    10.4     8.0    15.0    11.20 C    26.9     3.2    10.7    95.8    55.8    88.2 -99.000 -99.000 -99.000 -99.000 -99.000 -9999.0 -9999.0 -9999.0 -9999.0 -9999.0
96404 20200610  2.514 -141.21   62.74    19.4     2.6    11.0    11.3     0.0    18.93 C    29.9     1.7    13.7    96.5    35.4    71.2 -99.000 -99.000 -99.000 -99.000 -99.000 -9999.0 -9999.0 -9999.0 -9999.0 -9999.0
96404 20200611  2.514 -141.21   62.74    20.6     2.1    11.3    13.2     2.1    20.83 C    32.6     2.3    15.5    92.6    30.9    62.5 -99.000 -99.000 -99.000 -99.000 -99.000 -9999.0 -9999.0 -9999.0 -9999.0 -9999.0
96404 20200612  2.514 -141.21   62.74    21.1     0.4    10.7    11.2     4.2    15.20 C    31.3     0.6    12.9    95.9    40.2    74.2 -99.000 -99.000 -99.000 -99.000 -99.000 -9999.0 -9999.0 -9999.0 -9999.0 -9999.0
96404 20200613  2.514 -141.21   62.74    19.6     4.1    11.9    13.2     4.0    16.99 C    32.3     4.1    15.3    96.3    45.1    73.8 -99.000 -99.000 -99.000 -99.000 -99.000 -9999.0 -9999.0 -9999.0 -9999.0 -9999.0
96404 20200614  2.514 -141.21   62.74    23.1     7.0    15.1    13.7     3.8    22.64 C    34.4     6.4    17.1    95.6    30.0    74.6 -99.000 -99.000 -99.000 -99.000 -99.000 -9999.0 -9999.0 -9999.0 -9999.0 -9999.0
96404 20200615  2.514 -141.21   62.74    23.6     5.8    14.7    15.0     0.0    20.42 C    34.9     5.9    17.5    95.9    34.5    65.5 -99.000 -99.000 -99.000 -99.000 -99.000 -9999.0 -9999.0 -9999.0 -9999.0 -9999.0
96404 20200616  2.514 -141.21   62.74    25.3    10.2    17.7    17.4     0.2    19.86 C    35.6    10.0    19.0    92.1    27.5    54.7 -99.000 -99.000 -99.000 -99.000 -99.000 -9999.0 -9999.0 -9999.0 -9999.0 -9999.0
96404 20200617  2.514 -141.21   62.74    24.1    10.8    17.5    15.7     2.5    15.59 C    35.3    10.5    17.1    92.4    27.3    64.3 -99.000 -99.000 -99.000 -99.000 -99.000 -9999.0 -9999.0 -9999.0 -9999.0 -9999.0
96404 20200618  2.514 -141.21   62.74    15.7     8.1    11.9    11.8    10.1    10.53 C    28.4     7.6    14.0    94.9    59.1    81.8 -99.000 -99.000 -99.000 -99.000 -99.000 -9999.0 -9999.0 -9999.0 -9999.0 -9999.0
96404 20200619  2.514 -141.21   62.74    20.5     7.7    14.1    13.2     9.9    19.81 C    32.7     7.8    16.6    95.4    38.8    77.4 -99.000 -99.000 -99.000 -99.000 -99.000 -9999.0 -9999.0 -9999.0 -9999.0 -9999.0
96404 20200620  2.514 -141.21   62.74    16.8     5.7    11.2    11.8     3.0    12.05 C    25.7     5.2    14.1    95.8    60.5    84.2 -99.000 -99.000 -99.000 -99.000 -99.000 -9999.0 -9999.0 -9999.0 -9999.0 -9999.0
96404 20200621  2.514 -141.21   62.74    13.5     6.8    10.1    10.6     1.6     6.63 C    17.1     7.3    11.8    95.2    54.4    78.8 -99.000 -99.000 -99.000 -99.000 -99.000 -9999.0 -9999.0 -9999.0 -9999.0 -9999.0
96404 20200622  2.514 -141.21   62.74    16.4     5.4    10.9    10.6     0.9    18.34 C    28.6     6.1    13.7    95.9    41.3    64.5 -99.000 -99.000 -99.000 -99.000 -99.000 -9999.0 -9999.0 -9999.0 -9999.0 -9999.0
96404 20200623  2.514 -141.21   62.74    10.7     5.8     8.3     8.3     7.1     8.22 C    14.6     4.4    10.3    95.1    60.7    82.4 -99.000 -99.000 -99.000 -99.000 -99.000 -9999.0 -9999.0 -9999.0 -9999.0 -9999.0
96404 20200624  2.514 -141.21   62.74    17.0     3.1    10.1    10.8     0.0    19.54 C    25.8     1.1    12.3    93.3    30.9    59.1 -99.000 -99.000 -99.000 -99.000 -99.000 -9999.0 -9999.0 -9999.0 -9999.0 -9999.0
96404 20200625  2.514 -141.21   62.74    19.1    -0.7     9.2    10.6     0.0    24.22 C    30.5    -0.8    13.5    93.9    20.1    49.4 -99.000 -99.000 -99.000 -99.000 -99.000 -9999.0 -9999.0 -9999.0 -9999.0 -9999.0
96404 20200626  2.514 -141.21   62.74    18.7    -2.9     7.9    11.0     0.0    19.25 C    30.5    -2.1    12.0    92.6    29.6    53.4 -99.000 -99.000 -99.000 -99.000 -99.000 -9999.0 -9999.0 -9999.0 -9999.0 -9999.0
96404 20200627  2.514 -141.21   62.74    22.0    -1.7    10.1    12.5     0.0    23.62 C    33.4    -1.8    14.1    95.6    23.6    53.5 -99.000 -99.000 -99.000 -99.000 -99.000 -9999.0 -9999.0 -9999.0 -9999.0 -9999.0
96404 20200628  2.514 -141.21   62.74    20.7     3.8    12.2    14.2     0.5    13.68 C    24.6     1.4    12.9    87.6    20.4    46.0 -99.000 -99.000 -99.000 -99.000 -99.000 -9999.0 -9999.0 -9999.0 -9999.0 -9999.0
96404 20200629  2.514 -141.21   62.74    19.5     1.5    10.5    11.7     0.0    22.08 C    32.6     0.9    14.8    92.8    29.8    56.8 -99.000 -99.000 -99.000 -99.000 -99.000 -9999.0 -9999.0 -9999.0 -9999.0 -9999.0
96404 20200630  2.514 -141.21   62.74    12.7     0.5     6.6     7.6     0.0     9.41 C    24.2    -0.3     9.3    95.3    56.1    77.8 -99.000 -99.000 -99.000 -99.000 -99.000 -9999.0 -9999.0 -9999.0 -9999.0 -9999.0
96404 20200701  2.514 -141.21   62.74    18.1    -3.3     7.4     9.7     0.0    25.33 C    33.5    -3.3    13.3    96.3    25.1    53.9 -99.000 -99.000 -99.000 -99.000 -99.000 -9999.0 -9999.0 -9999.0 -9999.0 -9999.0
96404 20200702  2.514 -141.21   62.74    20.2    -2.5     8.8    11.8     0.0    22.77 C    34.8    -2.9    15.1    93.5    25.2    52.6 -99.000 -99.000 -99.000 -99.000 -99.000 -9999.0 -9999.0 -9999.0 -9999.0 -9999.0
96404 20200703  2.514 -141.21   62.74    21.5     5.0    13.2    14.4     0.0    26.36 C    38.0     1.2    18.2    86.1    18.5    47.8 -99.000 -99.000 -99.000 -99.000 -99.000 -9999.0 -9999.0 -9999.0 -9999.0 -9999.0
96404 20200704  2.514 -141.21   62.74    24.3     1.3    12.8    15.7     1.8    23.76 C    41.5    -0.8    18.8    92.9    24.5    48.2 -99.000 -99.000 -99.000 -99.000 -99.000 -9999.0 -9999.0 -9999.0 -9999.0 -9999.0
96404 20200705  2.514 -141.21   62.74    22.9     8.5    15.7    16.8     1.0    25.06 C    39.3     6.4    20.6    93.4    28.6    58.9 -99.000 -99.000 -99.000 -99.000 -99.000 -9999.0 -9999.0 -9999.0 -9999.0 -9999.0
96404 20200706  2.514 -141.21   62.74    20.7     8.8    14.7    13.6     6.4    16.21 C    39.9     7.5    16.7    92.8    40.2    74.7 -99.000 -99.000 -99.000 -99.000 -99.000 -9999.0 -9999.0 -9999.0 -9999.0 -9999.0
96404 20200707  2.514 -141.21   62.74    20.7     0.8    10.8    13.4     3.3    21.88 C    31.5    -0.3    16.3    95.7    23.8    62.0 -99.000 -99.000 -99.000 -99.000 -99.000 -9999.0 -9999.0 -9999.0 -9999.0 -9999.0
96404 20200708  2.514 -141.21   62.74    21.0    -1.9     9.5    11.8     0.3    21.75 C    39.8    -2.2    15.4    94.2    29.1    56.4 -99.000 -99.000 -99.000 -99.000 -99.000 -9999.0 -9999.0 -9999.0 -9999.0 -9999.0
96404 20200709  2.514 -141.21   62.74    18.5     7.4    13.0    12.0     6.5    13.09 C    31.5     6.3    14.1    95.5    50.2    80.3 -99.000 -99.000 -99.000 -99.000 -99.000 -9999.0 -9999.0 -9999.0 -9999.0 -9999.0
96404 20200710  2.514 -141.21   62.74    21.8     3.4    12.6    12.5    13.1    16.93 C    33.7     2.1    15.1    96.3    44.3    75.3 -99.000 -99.000 -99.000 -99.000 -99.000 -9999.0 -9999.0 -9999.0 -9999.0 -9999.0
96404 20200711  2.514 -141.21   62.74    18.2     4.9    11.5    12.0     1.0    15.36 C    30.2     3.3    14.7    95.6    43.2    76.3 -99.000 -99.000 -99.000 -99.000 -99.000 -9999.0 -9999.0 -9999.0 -9999.0 -9999.0
96404 20200712  2.514 -141.21   62.74    21.5     2.8    12.1    13.8     0.8    19.23 C    36.7     2.3    16.1    95.3    32.8    63.2 -99.000 -99.000 -99.000 -99.000 -99.000 -9999.0 -9999.0 -9999.0 -9999.0 -9999.0
96404 20200713  2.514 -141.21   62.74    21.8     4.3    13.0    14.3     0.0    21.16 C    37.4     2.6    16.4    90.4    27.8    52.6 -99.000 -99.000 -99.000 -99.000 -99.000 -9999.0 -9999.0 -9999.0 -9999.0 -9999.0
96404 20200714  2.514 -141.21   62.74    19.8     1.7    10.8    11.9     2.2    14.26 C    33.5     1.3    14.7    94.3    45.1    73.1 -99.000 -99.000 -99.000 -99.000 -99.000 -9999.0 -9999.0 -9999.0 -9999.0 -9999.0
96404 20200715  2.514 -141.21   62.74    21.0     8.0    14.5    13.4     4.8    15.57 C    32.0     6.4    16.1    95.7    43.9    78.7 -99.000 -99.000 -99.000 -99.000 -99.000 -9999.0 -9999.0 -9999.0 -9999.0 -9999.0
96404 20200716  2.514 -141.21   62.74    23.7     3.2    13.5    14.1     1.8    20.63 C    38.8     2.1    16.5    96.1    30.7    70.8 -99.000 -99.000 -99.000 -99.000 -99.000 -9999.0 -9999.0 -9999.0 -9999.0 -9999.0
96404 20200717  2.514 -141.21   62.74    22.6     7.9    15.2    15.5     0.0    23.12 C    36.1     7.0    18.8    95.0    29.3    60.0 -99.000 -99.000 -99.000 -99.000 -99.000 -9999.0 -9999.0 -9999.0 -9999.0 -9999.0
96404 20200718  2.514 -141.21   62.74    23.6     7.7    15.6    16.1     0.0    19.57 C    40.9     6.2    19.2    90.1    29.7    54.2 -99.000 -99.000 -99.000 -99.000 -99.000 -9999.0 -9999.0 -9999.0 -9999.0 -9999.0
96404 20200719  2.514 -141.21   62.74    24.1     6.6    15.4    16.2     0.9    18.32 C    39.0     4.9    18.7    94.6    32.0    59.1 -99.000 -99.000 -99.000 -99.000 -99.000 -9999.0 -9999.0 -9999.0 -9999.0 -9999.0
96404 20200720  2.514 -141.21   62.74    13.3    10.7    12.0    12.1    15.8     4.75 C    17.3    10.7    13.3    95.7    88.3    92.8 -99.000 -99.000 -99.000 -99.000 -99.000 -9999.0 -9999.0 -9999.0 -9999.0 -9999.0
96404 20200721  2.514 -141.21   62.74    17.4     7.8    12.6    12.7     0.9    13.03 C    28.3     8.0    15.0    96.0    55.0    78.9 -99.000 -99.000 -99.000 -99.000 -99.000 -9999.0 -9999.0 -9999.0 -9999.0 -9999.0
96404 20200722  2.514 -141.21   62.74    16.1     4.9    10.5    10.2    18.8    11.55 C    28.5     5.5    13.0    95.5    55.1    86.7 -99.000 -99.000 -99.000 -99.000 -99.000 -9999.0 -9999.0 -9999.0 -9999.0 -9999.0
96404 20200723  2.514 -141.21   62.74    19.2     2.8    11.0    11.8     0.0    21.91 C    32.9     3.0    15.2    96.2    33.3    66.4 -99.000 -99.000 -99.000 -99.000 -99.000 -9999.0 -9999.0 -9999.0 -9999.0 -9999.0
96404 20200724  2.514 -141.21   62.74    22.4     5.8    14.1    14.4     0.0    18.78 C    35.1     4.4    16.2    88.3    27.6    54.9 -99.000 -99.000 -99.000 -99.000 -99.000 -9999.0 -9999.0 -9999.0 -9999.0 -9999.0
96404 20200725  2.514 -141.21   62.74    22.2     4.0    13.1    13.9     0.3    20.80 C    35.3     4.2    16.9    89.1    21.6    56.8 -99.000 -99.000 -99.000 -99.000 -99.000 -9999.0 -9999.0 -9999.0 -9999.0 -9999.0
96404 20200726  2.514 -141.21   62.74    12.3     2.5     7.4     8.4    11.6     4.95 C    16.4     2.7     9.8    95.2    66.9    86.6 -99.000 -99.000 -99.000 -99.000 -99.000 -9999.0 -9999.0 -9999.0 -9999.0 -9999.0
96404 20200727  2.514 -141.21   62.74    16.4     6.8    11.6    11.2     6.5     8.38 C    25.5     6.8    12.7    95.9    51.0    83.2 -99.000 -99.000 -99.000 -99.000 -99.000 -9999.0 -9999.0 -9999.0 -9999.0 -9999.0
96404 20200728  2.514 -141.21   62.74    18.0     8.5    13.2    12.3     3.5     8.68 C    24.2     8.7    13.7    95.9    51.9    82.9 -99.000 -99.000 -99.000 -99.000 -99.000 -9999.0 -9999.0 -9999.0 -9999.0 -9999.0
96404 20200729  2.514 -141.21   62.74    23.0     9.1    16.0    15.6     3.0    18.98 C    29.9     7.1    17.4    96.0    39.4    69.4 -99.000 -99.000 -99.000 -99.000 -99.000 -9999.0 -9999.0 -9999.0 -9999.0 -9999.0
96404 20200730  2.514 -141.21   62.74    28.8     8.2    18.5    19.1     0.0    20.96 C    35.2     5.4    18.9    88.6    22.8    54.8 -99.000 -99.000 -99.000 -99.000 -99.000 -9999.0 -9999.0 -9999.0 -9999.0 -9999.0
96404 20200731  2.514 -141.21   62.74    25.9     4.5    15.2    16.6     0.0    19.44 C    35.5     3.5    18.1    95.2    30.1    58.8 -99.000 -99.000 -99.000 -99.000 -99.000 -9999.0 -9999.0 -9999.0 -9999.0 -9999.0
96404 20200801  2.514 -141.21   62.74    19.7     5.0    12.3    13.7     2.9     8.88 C    22.2     4.3    14.1    95.0    56.3    77.1 -99.000 -99.000 -99.000 -99.000 -99.000 -9999.0 -9999.0 -9999.0 -9999.0 -9999.0
96404 20200802  2.514 -141.21   62.74    21.0     7.1    14.0    14.6     8.8    18.64 C    29.3     6.7    16.2    95.2    38.5    69.3 -99.000 -99.000 -99.000 -99.000 -99.000 -9999.0 -9999.0 -9999.0 -9999.0 -9999.0
96404 20200803  2.514 -141.21   62.74    21.3     3.2    12.2    13.1     0.0    16.97 C    32.1     1.8    14.6    96.2    32.1    63.6 -99.000 -99.000 -99.000 -99.000 -99.000 -9999.0 -9999.0 -9999.0 -9999.0 -9999.0
96404 20200804  2.514 -141.21   62.74    19.8     1.8    10.8    12.7     4.9    16.39 C    34.5     1.3    14.9    95.2    36.4    68.8 -99.000 -99.000 -99.000 -99.000 -99.000 -9999.0 -9999.0 -9999.0 -9999.0 -9999.0
96404 20200805  2.514 -141.21   62.74    19.7     6.9    13.3    11.8     1.2    13.72 C    33.7     4.2    14.3    95.7    44.0    81.9 -99.000 -99.000 -99.000 -99.000 -99.000 -9999.0 -9999.0 -9999.0 -9999.0 -9999.0
96404 20200806  2.514 -141.21   62.74    22.4     1.7    12.1    13.1     7.4    20.28 C    34.0     1.0    15.4    97.8    28.5    66.2 -99.000 -99.000 -99.000 -99.000 -99.000 -9999.0 -9999.0 -9999.0 -9999.0 -9999.0
96404 20200807  2.514 -141.21   62.74    19.4     6.5    13.0    12.4     1.2    14.10 C    25.3     6.5    14.1    95.6    29.3    67.0 -99.000 -99.000 -99.000 -99.000 -99.000 -9999.0 -9999.0 -9999.0 -9999.0 -9999.0
96404 20200808  2.514 -141.21   62.74    20.7     3.4    12.0    12.8    10.9    17.24 C    32.5     3.5    15.1    93.2    31.0    63.3 -99.000 -99.000 -99.000 -99.000 -99.000 -9999.0 -9999.0 -9999.0 -9999.0 -9999.0
96404 20200809  2.514 -141.21   62.74    12.6     5.8     9.2     9.5     3.0     6.36 C    18.2     5.9    11.3    95.7    70.2    87.6 -99.000 -99.000 -99.000 -99.000 -99.000 -9999.0 -9999.0 -9999.0 -9999.0 -9999.0
96404 20200810  2.514 -141.21   62.74    15.3     4.4     9.9     9.7     2.3    10.91 C    26.5     3.8    12.2    95.8    57.9    82.4 -99.000 -99.000 -99.000 -99.000 -99.000 -9999.0 -9999.0 -9999.0 -9999.0 -9999.0
96404 20200811  2.514 -141.21   62.74    19.0     3.3    11.2    10.3     0.7    16.19 C    31.4     3.3    13.4    95.0    40.7    75.0 -99.000 -99.000 -99.000 -99.000 -99.000 -9999.0 -9999.0 -9999.0 -9999.0 -9999.0
96404 20200812  2.514 -141.21   62.74    16.5     1.6     9.1     9.1     8.9     8.57 C    28.2     1.4    10.9    96.3    51.5    86.0 -99.000 -99.000 -99.000 -99.000 -99.000 -9999.0 -9999.0 -9999.0 -9999.0 -9999.0
96404 20200813  2.514 -141.21   62.74    13.1     8.1    10.6     9.8    26.3     4.96 C    21.7     8.6    11.2    95.9    85.5    93.1 -99.000 -99.000 -99.000 -99.000 -99.000 -9999.0 -9999.0 -9999.0 -9999.0 -9999.0
96404 20200814  2.514 -141.21   62.74    15.8     8.2    12.0    11.4     3.6     7.09 C    20.2     8.5    12.8    95.9    56.5    82.7 -99.000 -99.000 -99.000 -99.000 -99.000 -9999.0 -9999.0 -9999.0 -9999.0 -9999.0
96404 20200815  2.514 -141.21   62.74 -9999.0 -9999.0 -9999.0 -9999.0 -9999.0 -9999.00 U -9999.0 -9999.0 -9999.0 -9999.0 -9999.0 -9999.0 -99.000 -99.000 -99.000 -99.000 -99.000 -9999.0 -9999.0 -9999.0 -9999.0 -9999.0
96404 20200816  2.514 -141.21   62.74    14.8     5.5    10.1    10.2     0.0     8.76 C    22.9     6.1    12.2    96.4    51.7    79.6 -99.000 -99.000 -99.000 -99.000 -99.000 -9999.0 -9999.0 -9999.0 -9999.0 -9999.0
96404 20200817  2.514 -141.21   62.74    17.7     7.1    12.4    11.4     0.0     9.37 C    25.4     6.4    12.7    93.9    49.2    76.2 -99.000 -99.000 -99.000 -99.000 -99.000 -9999.0 -9999.0 -9999.0 -9999.0 -9999.0
96404 20200818  2.514 -141.21   62.74    18.9     5.8    12.4    12.3     0.0    13.98 C    30.8     4.7    13.8    95.6    41.0    72.3 -99.000 -99.000 -99.000 -99.000 -99.000 -9999.0 -9999.0 -9999.0 -9999.0 -9999.0
96404 20200819  2.514 -141.21   62.74    17.4     4.6    11.0    11.5     5.0     9.50 C    23.6     3.6    12.6    95.4    52.6    76.6 -99.000 -99.000 -99.000 -99.000 -99.000 -9999.0 -9999.0 -9999.0 -9999.0 -9999.0
96404 20200820  2.514 -141.21   62.74    16.6     8.1    12.4    11.5     3.3    10.78 C    24.8     8.6    13.6    95.3    55.2    81.5 -99.000 -99.000 -99.000 -99.000 -99.000 -9999.0 -9999.0 -9999.0 -9999.0 -9999.0
96404 20200821  2.514 -141.21   62.74    16.1     6.9    11.5    11.1     0.0     6.62 C    19.1     7.4    12.4    95.7    63.7    83.9 -99.000 -99.000 -99.000 -99.000 -99.000 -9999.0 -9999.0 -9999.0 -9999.0 -9999.0
96404 20200822  2.514 -141.21   62.74    20.8     6.3    13.5    13.7     1.3    14.06 C    29.1     4.9    14.6    96.0    46.1    74.5 -99.000 -99.000 -99.000 -99.000 -99.000 -9999.0 -9999.0 -9999.0 -9999.0 -9999.0
96404 20200823  2.514 -141.21   62.74    23.2     5.5    14.3    14.3     0.0    17.97 C    31.0     3.2    15.6    96.5    31.9    67.7 -99.000 -99.000 -99.000 -99.000 -99.000 -9999.0 -9999.0 -9999.0 -9999.0 -9999.0
96404 20200824  2.514 -141.21   62.74    19.7     3.3    11.5    12.8     0.6    15.06 C    31.1     3.3    14.9    95.1    42.4    72.7 -99.000 -99.000 -99.000 -99.000 -99.000 -9999.0 -9999.0 -9999.0 -9999.0 -9999.0
96404 20200825  2.514 -141.21   62.74    16.2     1.3     8.7     9.3     4.6     6.36 C    21.8     1.3    10.9    96.1    59.3    84.7 -99.000 -99.000 -99.000 -99.000 -99.000 -9999.0 -9999.0 -9999.0 -9999.0 -9999.0
96404 20200826  2.514 -141.21   62.74    17.9     4.2    11.1    10.8     0.0    12.23 C    27.3     3.5    12.8    95.5    44.0    76.1 -99.000 -99.000 -99.000 -99.000 -99.000 -9999.0 -9999.0 -9999.0 -9999.0 -9999.0
96404 20200827  2.514 -141.21   62.74    16.1     2.3     9.2     8.8     1.1     9.36 C    27.0     2.7    10.3    96.0    49.3    78.4 -99.000 -99.000 -99.000 -99.000 -99.000 -9999.0 -9999.0 -9999.0 -9999.0 -9999.0
96404 20200828  2.514 -141.21   62.74    14.8    -0.3     7.2     7.1     0.0     9.76 C    20.5    -0.4     8.9    96.6    47.4    80.7 -99.000 -99.000 -99.000 -99.000 -99.000 -9999.0 -9999.0 -9999.0 -9999.0 -9999.0
96404 20200829  2.514 -141.21   62.74    19.0    -0.7     9.1     9.6     0.3    16.03 C    28.2    -1.7    10.6    97.3    34.1    70.0 -99.000 -99.000 -99.000 -99.000 -99.000 -9999.0 -9999.0 -9999.0 -9999.0 -9999.0
96404 20200830  2.514 -141.21   62.74    18.2     3.9    11.0    11.3     0.0    12.09 C    27.7     3.3    11.9    92.6    30.5    60.3 -99.000 -99.000 -99.000 -99.000 -99.000 -9999.0 -9999.0 -9999.0 -9999.0 -9999.0
96404 20200831  2.514 -141.21   62.74    17.0     4.2    10.6    10.9     0.0     8.30 C    30.6     3.5    10.7    88.5    34.4    59.9 -99.000 -99.000 -99.000 -99.000 -99.000 -9999.0 -9999.0 -9999.0 -9999.0 -9999.0
96404 20200901  2.514 -141.21   62.74    15.8    -0.9     7.4     8.4     0.0     9.54 C    22.2    -1.8     9.3    95.4    42.0    71.1 -99.000 -99.000 -99.000 -99.000 -99.000 -9999.0 -9999.0 -9999.0 -9999.0 -9999.0
96404 20200902  2.514 -141.21   62.74    18.9    -1.8     8.5     9.0     4.4    11.74 C    31.0    -2.6    10.7    96.6    36.1    71.0 -99.000 -99.000 -99.000 -99.000 -99.000 -9999.0 -9999.0 -9999.0 -9999.0 -9999.0
96404 20200903  2.514 -141.21   62.74    14.2    -0.1     7.0     7.4     0.4    10.52 C    24.1     0.0     8.6    96.9    42.2    76.6 -99.000 -99.000 -99.000 -99.000 -99.000 -9999.0 -9999.0 -9999.0 -9999.0 -9999.0
96404 20200904  2.514 -141.21   62.74    14.7    -3.2     5.7     5.8     0.0    14.71 C    26.0    -2.7     7.1    94.9    31.7    68.5 -99.000 -99.000 -99.000 -99.000 -99.000 -9999.0 -9999.0 -9999.0 -9999.0 -9999.0
96404 20200905  2.514 -141.21   62.74    11.2    -3.5     3.9     4.6     0.9     8.36 C    22.7    -3.6     6.2    95.8    54.3    80.9 -99.000 -99.000 -99.000 -99.000 -99.000 -9999.0 -9999.0 -9999.0 -9999.0 -9999.0
96404 20200906  2.514 -141.21   62.74    16.6    -4.4     6.1     8.1     0.0    15.15 C    24.1    -4.1     8.0    96.8    27.0    58.2 -99.000 -99.000 -99.000 -99.000 -99.000 -9999.0 -9999.0 -9999.0 -9999.0 -9999.0
96404 20200907  2.514 -141.21   62.74    22.3     2.7    12.5    11.7     1.1    12.00 C    27.9     1.0    11.1    78.5    23.8    51.8 -99.000 -99.000 -99.000 -99.000 -99.000 -9999.0 -9999.0 -9999.0 -9999.0 -9999.0
96404 20200908  2.514 -141.21   62.74    17.6     1.6     9.6     9.3     0.0     7.43 C    25.2     0.3     8.8    89.9    33.4    63.0 -99.000 -99.000 -99.000 -99.000 -99.000 -9999.0 -9999.0 -9999.0 -9999.0 -9999.0
96404 20200909  2.514 -141.21   62.74    13.9    -1.8     6.0     7.7     0.0     7.36 C    23.9    -2.1     8.7    96.2    49.3    76.1 -99.000 -99.000 -99.000 -99.000 -99.000 -9999.0 -9999.0 -9999.0 -9999.0 -9999.0
96404 20200910  2.514 -141.21   62.74     6.6    -5.4     0.6     2.6     0.5     4.07 C     9.4    -4.9     3.4    94.8    48.5    80.0 -99.000 -99.000 -99.000 -99.000 -99.000 -9999.0 -9999.0 -9999.0 -9999.0 -9999.0
96404 20200911  2.514 -141.21   62.74     9.8    -4.7     2.5     2.7     0.0    10.74 C    23.9    -4.0     5.3    93.9    38.7    72.9 -99.000 -99.000 -99.000 -99.000 -99.000 -9999.0 -9999.0 -9999.0 -9999.0 -9999.0
96404 20200912  2.514 -141.21   62.74    12.0    -1.4     5.3     4.4     0.0     9.39 C    24.7    -3.3     6.7    93.0    41.5    72.3 -99.000 -99.000 -99.000 -99.000 -99.000 -9999.0 -9999.0 -9999.0 -9999.0 -9999.0
96404 20200913  2.514 -141.21   62.74    11.8    -7.4     2.2     2.7     0.0    13.92 C    21.4    -6.4     3.6    94.9    27.3    65.2 -99.000 -99.000 -99.000 -99.000 -99.000 -9999.0 -9999.0 -9999.0 -9999.0 -9999.0
96404 20200914  2.514 -141.21   62.74    14.1     0.2     7.1     6.8     0.0     9.35 C    20.2    -4.7     5.6    73.2    26.5    49.4 -99.000 -99.000 -99.000 -99.000 -99.000 -9999.0 -9999.0 -9999.0 -9999.0 -9999.0
96404 20200915  2.514 -141.21   62.74    17.2     0.9     9.1     7.9     0.0     9.69 C    23.3    -3.0     6.2    77.1    22.0    49.8 -99.000 -99.000 -99.000 -99.000 -99.000 -9999.0 -9999.0 -9999.0 -9999.0 -9999.0
96404 20200916  2.514 -141.21   62.74    14.9    -1.7     6.6     6.4     0.0     7.54 C    21.6    -3.3     6.0    89.8    37.4    64.1 -99.000 -99.000 -99.000 -99.000 -99.000 -9999.0 -9999.0 -9999.0 -9999.0 -9999.0
96404 20200917  2.514 -141.21   62.74    16.7    -2.0     7.3     8.7     0.0     4.14 C    18.0    -3.6     5.9    92.3    32.0    55.9 -99.000 -99.000 -99.000 -99.000 -99.000 -9999.0 -9999.0 -9999.0 -9999.0 -9999.0
96404 20200918  2.514 -141.21   62.74    18.0    -4.2     6.9     6.1     0.0    12.02 C    25.2    -4.5     5.8    94.3    21.5    62.3 -99.000 -99.000 -99.000 -99.000 -99.000 -9999.0 -9999.0 -9999.0 -9999.0 -9999.0
96404 20200919  2.514 -141.21   62.74    14.3    -3.5     5.4     4.2     0.0    10.99 C    22.8    -5.2     4.5    92.7    29.8    65.2 -99.000 -99.000 -99.000 -99.000 -99.000 -9999.0 -9999.0 -9999.0 -9999.0 -9999.0
96404 20200920  2.514 -141.21   62.74    11.6    -3.9     3.9     2.8     0.0     7.74 C    18.8    -5.0     3.0    93.8    41.4    70.9 -99.000 -99.000 -99.000 -99.000 -99.000 -9999.0 -9999.0 -9999.0 -9999.0 -9999.0
96404 20200921  2.514 -141.21   62.74     9.0    -4.2     2.4     2.7     0.0     6.16 C    13.5    -5.4     2.3    94.8    49.3    73.5 -99.000 -99.000 -99.000 -99.000 -99.000 -9999.0 -9999.0 -9999.0 -9999.0 -9999.0
96404 20200922  2.514 -141.21   62.74     9.6    -3.5     3.0     3.3     0.0     4.24 C    12.4    -4.1     2.6    94.0    51.0    75.7 -99.000 -99.000 -99.000 -99.000 -99.000 -9999.0 -9999.0 -9999.0 -9999.0 -9999.0
96404 20200923  2.514 -141.21   62.74    11.9    -1.9     5.0     5.3     0.0     5.56 C    19.4    -2.6     5.7    95.3    46.9    72.5 -99.000 -99.000 -99.000 -99.000 -99.000 -9999.0 -9999.0 -9999.0 -9999.0 -9999.0
96404 20200924  2.514 -141.21   62.74     8.5     0.7     4.6     5.2     0.0     2.72 C    11.5    -1.2     5.6    94.8    73.3    85.2 -99.000 -99.000 -99.000 -99.000 -99.000 -9999.0 -9999.0 -9999.0 -9999.0 -9999.0
96404 20200925  2.514 -141.21   62.74     6.0     2.4     4.2     3.9     3.3     2.43 C     9.5     2.7     5.1    95.8    86.4    92.9 -99.000 -99.000 -99.000 -99.000 -99.000 -9999.0 -9999.0 -9999.0 -9999.0 -9999.0
96404 20200926  2.514 -141.21   62.74    12.2    -1.8     5.2     5.4     0.0     5.32 C    17.2    -2.7     5.3    96.4    54.1    84.9 -99.000 -99.000 -99.000 -99.000 -99.000 -9999.0 -9999.0 -9999.0 -9999.0 -9999.0
96404 20200927  2.514 -141.21   62.74     5.3    -2.9     1.2     2.4     2.5     1.88 C     7.0    -3.2     1.5    96.4    71.0    90.7 -99.000 -99.000 -99.000 -99.000 -99.000 -9999.0 -9999.0 -9999.0 -9999.0 -9999.0
96404 20200928  2.514 -141.21   62.74     9.0     0.7     4.8     3.8     0.0     4.53 C    14.1    -1.9     3.7    96.5    65.7    85.6 -99.000 -99.000 -99.000 -99.000 -99.000 -9999.0 -9999.0 -9999.0 -9999.0 -9999.0
96404 20200929  2.514 -141.21   62.74    12.2    -2.6     4.8     4.5     0.0     8.47 C    14.4    -4.5     2.0    84.4    28.6    53.7 -99.000 -99.000 -99.000 -99.000 -99.000 -9999.0 -9999.0 -9999.0 -9999.0 -9999.0
96404 20200930  2.514 -141.21   62.74    10.4    -0.8     4.8     5.0     0.0     3.98 C    11.3    -2.0     2.7    78.6    42.1    58.1 -99.000 -99.000 -99.000 -99.000 -99.000 -9999.0 -9999.0 -9999.0 -9999.0 -9999.0
96404 20201001  2.514 -141.21   62.74    17.5    -4.4     6.5     6.2     0.0     8.93 C    18.6    -4.0     3.6    94.3    23.8    60.5 -99.000 -99.000 -99.000 -99.000 -99.000 -9999.0 -9999.0 -9999.0 -9999.0 -9999.0
96404 20201002  2.514 -141.21   62.74    16.9     0.8     8.8     9.7     0.0     7.59 C    18.5    -2.4     5.9    73.2    33.9    47.4 -99.000 -99.000 -99.000 -99.000 -99.000 -9999.0 -9999.0 -9999.0 -9999.0 -9999.0
96404 20201003  2.514 -141.21   62.74    13.6    -3.1     5.2     7.7     0.0     3.52 C    14.4    -4.4     4.0    85.5    31.2    47.8 -99.000 -99.000 -99.000 -99.000 -99.000 -9999.0 -9999.0 -9999.0 -9999.0 -9999.0
96404 20201004  2.514 -141.21   62.74    10.5    -4.0     3.3     3.7     0.9     5.20 C    14.8    -5.1     2.2    94.3    37.8    65.9 -99.000 -99.000 -99.000 -99.000 -99.000 -9999.0 -9999.0 -9999.0 -9999.0 -9999.0
96404 20201005  2.514 -141.21   62.74     4.7     1.2     2.9     2.9     6.7     1.55 C     7.6     1.7     3.5    96.5    90.1    94.4 -99.000 -99.000 -99.000 -99.000 -99.000 -9999.0 -9999.0 -9999.0 -9999.0 -9999.0
96404 20201006  2.514 -141.21   62.74     7.7    -0.5     3.6     3.5     0.0     3.69 C    13.7    -1.5     3.5    95.9    64.7    87.8 -99.000 -99.000 -99.000 -99.000 -99.000 -9999.0 -9999.0 -9999.0 -9999.0 -9999.0
96404 20201007  2.514 -141.21   62.74     8.6    -5.0     1.8     1.6     0.0     4.61 C    13.4    -4.5     1.3    96.0    52.7    83.1 -99.000 -99.000 -99.000 -99.000 -99.000 -9999.0 -9999.0 -9999.0 -9999.0 -9999.0
96404 20201008  2.514 -141.21   62.74     7.7    -6.7     0.5     0.4     0.0     6.18 C     8.1    -5.0    -1.3    94.4    44.0    73.4 -99.000 -99.000 -99.000 -99.000 -99.000 -9999.0 -9999.0 -9999.0 -9999.0 -9999.0
96404 20201009  2.514 -141.21   62.74     7.3   -10.5    -1.6    -2.4     0.0     7.40 C     8.1    -8.1    -2.3    94.6    47.4    77.8 -99.000 -99.000 -99.000 -99.000 -99.000 -9999.0 -9999.0 -9999.0 -9999.0 -9999.0
96404 20201010  2.514 -141.21   62.74     2.4    -2.9    -0.2    -0.3     0.0     2.01 C     2.9    -2.0    -0.1    91.3    79.3    86.4 -99.000 -99.000 -99.000 -99.000 -99.000 -9999.0 -9999.0 -9999.0 -9999.0 -9999.0
96404 20201011  2.514 -141.21   62.74     1.6    -2.9    -0.6    -0.3     0.0     2.36 C     4.7    -2.2     0.4    96.0    69.7    83.6 -99.000 -99.000 -99.000 -99.000 -99.000 -9999.0 -9999.0 -9999.0 -9999.0 -9999.0
96404 20201012  2.514 -141.21   62.74     2.1    -3.5    -0.7    -0.8     0.0     2.40 C     4.1    -2.6    -0.1    89.5    66.5    78.0 -99.000 -99.000 -99.000 -99.000 -99.000 -9999.0 -9999.0 -9999.0 -9999.0 -9999.0
96404 20201013  2.514 -141.21   62.74     4.1    -6.1    -1.0    -1.4     0.0     4.04 C     8.7    -4.2    -0.4    91.5    58.2    82.4 -99.000 -99.000 -99.000 -99.000 -99.000 -9999.0 -9999.0 -9999.0 -9999.0 -9999.0
96404 20201014  2.514 -141.21   62.74     5.2    -6.6    -0.7    -1.1     0.0     4.44 C     4.3    -5.8    -1.3    92.0    52.5    80.3 -99.000 -99.000 -99.000 -99.000 -99.000 -9999.0 -9999.0 -9999.0 -9999.0 -9999.0
96404 20201015  2.514 -141.21   62.74    -2.6   -16.2    -9.4    -6.7     3.7     0.61 C    -2.3   -23.3    -7.4    91.9    78.4    85.8 -99.000 -99.000 -99.000 -99.000 -99.000 -9999.0 -9999.0 -9999.0 -9999.0 -9999.0
96404 20201016  2.514 -141.21   62.74    -8.1   -21.6   -14.9   -12.8     0.0     2.47 C    -6.3   -24.7   -16.1    85.7    47.1    72.3 -99.000 -99.000 -99.000 -99.000 -99.000 -9999.0 -9999.0 -9999.0 -9999.0 -9999.0
96404 20201017  2.514 -141.21   62.74    -6.6   -22.3   -14.5   -14.9     0.0     6.97 C    -8.8   -24.5   -18.3    84.3    48.4    72.0 -99.000 -99.000 -99.000 -99.000 -99.000 -9999.0 -9999.0 -9999.0 -9999.0 -9999.0
96404 20201018  2.514 -141.21   62.74    -8.2   -23.3   -15.8   -13.9     0.0     3.52 C    -7.6   -23.5   -14.4    84.5    62.5    77.2 -99.000 -99.000 -99.000 -99.000 -99.000 -9999.0 -9999.0 -9999.0 -9999.0 -9999.0
96404 20201019  2.514 -141.21   62.74    -6.6   -10.3    -8.5    -8.3     2.8     0.91 C    -6.3    -9.9    -8.1    89.9    78.9    85.5 -99.000 -99.000 -99.000 -99.000 -99.000 -9999.0 -9999.0 -9999.0 -9999.0 -9999.0
96404 20201020  2.514 -141.21   62.74    -4.6   -19.1   -11.8    -8.9     1.7     1.00 C    -5.4   -26.0   -10.7    91.6    75.3    86.4 -99.000 -99.000 -99.000 -99.000 -99.000 -9999.0 -9999.0 -9999.0 -9999.0 -9999.0
