54795 20200101  2.623  -70.95   43.11     3.1    -1.2     1.0     1.0     0.0     4.90 C     0.1    -6.8    -3.2    93.9    54.9    69.6   0.220   0.243 -99.000 -99.000 -99.000     1.0     0.9 -9999.0 -9999.0 -9999.0
54795 20200102  2.623  -70.95   43.11     4.7    -2.5     1.1     0.1     0.0     5.23 C     0.2    -9.4    -4.5    88.3    50.6    70.5   0.219   0.243 -99.000 -99.000 -99.000     1.1     0.9 -9999.0 -9999.0 -9999.0
54795 20200103  2.623  -70.95   43.11     6.7    -0.8     3.0     2.1     0.0     1.92 C     0.3    -3.4    -0.9    87.9    59.0    78.5   0.216   0.242 -99.000 -99.000 -99.000     1.1     0.9 -9999.0 -9999.0 -9999.0
54795 20200104  2.623  -70.95   43.11     4.4     0.6     2.5     2.3     4.6     0.89 C     0.2    -0.7     0.0    94.5    87.1    91.8   0.219   0.242 -99.000 -99.000 -99.000     1.2     1.0 -9999.0 -9999.0 -9999.0
54795 20200105  2.623  -70.95   43.11     1.4    -4.5    -1.6    -0.6     3.9     5.35 C     0.0   -10.0    -3.1    92.8    50.6    68.0   0.239   0.254 -99.000 -99.000 -99.000     1.3     1.1 -9999.0 -9999.0 -9999.0
54795 20200106  2.623  -70.95   43.11    -1.4    -8.9    -5.2    -5.0     0.0     4.20 C    -1.8   -14.2    -8.4    90.9    52.9    74.3   0.233   0.252 -99.000 -99.000 -99.000     1.1     0.9 -9999.0 -9999.0 -9999.0
54795 20200107  2.623  -70.95   43.11     2.9    -7.9    -2.5    -2.3     0.0     6.00 C    -0.6   -13.3    -6.8    89.9    41.2    69.5   0.225   0.257 -99.000 -99.000 -99.000     0.8     0.6 -9999.0 -9999.0 -9999.0
54795 20200108  2.623  -70.95   43.11     4.1    -4.3    -0.1    -0.3     1.5     5.31 C     0.2    -9.6    -3.5    90.1    44.5    66.5   0.220   0.275 -99.000 -99.000 -99.000     0.7     0.5 -9999.0 -9999.0 -9999.0
54795 20200109  2.623  -70.95   43.11    -4.3    -9.9    -7.1    -7.3     0.0     7.34 C    -7.2   -16.1   -11.5    70.2    36.2    50.2   0.217   0.274 -99.000 -99.000 -99.000     0.6     0.5 -9999.0 -9999.0 -9999.0
54795 20200110  2.623  -70.95   43.11     7.4   -10.0    -1.3     0.1     0.0     3.90 C     0.4   -12.9    -3.8    88.3    51.6    71.3   0.212 -99.000 -99.000 -99.000 -99.000     0.5     0.3 -9999.0 -9999.0 -9999.0
54795 20200111  2.623  -70.95   43.11    18.7     0.1     9.4    10.2     0.0     5.55 C     6.2    -1.2     1.4    92.0    48.2    73.3 -99.000 -99.000 -99.000 -99.000 -99.000     0.4     0.3 -9999.0 -9999.0 -9999.0
54795 20200112  2.623  -70.95   43.11    19.9    -0.5     9.7    12.0     6.3     5.24 C    21.1    -6.3     8.2    89.2    40.7    67.2   0.290 -99.000 -99.000 -99.000 -99.000     1.7     1.3 -9999.0 -9999.0 -9999.0
54795 20200113  2.623  -70.95   43.11     0.0    -3.1    -1.5    -2.1     0.5     1.06 C    -0.2    -3.6    -1.9    92.0    55.4    77.4   0.252   0.268 -99.000 -99.000 -99.000     1.4     1.2 -9999.0 -9999.0 -9999.0
54795 20200114  2.623  -70.95   43.11     3.1    -1.8     0.7     0.5     0.0     2.90 C     9.0    -1.8     0.9    93.2    78.4    88.5   0.239   0.259 -99.000 -99.000 -99.000     1.4     1.2 -9999.0 -9999.0 -9999.0
54795 20200115  2.623  -70.95   43.11     7.7    -1.4     3.1     2.3     0.0     4.94 C    16.3    -5.5     1.3    94.7    53.4    79.3   0.232   0.255 -99.000 -99.000 -99.000     1.9     1.8 -9999.0 -9999.0 -9999.0
54795 20200116  2.623  -70.95   43.11     2.2    -5.0    -1.4    -0.2     8.6     1.29 C     0.1    -8.5    -1.7    94.4    53.8    78.9   0.228   0.251 -99.000 -99.000 -99.000     1.6     1.5 -9999.0 -9999.0 -9999.0
54795 20200117  2.623  -70.95   43.11    -5.0   -14.4    -9.7   -10.7     0.0     7.98 C    -8.5   -21.5   -14.0    56.1    32.0    43.7   0.221   0.250 -99.000 -99.000 -99.000     0.9     0.9 -9999.0 -9999.0 -9999.0
54795 20200118  2.623  -70.95   43.11    -7.9   -14.9   -11.4   -11.1    10.3     3.83 C    -6.1   -20.7   -11.9    86.9    39.8    60.1   0.215 -99.000 -99.000 -99.000 -99.000     0.4     0.4 -9999.0 -9999.0 -9999.0
54795 20200119  2.623  -70.95   43.11     4.0   -10.2    -3.1    -3.9     2.8     7.39 C    -0.3   -18.0    -7.2    89.3    44.9    69.4   0.213 -99.000 -99.000 -99.000 -99.000     0.4     0.2 -9999.0 -9999.0 -9999.0
54795 20200120  2.623  -70.95   43.11    -4.0   -11.5    -7.8    -7.8     0.0     8.03 C    -7.8   -21.5   -13.3    58.6    25.8    43.7   0.214 -99.000 -99.000 -99.000 -99.000     0.3     0.2 -9999.0 -9999.0 -9999.0
54795 20200121  2.623  -70.95   43.11    -4.2   -17.3   -10.7   -10.4     0.0     8.21 C    -5.4   -27.1   -18.2    80.1    32.2    54.4   0.213 -99.000 -99.000 -99.000 -99.000     0.3     0.2 -9999.0 -9999.0 -9999.0
54795 20200122  2.623  -70.95   43.11     1.5   -17.0    -7.8    -7.9     0.0     8.03 C    -2.4   -23.1   -14.5    84.7    42.4    65.6 -99.000 -99.000 -99.000 -99.000 -99.000     0.3     0.2 -9999.0 -9999.0 -9999.0
54795 20200123  2.623  -70.95   43.11     5.8   -14.1    -4.2    -4.5     0.0     6.78 C    -0.7   -21.0   -11.6    87.2    25.8    63.9 -99.000 -99.000 -99.000 -99.000 -99.000     0.3     0.1 -9999.0 -9999.0 -9999.0
54795 20200124  2.623  -70.95   43.11     5.9    -6.2    -0.2     0.4     0.0     6.60 C     0.3   -13.3    -3.8    83.3    45.2    72.2 -99.000 -99.000 -99.000 -99.000 -99.000     0.3     0.1 -9999.0 -9999.0 -9999.0
54795 20200125  2.623  -70.95   43.11     7.6     1.8     4.7     3.6    36.0     1.45 C     3.4    -0.1     0.3    93.2    68.7    83.0 -99.000 -99.000 -99.000 -99.000 -99.000     0.2     0.1 -9999.0 -9999.0 -9999.0
54795 20200126  2.623  -70.95   43.11     8.8    -1.4     3.7     4.0     0.8     5.72 C    15.5    -7.5     1.8    95.3    46.5    78.1 -99.000 -99.000 -99.000 -99.000 -99.000     0.2     0.1 -9999.0 -9999.0 -9999.0
54795 20200127  2.623  -70.95   43.11     7.7    -0.7     3.5     3.2     0.0     6.43 C    18.6    -5.3     1.7    88.6    46.2    66.8 -99.000 -99.000 -99.000 -99.000 -99.000     0.2     0.1 -9999.0 -9999.0 -9999.0
54795 20200128  2.623  -70.95   43.11     4.9    -0.4     2.3     1.8     0.0     3.66 C    17.0    -2.1     1.0    70.1    49.9    59.0 -99.000 -99.000 -99.000 -99.000 -99.000     0.4     0.2 -9999.0 -9999.0 -9999.0
54795 20200129  2.623  -70.95   43.11     3.0    -6.6    -1.8    -1.5     0.0     9.24 C    11.3   -14.4    -4.0    76.9    22.3    47.6   0.235 -99.000 -99.000 -99.000 -99.000     0.4     0.3 -9999.0 -9999.0 -9999.0
54795 20200130  2.623  -70.95   43.11     1.0   -10.9    -5.0    -5.3     0.0     9.33 C    10.6   -16.6    -7.4    80.1    23.0    53.1 -99.000 -99.000 -99.000 -99.000 -99.000     0.3     0.2 -9999.0 -9999.0 -9999.0
54795 20200131  2.623  -70.95   43.11     5.8    -9.8    -2.0    -2.2     0.0     8.45 C    15.6   -14.8    -3.2    84.6    20.9    56.8 -99.000 -99.000 -99.000 -99.000 -99.000     0.2     0.1 -9999.0 -9999.0 -9999.0
54795 20200201  2.623  -70.95   43.11     3.6    -2.8     0.4     0.2     0.2     2.74 C    11.7    -9.4    -0.8    92.0    65.1    80.6 -99.000 -99.000 -99.000 -99.000 -99.000     0.2     0.1 -9999.0 -9999.0 -9999.0
54795 20200202  2.623  -70.95   43.11     3.6    -3.0     0.3    -0.2     0.0     3.65 C    11.9   -10.5    -1.5    92.3    46.6    71.6 -99.000 -99.000 -99.000 -99.000 -99.000     0.2     0.1 -9999.0 -9999.0 -9999.0
54795 20200203  2.623  -70.95   43.11     8.0    -5.8     1.1     1.3     0.0     7.92 C    19.2   -11.6    -0.7    87.8    39.6    66.6 -99.000 -99.000 -99.000 -99.000 -99.000     0.2     0.1 -9999.0 -9999.0 -9999.0
54795 20200204  2.623  -70.95   43.11     6.4    -2.8     1.8     1.1     0.0     3.65 C    12.6    -8.6     0.2    87.8    58.5    76.6 -99.000 -99.000 -99.000 -99.000 -99.000     0.2     0.1 -9999.0 -9999.0 -9999.0
54795 20200205  2.623  -70.95   43.11     3.7    -3.8     0.0     1.1     0.0     7.00 C    13.6    -9.4    -0.4    84.4    26.7    48.6 -99.000 -99.000 -99.000 -99.000 -99.000     0.2     0.1 -9999.0 -9999.0 -9999.0
54795 20200206  2.623  -70.95   43.11     0.0    -3.6    -1.8    -1.7    13.2     1.55 C     0.0    -5.2    -1.6    93.2    49.3    85.5 -99.000 -99.000 -99.000 -99.000 -99.000     0.3     0.2 -9999.0 -9999.0 -9999.0
54795 20200207  2.623  -70.95   43.11     1.1    -5.6    -2.3    -1.0    12.6     1.67 C     0.0    -8.6    -1.2    92.9    69.7    87.3 -99.000 -99.000 -99.000 -99.000 -99.000     0.3     0.2 -9999.0 -9999.0 -9999.0
54795 20200208  2.623  -70.95   43.11    -3.7   -12.3    -8.0    -6.8     0.0    10.43 C    -1.5   -19.7   -10.6    86.1    53.3    70.4 -99.000 -99.000 -99.000 -99.000 -99.000     0.3     0.2 -9999.0 -9999.0 -9999.0
54795 20200209  2.623  -70.95   43.11    -2.5   -16.3    -9.4    -8.2     0.0     8.83 C    -1.8   -21.1   -10.0    86.8    51.5    73.4 -99.000 -99.000 -99.000 -99.000 -99.000     0.3     0.1 -9999.0 -9999.0 -9999.0
54795 20200210  2.623  -70.95   43.11     4.5    -3.8     0.4     0.8     5.6     2.04 C     0.2    -6.0    -1.3    95.0    85.6    90.1 -99.000 -99.000 -99.000 -99.000 -99.000     0.2     0.1 -9999.0 -9999.0 -9999.0
54795 20200211  2.623  -70.95   43.11     2.0    -3.0    -0.5     0.0     0.6     1.28 C     0.2    -7.5    -1.7    95.2    92.9    94.1 -99.000 -99.000 -99.000 -99.000 -99.000     0.2     0.1 -9999.0 -9999.0 -9999.0
54795 20200212  2.623  -70.95   43.11     4.9    -1.3     1.8     1.7     0.0    10.49 C     1.0    -6.9    -2.1    94.0    36.0    61.5 -99.000 -99.000 -99.000 -99.000 -99.000     0.2     0.1 -9999.0 -9999.0 -9999.0
54795 20200213  2.623  -70.95   43.11     1.9    -0.2     0.8     0.6    12.1     1.41 C     0.1    -1.8    -0.2    94.9    65.8    92.0 -99.000 -99.000 -99.000 -99.000 -99.000     0.3     0.1 -9999.0 -9999.0 -9999.0
54795 20200214  2.623  -70.95   43.11     0.6   -15.3    -7.3    -8.2     0.0    11.97 C    -0.7   -21.6   -10.9    90.5    30.2    50.4 -99.000 -99.000 -99.000 -99.000 -99.000     0.3     0.2 -9999.0 -9999.0 -9999.0
54795 20200215  2.623  -70.95   43.11    -4.5   -19.1   -11.8   -11.0     0.0    12.26 C    -3.7   -24.0   -14.4    77.8    32.5    51.2 -99.000 -99.000 -99.000 -99.000 -99.000     0.2     0.1 -9999.0 -9999.0 -9999.0
54795 20200216  2.623  -70.95   43.11     4.0    -5.6    -0.8    -0.7     0.0     5.57 C     0.1    -9.6    -3.6    81.7    43.1    59.3 -99.000 -99.000 -99.000 -99.000 -99.000     0.1     0.0 -9999.0 -9999.0 -9999.0
54795 20200217  2.623  -70.95   43.11     4.2    -5.4    -0.6    -0.7     0.0    12.05 C     0.1   -12.4    -6.6    89.1    30.7    56.7 -99.000 -99.000 -99.000 -99.000 -99.000     0.1    -0.1 -9999.0 -9999.0 -9999.0
54795 20200218  2.623  -70.95   43.11     0.5    -5.5    -2.5    -3.0    19.4     1.87 C     0.0   -11.0    -4.0    94.5    44.4    73.7 -99.000 -99.000 -99.000 -99.000 -99.000     0.1    -0.1 -9999.0 -9999.0 -9999.0
54795 20200219  2.623  -70.95   43.11     3.3    -5.1    -0.9     0.3     0.0    11.83 C     0.0   -14.0    -4.3    94.6    24.8    57.9 -99.000 -99.000 -99.000 -99.000 -99.000     0.1    -0.1 -9999.0 -9999.0 -9999.0
54795 20200220  2.623  -70.95   43.11    -1.9   -11.7    -6.8    -6.3     0.0    11.34 C    -0.5   -19.7   -11.2    69.4    31.4    45.5 -99.000 -99.000 -99.000 -99.000 -99.000     0.1    -0.1 -9999.0 -9999.0 -9999.0
54795 20200221  2.623  -70.95   43.11    -1.8   -17.3    -9.6    -8.1     0.0    13.26 C    -1.3   -22.6   -12.8    75.9    19.4    43.7 -99.000 -99.000 -99.000 -99.000 -99.000     0.0    -0.1 -9999.0 -9999.0 -9999.0
54795 20200222  2.623  -70.95   43.11     5.8    -9.9    -2.1    -1.5     0.0    13.07 C     1.7   -16.9    -7.2    73.8    31.8    47.2 -99.000 -99.000 -99.000 -99.000 -99.000     0.0    -0.2 -9999.0 -9999.0 -9999.0
54795 20200223  2.623  -70.95   43.11    10.3    -6.6     1.9     0.9     0.0    13.12 C     6.1   -11.5    -4.3    86.0    30.7    61.3 -99.000 -99.000 -99.000 -99.000 -99.000    -0.1    -0.2 -9999.0 -9999.0 -9999.0
54795 20200224  2.623  -70.95   43.11    15.1    -6.7     4.2     2.7     0.0    13.48 C    14.0   -11.0    -1.4    90.1    19.5    58.3 -99.000 -99.000 -99.000 -99.000 -99.000    -0.1    -0.2 -9999.0 -9999.0 -9999.0
54795 20200225  2.623  -70.95   43.11    10.1    -0.9     4.6     3.3     0.0     5.05 C    14.2    -3.7     2.4    83.4    48.3    69.1 -99.000 -99.000 -99.000 -99.000 -99.000    -0.1    -0.2 -9999.0 -9999.0 -9999.0
54795 20200226  2.623  -70.95   43.11     9.4     0.3     4.9     4.2     0.4     6.91 C    18.1    -1.8     4.3    94.4    51.3    78.1 -99.000 -99.000 -99.000 -99.000 -99.000     0.0    -0.2 -9999.0 -9999.0 -9999.0
54795 20200227  2.623  -70.95   43.11     8.7    -1.5     3.6     3.5    35.3     7.82 C    14.7    -5.2     2.6    94.4    39.5    70.2 -99.000 -99.000 -99.000 -99.000 -99.000    -0.1    -0.2 -9999.0 -9999.0 -9999.0
54795 20200228  2.623  -70.95   43.11     2.1    -5.5    -1.7    -1.4     0.0    14.39 C    13.0   -12.7    -3.2    70.0    27.6    39.2 -99.000 -99.000 -99.000 -99.000 -99.000     0.0    -0.2 -9999.0 -9999.0 -9999.0
54795 20200229  2.623  -70.95   43.11     1.2    -7.6    -3.2    -3.6     0.0    10.43 C    14.2   -13.6    -4.6    79.9    29.9    52.2 -99.000 -99.000 -99.000 -99.000 -99.000     0.0    -0.2 -9999.0 -9999.0 -9999.0
54795 20200301  2.623  -70.95   43.11    -0.7    -9.0    -4.9    -4.8     0.0    14.93 C    11.9   -15.4    -5.4    70.0    34.0    48.1 -99.000 -99.000 -99.000 -99.000 -99.000     0.0    -0.2 -9999.0 -9999.0 -9999.0
54795 20200302  2.623  -70.95   43.11     9.2    -9.3     0.0     0.2     0.5    10.08 C    19.3   -14.5     0.5    83.3    37.6    62.8 -99.000 -99.000 -99.000 -99.000 -99.000     0.0    -0.2 -9999.0 -9999.0 -9999.0
54795 20200303  2.623  -70.95   43.11    16.9    -0.1     8.4     8.1     1.2    12.85 C    27.8    -3.9     8.0    94.4    38.8    73.5 -99.000 -99.000 -99.000 -99.000 -99.000     0.0    -0.2 -9999.0 -9999.0 -9999.0
54795 20200304  2.623  -70.95   43.11    10.3     3.6     6.9     6.8     0.4    13.17 C    19.4    -3.9     4.7    95.2    33.4    52.5 -99.000 -99.000 -99.000 -99.000 -99.000     0.0    -0.1 -9999.0 -9999.0 -9999.0
54795 20200305  2.623  -70.95   43.11     9.5    -3.3     3.1     3.8     0.0    15.15 C    20.9   -10.1     0.9    70.0    24.8    48.0 -99.000 -99.000 -99.000 -99.000 -99.000     0.2     0.1 -9999.0 -9999.0 -9999.0
54795 20200306  2.623  -70.95   43.11     8.0    -4.9     1.6     1.4     0.0     9.46 C    20.8   -10.8     0.6    84.3    44.1    67.1 -99.000 -99.000 -99.000 -99.000 -99.000     0.3     0.2 -9999.0 -9999.0 -9999.0
54795 20200307  2.623  -70.95   43.11     6.7    -2.2     2.2     1.3     0.0    15.72 C    13.0   -10.7     0.3    43.7    14.2    24.8 -99.000 -99.000 -99.000 -99.000 -99.000     0.5     0.3 -9999.0 -9999.0 -9999.0
54795 20200308  2.623  -70.95   43.11    11.6    -2.3     4.6     3.8     0.0    15.62 C    24.0   -10.7     2.1    61.0    17.5    29.1   0.223 -99.000 -99.000 -99.000 -99.000     0.8     0.6 -9999.0 -9999.0 -9999.0
54795 20200309  2.623  -70.95   43.11    22.1    -1.1    10.5     9.9     0.0    13.44 C    31.5    -6.8     8.0    71.3    12.5    38.5   0.221   0.237 -99.000 -99.000 -99.000     1.9     1.7 -9999.0 -9999.0 -9999.0
54795 20200310  2.623  -70.95   43.11    14.8     3.4     9.1     7.7     0.0    10.25 C    26.6     0.9     9.2    88.5    40.6    73.6   0.218   0.245 -99.000 -99.000 -99.000     3.4     3.2 -9999.0 -9999.0 -9999.0
54795 20200311  2.623  -70.95   43.11    13.4    -1.2     6.1     6.1     0.0    14.48 C    23.0    -9.2     5.6    69.4    21.5    43.5   0.215   0.244 -99.000 -99.000 -99.000     4.2     4.0 -9999.0 -9999.0 -9999.0
54795 20200312  2.623  -70.95   43.11     5.2    -3.3     1.0     2.2     0.0     7.41 C    15.0   -10.3     2.5    82.9    51.3    64.3   0.212   0.240 -99.000 -99.000 -99.000     3.1     2.9 -9999.0 -9999.0 -9999.0
54795 20200313  2.623  -70.95   43.11    13.3     3.7     8.5     6.9    12.6     1.49 C    17.8    -2.2     4.8    93.6    38.5    75.5   0.240   0.258 -99.000 -99.000 -99.000     3.7     3.5 -9999.0 -9999.0 -9999.0
54795 20200314  2.623  -70.95   43.11    11.4    -1.5     5.0     6.1     0.0    16.67 C    21.4    -8.4     4.5    73.8    23.8    39.1   0.241   0.258 -99.000 -99.000 -99.000     3.6     3.4 -9999.0 -9999.0 -9999.0
54795 20200315  2.623  -70.95   43.11     6.8    -3.0     1.9     2.6     0.0    18.15 C    23.2   -11.7     3.0    54.2    19.6    29.7   0.231   0.252 -99.000 -99.000 -99.000     3.6     3.4 -9999.0 -9999.0 -9999.0
54795 20200316  2.623  -70.95   43.11     1.7    -8.6    -3.5    -2.8     0.0    17.85 C    18.8   -15.4    -2.4    72.6    21.4    45.5   0.222   0.247 -99.000 -99.000 -99.000     2.5     2.3 -9999.0 -9999.0 -9999.0
54795 20200317  2.623  -70.95   43.11     5.2    -4.4     0.4     1.0     0.8     2.44 C     8.6   -11.1    -0.3    94.8    71.7    86.3   0.219   0.245 -99.000 -99.000 -99.000     2.0     1.9 -9999.0 -9999.0 -9999.0
54795 20200318  2.623  -70.95   43.11    11.3    -2.5     4.4     4.1     0.0    17.89 C    24.6    -9.5     4.0    90.6    19.0    57.6   0.217   0.243 -99.000 -99.000 -99.000     2.6     2.5 -9999.0 -9999.0 -9999.0
54795 20200319  2.623  -70.95   43.11     5.7     2.4     4.1     3.8    12.1     2.77 C     9.6    -0.6     3.7    91.8    61.2    84.9   0.238   0.258 -99.000 -99.000 -99.000     3.3     3.2 -9999.0 -9999.0 -9999.0
54795 20200320  2.623  -70.95   43.11    17.7     2.8    10.3     9.3     3.3     3.79 C    17.7     2.5     8.5    93.4    43.2    82.6   0.251   0.270 -99.000 -99.000 -99.000     4.2     4.0 -9999.0 -9999.0 -9999.0
54795 20200321  2.623  -70.95   43.11    12.1    -3.2     4.5     4.1     0.0    17.92 C    21.2   -11.7     4.0    61.8    17.3    35.7   0.240   0.263 -99.000 -99.000 -99.000     5.0     4.8 -9999.0 -9999.0 -9999.0
54795 20200322  2.623  -70.95   43.11     3.5    -6.9    -1.7    -2.1     0.0    19.49 C    19.8   -14.3    -2.0    75.5    19.4    41.1   0.229   0.257 -99.000 -99.000 -99.000     3.4     3.2 -9999.0 -9999.0 -9999.0
54795 20200323  2.623  -70.95   43.11     3.3    -6.8    -1.8    -0.9    24.8     4.62 C     8.5   -12.3    -0.9    93.5    55.1    76.6   0.224   0.253 -99.000 -99.000 -99.000     2.3     2.2 -9999.0 -9999.0 -9999.0
54795 20200324  2.623  -70.95   43.11     8.7    -1.8     3.5     3.4     3.0    13.30 C     1.0    -7.9    -0.9    90.8    48.5    73.9   0.239   0.262 -99.000 -99.000 -99.000     2.2     2.1 -9999.0 -9999.0 -9999.0
54795 20200325  2.623  -70.95   43.11     5.7    -3.0     1.3     2.0     0.0    10.32 C    10.6    -8.4    -0.1    92.9    53.8    73.2   0.258   0.275 -99.000 -99.000 -99.000     1.9     1.7 -9999.0 -9999.0 -9999.0
54795 20200326  2.623  -70.95   43.11    11.7    -1.1     5.3     4.0     0.0    19.82 C    26.8    -5.4     5.2    89.1    26.0    58.3   0.254   0.272 -99.000 -99.000 -99.000     2.9     2.7 -9999.0 -9999.0 -9999.0
54795 20200327  2.623  -70.95   43.11    14.4     0.7     7.6     7.8     0.0    20.21 C    27.6    -8.3     6.6    82.7    14.3    44.6   0.240   0.264 -99.000 -99.000 -99.000     4.0     3.7 -9999.0 -9999.0 -9999.0
54795 20200328  2.623  -70.95   43.11    11.0    -3.1     4.0     5.1     0.0    12.65 C    22.9   -10.8     4.9    78.7    23.7    54.1   0.230   0.258 -99.000 -99.000 -99.000     3.8     3.6 -9999.0 -9999.0 -9999.0
54795 20200329  2.623  -70.95   43.11     6.3     3.0     4.6     4.5    23.5     1.74 C     8.1     0.8     4.3    93.6    73.1    87.4   0.250   0.272 -99.000 -99.000 -99.000     4.3     4.1 -9999.0 -9999.0 -9999.0
54795 20200330  2.623  -70.95   43.11     5.0     1.0     3.0     3.0     5.5     4.95 C    10.2     0.7     3.7    92.1    81.4    89.2   0.273   0.292 -99.000 -99.000 -99.000     4.1     4.0 -9999.0 -9999.0 -9999.0
54795 20200331  2.623  -70.95   43.11     7.4    -3.0     2.2     1.8     0.0    19.34 C    23.4    -9.1     3.2    91.7    38.8    70.0   0.254   0.277 -99.000 -99.000 -99.000     4.5     4.3 -9999.0 -9999.0 -9999.0
54795 20200401  2.623  -70.95   43.11     7.9    -4.0     1.9     2.9     0.0     9.29 C    17.3    -9.7     2.6    92.9    48.9    66.3   0.239   0.266 -99.000 -99.000 -99.000     3.7     3.5 -9999.0 -9999.0 -9999.0
54795 20200402  2.623  -70.95   43.11     7.7     3.8     5.8     5.4    15.8     5.53 C    10.8     2.7     5.5    90.2    68.3    81.3   0.244   0.269 -99.000 -99.000 -99.000     4.4     4.2 -9999.0 -9999.0 -9999.0
54795 20200403  2.623  -70.95   43.11     8.1     6.2     7.2     7.2    22.7     3.99 C    10.1     5.3     7.1    89.9    82.1    87.9   0.294   0.311 -99.000 -99.000 -99.000     5.3     5.1 -9999.0 -9999.0 -9999.0
54795 20200404  2.623  -70.95   43.11    11.1     4.4     7.7     6.4     0.0    16.65 C    28.9     2.0     8.9    85.8    55.2    72.5   0.260   0.283 -99.000 -99.000 -99.000     6.2     6.1 -9999.0 -9999.0 -9999.0
54795 20200405  2.623  -70.95   43.11    12.7     3.7     8.2     7.6     0.0    12.45 C    28.2    -1.6     9.4    89.2    49.6    69.9   0.240   0.268 -99.000 -99.000 -99.000     6.8     6.6 -9999.0 -9999.0 -9999.0
54795 20200406  2.623  -70.95   43.11    15.3     0.9     8.1     8.1     0.0    22.40 C    30.5    -5.7     7.5    92.0    12.4    46.3   0.229   0.260 -99.000 -99.000 -99.000     6.9     6.7 -9999.0 -9999.0 -9999.0
54795 20200407  2.623  -70.95   43.11    16.1    -0.7     7.7     7.7     0.0    21.00 C    31.1    -7.4     7.3    81.6    15.1    47.8   0.221   0.253 -99.000 -99.000 -99.000     6.5     6.4 -9999.0 -9999.0 -9999.0
54795 20200408  2.623  -70.95   43.11    12.5     2.2     7.3     6.2     0.0    16.01 C    29.9    -4.5     7.3    87.6    39.5    64.1   0.214   0.248 -99.000 -99.000 -99.000     6.8     6.7 -9999.0 -9999.0 -9999.0
54795 20200409  2.623  -70.95   43.11     8.3     0.2     4.2     3.6    28.7     2.03 C    11.2    -4.9     2.9    92.0    79.5    88.5   0.252   0.276 -99.000 -99.000 -99.000     5.9     5.8 -9999.0 -9999.0 -9999.0
54795 20200410  2.623  -70.95   43.11     8.7     1.0     4.9     4.4     0.4    12.47 C    17.5    -3.6     3.4    89.2    39.5    60.9   0.262   0.283 -99.000 -99.000 -99.000     5.5     5.3 -9999.0 -9999.0 -9999.0
54795 20200411  2.623  -70.95   43.11     9.4    -0.4     4.5     5.2     0.0    19.64 C    24.3    -8.4     4.7    66.1    24.8    45.3   0.241   0.268 -99.000 -99.000 -99.000     5.6     5.4 -9999.0 -9999.0 -9999.0
54795 20200412  2.623  -70.95   43.11    16.1    -3.2     6.4     7.6     0.0    18.52 C    29.8    -9.8     7.7    83.3    24.5    49.6   0.230   0.259 -99.000 -99.000 -99.000     5.7     5.5 -9999.0 -9999.0 -9999.0
54795 20200413  2.623  -70.95   43.11    16.4     7.3    11.8    12.4    32.3     1.55 C    15.3     5.0    11.3    92.9    65.3    84.8   0.269   0.290 -99.000 -99.000 -99.000     7.4     7.3 -9999.0 -9999.0 -9999.0
54795 20200414  2.623  -70.95   43.11    14.5     6.1    10.3    10.0     0.0    20.85 C    29.0     0.7    10.2    65.8    20.4    38.7   0.262   0.284 -99.000 -99.000 -99.000     8.6     8.5 -9999.0 -9999.0 -9999.0
54795 20200415  2.623  -70.95   43.11    10.9    -1.2     4.8     6.4     0.0    18.77 C    28.1    -8.6     6.9    61.0    19.2    34.2   0.238   0.266 -99.000 -99.000 -99.000     8.3     8.2 -9999.0 -9999.0 -9999.0
54795 20200416  2.623  -70.95   43.11     7.5    -2.1     2.7     2.9     0.2    15.66 C    28.4    -9.5     3.7    81.9    27.6    51.0   0.227   0.258 -99.000 -99.000 -99.000     7.1     6.9 -9999.0 -9999.0 -9999.0
54795 20200417  2.623  -70.95   43.11     9.6    -3.9     2.8     3.6     0.0    20.91 C    25.3   -10.8     4.5    78.3    23.3    43.5   0.220   0.252 -99.000 -99.000 -99.000     6.3     6.1 -9999.0 -9999.0 -9999.0
54795 20200418  2.623  -70.95   43.11     5.1    -0.8     2.2     2.6     4.5     6.52 C    13.1    -6.2     3.0    94.6    48.7    84.0   0.225   0.255 -99.000 -99.000 -99.000     6.3     6.2 -9999.0 -9999.0 -9999.0
54795 20200419  2.623  -70.95   43.11    17.0    -2.7     7.1     8.5     0.0    23.92 C    29.2    -8.0     8.9    95.3    27.9    56.4   0.226   0.254 -99.000 -99.000 -99.000     6.6     6.5 -9999.0 -9999.0 -9999.0
54795 20200420  2.623  -70.95   43.11    10.8    -2.0     4.4     6.6     0.0    15.87 C    21.9    -8.3     6.5    77.9    31.3    48.2   0.216   0.249 -99.000 -99.000 -99.000     7.6     7.4 -9999.0 -9999.0 -9999.0
54795 20200421  2.623  -70.95   43.11    12.3    -3.6     4.3     3.8     8.8    10.88 C    25.9    -8.6     3.2    93.4    33.5    72.4   0.220   0.253 -99.000 -99.000 -99.000     6.4     6.2 -9999.0 -9999.0 -9999.0
54795 20200422  2.623  -70.95   43.11     6.7    -1.2     2.8     2.4     0.0    17.57 C    19.2    -7.8     1.6    81.3    27.0    44.1   0.237   0.262 -99.000 -99.000 -99.000     5.8     5.7 -9999.0 -9999.0 -9999.0
54795 20200423  2.623  -70.95   43.11    12.7    -2.8     5.0     5.1     0.0    22.56 C    28.4   -10.2     5.7    60.7    11.0    29.6   0.226   0.254 -99.000 -99.000 -99.000     6.0     5.8 -9999.0 -9999.0 -9999.0
54795 20200424  2.623  -70.95   43.11    10.4     0.8     5.6     6.1     0.4    11.98 C    23.0    -4.4     7.1    86.5    41.4    60.5   0.217   0.249 -99.000 -99.000 -99.000     7.0     6.8 -9999.0 -9999.0 -9999.0
54795 20200425  2.623  -70.95   43.11    15.2     0.6     7.9     7.5     0.0    19.61 C    32.7    -4.5     9.6    88.9    24.5    58.3   0.210   0.243 -99.000 -99.000 -99.000     7.6     7.4 -9999.0 -9999.0 -9999.0
54795 20200426  2.623  -70.95   43.11    13.4     0.4     6.9     5.9     4.0     8.50 C    25.9    -3.6     6.5    90.9    23.4    65.5   0.203   0.239 -99.000 -99.000 -99.000     7.4     7.2 -9999.0 -9999.0 -9999.0
54795 20200427  2.623  -70.95   43.11     4.9     3.1     4.0     3.9    19.6     4.42 C     7.5     2.9     4.6    89.2    75.5    86.7   0.256   0.277 -99.000 -99.000 -99.000     6.8     6.6 -9999.0 -9999.0 -9999.0
54795 20200428  2.623  -70.95   43.11    11.4     3.1     7.2     6.1     0.0    12.02 C    22.3    -2.4     7.6    79.5    44.5    65.7   0.256   0.277 -99.000 -99.000 -99.000     7.1     7.0 -9999.0 -9999.0 -9999.0
54795 20200429  2.623  -70.95   43.11    12.6    -0.9     5.8     6.9     0.0    23.66 C    28.6    -5.0    10.1    93.8    36.8    64.1   0.237   0.263 -99.000 -99.000 -99.000     8.1     7.9 -9999.0 -9999.0 -9999.0
54795 20200430  2.623  -70.95   43.11     8.3     6.3     7.3     6.8     1.8     2.68 C    10.6     5.9     7.2    89.4    74.6    82.8   0.228   0.257 -99.000 -99.000 -99.000     8.2     7.9 -9999.0 -9999.0 -9999.0
54795 20200501  2.623  -70.95   43.11    16.8     8.3    12.6    11.7    25.1     7.26 C    21.9     7.4    12.3    93.8    69.0    86.8   0.271   0.295 -99.000 -99.000 -99.000     8.8     8.7 -9999.0 -9999.0 -9999.0
54795 20200502  2.623  -70.95   43.11    19.8     5.9    12.9    13.4     0.2    25.35 C    33.5     0.2    14.1    82.1    19.9    45.0   0.252   0.276 -99.000 -99.000 -99.000    10.3    10.2 -9999.0 -9999.0 -9999.0
54795 20200503  2.623  -70.95   43.11    25.6     8.7    17.2    16.4     0.0    20.33 C    38.2     5.2    16.6    85.4    19.1    52.5   0.232   0.259 -99.000 -99.000 -99.000    11.4    11.3 -9999.0 -9999.0 -9999.0
54795 20200504  2.623  -70.95   43.11    19.1     7.9    13.5    13.8     0.0    17.83 C    36.8     3.3    14.1    70.0    32.1    46.7   0.216   0.248 -99.000 -99.000 -99.000    11.6    11.5 -9999.0 -9999.0 -9999.0
54795 20200505  2.623  -70.95   43.11    13.3     2.2     7.7     8.6     0.0    24.37 C    31.0    -3.1    11.1    73.8    36.1    49.1   0.207   0.239 -99.000 -99.000 -99.000    11.1    11.1 -9999.0 -9999.0 -9999.0
54795 20200506  2.623  -70.95   43.11    14.0    -1.3     6.3     7.3     0.5    22.79 C    31.5    -5.0    10.6    90.6    30.8    62.8   0.199   0.231 -99.000 -99.000 -99.000    10.6    10.5 -9999.0 -9999.0 -9999.0
54795 20200507  2.623  -70.95   43.11    17.0     4.0    10.5    10.2     0.2    23.59 C    35.6    -0.6    12.1    94.3    13.9    54.3   0.192   0.225 -99.000 -99.000 -99.000    11.2    11.2 -9999.0 -9999.0 -9999.0
54795 20200508  2.623  -70.95   43.11    15.0     5.3    10.2     9.9     1.5    21.33 C    31.3     0.8    12.6    91.3    19.1    47.1   0.183   0.215 -99.000 -99.000 -99.000    11.2    11.1 -9999.0 -9999.0 -9999.0
54795 20200509  2.623  -70.95   43.11     6.4     1.0     3.7     3.2     5.7    15.04 C    19.6    -2.9     4.7    91.3    33.0    63.6   0.186   0.220 -99.000 -99.000 -99.000    10.3    10.3 -9999.0 -9999.0 -9999.0
54795 20200510  2.623  -70.95   43.11    14.3    -0.6     6.9     7.7     0.0    21.76 C    28.4    -5.0     8.8    69.3    26.0    44.9   0.189   0.221 -99.000 -99.000 -99.000     9.4     9.4 -9999.0 -9999.0 -9999.0
54795 20200511  2.623  -70.95   43.11    16.2     2.2     9.2     9.5     4.5    15.81 C    30.6    -1.7    10.9    91.4    42.3    70.2   0.184   0.216 -99.000 -99.000 -99.000    10.1    10.0 -9999.0 -9999.0 -9999.0
54795 20200512  2.623  -70.95   43.11    12.4     3.7     8.0     8.0     0.0    26.81 C    28.9    -2.0    10.1    78.9    20.4    44.6   0.187   0.218 -99.000 -99.000 -99.000    10.7    10.6 -9999.0 -9999.0 -9999.0
54795 20200513  2.623  -70.95   43.11    14.2     1.5     7.9     8.0     0.0    27.41 C    31.0    -4.0     9.6    62.7    18.6    38.5   0.180   0.209 -99.000 -99.000 -99.000    10.5    10.6 -9999.0 -9999.0 -9999.0
54795 20200514  2.623  -70.95   43.11    21.1    -0.7    10.2    12.0     0.0    27.53 C    35.4    -5.5    13.6    79.4    12.1    38.2   0.169   0.197 -99.000 -99.000 -99.000    10.8    10.9 -9999.0 -9999.0 -9999.0
54795 20200515  2.623  -70.95   43.11    22.3    10.2    16.3    14.9     7.3    19.38 C    40.9     8.8    18.0    92.9    48.8    69.0   0.159   0.185 -99.000 -99.000 -99.000    12.5    12.5 -9999.0 -9999.0 -9999.0
54795 20200516  2.623  -70.95   43.11    19.8     8.6    14.2    13.6     1.5    23.23 C    33.9     4.4    15.9    94.1    42.1    69.7   0.163   0.190 -99.000 -99.000 -99.000    13.6    13.6 -9999.0 -9999.0 -9999.0
54795 20200517  2.623  -70.95   43.11    20.8     8.0    14.4    14.8     0.0    17.58 C    35.5     6.5    16.3    90.6    44.8    64.4   0.162   0.184 -99.000 -99.000 -99.000    13.6    13.6 -9999.0 -9999.0 -9999.0
54795 20200518  2.623  -70.95   43.11    18.0     5.1    11.5    13.1     0.0    16.06 C    30.3     1.0    13.6    86.7    27.7    57.5   0.156   0.176 -99.000 -99.000 -99.000    13.7    13.6 -9999.0 -9999.0 -9999.0
54795 20200519  2.623  -70.95   43.11    15.4     2.8     9.1    10.1     0.0    27.15 C    32.6    -1.3    12.5    86.8    37.1    58.5   0.148   0.164 -99.000 -99.000 -99.000    13.0    12.9 -9999.0 -9999.0 -9999.0
54795 20200520  2.623  -70.95   43.11    18.3     1.6    10.0    11.0     0.0    28.11 C    34.5    -2.1    13.3    92.3    28.9    55.2   0.138   0.151 -99.000 -99.000 -99.000    12.9    12.9 -9999.0 -9999.0 -9999.0
54795 20200521  2.623  -70.95   43.11    26.4     1.6    14.0    16.3     0.0    28.22 C    38.4    -1.9    17.2    90.0    12.7    42.1   0.127   0.134 -99.000 -99.000 -99.000    13.2    13.2 -9999.0 -9999.0 -9999.0
54795 20200522  2.623  -70.95   43.11    29.4     9.5    19.4    20.5     0.0    28.09 C    41.9     3.7    20.8    81.6    19.0    46.9   0.114   0.117 -99.000 -99.000 -99.000    14.4    14.5 -9999.0 -9999.0 -9999.0
54795 20200523  2.623  -70.95   43.11    18.6     3.8    11.2    13.2     0.0    19.68 C    37.0    -0.1    14.8    91.5    21.6    58.9   0.103   0.105 -99.000 -99.000 -99.000    14.6    14.6 -9999.0 -9999.0 -9999.0
54795 20200524  2.623  -70.95   43.11    16.0     2.0     9.0     9.0     0.0    27.83 C    34.7    -1.7    12.9    93.2    29.3    66.1   0.096   0.098 -99.000 -99.000 -99.000    13.6    13.5 -9999.0 -9999.0 -9999.0
54795 20200525  2.623  -70.95   43.11    15.2     4.1     9.6    11.1     0.0     9.92 C    24.2     3.9    14.3    94.2    73.2    84.2   0.091   0.094 -99.000 -99.000 -99.000    13.3    13.2 -9999.0 -9999.0 -9999.0
54795 20200526  2.623  -70.95   43.11    25.6    10.9    18.2    17.2     0.0    24.28 C    42.2    10.9    21.7    94.6    58.0    81.2   0.088   0.091 -99.000 -99.000 -99.000    15.0    15.0 -9999.0 -9999.0 -9999.0
54795 20200527  2.623  -70.95   43.11    31.5    11.8    21.6    23.0     0.0    26.68 C    45.5     9.6    25.8    94.3    35.9    64.8   0.080   0.084 -99.000 -99.000 -99.000    16.4    16.5 -9999.0 -9999.0 -9999.0
54795 20200528  2.623  -70.95   43.11    28.1    18.5    23.3    23.2     0.0    18.45 C    42.5    15.2    25.1    84.9    53.2    69.5   0.075   0.079 -99.000 -99.000 -99.000    17.4    17.5 -9999.0 -9999.0 -9999.0
54795 20200529  2.623  -70.95   43.11    29.5    21.5    25.5    24.8     0.0    20.49 C    44.7    20.3    28.0    84.1    55.1    71.5   0.072   0.077 -99.000 -99.000 -99.000    18.5    18.7 -9999.0 -9999.0 -9999.0
54795 20200530  2.623  -70.95   43.11    25.4    13.5    19.5    21.5     2.5    24.10 C    42.2     9.7    23.6    91.5    37.2    63.5   0.070   0.074 -99.000 -99.000 -99.000    19.2    19.3 -9999.0 -9999.0 -9999.0
54795 20200531  2.623  -70.95   43.11    18.0     3.6    10.8    13.3     0.0    28.90 C    36.9    -1.5    17.2    77.0    29.2    48.0   0.066   0.070 -99.000 -99.000 -99.000    17.5    17.6 -9999.0 -9999.0 -9999.0
54795 20200601  2.623  -70.95   43.11    17.5     1.5     9.5    10.7     0.0    22.23 C    41.2    -2.8    14.1    88.4    25.2    53.3   0.063   0.066 -99.000 -99.000 -99.000    15.3    15.4 -9999.0 -9999.0 -9999.0
54795 20200602  2.623  -70.95   43.11    18.9     2.3    10.6    11.9     0.0    18.88 C    36.9    -1.6    15.1    93.1    38.8    68.2   0.061   0.064 -99.000 -99.000 -99.000    14.8    14.8 -9999.0 -9999.0 -9999.0
54795 20200603  2.623  -70.95   43.11    22.3    11.4    16.8    16.4     0.5    13.89 C    38.2     9.3    19.0    94.1    54.7    78.5   0.061   0.063 -99.000 -99.000 -99.000    15.7    15.6 -9999.0 -9999.0 -9999.0
54795 20200604  2.623  -70.95   43.11    30.1    10.0    20.0    21.6     0.0    25.11 C    46.9     7.0    24.1    94.7    31.5    60.4   0.059   0.062 -99.000 -99.000 -99.000    16.7    16.8 -9999.0 -9999.0 -9999.0
54795 20200605  2.623  -70.95   43.11    28.6    17.6    23.1    22.9     1.3    17.31 C    42.1    14.8    24.0    91.8    52.8    73.8   0.058   0.061 -99.000 -99.000 -99.000    18.0    18.2 -9999.0 -9999.0 -9999.0
54795 20200606  2.623  -70.95   43.11    30.4    13.6    22.0    21.4     5.3    17.46 C    48.5    10.9    23.5    93.8    47.0    79.4   0.058   0.061 -99.000 -99.000 -99.000    18.8    18.9 -9999.0 -9999.0 -9999.0
54795 20200607  2.623  -70.95   43.11    18.9     9.9    14.4    15.1     0.0     8.12 C    27.5     6.0    15.7    92.4    59.6    79.9   0.058   0.061 -99.000 -99.000 -99.000    17.4    17.5 -9999.0 -9999.0 -9999.0
54795 20200608  2.623  -70.95   43.11    24.4     6.7    15.5    16.4     0.0    28.24 C    40.5     3.4    19.0    93.2    25.3    56.1   0.058   0.060 -99.000 -99.000 -99.000    16.8    17.0 -9999.0 -9999.0 -9999.0
54795 20200609  2.623  -70.95   43.11    22.6    10.5    16.5    16.9     0.0    10.27 C    36.9     8.4    18.7    89.1    41.5    67.5   0.057   0.059 -99.000 -99.000 -99.000    16.6    16.7 -9999.0 -9999.0 -9999.0
54795 20200610  2.623  -70.95   43.11    21.7    12.4    17.1    16.4     0.0    22.97 C    42.7     9.7    21.7    92.9    39.5    69.9   0.056   0.059 -99.000 -99.000 -99.000    17.4    17.4 -9999.0 -9999.0 -9999.0
54795 20200611  2.623  -70.95   43.11    23.6    13.9    18.8    19.7     2.7     6.93 C    27.9    14.4    20.3    94.3    80.1    88.0   0.055   0.059 -99.000 -99.000 -99.000    17.6    17.6 -9999.0 -9999.0 -9999.0
54795 20200612  2.623  -70.95   43.11    28.4    12.1    20.2    21.6     0.0    26.73 C    45.6     6.1    23.9    94.3    29.2    55.0   0.056   0.059 -99.000 -99.000 -99.000    18.8    18.9 -9999.0 -9999.0 -9999.0
54795 20200613  2.623  -70.95   43.11    22.1     8.1    15.1    15.3     0.0    26.78 C    44.7     3.8    20.0    86.0    33.8    55.4   0.053   0.057 -99.000 -99.000 -99.000    17.9    18.0 -9999.0 -9999.0 -9999.0
54795 20200614  2.623  -70.95   43.11    22.4     8.2    15.3    14.5     0.0    25.71 C    46.3     4.6    19.2    93.0    38.2    63.2   0.051   0.054 -99.000 -99.000 -99.000    17.6    17.6 -9999.0 -9999.0 -9999.0
54795 20200615  2.623  -70.95   43.11    21.8     7.5    14.6    14.9     0.0    25.43 C    44.2     4.1    18.9    93.3    44.7    70.1   0.048   0.052 -99.000 -99.000 -99.000    17.1    17.1 -9999.0 -9999.0 -9999.0
54795 20200616  2.623  -70.95   43.11    25.3     6.7    16.0    16.6     0.0    28.76 C    46.5     3.4    21.2    94.1    32.4    61.0   0.046   0.050 -99.000 -99.000 -99.000    17.4    17.4 -9999.0 -9999.0 -9999.0
54795 20200617  2.623  -70.95   43.11    28.0     6.1    17.0    17.6     0.0    28.70 C    48.1     2.9    22.2    93.4    31.6    63.7   0.045   0.049 -99.000 -99.000 -99.000    17.8    17.8 -9999.0 -9999.0 -9999.0
54795 20200618  2.623  -70.95   43.11    32.4     8.9    20.7    22.7     0.0    28.32 C    52.1     5.7    26.8    93.4    26.4    59.4   0.043   0.047 -99.000 -99.000 -99.000    18.8    18.8 -9999.0 -9999.0 -9999.0
54795 20200619  2.623  -70.95   43.11    32.8    18.6    25.7    25.8     0.0    27.51 C    51.4    14.6    30.0    87.8    35.8    60.9   0.040   0.046 -99.000 -99.000 -99.000    20.5    20.6 -9999.0 -9999.0 -9999.0
54795 20200620  2.623  -70.95   43.11    33.8    19.6    26.7    25.4     0.0    21.93 C    54.0    15.4    29.2    91.6    32.9    65.9   0.039   0.045 -99.000 -99.000 -99.000    21.3    21.4 -9999.0 -9999.0 -9999.0
54795 20200621  2.623  -70.95   43.11    30.7    17.6    24.1    23.3     0.0    25.57 C    51.5    14.8    29.4    93.9    51.9    75.5   0.039   0.042 -99.000 -99.000 -99.000    21.8    21.9 -9999.0 -9999.0 -9999.0
54795 20200622  2.623  -70.95   43.11    26.6    17.4    22.0    20.1     0.0    18.91 C    46.6    18.1    25.6    93.3    57.3    81.6   0.038   0.042 -99.000 -99.000 -99.000    21.7    21.7 -9999.0 -9999.0 -9999.0
54795 20200623  2.623  -70.95   43.11    30.0    17.2    23.6    23.1     0.0    23.84 C    51.4    17.1    28.9    94.0    55.6    76.4   0.037   0.041 -99.000 -99.000 -99.000    22.0    22.0 -9999.0 -9999.0 -9999.0
54795 20200624  2.623  -70.95   43.11    28.9    14.6    21.7    22.4     0.2    12.11 C    47.2    11.0    24.0    93.1    61.1    80.8   0.035   0.040 -99.000 -99.000 -99.000    21.7    21.7 -9999.0 -9999.0 -9999.0
54795 20200625  2.623  -70.95   43.11    28.8    12.5    20.7    20.2     0.0    19.21 C    45.6     9.2    22.4    94.0    29.4    66.1   0.035   0.040 -99.000 -99.000 -99.000    20.3    20.2 -9999.0 -9999.0 -9999.0
54795 20200626  2.623  -70.95   43.11    30.4    12.3    21.4    21.3     0.0    24.44 C    51.9     9.4    25.5    92.6    27.3    61.5   0.034   0.039 -99.000 -99.000 -99.000    20.3    20.3 -9999.0 -9999.0 -9999.0
54795 20200627  2.623  -70.95   43.11    27.4    11.9    19.6    20.7     0.0    13.49 C    39.5     8.5    22.7    93.3    40.3    67.9   0.034   0.038 -99.000 -99.000 -99.000    19.8    19.8 -9999.0 -9999.0 -9999.0
54795 20200628  2.623  -70.95   43.11    29.2    13.7    21.5    21.1     0.7    18.42 C    52.2    11.1    25.3    93.5    49.0    77.8   0.034   0.038 -99.000 -99.000 -99.000    20.1    20.1 -9999.0 -9999.0 -9999.0
54795 20200629  2.623  -70.95   43.11    21.5    16.8    19.1    18.7    20.0     7.25 C    32.3    16.2    20.3    93.2    71.2    87.7   0.039   0.049 -99.000 -99.000 -99.000    20.1    20.1 -9999.0 -9999.0 -9999.0
54795 20200630  2.623  -70.95   43.11    22.3    16.9    19.6    18.6    74.8     9.15 C    31.8    17.2    20.5    94.3    74.1    88.8   0.111   0.136 -99.000 -99.000 -99.000    19.6    19.6 -9999.0 -9999.0 -9999.0
54795 20200701  2.623  -70.95   43.11    25.3    15.9    20.6    19.5     0.2    15.97 C    37.3    13.7    21.7    94.5    63.3    85.2   0.236   0.241 -99.000 -99.000 -99.000    19.8    19.8 -9999.0 -9999.0 -9999.0
54795 20200702  2.623  -70.95   43.11    31.4    16.0    23.7    23.3     0.0    25.77 C    46.8    14.6    27.9    98.5    44.5    76.5   0.212   0.222 -99.000 -99.000 -99.000    21.0    21.0 -9999.0 -9999.0 -9999.0
54795 20200703  2.623  -70.95   43.11    23.3    16.4    19.8    19.3     0.0    12.29 C    36.5    16.7    22.2    91.5    67.1    81.6   0.201   0.213 -99.000 -99.000 -99.000    21.2    21.2 -9999.0 -9999.0 -9999.0
54795 20200704  2.623  -70.95   43.11    26.0    15.5    20.8    19.2     0.0    26.26 C    44.0    13.2    25.0    93.7    60.1    80.0   0.192   0.205 -99.000 -99.000 -99.000    21.2    21.3 -9999.0 -9999.0 -9999.0
54795 20200705  2.623  -70.95   43.11    26.1    16.6    21.3    19.5     1.5    19.45 C    42.4    17.3    24.3    94.6    64.3    85.7   0.183   0.197 -99.000 -99.000 -99.000    21.4    21.5 -9999.0 -9999.0 -9999.0
54795 20200706  2.623  -70.95   43.11    24.4    12.6    18.5    19.2     0.0    23.36 C    39.7    10.1    22.8    94.1    62.9    81.1   0.177   0.191 -99.000 -99.000 -99.000    21.8    21.8 -9999.0 -9999.0 -9999.0
54795 20200707  2.623  -70.95   43.11    24.3    11.8    18.1    19.0     0.0    23.68 C    39.8     9.7    23.4    95.8    61.2    77.0   0.168   0.183 -99.000 -99.000 -99.000    21.2    21.2 -9999.0 -9999.0 -9999.0
54795 20200708  2.623  -70.95   43.11    29.7    19.2    24.4    22.9     0.9    12.70 C    40.9    16.9    24.8    93.3    60.9    81.8   0.161   0.175 -99.000 -99.000 -99.000    21.5    21.6 -9999.0 -9999.0 -9999.0
54795 20200709  2.623  -70.95   43.11    29.0    17.7    23.4    23.3     0.0    25.09 C    42.8    16.3    26.8    94.8    67.4    83.2   0.154   0.167 -99.000 -99.000 -99.000    22.3    22.3 -9999.0 -9999.0 -9999.0
54795 20200710  2.623  -70.95   43.11    28.9    18.7    23.8    22.6     4.3    19.90 C    42.4    17.0    26.2    94.5    60.6    86.3   0.143   0.155 -99.000 -99.000 -99.000    22.7    22.7 -9999.0 -9999.0 -9999.0
54795 20200711  2.623  -70.95   43.11    30.9    21.4    26.2    25.4     1.1    16.61 C    39.3    21.5    26.9    93.6    59.8    79.8   0.139   0.151 -99.000 -99.000 -99.000    23.0    23.2 -9999.0 -9999.0 -9999.0
54795 20200712  2.623  -70.95   43.11    30.8    20.4    25.6    25.6     0.0    24.46 C    43.6    18.0    27.6    92.9    50.2    71.6   0.133   0.141 -99.000 -99.000 -99.000    23.5    23.7 -9999.0 -9999.0 -9999.0
54795 20200713  2.623  -70.95   43.11    29.4    18.7    24.0    22.0    18.1    14.89 C    43.7    16.6    23.8    94.6    57.2    84.8   0.158   0.164 -99.000 -99.000 -99.000    22.8    22.9 -9999.0 -9999.0 -9999.0
54795 20200714  2.623  -70.95   43.11    25.6    16.0    20.8    19.6     0.0    16.70 C    36.6    14.2    21.6    94.9    56.4    82.7   0.185   0.191 -99.000 -99.000 -99.000    22.1    22.2 -9999.0 -9999.0 -9999.0
54795 20200715  2.623  -70.95   43.11    22.5    14.2    18.3    18.5     0.7    20.23 C    35.8    11.7    21.3    93.9    61.9    79.9   0.173   0.178 -99.000 -99.000 -99.000    21.7    21.9 -9999.0 -9999.0 -9999.0
54795 20200716  2.623  -70.95   43.11    21.6    11.3    16.5    16.8     0.0    22.72 C    37.3     9.2    20.1    94.7    62.4    79.3   0.161   0.166 -99.000 -99.000 -99.000    20.9    21.0 -9999.0 -9999.0 -9999.0
54795 20200717  2.623  -70.95   43.11    21.8    14.7    18.3    17.2     0.0     5.97 C    24.9    13.3    17.6    94.5    75.7    85.3   0.153   0.158 -99.000 -99.000 -99.000    20.1    20.1 -9999.0 -9999.0 -9999.0
54795 20200718  2.623  -70.95   43.11    31.7    13.8    22.7    23.3     0.0    25.55 C    42.2    11.8    25.2    94.9    36.5    73.1   0.145   0.145 -99.000 -99.000 -99.000    20.7    20.8 -9999.0 -9999.0 -9999.0
54795 20200719  2.623  -70.95   43.11    34.5    17.0    25.7    26.8     0.0    25.51 C    43.2    14.6    28.0    94.3    37.3    65.3   0.128   0.125 -99.000 -99.000 -99.000    21.9    22.0 -9999.0 -9999.0 -9999.0
54795 20200720  2.623  -70.95   43.11    32.8    20.7    26.7    27.1     0.0    19.76 C    42.8    16.3    27.2    80.3    40.7    62.6   0.113   0.109 -99.000 -99.000 -99.000    22.8    22.9 -9999.0 -9999.0 -9999.0
54795 20200721  2.623  -70.95   43.11    30.6    17.2    23.9    23.8     0.0    23.70 C    43.2    13.8    24.9    90.5    42.5    67.1   0.100   0.098 -99.000 -99.000 -99.000    22.2    22.4 -9999.0 -9999.0 -9999.0
54795 20200722  2.623  -70.95   43.11    24.1    17.4    20.7    20.8    16.1    12.54 C    33.6    14.7    22.1    93.9    53.8    73.1   0.091   0.090 -99.000 -99.000 -99.000    21.5    21.5 -9999.0 -9999.0 -9999.0
54795 20200723  2.623  -70.95   43.11    29.4    18.2    23.8    22.3     0.8    12.28 C    38.9    18.5    23.6    94.9    68.2    89.3   0.109   0.115 -99.000 -99.000 -99.000    21.8    22.2 -9999.0 -9999.0 -9999.0
54795 20200724  2.623  -70.95   43.11    27.9    16.6    22.2    22.3     0.0    20.59 C    36.2    14.4    23.2    94.8    49.7    77.9   0.116   0.117 -99.000 -99.000 -99.000    22.1    22.3 -9999.0 -9999.0 -9999.0
54795 20200725  2.623  -70.95   43.11    29.8    14.4    22.1    22.6     0.0    24.06 C    40.4    12.5    23.9    94.9    37.2    74.4   0.111   0.110 -99.000 -99.000 -99.000    21.8    22.0 -9999.0 -9999.0 -9999.0
54795 20200726  2.623  -70.95   43.11    31.8    16.1    23.9    25.0     0.0    23.93 C    41.7    13.2    26.1    94.3    41.6    65.4   0.102   0.100 -99.000 -99.000 -99.000    22.1    22.3 -9999.0 -9999.0 -9999.0
54795 20200727  2.623  -70.95   43.11    34.3    20.5    27.4    27.8     0.0    23.99 C    43.7    17.5    28.6    88.0    42.2    63.8   0.092   0.091 -99.000 -99.000 -99.000    22.9    23.1 -9999.0 -9999.0 -9999.0
54795 20200728  2.623  -70.95   43.11    31.7    19.4    25.5    26.8     0.3    20.85 C    44.0    15.0    27.2    84.1    48.4    65.7   0.083   0.083 -99.000 -99.000 -99.000    23.3    23.5 -9999.0 -9999.0 -9999.0
54795 20200729  2.623  -70.95   43.11    32.1    16.0    24.0    24.7     0.0    24.16 C    45.8    12.5    26.2    93.3    34.1    63.7   0.074   0.075 -99.000 -99.000 -99.000    22.4    22.6 -9999.0 -9999.0 -9999.0
54795 20200730  2.623  -70.95   43.11    31.8    18.0    24.9    23.8     0.3    18.98 C    43.7    14.1    25.2    94.0    40.4    71.6   0.067   0.069 -99.000 -99.000 -99.000    22.4    22.6 -9999.0 -9999.0 -9999.0
54795 20200731  2.623  -70.95   43.11    29.0    14.4    21.7    21.9     0.0    25.44 C    43.9    11.7    24.7    94.2    44.2    71.1   0.062   0.063 -99.000 -99.000 -99.000    21.8    22.0 -9999.0 -9999.0 -9999.0
54795 20200801  2.623  -70.95   43.11    30.1    15.3    22.7    22.5     0.0    23.51 C    47.1    12.5    25.1    93.7    42.3    70.4   0.058   0.059 -99.000 -99.000 -99.000    21.6    21.7 -9999.0 -9999.0 -9999.0
54795 20200802  2.623  -70.95   43.11    29.5    16.0    22.7    23.0     0.0    14.24 C    40.3    13.5    25.0    93.6    49.3    76.1   0.054   0.056 -99.000 -99.000 -99.000    21.4    21.5 -9999.0 -9999.0 -9999.0
54795 20200803  2.623  -70.95   43.11    31.7    19.1    25.4    26.2     0.0    23.88 C    46.6    16.0    28.9    92.9    38.7    64.0   0.052   0.054 -99.000 -99.000 -99.000    22.5    22.7 -9999.0 -9999.0 -9999.0
54795 20200804  2.623  -70.95   43.11    25.0    18.6    21.8    22.6     3.3     5.66 C    29.6    16.1    22.8    90.1    59.9    78.5   0.051   0.052 -99.000 -99.000 -99.000    21.7    21.7 -9999.0 -9999.0 -9999.0
54795 20200805  2.623  -70.95   43.11    31.9    16.6    24.2    24.6     0.0    22.98 C    47.3    12.0    26.1    90.2    37.0    59.6   0.051   0.054 -99.000 -99.000 -99.000    22.0    22.1 -9999.0 -9999.0 -9999.0
54795 20200806  2.623  -70.95   43.11    28.0    12.5    20.3    20.3     0.0    23.31 C    45.5     9.2    22.5    89.0    27.9    58.3   0.050   0.052 -99.000 -99.000 -99.000    21.0    21.1 -9999.0 -9999.0 -9999.0
54795 20200807  2.623  -70.95   43.11    27.8    11.5    19.6    19.9     0.0    22.18 C    47.0     8.6    23.7    93.1    38.6    69.3   0.047   0.049 -99.000 -99.000 -99.000    20.4    20.4 -9999.0 -9999.0 -9999.0
54795 20200808  2.623  -70.95   43.11    29.0    15.1    22.1    20.8     0.7    16.93 C    44.5    12.6    22.8    94.0    42.2    75.4   0.044   0.048 -99.000 -99.000 -99.000    20.6    20.7 -9999.0 -9999.0 -9999.0
54795 20200809  2.623  -70.95   43.11    32.7    14.6    23.6    24.1     0.0    21.22 C    51.4    12.5    27.5    94.1    33.6    68.0   0.045   0.047 -99.000 -99.000 -99.000    21.0    21.1 -9999.0 -9999.0 -9999.0
54795 20200810  2.623  -70.95   43.11    33.8    19.2    26.5    25.9     0.0    21.91 C    53.3    16.5    29.7    93.5    33.2    67.0   0.043   0.046 -99.000 -99.000 -99.000    22.1    22.3 -9999.0 -9999.0 -9999.0
54795 20200811  2.623  -70.95   43.11    34.9    19.0    27.0    27.0     3.4    18.49 C    51.7    16.8    28.6    94.1    38.7    66.2   0.042   0.045 -99.000 -99.000 -99.000    22.7    22.9 -9999.0 -9999.0 -9999.0
54795 20200812  2.623  -70.95   43.11    33.5    18.8    26.1    26.6     0.0    21.35 C    50.4    15.6    29.3    88.4    35.0    62.9   0.043   0.047 -99.000 -99.000 -99.000    23.3    23.5 -9999.0 -9999.0 -9999.0
54795 20200813  2.623  -70.95   43.11    31.5    15.6    23.5    23.0     0.0    18.66 C    51.6    12.5    25.6    93.2    31.6    65.8   0.041   0.044 -99.000 -99.000 -99.000    22.2    22.3 -9999.0 -9999.0 -9999.0
54795 20200814  2.623  -70.95   43.11    29.9    14.5    22.2    22.0     0.0    20.32 C    49.0    12.0    24.7    93.9    32.3    64.3   0.039   0.042 -99.000 -99.000 -99.000    21.5    21.5 -9999.0 -9999.0 -9999.0
54795 20200815  2.623  -70.95   43.11    23.6    14.1    18.9    18.9     0.0     8.38 C    33.9    10.8    19.6    93.7    59.3    77.2   0.038   0.041 -99.000 -99.000 -99.000    20.4    20.3 -9999.0 -9999.0 -9999.0
54795 20200816  2.623  -70.95   43.11    21.2    13.4    17.3    17.8     0.7     5.09 C    30.2    10.7    19.0    94.3    70.4    83.0   0.037   0.040 -99.000 -99.000 -99.000    19.3    19.2 -9999.0 -9999.0 -9999.0
54795 20200817  2.623  -70.95   43.11    24.3    15.4    19.8    18.8     0.3    19.62 C    43.8    12.4    22.6    91.2    52.8    74.7   0.038   0.040 -99.000 -99.000 -99.000    19.8    19.9 -9999.0 -9999.0 -9999.0
54795 20200818  2.623  -70.95   43.11    29.4    14.3    21.9    21.2     1.4    18.53 C    46.0     9.8    23.8    94.1    27.1    65.3   0.038   0.041 -99.000 -99.000 -99.000    20.3    20.4 -9999.0 -9999.0 -9999.0
54795 20200819  2.623  -70.95   43.11    27.3    11.4    19.4    17.4    11.4    15.73 C    47.9     7.8    19.7    95.1    31.3    76.9   0.047   0.064 -99.000 -99.000 -99.000    19.3    19.3 -9999.0 -9999.0 -9999.0
54795 20200820  2.623  -70.95   43.11    25.8     9.5    17.7    17.5     0.0    23.05 C    40.9     6.3    19.4    95.4    29.8    67.9   0.068   0.088 -99.000 -99.000 -99.000    18.6    18.7 -9999.0 -9999.0 -9999.0
54795 20200821  2.623  -70.95   43.11    32.1    10.1    21.1    21.0     0.0    22.18 C    47.1     7.6    23.9    93.9    28.9    64.2   0.064   0.069 -99.000 -99.000 -99.000    18.9    19.1 -9999.0 -9999.0 -9999.0
54795 20200822  2.623  -70.95   43.11    26.7    14.5    20.6    20.0     0.0    15.84 C    43.6    12.0    22.3    94.1    59.7    80.2   0.058   0.058 -99.000 -99.000 -99.000    19.7    19.7 -9999.0 -9999.0 -9999.0
54795 20200823  2.623  -70.95   43.11    30.1    13.2    21.6    20.3    11.6    15.93 C    47.6    10.5    23.0    94.8    44.1    84.1   0.068   0.082 -99.000 -99.000 -99.000    19.8    19.9 -9999.0 -9999.0 -9999.0
54795 20200824  2.623  -70.95   43.11    32.4    16.8    24.6    23.2     0.0    19.79 C    44.3    14.7    25.4    95.0    35.4    76.9   0.083   0.105 -99.000 -99.000 -99.000    21.0    21.2 -9999.0 -9999.0 -9999.0
54795 20200825  2.623  -70.95   43.11    31.2    16.7    23.9    22.5     0.2    15.86 C    45.1    13.4    23.7    94.8    36.5    68.6   0.076   0.085 -99.000 -99.000 -99.000    21.3    21.3 -9999.0 -9999.0 -9999.0
54795 20200826  2.623  -70.95   43.11    22.6    10.4    16.5    17.3     0.0    22.72 C    38.4     5.3    18.7    78.1    23.5    46.6   0.068   0.071 -99.000 -99.000 -99.000    19.7    19.7 -9999.0 -9999.0 -9999.0
54795 20200827  2.623  -70.95   43.11    17.9     8.3    13.1    14.2     0.0     6.47 C    24.1     4.6    14.2    93.9    57.1    76.4   0.062   0.063 -99.000 -99.000 -99.000    17.5    17.5 -9999.0 -9999.0 -9999.0
54795 20200828  2.623  -70.95   43.11    27.6    12.1    19.8    19.4     0.0    20.15 C    44.3     9.2    22.4    94.6    29.8    64.6   0.058   0.059 -99.000 -99.000 -99.000    18.3    18.5 -9999.0 -9999.0 -9999.0
54795 20200829  2.623  -70.95   43.11    18.9    12.9    15.9    16.4    12.3     2.84 C    20.6    10.0    17.1    94.8    85.3    91.6   0.081   0.104 -99.000 -99.000 -99.000    18.1    18.1 -9999.0 -9999.0 -9999.0
54795 20200830  2.623  -70.95   43.11    21.3    10.7    16.0    17.2     0.0    19.09 C    34.0     6.3    17.3    94.3    39.0    66.3   0.089   0.115 -99.000 -99.000 -99.000    18.1    18.2 -9999.0 -9999.0 -9999.0
54795 20200831  2.623  -70.95   43.11    24.1     7.4    15.8    15.6     0.0    19.64 C    42.6     4.4    17.4    93.8    35.8    71.9   0.078   0.097 -99.000 -99.000 -99.000    17.1    17.1 -9999.0 -9999.0 -9999.0
54795 20200901  2.623  -70.95   43.11    23.1     9.2    16.1    16.7     0.0    18.83 C    37.8     6.8    19.0    94.5    51.1    76.5   0.071   0.084 -99.000 -99.000 -99.000    17.3    17.3 -9999.0 -9999.0 -9999.0
54795 20200902  2.623  -70.95   43.11    20.9    13.0    16.9    17.2     2.9     5.05 C    25.5    11.6    17.8    94.8    80.7    91.1   0.068   0.078 -99.000 -99.000 -99.000    17.7    17.6 -9999.0 -9999.0 -9999.0
54795 20200903  2.623  -70.95   43.11    24.0    14.8    19.4    19.7     0.2     8.88 C    31.6    12.4    20.5    94.8    62.6    85.5   0.068   0.078 -99.000 -99.000 -99.000    18.8    18.9 -9999.0 -9999.0 -9999.0
54795 20200904  2.623  -70.95   43.11    27.8    12.2    20.0    19.6     0.0    20.66 C    40.2     7.5    20.1    95.0    22.4    64.3   0.065   0.073 -99.000 -99.000 -99.000    18.7    18.8 -9999.0 -9999.0 -9999.0
54795 20200905  2.623  -70.95   43.11    25.0     8.1    16.6    16.7     0.0    20.61 C    39.1     4.5    17.6    93.7    28.2    61.2   0.060   0.065 -99.000 -99.000 -99.000    17.5    17.5 -9999.0 -9999.0 -9999.0
54795 20200906  2.623  -70.95   43.11    26.3    10.6    18.5    17.7     0.0    18.16 C    41.8     7.2    19.4    92.8    35.0    67.4   0.055   0.060 -99.000 -99.000 -99.000    17.5    17.6 -9999.0 -9999.0 -9999.0
54795 20200907  2.623  -70.95   43.11    27.3    11.9    19.6    19.0     0.0    18.58 C    40.9     9.0    21.0    93.5    33.2    72.7   0.051   0.055 -99.000 -99.000 -99.000    17.8    17.8 -9999.0 -9999.0 -9999.0
54795 20200908  2.623  -70.95   43.11    30.0    12.4    21.2    20.1     0.0    16.43 C    43.3     9.6    22.2    95.1    44.4    78.6   0.048   0.051 -99.000 -99.000 -99.000    18.5    18.5 -9999.0 -9999.0 -9999.0
54795 20200909  2.623  -70.95   43.11    27.9    14.3    21.1    19.6     0.0    13.68 C    41.1    11.7    22.2    95.2    48.6    84.2   0.046   0.049 -99.000 -99.000 -99.000    18.9    18.9 -9999.0 -9999.0 -9999.0
54795 20200910  2.623  -70.95   43.11    27.9    16.6    22.2    21.5    36.2     8.01 C    39.0    15.4    22.9    99.2    66.2    89.9   0.111   0.118 -99.000 -99.000 -99.000    20.0    20.0 -9999.0 -9999.0 -9999.0
54795 20200911  2.623  -70.95   43.11    21.2     9.1    15.1    15.9     0.0    11.12 C    30.7     5.9    16.3    94.9    55.7    81.1   0.181   0.181 -99.000 -99.000 -99.000    19.9    19.9 -9999.0 -9999.0 -9999.0
54795 20200912  2.623  -70.95   43.11    19.7     5.9    12.8    12.3     0.0    18.69 C    31.8     3.1    13.2    95.2    47.3    76.4   0.163   0.164 -99.000 -99.000 -99.000    17.4    17.5 -9999.0 -9999.0 -9999.0
54795 20200913  2.623  -70.95   43.11    22.1     4.7    13.4    15.0     0.0    14.63 C    33.2     2.4    16.6    94.9    60.3    80.6   0.151   0.152 -99.000 -99.000 -99.000    16.6    16.7 -9999.0 -9999.0 -9999.0
54795 20200914  2.623  -70.95   43.11    22.4     6.1    14.3    16.9     0.0    16.77 C    32.7     1.7    16.6    94.1    27.2    62.2   0.141   0.142 -99.000 -99.000 -99.000    17.4    17.5 -9999.0 -9999.0 -9999.0
54795 20200915  2.623  -70.95   43.11    17.3     2.0     9.7     9.6     0.0    15.53 C    27.2    -0.6    10.2    93.7    41.3    73.9   0.131   0.129 -99.000 -99.000 -99.000    15.5    15.6 -9999.0 -9999.0 -9999.0
54795 20200916  2.623  -70.95   43.11    23.1     4.7    13.9    14.6     0.0    16.49 C    32.2     1.6    14.5    94.8    41.9    70.6   0.122   0.120 -99.000 -99.000 -99.000    15.0    15.0 -9999.0 -9999.0 -9999.0
54795 20200917  2.623  -70.95   43.11    24.5    10.5    17.5    17.5     0.0    14.69 C    34.0     6.8    17.9    94.7    46.9    69.5   0.113   0.111 -99.000 -99.000 -99.000    15.9    16.0 -9999.0 -9999.0 -9999.0
54795 20200918  2.623  -70.95   43.11    17.6     5.2    11.4    13.4     0.0     9.48 C    27.6     0.7    13.7    80.8    42.6    62.2   0.105   0.103 -99.000 -99.000 -99.000    16.1    16.1 -9999.0 -9999.0 -9999.0
54795 20200919  2.623  -70.95   43.11    16.2     0.1     8.1     8.5     0.0    18.76 C    29.3    -3.2     8.5    92.0    24.5    56.1   0.097   0.094 -99.000 -99.000 -99.000    14.2    14.3 -9999.0 -9999.0 -9999.0
54795 20200920  2.623  -70.95   43.11    15.9    -1.4     7.3     7.1     0.0    16.52 C    31.4    -4.7     7.0    92.7    28.1    63.9   0.088   0.085 -99.000 -99.000 -99.000    12.8    12.9 -9999.0 -9999.0 -9999.0
54795 20200921  2.623  -70.95   43.11    17.4    -1.3     8.0     7.1     0.0    17.99 C    30.3    -4.9     7.4    94.3    24.8    65.1   0.081   0.079 -99.000 -99.000 -99.000    12.1    12.1 -9999.0 -9999.0 -9999.0
54795 20200922  2.623  -70.95   43.11    18.7    -0.9     8.9    10.9     0.0    10.86 C    26.1    -4.3     9.8    92.4    20.1    54.4   0.074   0.072 -99.000 -99.000 -99.000    11.6    11.6 -9999.0 -9999.0 -9999.0
54795 20200923  2.623  -70.95   43.11    25.1    10.5    17.8    17.5     0.0    15.98 C    34.9     4.7    16.2    80.1    36.0    54.4   0.068   0.068 -99.000 -99.000 -99.000    13.2    13.3 -9999.0 -9999.0 -9999.0
54795 20200924  2.623  -70.95   43.11    26.1    10.3    18.2    18.6     0.0    14.87 C    37.2     5.6    18.0    91.3    35.0    64.4   0.063   0.063 -99.000 -99.000 -99.000    14.3    14.3 -9999.0 -9999.0 -9999.0
54795 20200925  2.623  -70.95   43.11    22.1     9.9    16.0    15.3     0.0    15.77 C    34.6     6.5    16.2    93.4    43.2    74.2   0.059   0.060 -99.000 -99.000 -99.000    14.8    14.9 -9999.0 -9999.0 -9999.0
54795 20200926  2.623  -70.95   43.11    23.2    12.0    17.6    15.3     0.0    10.23 C    32.4    10.1    16.6    95.6    50.6    86.3   0.057   0.058 -99.000 -99.000 -99.000    15.1    15.1 -9999.0 -9999.0 -9999.0
54795 20200927  2.623  -70.95   43.11    24.6    11.7    18.2    18.7     0.0     6.95 C    33.5     9.5    19.0    94.8    66.1    86.4   0.055   0.056 -99.000 -99.000 -99.000    15.7    15.7 -9999.0 -9999.0 -9999.0
54795 20200928  2.623  -70.95   43.11    25.9    17.0    21.5    21.1     1.8     8.74 C    31.1    13.0    21.0    94.9    64.8    85.5   0.055   0.056 -99.000 -99.000 -99.000    17.0    17.1 -9999.0 -9999.0 -9999.0
54795 20200929  2.623  -70.95   43.11    25.7    13.7    19.7    19.5     0.0    11.63 C    37.1    10.9    20.2    95.2    57.9    83.2   0.054   0.056 -99.000 -99.000 -99.000    17.2    17.2 -9999.0 -9999.0 -9999.0
54795 20200930  2.623  -70.95   43.11    23.1    10.5    16.8    18.3     9.8    10.35 C    28.6     6.5    17.4    94.2    40.4    74.5   0.072   0.090 -99.000 -99.000 -99.000    17.9    18.0 -9999.0 -9999.0 -9999.0
54795 20201001  2.623  -70.95   43.11    22.8     8.3    15.5    14.6     0.0    13.49 C    32.0     5.0    14.0    94.7    44.5    75.0   0.076   0.095 -99.000 -99.000 -99.000    15.9    15.9 -9999.0 -9999.0 -9999.0
54795 20201002  2.623  -70.95   43.11    14.2     5.2     9.7    10.7     0.8     2.29 C    16.8     1.8     9.6    95.8    75.7    89.2   0.072   0.088 -99.000 -99.000 -99.000    14.6    14.6 -9999.0 -9999.0 -9999.0
54795 20201003  2.623  -70.95   43.11    18.2     2.3    10.2     9.7     0.0    12.63 C    28.5     0.0     9.4    96.1    44.9    80.0   0.070   0.084 -99.000 -99.000 -99.000    13.2    13.2 -9999.0 -9999.0 -9999.0
54795 20201004  2.623  -70.95   43.11    18.8     2.0    10.4     9.4     0.0    12.25 C    29.0    -0.9     9.4    95.7    35.2    78.8   0.067   0.078 -99.000 -99.000 -99.000    12.6    12.7 -9999.0 -9999.0 -9999.0
54795 20201005  2.623  -70.95   43.11    18.0     6.0    12.0    11.0     0.0    12.18 C    30.0     2.3    11.8    95.1    54.0    83.3   0.064   0.072 -99.000 -99.000 -99.000    13.0    13.0 -9999.0 -9999.0 -9999.0
54795 20201006  2.623  -70.95   43.11    19.8     7.2    13.5    12.4     0.0     8.43 C    29.1     6.4    12.8   100.0    47.6    85.1   0.061   0.069 -99.000 -99.000 -99.000    13.2    13.2 -9999.0 -9999.0 -9999.0
54795 20201007  2.623  -70.95   43.11    21.2     9.9    15.6    14.9     0.5     8.79 C    29.3     6.5    14.0    95.2    48.8    71.1   0.059   0.065 -99.000 -99.000 -99.000    13.6    13.6 -9999.0 -9999.0 -9999.0
54795 20201008  2.623  -70.95   43.11    14.7     2.4     8.5    10.8     0.0    14.57 C    25.2    -3.2    10.3    76.3    30.1    49.2   0.057   0.061 -99.000 -99.000 -99.000    13.2    13.2 -9999.0 -9999.0 -9999.0
54795 20201009  2.623  -70.95   43.11    14.9    -0.2     7.4     7.5     0.0    14.68 C    25.3    -5.0     7.0    82.1    24.5    53.7   0.053   0.057 -99.000 -99.000 -99.000    11.5    11.4 -9999.0 -9999.0 -9999.0
54795 20201010  2.623  -70.95   43.11    25.4     5.4    15.4    17.4     0.0    12.29 C    33.3     2.6    17.1    90.0    40.5    62.5   0.052   0.054 -99.000 -99.000 -99.000    12.3    12.4 -9999.0 -9999.0 -9999.0
54795 20201011  2.623  -70.95   43.11    19.7     2.2    10.9    11.4     0.0    14.11 C    29.2    -1.7    11.1    91.5    32.7    59.9   0.050   0.052 -99.000 -99.000 -99.000    13.5    13.5 -9999.0 -9999.0 -9999.0
54795 20201012  2.623  -70.95   43.11    11.4     1.3     6.3     7.4     0.0     6.45 C    21.7    -2.7     7.8    92.0    55.6    70.6   0.047   0.049 -99.000 -99.000 -99.000    11.5    11.4 -9999.0 -9999.0 -9999.0
54795 20201013  2.623  -70.95   43.11    12.2     7.9    10.1    10.0    33.6     2.37 C    12.9     6.5    10.2    95.0    69.8    86.8   0.103   0.121 -99.000 -99.000 -99.000    11.8    11.7 -9999.0 -9999.0 -9999.0
54795 20201014  2.623  -70.95   43.11    19.5     4.7    12.1    12.1     0.0    13.45 C    25.8     1.2    10.5    95.7    33.4    72.4   0.182   0.193 -99.000 -99.000 -99.000    12.0    12.1 -9999.0 -9999.0 -9999.0
54795 20201015  2.623  -70.95   43.11    23.2     2.5    12.9    12.9     0.0    12.34 C    27.5     0.0    11.9    95.3    41.8    73.5   0.165   0.171 -99.000 -99.000 -99.000    11.7    11.7 -9999.0 -9999.0 -9999.0
54795 20201016  2.623  -70.95   43.11    20.7    10.3    15.5    13.6     8.7     2.68 C    23.1     8.2    13.2    95.0    74.4    89.2   0.158   0.163 -99.000 -99.000 -99.000    12.6    12.6 -9999.0 -9999.0 -9999.0
54795 20201017  2.623  -70.95   43.11    12.9    -0.5     6.2     7.1    32.0     8.65 C    17.4    -3.2     6.4    95.3    37.4    78.9   0.252   0.266 -99.000 -99.000 -99.000    11.7    11.7 -9999.0 -9999.0 -9999.0
54795 20201018  2.623  -70.95   43.11    15.1    -2.4     6.3     5.4     0.0    11.19 C    21.0    -4.6     4.4    95.4    38.0    77.1   0.209   0.218 -99.000 -99.000 -99.000    10.1    10.1 -9999.0 -9999.0 -9999.0
54795 20201019  2.623  -70.95   43.11    16.4    -0.7     7.8     7.8     0.0    10.59 C    23.7    -2.5     8.1    95.1    55.8    82.1   0.196   0.206 -99.000 -99.000 -99.000    10.0    10.0 -9999.0 -9999.0 -9999.0
54795 20201020  2.623  -70.95   43.11    18.9     7.4    13.1    13.0     0.2     4.60 C    23.2     5.1    12.9    94.5    69.2    87.3   0.190   0.200 -99.000 -99.000 -99.000    11.2    11.2 -9999.0 -9999.0 -9999.0
