04236 20200101  2.622 -123.33   44.42    12.8     6.2     9.5     9.9     1.8     3.85 C    16.6     4.8     8.9    93.0    68.5    85.4   0.402   0.281   0.504   0.534   0.589     8.5     8.1     8.0     8.1     9.3
04236 20200102  2.622 -123.33   44.42    10.1     4.9     7.5     7.8     0.0     2.31 C    13.6     3.2     6.6    93.8    71.2    84.2   0.392   0.272   0.436   0.533   0.590     8.2     8.0     8.2     8.3     9.3
04236 20200103  2.622 -123.33   44.42    15.5     3.1     9.3     8.9     7.4     5.37 C    18.3    -0.8     6.2    89.8    42.3    69.2   0.385   0.265   0.377   0.534   0.590     7.9     7.6     8.0     8.4     9.4
04236 20200104  2.622 -123.33   44.42     9.9     1.9     5.9     5.5     3.1     5.48 C    13.6    -1.0     5.1    95.2    65.4    87.1   0.400   0.281   0.444   0.541   0.591     7.6     7.4     7.9     8.4     9.4
04236 20200105  2.622 -123.33   44.42     9.1     4.9     7.0     6.3    14.4     3.18 C    13.6     3.9     6.3    91.2    77.8    87.3   0.404   0.285   0.496   0.538   0.588     7.5     7.4     7.8     8.3     9.4
04236 20200106  2.622 -123.33   44.42     9.0     5.9     7.5     7.4    14.8     1.12 C     9.0     4.7     7.0    92.1    89.6    91.0   0.410   0.300   0.529   0.542   0.592     7.7     7.5     7.8     8.3     9.4
04236 20200107  2.622 -123.33   44.42    10.6     7.3     8.9     8.6     8.8     1.98 C    11.5     5.6     7.9    92.3    75.5    84.7   0.405   0.290   0.530   0.540   0.587     8.2     7.9     8.0     8.3     9.4
04236 20200108  2.622 -123.33   44.42     8.0     2.4     5.2     5.6     4.2     1.92 C    11.7     0.2     5.0    96.0    83.4    91.0   0.410   0.292   0.533   0.541   0.593     7.8     7.6     8.0     8.4     9.4
04236 20200109  2.622 -123.33   44.42     6.3     0.7     3.5     3.5     0.0     3.44 C     9.7    -0.2     3.9    96.6    82.0    92.2   0.394   0.281   0.496   0.542   0.591     7.2     7.1     7.8     8.4     9.4
04236 20200110  2.622 -123.33   44.42     9.0     2.3     5.7     6.2    18.2     1.55 C     9.9     1.9     5.6    95.5    72.0    85.9   0.398   0.289   0.480   0.538   0.598     7.0     6.9     7.5     8.2     9.4
04236 20200111  2.622 -123.33   44.42     8.2     4.4     6.3     6.0    15.7     3.12 C    11.2     1.2     5.7    92.1    75.4    85.6   0.407   0.331   0.534   0.545   0.603     7.3     7.2     7.5     8.1     9.4
04236 20200112  2.622 -123.33   44.42     8.5     0.5     4.5     5.2    20.3     1.69 C    11.6    -1.1     4.8    92.9    77.1    87.4   0.409   0.352   0.537   0.546   0.598     7.1     7.0     7.5     8.1     9.3
04236 20200113  2.622 -123.33   44.42     4.3     1.3     2.8     3.0    10.9     2.23 C     8.9    -0.1     3.5    94.7    87.9    91.7   0.405   0.327   0.537   0.539   0.589     6.3     6.4     7.1     8.0     9.3
04236 20200114  2.622 -123.33   44.42     5.2    -1.3     1.9     1.1     2.9     6.38 C    12.6    -4.3     1.1    96.1    64.9    89.1   0.398   0.299   0.541   0.545   0.596     5.7     5.8     6.8     7.7     9.2
04236 20200115  2.622 -123.33   44.42     9.1    -2.1     3.5     2.7    14.3     2.41 C    12.5    -6.0     1.8    94.3    52.6    83.9   0.396   0.306   0.514   0.538   0.591     4.9     5.0     6.1     7.5     9.2
04236 20200116  2.622 -123.33   44.42     6.4    -1.4     2.5     2.4     1.3     3.84 C    12.4    -4.6     2.2    96.0    81.1    91.7   0.396   0.302   0.540   0.540   0.593     5.4     5.4     6.0     7.2     9.1
04236 20200117  2.622 -123.33   44.42     5.7    -0.6     2.6     3.3     4.6     1.91 C     7.0    -1.6     3.0    95.9    84.3    91.6   0.395   0.285   0.483   0.538   0.591     4.9     4.9     5.9     7.1     9.0
04236 20200118  2.622 -123.33   44.42    10.1     4.3     7.2     7.3     2.8     2.63 C    12.9     3.2     7.1    95.9    78.9    87.7   0.398   0.288   0.481   0.538   0.599     6.2     5.9     6.1     7.0     8.9
04236 20200119  2.622 -123.33   44.42    11.7     7.3     9.5     9.0     0.8     5.53 C    19.8     6.6     9.8    96.0    85.3    92.6   0.395   0.280   0.454   0.542   0.600     7.7     7.3     7.0     7.2     8.8
04236 20200120  2.622 -123.33   44.42     8.8     5.1     6.9     7.2     0.0     2.34 C    11.6     3.1     7.6    96.8    85.1    93.1   0.388   0.272   0.400   0.539   0.586     8.2     8.0     7.8     7.6     8.8
04236 20200121  2.622 -123.33   44.42     9.8     5.3     7.5     6.9    10.7     3.64 C    13.2     3.0     6.7    95.3    77.3    87.0   0.403   0.291   0.432   0.540   0.581     7.9     7.7     7.8     7.9     8.8
04236 20200122  2.622 -123.33   44.42    10.7     6.4     8.6     8.3     3.5     1.63 C    11.1     5.8     8.0    92.4    87.4    91.3   0.403   0.295   0.479   0.544   0.591     8.0     7.7     7.8     8.0     8.9
04236 20200123  2.622 -123.33   44.42    14.1    10.2    12.1    11.8    14.7     2.02 C    14.6     9.1    10.8    93.4    74.3    83.5   0.401   0.292   0.457   0.550   0.592     9.1     8.6     8.3     8.2     8.9
04236 20200124  2.622 -123.33   44.42    12.5     7.5    10.0     9.5     1.6     4.03 C    14.2     3.2     8.4    95.7    75.0    89.1   0.404   0.301   0.530   0.552   0.594     9.2     8.9     8.8     8.4     9.0
04236 20200125  2.622 -123.33   44.42    13.9     7.9    10.9    10.7     8.8     5.06 C    19.7     6.5    10.6    95.6    71.8    87.0   0.403   0.290   0.476   0.554   0.594     9.5     9.1     8.9     8.6     9.0
04236 20200126  2.622 -123.33   44.42    12.3     6.5     9.4     9.4     3.4     6.43 C    16.5     3.6     9.0    93.6    67.1    83.9   0.408   0.301   0.526   0.552   0.590     9.8     9.5     9.3     8.9     9.1
04236 20200127  2.622 -123.33   44.42    10.9     5.1     8.0     8.4    11.6     1.23 C    10.9     2.7     7.9    95.3    88.8    91.8   0.408   0.293   0.481   0.556   0.584     9.1     8.9     9.1     9.1     9.2
04236 20200128  2.622 -123.33   44.42    10.7     5.4     8.1     8.6    20.5     2.73 C    15.8     2.3     8.0    93.5    83.2    87.7   0.420   0.371   0.537   0.555   0.588     9.3     9.0     9.1     9.1     9.3
04236 20200129  2.622 -123.33   44.42     9.2     5.6     7.4     8.3     6.4     0.83 C    10.3     3.9     8.1    95.9    81.4    90.1   0.408   0.305   0.534   0.552   0.589     8.9     8.7     9.0     9.1     9.4
04236 20200130  2.622 -123.33   44.42    12.5     7.4    10.0     9.8     0.6     2.95 C    17.8     7.7     9.9    96.2    77.5    89.6   0.402   0.295   0.516   0.554   0.587     9.5     9.2     9.1     9.1     9.5
04236 20200131  2.622 -123.33   44.42    17.2    11.0    14.1    14.1     0.0     4.73 C    19.1     9.1    12.6    89.9    67.9    77.1   0.397   0.280   0.445   0.556   0.587    10.5    10.1     9.6     9.2     9.5
04236 20200201  2.622 -123.33   44.42    13.3     3.0     8.2     9.4     3.7     2.33 C    14.9     1.4     8.7    92.9    71.2    80.4   0.402   0.284   0.402   0.549   0.592    10.5    10.2    10.1     9.6     9.6
04236 20200202  2.622 -123.33   44.42     7.5    -1.4     3.1     3.0     0.4     7.88 C    17.3    -3.4     3.2    92.3    63.5    81.6   0.397   0.276   0.380   0.549   0.584     8.7     8.7     9.4     9.7     9.7
04236 20200203  2.622 -123.33   44.42     7.3    -2.4     2.5     1.8     0.5     6.18 C    17.1    -5.4     1.9    95.5    62.5    84.0   0.390   0.267   0.361   0.541   0.578     7.3     7.4     8.4     9.3     9.7
04236 20200204  2.622 -123.33   44.42     6.3    -3.4     1.5     1.7     0.0     4.86 C    11.0    -6.2     1.7    95.2    69.3    84.0   0.387   0.264   0.353   0.533   0.570     6.1     6.3     7.5     8.9     9.8
04236 20200205  2.622 -123.33   44.42    12.7     3.9     8.3     8.2     1.2     4.96 C    17.9     2.3     8.1    92.0    79.6    85.5   0.393   0.266   0.349   0.520   0.572     7.6     7.3     7.6     8.4     9.7
04236 20200206  2.622 -123.33   44.42    13.8     6.5    10.1    10.3     0.0     5.43 C    18.1     1.6     9.1    93.2    70.6    81.8   0.396   0.268   0.348   0.507   0.584     8.8     8.4     8.4     8.5     9.6
04236 20200207  2.622 -123.33   44.42    12.7     6.5     9.6     9.4     2.2     4.78 C    19.1     6.3     9.5    91.4    67.5    81.4   0.395   0.266   0.347   0.505   0.576     9.3     9.0     8.9     8.8     9.6
04236 20200208  2.622 -123.33   44.42     9.3    -0.2     4.6     5.2     4.1     7.50 C    17.0    -3.0     5.2    93.2    63.7    82.6   0.415   0.295   0.360   0.505   0.586     8.8     8.7     9.0     9.0     9.6
04236 20200209  2.622 -123.33   44.42     7.6    -2.0     2.8     2.0     0.0     6.48 C    17.5    -4.8     1.9    96.3    70.9    89.6   0.405   0.281   0.361   0.504   0.585     7.2     7.2     8.2     9.0     9.6
04236 20200210  2.622 -123.33   44.42     8.0    -0.7     3.6     2.3     0.0     4.57 C    17.9    -3.9     2.5    97.2    72.7    91.2   0.397   0.271   0.350   0.495   0.569     6.8     6.8     7.6     8.6     9.6
04236 20200211  2.622 -123.33   44.42     9.3    -1.7     3.8     3.7     0.0     5.36 C    15.3    -4.3     4.6   100.0    75.7    90.4   0.391   0.266   0.347   0.490   0.577     6.5     6.5     7.3     8.3     9.6
04236 20200212  2.622 -123.33   44.42     8.4    -0.5     4.0     3.2     0.0     5.84 C    20.3    -3.7     3.0    96.1    80.8    91.5   0.388   0.263   0.345   0.487   0.585     6.9     6.8     7.4     8.2     9.5
04236 20200213  2.622 -123.33   44.42     7.1     1.1     4.1     4.3     1.2     2.47 C    10.4    -1.8     4.7    95.3    86.2    92.0   0.386   0.262   0.343   0.487   0.577     6.9     6.8     7.3     8.1     9.5
04236 20200214  2.622 -123.33   44.42    10.2     0.1     5.2     4.9     0.0     8.48 C    21.2    -2.7     5.1    96.5    65.0    85.6   0.392   0.266   0.341   0.479   0.580     6.9     6.8     7.2     8.0     9.3
04236 20200215  2.622 -123.33   44.42     7.8     4.2     6.0     6.3    13.5     2.31 C     9.6     4.0     6.6    93.9    88.4    91.1   0.411   0.294   0.363   0.478   0.583     7.5     7.3     7.6     8.0     9.3
04236 20200216  2.622 -123.33   44.42    10.8     0.3     5.5     6.3     4.5     8.58 C    20.0    -2.7     6.4    96.0    48.8    80.6   0.415   0.299   0.432   0.519   0.582     8.1     7.8     7.9     8.1     9.2
04236 20200217  2.622 -123.33   44.42    10.1    -0.8     4.7     3.9     0.0    11.84 C    20.8    -3.9     3.5    95.9    47.6    77.9   0.402   0.279   0.373   0.525   0.575     7.1     7.0     7.7     8.2     9.2
04236 20200218  2.622 -123.33   44.42     9.6     0.9     5.2     4.7     0.0    10.57 C    17.4    -3.4     4.1    89.1    51.5    71.8   0.393   0.269   0.358   0.533   0.604     6.8     6.7     7.3     8.1     9.2
04236 20200219  2.622 -123.33   44.42    13.1    -3.9     4.6     3.9     0.0    13.06 C    21.2    -7.4     2.4    90.9    35.1    67.5   0.386   0.263   0.351   0.515   0.601     6.1     6.1     7.0     7.9     9.2
04236 20200220  2.622 -123.33   44.42    12.5    -2.5     5.0     3.5     0.0    10.65 C    22.1    -6.0     2.5    91.0    40.8    73.5   0.378   0.258   0.354   0.506   0.586     5.8     5.8     6.6     7.7     9.1
04236 20200221  2.622 -123.33   44.42    13.7    -2.8     5.4     4.6     0.0    10.76 C    22.5    -5.8     4.0    95.2    49.8    78.0   0.373   0.254   0.347   0.495   0.587     6.0     5.9     6.5     7.5     9.1
04236 20200222  2.622 -123.33   44.42    13.3    -1.6     5.8     4.8     0.0    13.00 C    23.2    -5.8     4.8    96.2    39.9    79.8   0.369   0.250   0.341   0.486   0.586     6.4     6.2     6.6     7.4     9.0
04236 20200223  2.622 -123.33   44.42    11.0     3.1     7.0     6.4     2.8     9.83 C    21.6     1.0     7.5    89.8    54.1    81.2   0.367   0.250   0.340   0.483   0.592     7.4     7.2     7.2     7.5     8.9
04236 20200224  2.622 -123.33   44.42    10.9    -0.5     5.2     4.3     0.0     9.14 C    21.8    -3.2     4.6    94.7    43.0    77.3   0.372   0.252   0.340   0.482   0.592     7.5     7.3     7.5     7.7     8.9
04236 20200225  2.622 -123.33   44.42    12.3    -2.5     4.9     4.2     0.0    12.76 C    22.5    -5.3     4.7    94.8    50.1    79.5   0.371   0.252   0.336   0.477   0.579     6.9     6.8     7.3     7.8     8.9
04236 20200226  2.622 -123.33   44.42    14.3     2.5     8.4     8.1     0.2    10.74 C    24.6    -0.3     8.3    92.9    55.1    78.4   0.368   0.248   0.336   0.478   0.562     8.0     7.7     7.6     7.8     8.9
04236 20200227  2.622 -123.33   44.42    15.4    -0.7     7.3     6.4     0.0    14.38 C    25.1    -4.0     6.0    95.8    45.6    78.1   0.361   0.242   0.336   0.474   0.548     7.8     7.6     7.8     8.0     8.9
04236 20200228  2.622 -123.33   44.42    12.1    -0.6     5.7     5.3     2.0    12.22 C    23.1    -3.4     6.0    96.6    62.4    85.7   0.353   0.237   0.337   0.472   0.541     7.6     7.5     7.7     8.1     8.9
04236 20200229  2.622 -123.33   44.42     8.1    -1.4     3.3     4.2     7.5     7.41 C    19.6    -3.9     4.6    94.8    70.8    86.9   0.399   0.279   0.357   0.474   0.530     7.6     7.6     7.9     8.1     9.0
04236 20200301  2.622 -123.33   44.42     9.3    -2.0     3.6     3.0     0.0    12.43 C    21.6    -4.6     4.8    99.4    51.8    82.4   0.401   0.280   0.372   0.473   0.527     7.2     7.1     7.5     8.1     9.0
04236 20200302  2.622 -123.33   44.42    11.5     1.1     6.3     6.3     0.0     6.43 C    18.8    -0.5     7.4    92.3    65.7    81.1   0.393   0.269   0.364   0.474   0.525     7.8     7.5     7.7     8.1     9.0
04236 20200303  2.622 -123.33   44.42    15.7     6.5    11.1    10.3     0.0    13.01 C    26.3     1.6    11.1    90.5    52.3    76.3   0.385   0.263   0.358   0.472   0.533     9.4     8.9     8.4     8.2     9.0
04236 20200304  2.622 -123.33   44.42    13.2     3.0     8.1     8.0     0.0    13.18 C    27.3    -0.2     9.1    90.1    45.2    73.6   0.375   0.255   0.355   0.479   0.533     9.8     9.4     9.0     8.6     9.0
04236 20200305  2.622 -123.33   44.42    16.4    -0.2     8.1     7.2     0.0    15.48 C    26.9    -3.3     7.9    95.9    42.3    77.1   0.363   0.247   0.352   0.478   0.525     9.2     9.0     8.9     8.9     9.1
04236 20200306  2.622 -123.33   44.42     9.4     4.4     6.9     6.3    10.7     3.12 C    13.9     1.8     7.2    93.6    75.3    88.4   0.374   0.258   0.363   0.481   0.531     9.1     9.0     9.1     9.0     9.1
04236 20200307  2.622 -123.33   44.42     8.4    -0.5     4.0     4.2     3.4     8.96 C    18.9    -2.7     5.4    96.7    68.4    88.5   0.411   0.293   0.388   0.496   0.544     8.8     8.7     8.9     9.0     9.2
04236 20200308  2.622 -123.33   44.42     5.9    -1.5     2.2     1.9     0.0     5.47 C    14.5    -3.8     3.1    97.1    77.7    91.4   0.402   0.279   0.372   0.493   0.565     7.8     7.8     8.5     8.9     9.2
04236 20200309  2.622 -123.33   44.42    11.6    -1.7     4.9     3.1     0.0    10.91 C    21.5    -4.7     4.2    99.5    52.8    87.4   0.395   0.270   0.361   0.481   0.561     7.5     7.4     8.0     8.6     9.3
04236 20200310  2.622 -123.33   44.42    16.1    -2.1     7.0     5.6     0.0    16.91 C    26.0    -5.4     6.4   100.0    41.9    77.3   0.384   0.262   0.357   0.480   0.561     7.7     7.5     7.9     8.4     9.3
04236 20200311  2.622 -123.33   44.42    14.1    -0.4     6.8     6.5     0.0    12.98 C    27.9    -3.6     6.9    92.6    46.6    74.0   0.374   0.255   0.353   0.481   0.557     8.3     8.1     8.2     8.4     9.2
04236 20200312  2.622 -123.33   44.42    12.8    -1.0     5.9     6.2     0.0    17.53 C    24.3    -4.6     6.0    90.2    37.5    65.9   0.362   0.247   0.350   0.484   0.544     8.2     8.1     8.3     8.5     9.2
04236 20200313  2.622 -123.33   44.42     5.1    -0.8     2.2     2.5     9.0     4.25 C    11.0    -3.3     3.6    93.6    72.8    87.3   0.370   0.252   0.350   0.476   0.530     7.5     7.5     8.1     8.5     9.2
04236 20200314  2.622 -123.33   44.42     8.0     0.5     4.3     3.7     6.0     9.36 C    19.6     0.0     5.5    94.7    73.5    87.6   0.415   0.299   0.388   0.492   0.548     7.7     7.6     7.9     8.4     9.2
04236 20200315  2.622 -123.33   44.42    11.4     0.0     5.7     4.6     0.0    17.49 C    22.4    -2.9     6.4    84.0    39.1    59.6   0.407   0.283   0.374   0.491   0.566     8.0     7.9     8.0     8.4     9.2
04236 20200316  2.622 -123.33   44.42    15.5    -1.3     7.1     7.8     0.0    17.10 C    24.1    -4.4     7.8    82.7    33.2    54.6   0.385   0.270   0.363   0.488   0.562     8.4     8.3     8.3     8.4     9.2
04236 20200317  2.622 -123.33   44.42    16.0    -1.8     7.1     6.8     0.0    17.31 C    27.3    -5.4     7.7    85.2    39.6    64.5   0.371   0.259   0.359   0.487   0.558     8.8     8.6     8.5     8.5     9.2
04236 20200318  2.622 -123.33   44.42    13.4    -0.6     6.4     6.3     0.0    16.60 C    26.6    -3.9     7.6    93.3    44.3    73.5   0.358   0.250   0.356   0.484   0.564     9.3     9.1     8.9     8.7     9.2
04236 20200319  2.622 -123.33   44.42    16.9    -0.8     8.0     7.4     0.0    18.44 C    28.0    -3.9     8.5    97.0    45.3    75.0   0.346   0.240   0.352   0.479   0.557     9.4     9.1     9.0     8.9     9.2
04236 20200320  2.622 -123.33   44.42    17.9     0.2     9.1     9.2     0.0    18.64 C    28.6    -2.4     9.8    96.1    41.4    72.4   0.332   0.230   0.350   0.475   0.544    10.0     9.6     9.3     9.1     9.3
04236 20200321  2.622 -123.33   44.42    16.4     1.5     8.9     8.8     0.0    19.19 C    28.4    -2.3     9.5    94.1    47.3    72.1   0.318   0.219   0.345   0.476   0.537    10.4    10.0     9.7     9.3     9.3
04236 20200322  2.622 -123.33   44.42    17.3    -0.5     8.4     7.9     0.0    17.57 C    29.0    -3.4     9.9    96.7    45.6    74.6   0.304   0.208   0.343   0.475   0.533    10.4    10.1     9.8     9.5     9.4
04236 20200323  2.622 -123.33   44.42    10.8     4.5     7.6     6.9     2.2    12.09 C    21.8     2.4     8.4    89.3    62.4    78.4   0.300   0.201   0.340   0.475   0.531    10.7    10.6    10.3     9.7     9.5
04236 20200324  2.622 -123.33   44.42     9.9     1.7     5.8     5.3     7.6    13.25 C    24.7     0.2     7.4    92.9    64.0    84.2   0.325   0.216   0.336   0.474   0.533    10.2    10.1    10.1     9.8     9.6
04236 20200325  2.622 -123.33   44.42    10.6    -0.5     5.0     3.7     0.0    13.97 C    25.5    -2.7     5.2    96.5    53.4    83.6   0.385   0.256   0.339   0.474   0.532     9.6     9.5     9.8     9.8     9.7
04236 20200326  2.622 -123.33   44.42    10.3    -2.4     3.9     4.1     0.0     9.49 C    21.7    -5.0     4.8    96.9    61.4    81.4   0.372   0.253   0.337   0.475   0.533     8.7     8.7     9.3     9.7     9.7
04236 20200327  2.622 -123.33   44.42    10.7     3.1     6.9     7.1     2.3     6.23 C    16.4     3.7     8.1    93.2    65.4    82.7   0.368   0.249   0.337   0.472   0.530     9.2     9.1     9.2     9.5     9.7
04236 20200328  2.622 -123.33   44.42    12.0     6.9     9.5     9.2     0.4     6.28 C    15.8     6.6     9.9    93.1    72.4    84.1   0.381   0.259   0.340   0.467   0.523    10.1     9.8     9.6     9.5     9.7
04236 20200329  2.622 -123.33   44.42    13.8     8.2    11.0    10.2     4.4    11.69 C    24.9     7.8    11.7    92.0    64.7    78.5   0.409   0.281   0.354   0.471   0.525    11.1    10.7    10.2     9.7     9.8
04236 20200330  2.622 -123.33   44.42     9.5     5.9     7.7     7.5    17.6     4.57 C    13.4     5.7     8.5    93.0    75.2    85.2   0.429   0.300   0.390   0.490   0.525    10.8    10.6    10.5    10.0     9.8
04236 20200331  2.622 -123.33   44.42    11.5     1.2     6.3     6.4     5.2    16.56 C    25.1    -0.7     8.3    93.3    45.4    77.2   0.425   0.294   0.422   0.533   0.575    10.5    10.4    10.3    10.1     9.9
04236 20200401  2.622 -123.33   44.42     9.0     0.8     4.9     4.3     8.1    10.60 C    19.6    -0.6     5.9    92.2    69.2    86.4   0.422   0.290   0.412   0.528   0.575     9.7     9.7    10.0    10.1     9.9
04236 20200402  2.622 -123.33   44.42     9.7    -1.0     4.4     4.5     0.8    11.85 C    23.0    -3.6     6.1    94.5    62.6    83.1   0.415   0.282   0.399   0.529   0.566     9.8     9.7     9.9    10.0    10.0
04236 20200403  2.622 -123.33   44.42    10.7    -2.4     4.1     3.9     0.0    14.88 C    26.5    -5.2     6.0    96.5    56.3    83.3   0.405   0.274   0.381   0.529   0.563     9.3     9.2     9.6     9.9    10.0
04236 20200404  2.622 -123.33   44.42     6.9     0.3     3.6     4.7     1.9     5.83 C    14.5    -1.1     6.9    94.8    80.9    90.0   0.401   0.273   0.369   0.532   0.564     9.3     9.3     9.6     9.8    10.1
04236 20200405  2.622 -123.33   44.42    16.8     5.7    11.3    10.1     1.3    17.52 C    28.1     2.8    12.7    94.3    48.4    78.6   0.411   0.287   0.369   0.522   0.568    11.0    10.6    10.0     9.8    10.0
04236 20200406  2.622 -123.33   44.42    15.3     4.3     9.8     9.4     0.0     9.45 C    27.7     0.2    10.6    92.9    59.3    81.6   0.407   0.276   0.367   0.510   0.571    11.8    11.4    10.9    10.2    10.0
04236 20200407  2.622 -123.33   44.42    16.5     0.9     8.7     9.3     0.0    21.97 C    28.7    -1.9    10.6    95.6    36.6    70.6   0.393   0.266   0.362   0.499   0.584    11.5    11.2    10.9    10.5    10.1
04236 20200408  2.622 -123.33   44.42    19.9     2.0    11.0    12.5     0.0    22.33 C    30.3    -0.9    12.5    90.4    35.4    59.9   0.376   0.255   0.359   0.493   0.592    12.1    11.8    11.2    10.6    10.2
04236 20200409  2.622 -123.33   44.42    24.2     3.1    13.6    13.8     0.0    22.58 C    32.9    -0.5    13.7    86.2    26.0    56.5   0.349   0.241   0.355   0.490   0.594    12.9    12.5    11.8    10.9    10.3
04236 20200410  2.622 -123.33   44.42    22.0     3.0    12.5    11.9     0.0    21.97 C    31.9     0.1    13.3    94.5    43.0    72.0   0.330   0.223   0.350   0.489   0.588    13.4    13.0    12.3    11.2    10.4
04236 20200411  2.622 -123.33   44.42    18.0     3.7    10.8    10.3     0.0    22.51 C    30.4     0.9    12.5    96.3    40.6    70.2   0.316   0.207   0.345   0.492   0.567    13.4    13.0    12.5    11.5    10.5
04236 20200412  2.622 -123.33   44.42    18.7     1.0     9.8    10.7     0.0    23.65 C    30.4    -2.0    11.2    89.6    19.1    52.0   0.302   0.193   0.339   0.487   0.555    13.1    12.8    12.5    11.8    10.6
04236 20200413  2.622 -123.33   44.42    18.6    -0.3     9.2     9.9     0.0    23.93 C    30.6    -3.9    10.3    85.0    19.3    47.9   0.285   0.182   0.330   0.483   0.549    12.3    12.2    12.2    11.8    10.8
04236 20200414  2.622 -123.33   44.42    20.5     0.2    10.4    10.4     0.0    23.20 C    32.0    -2.6    11.9    87.9    25.4    58.6   0.272   0.175   0.319   0.484   0.545    12.5    12.3    12.1    11.8    10.9
04236 20200415  2.622 -123.33   44.42    14.9     3.8     9.4    10.1     0.0     9.10 C    25.3     1.3    10.5    93.8    63.0    79.0   0.264   0.170   0.313   0.481   0.541    12.5    12.3    12.3    11.8    11.0
04236 20200416  2.622 -123.33   44.42    21.5     4.8    13.2    14.2     0.0    24.33 C    32.4     0.4    13.6    88.5    19.4    44.6   0.259   0.166   0.304   0.474   0.546    12.9    12.6    12.2    11.8    11.0
04236 20200417  2.622 -123.33   44.42    23.0     1.9    12.4    13.4     0.0    24.85 C    34.1    -2.7    13.3    72.3    15.1    39.4   0.248   0.161   0.293   0.474   0.537    13.3    13.0    12.6    11.9    11.1
04236 20200418  2.622 -123.33   44.42    12.9     3.8     8.3     8.9     1.6     6.13 C    21.4    -0.1     9.3    92.5    62.5    81.4   0.241   0.156   0.286   0.470   0.543    12.4    12.4    12.6    12.1    11.2
04236 20200419  2.622 -123.33   44.42    17.4     5.1    11.2    10.8     0.0    19.94 C    31.2     1.3    12.9    93.8    47.9    74.3   0.243   0.156   0.281   0.472   0.543    13.2    12.8    12.5    12.0    11.3
04236 20200420  2.622 -123.33   44.42    20.3     2.3    11.3    10.9     0.0    22.88 C    32.9    -0.2    13.5    96.2    44.3    74.9   0.238   0.154   0.277   0.467   0.542    13.2    13.0    12.7    12.2    11.3
04236 20200421  2.622 -123.33   44.42    15.1     6.6    10.8    10.4     0.0     9.18 C    29.1     2.9    12.0    90.9    62.6    77.1   0.235   0.152   0.271   0.465   0.540    13.6    13.4    13.1    12.4    11.4
04236 20200422  2.622 -123.33   44.42    14.9     8.1    11.5    11.4    12.1     6.20 C    18.4     6.8    11.9    93.8    84.4    89.8   0.327   0.156   0.291   0.464   0.531    13.1    12.9    12.9    12.4    11.4
04236 20200423  2.622 -123.33   44.42    18.6     7.6    13.1    13.0     0.0    21.10 C    30.2     3.5    15.6    94.7    33.4    74.5   0.309   0.164   0.292   0.465   0.530    14.2    13.8    13.1    12.4    11.6
04236 20200424  2.622 -123.33   44.42    17.8     9.6    13.7    13.0     9.7    10.90 C    23.7     8.8    14.3    95.0    69.0    85.1   0.383   0.191   0.328   0.465   0.524    14.7    14.4    13.8    12.8    11.6
04236 20200425  2.622 -123.33   44.42    19.7     4.0    11.8    13.2     1.3    17.87 C    30.0     1.0    14.2    92.9    40.2    77.8   0.361   0.199   0.324   0.466   0.528    15.2    14.9    14.1    13.0    11.7
04236 20200426  2.622 -123.33   44.42    20.8     1.6    11.2    11.0     0.3    20.32 C    29.5    -0.3    12.6    96.3    23.7    67.3   0.328   0.191   0.313   0.463   0.531    14.1    14.0    13.9    13.2    11.8
04236 20200427  2.622 -123.33   44.42    17.8     9.4    13.6    13.5     0.7    10.82 C    24.9     7.0    14.5    91.6    65.2    82.3   0.311   0.184   0.302   0.460   0.532    14.9    14.7    14.1    13.3    11.9
04236 20200428  2.622 -123.33   44.42    22.0     9.7    15.8    15.9     0.0    20.09 C    31.5     8.4    17.3    92.9    52.3    75.1   0.298   0.180   0.295   0.464   0.520    15.7    15.3    14.5    13.5    12.0
04236 20200429  2.622 -123.33   44.42    19.7     9.2    14.4    14.8     0.0    17.02 C    28.0     6.9    15.7    94.3    48.5    76.0   0.281   0.173   0.289   0.464   0.519    15.9    15.6    14.9    13.8    12.1
04236 20200430  2.622 -123.33   44.42    17.8     5.7    11.8    11.9     0.0    19.49 C    31.1     2.6    13.2    89.5    38.6    65.9   0.270   0.168   0.283   0.459   0.517    15.6    15.4    15.0    13.9    12.3
04236 20200501  2.622 -123.33   44.42    15.6     2.0     8.8    10.1     2.3    13.44 C    28.6    -0.4    11.0    95.7    56.1    82.3   0.261   0.163   0.277   0.458   0.511    14.0    14.1    14.4    14.0    12.4
04236 20200502  2.622 -123.33   44.42    14.0     4.8     9.4    10.4    13.6     8.51 C    21.5     2.0    11.3    96.0    76.0    89.4   0.363   0.178   0.308   0.457   0.512    14.3    14.2    14.2    13.8    12.5
04236 20200503  2.622 -123.33   44.42    15.4     3.2     9.3     9.4     0.0    18.93 C    25.0     0.5     9.9    96.7    52.5    75.9   0.398   0.210   0.326   0.459   0.501    13.3    13.4    13.7    13.7    12.6
04236 20200504  2.622 -123.33   44.42    20.6     1.7    11.1    10.7     0.0    18.07 C    29.8    -0.5    11.7    96.1    22.6    68.7   0.354   0.206   0.313   0.455   0.499    13.2    13.3    13.5    13.4    12.6
04236 20200505  2.622 -123.33   44.42    21.1     7.0    14.1    13.3     0.0    23.28 C    31.2     3.2    15.2    91.8    47.8    68.9   0.318   0.196   0.301   0.453   0.499    14.8    14.5    14.0    13.5    12.7
04236 20200506  2.622 -123.33   44.42    16.9     4.5    10.7    11.1     2.0    18.94 C    25.4     1.5    12.7    93.2    35.8    69.0   0.294   0.186   0.294   0.452   0.493    14.4    14.4    14.3    13.7    12.7
04236 20200507  2.622 -123.33   44.42    22.2     6.9    14.5    14.6     0.0    27.31 C    30.3     5.9    15.8    72.9    29.2    50.5   0.283   0.181   0.286   0.449   0.491    14.6    14.5    14.2    13.7    12.7
04236 20200508  2.622 -123.33   44.42    28.0     4.4    16.2    18.8     0.0    27.30 C    33.9     2.1    17.8    85.7    27.9    44.9   0.264   0.173   0.277   0.453   0.493    15.7    15.5    14.7    13.9    12.8
04236 20200509  2.622 -123.33   44.42    27.7     8.4    18.1    18.8     0.0    24.54 C    34.2     5.5    18.3    83.8    32.5    55.6   0.248   0.166   0.272   0.445   0.482    16.9    16.6    15.6    14.2    12.8
04236 20200510  2.622 -123.33   44.42    26.2     8.9    17.6    15.9     0.0    22.28 C    33.4     7.2    17.0    92.8    44.2    73.5   0.236   0.160   0.267   0.438   0.477    17.0    16.7    16.0    14.6    12.9
04236 20200511  2.622 -123.33   44.42    18.5     8.8    13.6    13.1     0.6    12.27 C    23.7     6.4    13.9    93.0    45.9    77.0   0.228   0.156   0.263   0.435   0.476    16.1    16.1    16.0    14.9    13.0
04236 20200512  2.622 -123.33   44.42    15.9     9.1    12.5    12.0     4.1    12.01 C    22.4     8.5    12.7    94.2    65.4    81.3   0.234   0.154   0.260   0.433   0.478    15.4    15.4    15.4    14.9    13.2
04236 20200513  2.622 -123.33   44.42    15.2     7.8    11.5    11.3     2.5    12.85 C    24.1     6.6    12.4    92.5    64.4    79.8   0.232   0.155   0.259   0.433   0.478    15.1    15.1    15.1    14.7    13.3
04236 20200514  2.622 -123.33   44.42    15.4     8.3    11.8    11.3     9.0    11.96 C    22.7     6.9    12.5    94.0    68.0    85.6   0.307   0.157   0.270   0.434   0.472    15.0    14.9    14.9    14.6    13.3
04236 20200515  2.622 -123.33   44.42    20.0     3.9    11.9    13.2     0.0    27.33 C    26.9     1.6    14.9    95.5    39.1    69.6   0.281   0.165   0.266   0.436   0.465    15.2    15.1    14.9    14.5    13.4
04236 20200516  2.622 -123.33   44.42    19.6     8.9    14.3    12.9     3.6     9.42 C    27.0     6.4    13.8    95.2    58.3    82.7   0.265   0.165   0.262   0.429   0.468    15.6    15.5    15.2    14.6    13.4
04236 20200517  2.622 -123.33   44.42    19.0     7.3    13.1    12.4     4.2    19.36 C    27.5     5.3    14.1    96.0    46.7    82.8   0.270   0.166   0.266   0.426   0.466    15.6    15.5    15.2    14.6    13.5
04236 20200518  2.622 -123.33   44.42    15.4     9.4    12.4    11.8    16.6    12.08 C    20.8     9.3    13.1    95.3    70.9    85.8   0.399   0.250   0.355   0.428   0.469    15.3    15.3    15.2    14.7    13.5
04236 20200519  2.622 -123.33   44.42    16.8     6.0    11.4    11.3     1.0    13.45 C    23.2     3.7    12.2    94.9    62.9    82.5   0.382   0.249   0.358   0.430   0.467    14.9    14.9    14.9    14.6    13.6
04236 20200520  2.622 -123.33   44.42    15.1     9.4    12.3    11.9     0.0     9.50 C    21.8     9.0    12.7    90.4    64.3    77.1   0.365   0.240   0.349   0.430   0.465    14.8    14.8    14.8    14.6    13.6
04236 20200521  2.622 -123.33   44.42    16.3     6.6    11.4    10.8     1.1    17.96 C    25.1     5.4    12.3    92.5    52.6    76.4   0.349   0.231   0.343   0.436   0.460    14.9    14.9    14.8    14.5    13.6
04236 20200522  2.622 -123.33   44.42    16.0     4.3    10.1     9.9     0.2    16.98 C    23.5     2.1    10.5    94.3    48.8    74.4   0.333   0.222   0.336   0.439   0.459    14.3    14.4    14.6    14.5    13.6
04236 20200523  2.622 -123.33   44.42    17.8     2.0     9.9    10.8     0.0    25.62 C    27.0    -0.6    11.9    95.5    50.1    73.4   0.313   0.210   0.329   0.434   0.457    14.0    14.1    14.3    14.3    13.6
04236 20200524  2.622 -123.33   44.42    22.8     4.9    13.9    14.3     0.0    21.61 C    28.4     2.9    15.2    94.5    45.0    69.5   0.294   0.199   0.316   0.435   0.443    14.8    14.8    14.5    14.3    13.6
04236 20200525  2.622 -123.33   44.42    20.8     8.7    14.7    15.2     0.0    14.58 C    26.6     6.8    15.4    92.6    60.8    77.3   0.284   0.190   0.309   0.436   0.445    15.5    15.5    15.0    14.4    13.6
04236 20200526  2.622 -123.33   44.42    23.8     9.4    16.6    17.3     0.0    23.77 C    31.2     7.1    17.8    94.0    55.3    73.7   0.274   0.183   0.299   0.432   0.441    16.5    16.2    15.5    14.6    13.6
04236 20200527  2.622 -123.33   44.42    26.9     8.4    17.6    19.1     0.0    29.33 C    32.1     4.9    18.2    93.0    29.4    56.5   0.262   0.175   0.290   0.431   0.443    17.3    17.0    16.1    15.0    13.6
04236 20200528  2.622 -123.33   44.42    29.8     9.4    19.6    19.8     0.0    27.83 C    34.1     6.7    19.2    81.9    31.2    55.3   0.250   0.168   0.279   0.424   0.430    17.9    17.6    16.7    15.3    13.7
04236 20200529  2.622 -123.33   44.42    26.6     9.3    17.9    18.1     0.0    23.96 C    32.6     6.9    18.5    91.7    44.4    67.1   0.240   0.161   0.271   0.422   0.426    18.0    17.7    17.0    15.7    13.8
04236 20200530  2.622 -123.33   44.42    14.6    10.6    12.6    12.1    11.3     4.02 C    16.6    10.5    12.5    94.8    74.9    87.3   0.295   0.169   0.274   0.418   0.420    16.7    16.8    16.9    15.9    13.9
04236 20200531  2.622 -123.33   44.42    17.9     9.6    13.8    13.1     0.0    18.59 C    25.7     6.4    14.2    95.2    47.4    73.2   0.309   0.178   0.277   0.421   0.422    16.1    16.1    16.1    15.7    14.1
04236 20200601  2.622 -123.33   44.42    21.4     6.5    14.0    14.7     0.0    29.60 C    28.5     2.9    15.2    84.8    41.3    59.6   0.275   0.172   0.272   0.415   0.417    16.3    16.3    16.0    15.5    14.2
04236 20200602  2.622 -123.33   44.42    24.8     5.1    14.9    14.8     0.0    26.14 C    30.2     2.9    15.0    94.9    25.4    63.2   0.256   0.166   0.270   0.413   0.413    16.3    16.3    16.1    15.5    14.2
04236 20200603  2.622 -123.33   44.42    23.3     6.5    14.9    14.5     0.0    26.44 C    30.3     4.2    15.3    89.7    31.9    65.2   0.245   0.162   0.264   0.410   0.400    16.3    16.4    16.2    15.5    14.2
04236 20200604  2.622 -123.33   44.42    22.5     5.8    14.1    15.3     0.0    27.96 C    31.0     3.4    16.8    91.0    39.8    62.1   0.237   0.159   0.259   0.403   0.388    16.5    16.4    16.2    15.6    14.2
04236 20200605  2.622 -123.33   44.42    20.6     8.0    14.3    14.8     0.0    15.85 C    26.0     5.1    15.1    84.7    47.0    65.5   0.230   0.156   0.255   0.399   0.376    16.9    16.9    16.5    15.7    14.3
04236 20200606  2.622 -123.33   44.42    16.2     8.1    12.1    11.7     0.0    15.72 C    25.0     5.8    12.8    89.3    52.6    74.0   0.226   0.153   0.252   0.394   0.374    15.9    16.0    16.1    15.8    14.3
04236 20200607  2.622 -123.33   44.42    16.7     5.5    11.1    11.0     3.5    17.43 C    23.8     3.3    12.1    91.1    55.7    76.6   0.235   0.152   0.249   0.393   0.375    15.2    15.3    15.6    15.6    14.4
04236 20200608  2.622 -123.33   44.42    17.9     6.5    12.2    12.8     3.5    15.62 C    24.1     3.5    13.7    92.5    46.2    71.1   0.235   0.152   0.247   0.387   0.368    15.2    15.2    15.4    15.4    14.4
04236 20200609  2.622 -123.33   44.42    18.9    10.3    14.6    14.5     0.6    15.30 C    24.7     9.9    15.2    92.3    64.4    79.7   0.245   0.154   0.245   0.389   0.367    15.8    15.6    15.4    15.2    14.4
04236 20200610  2.622 -123.33   44.42    26.0    13.0    19.5    17.9     0.0    22.79 C    34.2    11.9    19.3    93.1    44.8    73.4   0.238   0.155   0.246   0.384   0.355    17.4    17.0    16.2    15.4    14.4
04236 20200611  2.622 -123.33   44.42    23.4    12.6    18.0    17.0     0.4    17.74 C    31.3    10.5    18.3    93.3    43.6    74.2   0.231   0.154   0.244   0.380   0.348    17.8    17.5    16.8    15.7    14.4
04236 20200612  2.622 -123.33   44.42    15.6     8.9    12.3    13.0    15.5     6.82 C    19.3     7.3    13.7    94.8    75.5    86.6   0.269   0.155   0.256   0.380   0.343    16.7    16.7    16.7    16.0    14.5
04236 20200613  2.622 -123.33   44.42    16.2     6.9    11.6    11.5     2.2    10.59 C    22.0     4.8    12.2    96.0    74.4    87.2   0.302   0.164   0.268   0.379   0.351    15.5    15.6    15.9    15.8    14.5
04236 20200614  2.622 -123.33   44.42    19.8     7.5    13.6    14.1     1.7    17.47 C    27.0     5.0    14.8    94.6    49.5    74.0   0.286   0.169   0.264   0.375   0.353    15.7    15.6    15.6    15.6    14.6
04236 20200615  2.622 -123.33   44.42    17.0     9.4    13.2    13.6     1.6    11.82 C    20.7     7.8    14.2    93.2    55.8    79.1   0.307   0.173   0.262   0.376   0.349    16.0    15.9    15.8    15.5    14.6
04236 20200616  2.622 -123.33   44.42    17.2     6.8    12.0    12.1     9.1    14.07 C    23.0     4.9    12.8    94.1    66.2    84.5   0.336   0.195   0.280   0.374   0.350    15.5    15.5    15.6    15.5    14.6
04236 20200617  2.622 -123.33   44.42    21.8     4.9    13.3    14.5     0.0    28.40 C    29.8     3.3    15.8    96.4    46.4    72.4   0.347   0.211   0.291   0.375   0.348    15.5    15.5    15.4    15.3    14.6
04236 20200618  2.622 -123.33   44.42    26.2    10.4    18.3    18.6     0.0    29.47 C    32.0     7.9    19.2    85.9    40.2    65.4   0.306   0.195   0.282   0.373   0.340    17.2    16.8    16.2    15.5    14.6
04236 20200619  2.622 -123.33   44.42    28.1    10.0    19.0    19.5     0.0    25.04 C    34.0     7.5    20.1    94.7    39.6    64.9   0.279   0.184   0.271   0.369   0.336    18.0    17.7    16.9    15.8    14.6
04236 20200620  2.622 -123.33   44.42    23.2    12.7    17.9    17.1     0.6    11.06 C    27.1    10.5    17.2    90.3    59.3    77.5   0.266   0.176   0.267   0.370   0.333    18.1    17.9    17.4    16.2    14.6
04236 20200621  2.622 -123.33   44.42    23.2    11.2    17.2    17.2     0.0    24.59 C    32.4     8.6    19.1    90.6    50.3    70.4   0.259   0.172   0.263   0.369   0.331    18.2    18.0    17.4    16.4    14.7
04236 20200622  2.622 -123.33   44.42    28.8     9.5    19.2    19.9     0.0    29.28 C    35.8     7.5    20.9    93.1    32.5    64.6   0.248   0.166   0.260   0.364   0.329    18.6    18.4    17.6    16.6    14.8
04236 20200623  2.622 -123.33   44.42    32.7    12.8    22.7    22.8     0.0    28.86 C    39.5    10.4    23.4    91.0    38.4    61.1   0.238   0.162   0.251   0.364   0.323    19.9    19.4    18.3    16.8    14.9
04236 20200624  2.622 -123.33   44.42    25.0    11.9    18.5    18.9     0.0    20.62 C    34.8     9.8    20.0    92.9    56.0    74.1   0.228   0.157   0.246   0.363   0.318    19.6    19.4    18.7    17.2    15.0
04236 20200625  2.622 -123.33   44.42    27.3    10.2    18.7    19.7     0.0    27.60 C    35.5     8.0    21.3    92.1    45.9    68.0   0.222   0.154   0.241   0.357   0.313    19.7    19.4    18.7    17.4    15.2
04236 20200626  2.622 -123.33   44.42    30.8    12.1    21.4    21.8     0.0    29.27 C    39.2    10.1    23.4    93.6    21.2    61.0   0.215   0.151   0.236   0.355   0.312    20.5    20.1    19.1    17.6    15.3
04236 20200627  2.622 -123.33   44.42    23.4    13.8    18.6    17.6     0.0    21.11 C    36.1    11.9    19.8    86.2    45.0    64.5   0.208   0.147   0.230   0.350   0.314    20.0    19.8    19.3    17.7    15.4
04236 20200628  2.622 -123.33   44.42    21.2     8.9    15.1    15.6     0.0    22.49 C    34.9     7.5    18.4    88.1    45.5    62.9   0.202   0.144   0.226   0.347   0.311    19.2    19.0    18.8    17.8    15.6
04236 20200629  2.622 -123.33   44.42    24.6     7.1    15.8    14.8     0.0    22.78 C    34.7     5.5    16.9    94.0    46.4    72.9   0.197   0.140   0.223   0.346   0.308    18.1    18.1    18.1    17.6    15.7
04236 20200630  2.622 -123.33   44.42    21.6     8.3    14.9    15.3     0.0    22.24 C    35.2     6.9    18.2    92.9    46.5    71.5   0.194   0.138   0.220   0.339   0.305    18.2    18.1    18.0    17.4    15.8
04236 20200701  2.622 -123.33   44.42    20.7     7.8    14.3    14.6     0.0    16.64 C    31.0     6.1    16.4    90.9    48.8    68.6   0.191   0.135   0.218   0.337   0.307    17.9    17.9    17.9    17.4    15.8
04236 20200702  2.622 -123.33   44.42    23.4     6.1    14.7    15.2     0.0    25.91 C    35.1     4.4    18.2    94.7    45.3    70.5   0.188   0.133   0.214   0.331   0.305    17.7    17.5    17.4    17.2    15.8
04236 20200703  2.622 -123.33   44.42    23.4     7.5    15.4    14.8     0.0    17.48 C    33.7     5.9    16.6    94.6    44.5    73.7   0.185   0.132   0.212   0.325   0.303    17.6    17.6    17.6    17.2    15.8
04236 20200704  2.622 -123.33   44.42    22.4     9.8    16.1    15.6     0.0    18.27 C    35.4     7.2    17.7    89.7    45.8    70.8   0.182   0.130   0.209   0.323   0.298    17.7    17.6    17.5    17.1    15.8
04236 20200705  2.622 -123.33   44.42    24.6     8.9    16.7    16.2     0.0    24.45 C    38.7     6.8    19.3    91.7    44.5    69.7   0.181   0.129   0.208   0.321   0.297    18.1    17.9    17.6    17.0    15.8
04236 20200706  2.622 -123.33   44.42    19.1     8.2    13.7    14.6     0.0    11.03 C    25.9     6.7    16.5    92.6    57.5    75.0   0.177   0.128   0.205   0.318   0.298    17.4    17.4    17.5    17.1    15.8
04236 20200707  2.622 -123.33   44.42    24.2    10.5    17.4    16.5     0.0    22.17 C    36.9     8.3    19.5    89.3    46.0    69.0   0.177   0.127   0.203   0.316   0.300    18.3    17.9    17.5    17.0    15.8
04236 20200708  2.622 -123.33   44.42    25.0    11.1    18.0    17.6     0.0    24.73 C    39.1     9.8    21.1    90.8    39.3    67.1   0.175   0.126   0.202   0.312   0.297    18.9    18.5    17.9    17.1    15.8
04236 20200709  2.622 -123.33   44.42    25.1     9.1    17.1    16.8     0.0    16.55 C    34.8     7.6    18.6    94.0    45.6    72.3   0.173   0.125   0.200   0.310   0.295    18.4    18.3    18.0    17.3    15.9
04236 20200710  2.622 -123.33   44.42    27.5    10.2    18.8    17.9     0.0    23.50 C    38.7     8.0    20.7    93.8    40.7    71.1   0.171   0.124   0.199   0.308   0.296    19.0    18.7    18.1    17.3    15.9
04236 20200711  2.622 -123.33   44.42    27.0     8.4    17.7    17.0     0.0    27.86 C    39.6     6.8    20.2    95.3    36.4    69.1   0.169   0.122   0.197   0.307   0.295    19.2    18.9    18.4    17.4    15.9
04236 20200712  2.622 -123.33   44.42    26.4     9.3    17.8    17.6     0.0    22.37 C    40.1     8.2    20.4    93.0    40.4    66.3   0.167   0.121   0.196   0.306   0.295    19.2    18.9    18.5    17.6    15.9
04236 20200713  2.622 -123.33   44.42    27.8     9.4    18.6    19.3     0.0    28.80 C    41.1     6.9    22.2    82.7    22.7    53.4   0.166   0.120   0.195   0.304   0.293    19.8    19.3    18.6    17.7    16.0
04236 20200714  2.622 -123.33   44.42    29.6     8.8    19.2    21.1     0.0    28.95 C    42.8     6.9    23.6    90.7    18.9    51.0   0.164   0.120   0.193   0.301   0.290    20.5    19.9    19.1    17.9    16.1
04236 20200715  2.622 -123.33   44.42    32.3    11.6    22.0    23.2     0.0    27.83 C    45.4     9.3    25.8    84.5    28.3    51.2   0.164   0.119   0.192   0.298   0.288    21.6    20.7    19.7    18.1    16.2
04236 20200716  2.622 -123.33   44.42    31.3    12.0    21.6    21.3     0.0    27.89 C    44.6    10.3    24.8    93.8    32.2    60.8   0.162   0.119   0.193   0.295   0.287    22.1    21.4    20.3    18.5    16.2
04236 20200717  2.622 -123.33   44.42    26.5    11.3    18.9    18.7     0.0    18.49 C    41.9    10.0    21.6    90.8    43.8    67.0   0.158   0.117   0.191   0.296   0.285    21.4    21.0    20.4    18.8    16.3
04236 20200718  2.622 -123.33   44.42    29.1    10.1    19.6    20.4     0.0    27.65 C    42.3     8.0    23.3    85.9    36.6    58.0   0.158   0.116   0.189   0.295   0.286    21.4    20.8    20.1    18.9    16.5
04236 20200719  2.622 -123.33   44.42    32.8    12.7    22.8    23.5     0.0    27.32 C    46.1    10.2    26.5    86.4    29.6    55.5   0.158   0.116   0.189   0.293   0.287    22.7    21.8    20.7    19.0    16.6
04236 20200720  2.622 -123.33   44.42    33.8    12.2    23.0    22.8     0.0    26.41 C    46.7    11.0    26.3    93.9    29.1    62.7   0.157   0.116   0.189   0.292   0.288    23.2    22.3    21.2    19.3    16.7
04236 20200721  2.622 -123.33   44.42    32.4    11.8    22.1    21.6     0.0    26.34 C    47.6    10.6    25.4    93.9    23.4    61.8   0.155   0.115   0.188   0.291   0.285    23.3    22.5    21.5    19.7    16.8
04236 20200722  2.622 -123.33   44.42    29.0    12.3    20.6    19.7     0.0    23.52 C    43.9    11.2    23.8    92.6    28.0    65.5   0.153   0.114   0.187   0.289   0.289    22.9    22.3    21.5    19.9    17.0
04236 20200723  2.622 -123.33   44.42    26.2     9.7    18.0    17.5     0.0    21.98 C    41.6     8.5    21.5    91.5    38.9    67.7   0.151   0.112   0.186   0.288   0.287    22.1    21.7    21.2    19.9    17.1
04236 20200724  2.622 -123.33   44.42    23.8     9.5    16.6    17.1     0.0    21.61 C    39.5     8.2    21.2    91.1    40.1    63.4   0.150   0.111   0.184   0.289   0.286    21.7    21.3    21.0    19.9    17.2
04236 20200725  2.622 -123.33   44.42    27.0     9.2    18.1    19.3     0.0    26.48 C    41.8     6.9    22.7    89.7    32.8    56.0   0.149   0.110   0.183   0.286   0.285    21.7    21.2    20.7    19.8    17.3
04236 20200726  2.622 -123.33   44.42    35.9    10.7    23.3    23.0     0.0    25.74 C    48.2     8.8    26.0    85.1    18.7    50.6   0.150   0.111   0.184   0.286   0.286    22.8    22.0    21.1    19.8    17.4
04236 20200727  2.622 -123.33   44.42    35.0    13.3    24.1    23.6     0.0    22.14 C    48.2    11.8    26.9    87.1    30.1    57.9   0.149   0.110   0.184   0.285   0.285    23.6    22.7    21.7    20.0    17.5
04236 20200728  2.622 -123.33   44.42    33.1    11.8    22.4    22.5     0.0    24.99 C    46.5    10.9    25.9    92.0    26.6    58.0   0.149   0.110   0.184   0.284   0.284    24.0    23.1    22.0    20.3    17.5
04236 20200729  2.622 -123.33   44.42    34.2    12.1    23.1    22.9     0.0    24.17 C    46.7    11.1    26.1    89.3    24.4    54.4   0.148   0.110   0.184   0.285   0.285    24.1    23.3    22.2    20.6    17.6
04236 20200730  2.622 -123.33   44.42    35.7    12.2    23.9    22.9     0.0    24.73 C    49.2    11.3    26.3    88.2    25.9    54.4   0.147   0.109   0.184   0.285   0.284    24.3    23.4    22.4    20.7    17.7
04236 20200731  2.622 -123.33   44.42    31.6    10.4    21.0    19.3     0.0    23.81 C    46.1     9.3    23.8    91.0    26.2    65.1   0.145   0.108   0.183   0.284   0.286    23.8    23.1    22.3    20.9    17.8
04236 20200801  2.622 -123.33   44.42    28.9    11.8    20.4    19.6     0.0    22.51 C    43.6    10.7    23.7    90.9    36.6    66.3   0.144   0.108   0.182   0.284   0.286    23.7    23.0    22.3    21.0    17.9
04236 20200802  2.622 -123.33   44.42    31.5     9.6    20.5    19.1     0.0    24.40 C    45.5     8.6    23.2    92.1    26.1    64.9   0.143   0.107   0.181   0.284   0.285    23.2    22.7    22.1    20.9    18.0
04236 20200803  2.622 -123.33   44.42    29.6    11.0    20.3    19.9     0.0    24.42 C    44.6     9.8    24.3    92.2    38.8    67.7   0.142   0.107   0.181   0.284   0.284    23.5    22.8    22.0    20.9    18.1
04236 20200804  2.622 -123.33   44.42    31.6    11.0    21.3    20.6     0.0    24.79 C    47.8    10.0    24.7    95.0    28.8    66.3   0.140   0.106   0.181   0.283   0.285    23.8    23.1    22.3    21.0    18.2
04236 20200805  2.622 -123.33   44.42    29.6    10.6    20.1    18.6     0.0    23.08 C    46.1     9.1    22.5    93.1    38.6    68.4   0.139   0.106   0.181   0.283   0.287    23.4    22.8    22.2    21.0    18.3
04236 20200806  2.622 -123.33   44.42    25.0     9.2    17.1    16.6     0.2    15.68 C    42.1     7.3    19.2    91.3    34.6    66.7   0.136   0.104   0.179   0.283   0.286    22.0    21.7    21.6    21.0    18.3
04236 20200807  2.622 -123.33   44.42    26.6     6.3    16.5    16.9     0.0    24.52 C    41.9     5.0    21.0    90.8    31.6    62.2   0.134   0.103   0.178   0.282   0.287    21.5    21.1    20.9    20.6    18.4
04236 20200808  2.622 -123.33   44.42    27.8     9.7    18.7    18.5     0.0    21.01 C    43.2     8.5    21.9    90.3    36.2    61.8   0.134   0.103   0.179   0.281   0.287    22.1    21.6    21.1    20.4    18.4
04236 20200809  2.622 -123.33   44.42    29.0    10.5    19.8    20.7     0.0    24.75 C    43.9     7.8    23.8    78.7    25.4    48.4   0.133   0.103   0.179   0.282   0.288    22.5    21.8    21.2    20.4    18.4
04236 20200810  2.622 -123.33   44.42    34.2    11.0    22.6    23.1     0.0    24.22 C    48.9     8.9    26.1    74.5    25.2    45.5   0.132   0.103   0.179   0.282   0.288    23.7    22.7    21.7    20.5    18.4
04236 20200811  2.622 -123.33   44.42    28.9     6.8    17.8    17.4     0.0    24.29 C    44.6     4.6    21.0    89.1    17.3    50.8   0.130   0.102   0.179   0.281   0.288    22.8    22.2    21.8    20.7    18.4
04236 20200812  2.622 -123.33   44.42    24.7     7.2    15.9    16.4     0.0    20.09 C    41.9     5.8    20.2    82.1    32.4    57.1   0.127   0.101   0.178   0.281   0.288    21.8    21.4    21.2    20.7    18.4
04236 20200813  2.622 -123.33   44.42    26.5     6.7    16.6    18.1     0.0    23.78 C    41.5     5.3    21.1    89.2    18.1    49.0   0.126   0.100   0.177   0.282   0.288    21.9    21.4    21.0    20.5    18.4
04236 20200814  2.622 -123.33   44.42    31.8    11.1    21.4    22.6     0.0    23.67 C    46.1     8.1    24.8    70.1    22.7    41.8   0.126   0.101   0.177   0.281   0.290    22.8    22.0    21.2    20.4    18.5
04236 20200815  2.622 -123.33   44.42    37.0    11.7    24.3    24.0     0.0    22.79 C    48.9     9.2    26.7    74.7    17.3    46.1   0.126   0.101   0.178   0.282   0.288    23.9    23.0    21.9    20.6    18.4
04236 20200816  2.622 -123.33   44.42    33.2    14.6    23.9    24.3     0.0    12.77 C    43.6    12.8    24.9    72.7    27.4    50.9   0.124   0.101   0.179   0.281   0.288    23.9    23.1    22.3    20.9    18.5
04236 20200817  2.622 -123.33   44.42    34.3    11.7    23.0    23.0     0.0    22.36 C    48.6    10.3    26.4    85.8    30.2    58.6   0.123   0.100   0.179   0.281   0.290    24.2    23.2    22.2    21.0    18.5
04236 20200818  2.622 -123.33   44.42    31.0    13.1    22.0    20.8     0.0    22.70 C    45.9    11.6    24.6    89.7    34.7    64.4   0.122   0.100   0.178   0.282   0.293    24.5    23.7    22.6    21.2    18.6
04236 20200819  2.622 -123.33   44.42    32.0    10.3    21.1    19.5     0.0    21.41 C    46.7     8.9    23.6    92.1    31.2    66.4   0.120   0.099   0.178   0.282   0.290    23.8    23.1    22.4    21.3    18.6
04236 20200820  2.622 -123.33   44.42    30.1    12.0    21.1    21.3     0.0    18.46 C    57.6    10.8    26.7    89.2    35.8    63.9   0.119   0.099   0.179   0.282   0.292    24.4    23.5    22.5    21.3    18.7
04236 20200821  2.622 -123.33   44.42    26.7    12.8    19.7    20.3     0.0    14.79 C    50.4     9.4    25.4    86.7    47.1    70.9   0.120   0.099   0.178   0.283   0.292    25.4    24.1    23.0    21.5    18.8
04236 20200822  2.622 -123.33   44.42    26.4    11.7    19.1    19.5     0.0    22.56 C    50.0     8.7    25.0    89.9    35.4    62.2   0.119   0.098   0.178   0.282   0.294    25.2    23.8    22.9    21.6    18.9
04236 20200823  2.622 -123.33   44.42    29.0     9.2    19.1    19.5     0.0    22.31 C    52.3     6.3    24.9    91.1    30.4    59.4   0.118   0.098   0.178   0.284   0.294    25.3    23.9    23.0    21.7    18.9
04236 20200824  2.622 -123.33   44.42    28.7     8.9    18.8    19.1     0.0    22.29 C    52.1     6.3    24.8    92.0    19.6    56.5   0.116   0.097   0.178   0.282   0.295    25.3    23.8    23.0    21.8    19.0
04236 20200825  2.622 -123.33   44.42    28.1    10.2    19.2    19.1     0.0    21.49 C    51.6     8.8    25.2    87.3    28.2    57.2   0.115   0.097   0.178   0.283   0.292    25.6    24.0    23.1    21.8    19.1
04236 20200826  2.622 -123.33   44.42    29.1    12.8    21.0    20.8     0.0    21.75 C    51.0     9.0    25.6    71.3    24.0    52.0   0.114   0.096   0.178   0.283   0.293    25.8    24.2    23.2    21.9    19.2
04236 20200827  2.622 -123.33   44.42    29.0     7.1    18.0    19.0     0.0    21.74 C    51.1     4.4    24.0    89.2    27.0    56.3   0.112   0.096   0.177   0.283   0.296    25.3    23.9    23.1    22.0    19.2
04236 20200828  2.622 -123.33   44.42    30.2     8.8    19.5    19.8     0.0    21.33 C    52.0     6.1    25.0    90.5    29.0    59.3   0.111   0.095   0.177   0.283   0.294    25.6    24.0    23.1    22.0    19.3
04236 20200829  2.622 -123.33   44.42    27.0     8.3    17.6    17.2     0.0    21.35 C    50.6     4.7    22.9    91.8    28.8    58.8   0.110   0.095   0.176   0.282   0.298    25.4    23.9    23.2    22.0    19.4
04236 20200830  2.622 -123.33   44.42    25.7     5.6    15.7    15.9     0.0    21.10 C    48.3     3.0    21.9    85.8    23.3    56.8   0.107   0.093   0.175   0.282   0.298    24.3    22.9    22.6    21.9    19.4
04236 20200831  2.622 -123.33   44.42    25.9    12.3    19.1    19.5     0.0    18.85 C    49.6    10.1    26.0    75.7    36.2    56.2   0.108   0.094   0.175   0.283   0.296    25.6    23.9    22.9    21.8    19.5
04236 20200901  2.622 -123.33   44.42    32.0    11.7    21.8    22.5     0.0    20.37 C    52.6     9.0    26.9    82.5    31.8    53.9   0.107   0.093   0.175   0.283   0.303    26.0    24.3    23.3    21.9    19.5
04236 20200902  2.622 -123.33   44.42    34.4    14.1    24.3    24.7     0.0    20.78 C    54.9    10.0    28.1    87.0    18.3    50.5   0.107   0.094   0.176   0.282   0.302    26.7    24.9    23.7    22.1    19.5
04236 20200903  2.622 -123.33   44.42    34.7    13.4    24.1    23.5     0.0    19.96 C    54.8     9.9    27.6    78.4    25.2    53.4   0.106   0.094   0.176   0.282   0.304    27.2    25.4    24.1    22.4    19.6
04236 20200904  2.622 -123.33   44.42    26.7    10.5    18.6    17.4     0.0    18.74 C    49.4     8.1    23.3    89.9    43.2    70.3   0.104   0.092   0.175   0.283   0.299    26.2    24.8    24.0    22.6    19.6
04236 20200905  2.622 -123.33   44.42    25.0     9.8    17.4    17.8     0.0    18.44 C    48.3     6.9    23.3    91.3    38.0    63.3   0.103   0.091   0.175   0.282   0.302    25.6    24.2    23.5    22.5    19.7
04236 20200906  2.622 -123.33   44.42    31.8    10.1    20.9    20.7     0.0    19.45 C    51.0     7.4    24.6    87.0    27.7    58.9   0.102   0.091   0.174   0.282   0.302    25.5    24.0    23.3    22.4    19.8
04236 20200907  2.622 -123.33   44.42    31.9    11.7    21.8    22.6     0.0    19.46 C    54.7     9.2    27.6    85.3    19.8    48.7   0.102   0.091   0.173   0.282   0.303    26.2    24.5    23.5    22.3    19.8
04236 20200908  2.622 -123.33   44.42    24.3    15.1    19.7    20.5     0.0     1.77 C    24.3     8.9    17.2    34.3    11.7    17.8   0.098   0.088   0.172   0.283   0.300    23.0    22.7    23.1    22.4    19.9
04236 20200909  2.622 -123.33   44.42    26.5    12.3    19.4    20.3     0.0     5.82 C    31.6     8.4    17.8    57.2    15.0    25.9   0.096   0.086   0.170   0.281   0.301    21.5    21.2    21.6    21.8    19.9
04236 20200910  2.622 -123.33   44.42    20.2     8.2    14.2    13.3     0.0     4.63 C    24.9     5.6    12.8    87.0    44.2    62.4   0.094   0.085   0.168   0.279   0.300    19.8    19.8    20.6    21.2    19.9
04236 20200911  2.622 -123.33   44.42    20.2     6.3    13.2    12.6     0.0     7.32 C    26.4     3.9    13.3    92.2    51.9    77.1   0.093   0.083   0.167   0.277   0.298    19.0    18.8    19.7    20.6    19.8
04236 20200912  2.622 -123.33   44.42    17.2     7.2    12.2    11.4     0.0     4.43 C    22.8     5.2    11.1    92.9    66.3    84.9   0.092   0.082   0.165   0.276   0.302    17.9    18.0    19.0    20.0    19.6
04236 20200913  2.622 -123.33   44.42    18.7     6.0    12.3    12.0     0.0     5.91 C    27.5     4.3    13.6    95.9    65.1    86.8   0.092   0.082   0.164   0.274   0.302    17.8    17.6    18.4    19.4    19.5
04236 20200914  2.622 -123.33   44.42    25.7     8.9    17.3    15.7     0.0     9.75 C    37.1     6.9    18.0    94.9    31.7    72.7   0.094   0.083   0.164   0.275   0.300    19.1    18.4    18.5    19.1    19.3
04236 20200915  2.622 -123.33   44.42    25.6    12.7    19.1    17.9     0.0    10.74 C    40.5     9.2    20.7    88.8    42.5    67.6   0.096   0.085   0.165   0.274   0.300    20.8    19.8    19.2    19.1    19.1
04236 20200916  2.622 -123.33   44.42    25.9     8.8    17.4    17.0     0.0    10.04 C    39.3     6.7    19.7    94.4    47.6    77.1   0.095   0.084   0.165   0.275   0.300    20.6    19.7    19.4    19.3    18.9
04236 20200917  2.622 -123.33   44.42    23.8    12.4    18.1    17.9     9.0     8.18 C    35.7    10.3    20.1    94.4    58.0    82.5   0.097   0.085   0.166   0.274   0.298    21.2    20.4    19.8    19.4    18.8
04236 20200918  2.622 -123.33   44.42    19.0    13.7    16.3    16.4    31.0     5.75 C    32.0    12.3    18.1    95.2    83.8    92.0   0.212   0.100   0.218   0.318   0.298    20.6    20.3    20.2    19.6    18.8
04236 20200919  2.622 -123.33   44.42    21.2    11.2    16.2    15.9     0.0     8.82 C    34.1     9.5    18.1    95.8    64.7    85.9   0.209   0.103   0.223   0.367   0.298    20.2    19.8    19.8    19.6    18.7
04236 20200920  2.622 -123.33   44.42    23.5     9.3    16.4    15.0     0.0    14.25 C    40.0     7.8    18.9    95.7    44.5    82.3   0.196   0.105   0.219   0.364   0.296    19.8    19.4    19.4    19.5    18.7
04236 20200921  2.622 -123.33   44.42    23.9     8.4    16.1    15.6     0.0    11.94 C    41.6     6.7    18.7    95.4    43.7    79.0   0.188   0.107   0.217   0.365   0.297    19.3    19.0    19.2    19.3    18.7
04236 20200922  2.622 -123.33   44.42    22.8    12.3    17.5    16.7     0.0    11.49 C    42.6    10.4    20.3    93.2    51.9    75.7   0.184   0.110   0.217   0.359   0.298    19.9    19.4    19.3    19.2    18.6
04236 20200923  2.622 -123.33   44.42    25.0    13.5    19.3    17.8     8.2     5.73 C    32.4    12.6    18.6    94.0    45.8    73.0   0.192   0.113   0.216   0.360   0.300    19.1    18.9    19.1    19.2    18.6
04236 20200924  2.622 -123.33   44.42    20.5    10.8    15.6    15.2     0.0    10.20 C    29.7     8.4    15.9    94.5    56.8    82.3   0.200   0.115   0.217   0.357   0.297    18.5    18.4    18.7    19.0    18.6
04236 20200925  2.622 -123.33   44.42    15.7    10.7    13.2    14.3     9.0     1.94 C    16.9     9.6    14.5    93.5    83.1    89.5   0.237   0.118   0.221   0.362   0.298    17.0    17.3    18.0    18.7    18.5
04236 20200926  2.622 -123.33   44.42    22.0     9.4    15.7    14.9     0.0    12.30 C    37.2     7.4    16.5    94.9    52.9    81.5   0.225   0.122   0.226   0.376   0.300    18.0    17.6    17.8    18.3    18.4
04236 20200927  2.622 -123.33   44.42    23.3     7.2    15.2    15.7     0.0    16.82 C    39.1     5.6    17.9    95.8    36.9    66.9   0.209   0.128   0.225   0.379   0.299    17.8    17.5    17.8    18.2    18.3
04236 20200928  2.622 -123.33   44.42    28.5     7.4    17.9    17.2     0.0    17.19 C    43.4     4.6    18.9    92.2    28.9    63.0   0.200   0.132   0.225   0.376   0.299    18.1    17.7    17.8    18.1    18.2
04236 20200929  2.622 -123.33   44.42    27.8     8.2    18.0    17.0     0.0    15.66 C    44.1     5.4    19.0    91.3    30.9    67.3   0.194   0.134   0.226   0.379   0.301    18.4    17.9    17.9    18.0    18.1
04236 20200930  2.622 -123.33   44.42    25.2     9.6    17.4    16.3     0.0    11.35 C    37.1     6.8    17.2    94.7    47.7    79.0   0.189   0.135   0.225   0.377   0.302    18.1    17.8    18.0    18.0    18.0
04236 20201001  2.622 -123.33   44.42    23.9    10.0    17.0    15.3     0.0    10.87 C    37.6     7.7    17.4    95.8    56.9    86.0   0.185   0.134   0.224   0.376   0.301    18.1    17.8    17.9    18.0    18.0
04236 20201002  2.622 -123.33   44.42    26.2    10.0    18.1    16.0     0.0    13.65 C    41.5     7.3    18.9    95.8    49.3    81.4   0.184   0.134   0.223   0.372   0.301    18.5    18.0    17.9    17.9    17.9
04236 20201003  2.622 -123.33   44.42    24.8     8.9    16.9    15.0     0.0    13.12 C    41.0     6.5    18.1    96.1    55.8    85.1   0.181   0.134   0.223   0.372   0.301    18.6    18.0    18.0    18.0    17.8
04236 20201004  2.622 -123.33   44.42    19.2     9.2    14.2    14.0     0.0     7.53 C    35.6     7.1    15.3    95.8    71.3    87.3   0.177   0.133   0.221   0.374   0.302    17.5    17.4    17.7    17.9    17.8
04236 20201005  2.622 -123.33   44.42    21.9    11.1    16.5    15.5     0.0    10.68 C    39.2     7.7    17.0    91.0    51.5    77.6   0.175   0.132   0.222   0.375   0.302    17.6    17.2    17.4    17.7    17.7
04236 20201006  2.622 -123.33   44.42    24.6     7.8    16.2    15.1     0.0    14.63 C    40.9     5.0    17.7    94.9    48.3    78.4   0.173   0.132   0.221   0.372   0.301    17.6    17.1    17.3    17.6    17.7
04236 20201007  2.622 -123.33   44.42    22.8     9.7    16.2    14.5     0.0    10.59 C    37.4     7.5    16.6    95.9    54.2    83.8   0.171   0.131   0.219   0.370   0.302    17.7    17.3    17.4    17.5    17.7
04236 20201008  2.622 -123.33   44.42    21.0    10.3    15.6    14.8     0.0     8.65 C    37.6     7.5    17.5    94.1    60.8    83.1   0.170   0.131   0.218   0.372   0.304    17.8    17.3    17.4    17.5    17.6
04236 20201009  2.622 -123.33   44.42    22.2    10.1    16.1    14.2     0.8     8.54 C    38.1     6.9    17.1    95.8    53.6    83.3   0.168   0.130   0.217   0.370   0.305    17.5    17.1    17.2    17.5    17.5
04236 20201010  2.622 -123.33   44.42    16.4     9.7    13.1    13.4    18.0     6.79 C    26.9     6.6    14.3    93.6    66.5    84.8   0.216   0.131   0.241   0.404   0.339    17.1    16.9    17.1    17.4    17.5
04236 20201011  2.622 -123.33   44.42    15.3    10.5    12.9    12.9    13.8     2.86 C    17.5    10.8    13.3    93.7    86.0    90.4   0.241   0.133   0.268   0.443   0.345    15.4    15.6    16.4    17.1    17.4
04236 20201012  2.622 -123.33   44.42    18.6    11.0    14.8    14.2     0.0     8.80 C    33.1     9.3    15.5    94.5    60.7    82.6   0.239   0.139   0.277   0.465   0.327    16.6    16.2    16.3    16.9    17.3
04236 20201013  2.622 -123.33   44.42    18.4     8.2    13.3    14.3     6.7     3.29 C    22.6     5.3    13.7    92.4    67.3    82.1   0.238   0.146   0.281   0.475   0.317    16.2    16.1    16.4    16.8    17.2
04236 20201014  2.622 -123.33   44.42    16.6     5.4    11.0    11.0     0.0     8.60 C    28.9     3.7    11.0    96.0    59.1    82.4   0.220   0.150   0.277   0.479   0.332    14.6    15.0    15.8    16.6    17.1
04236 20201015  2.622 -123.33   44.42    17.5     6.2    11.9    11.5     0.0    13.70 C    29.9     2.8    12.0    90.7    50.5    70.6   0.206   0.151   0.270   0.479   0.352    14.3    14.5    15.3    16.3    17.0
04236 20201016  2.622 -123.33   44.42    21.3     4.5    12.9    12.3     0.0    12.89 C    34.7     2.7    14.3    94.6    42.5    77.7   0.196   0.151   0.266   0.473   0.362    14.5    14.4    15.0    15.9    17.0
04236 20201017  2.622 -123.33   44.42    20.5     8.7    14.6    14.1     0.0    10.19 C    35.2     6.4    15.8    94.6    50.4    80.2   0.193   0.151   0.266   0.468   0.359    15.9    15.5    15.5    15.8    16.8
04236 20201018  2.622 -123.33   44.42    19.9    10.4    15.2    14.1     0.0     6.92 C    35.6     8.0    15.5    93.0    63.5    80.9   0.188   0.150   0.266   0.460   0.357    15.9    15.6    15.7    15.9    16.7
04236 20201019  2.622 -123.33   44.42    18.9     7.4    13.2    13.3     0.0     9.50 C    36.7     4.3    14.9    94.5    54.6    79.9   0.185   0.149   0.264   0.465   0.360    15.5    15.4    15.6    16.0    16.6
04236 20201020  2.622 -123.33   44.42    17.7     7.3    12.5    12.6     0.0    10.84 C    33.5     4.7    15.3    93.7    52.3    76.4   0.183   0.148   0.262   0.459   0.355    15.6    15.3    15.6    15.9    16.5
