94078 20200101  2.623 -108.67   42.68     7.3    -8.6    -0.7     0.4     0.0     7.62 C     0.7   -13.2    -5.3    74.0    27.6    49.5 -99.000 -99.000 -99.000 -99.000 -99.000    -1.1    -0.7 -9999.0 -9999.0 -9999.0
94078 20200102  2.623 -108.67   42.68     2.3    -7.5    -2.6    -2.4     0.0     7.93 C    -2.2   -15.0    -9.3    57.9    33.9    46.5 -99.000 -99.000 -99.000 -99.000 -99.000    -1.0    -0.6 -9999.0 -9999.0 -9999.0
94078 20200103  2.623 -108.67   42.68     5.2    -8.6    -1.7    -1.6     0.0     8.84 C    -1.3   -16.2    -9.3    62.9    29.2    47.9 -99.000 -99.000 -99.000 -99.000 -99.000    -1.2    -0.7 -9999.0 -9999.0 -9999.0
94078 20200104  2.623 -108.67   42.68     8.7    -5.4     1.7     1.7     0.0     6.85 C     0.3   -10.8    -4.7    76.3    24.2    47.2 -99.000 -99.000 -99.000 -99.000 -99.000    -1.0    -0.8 -9999.0 -9999.0 -9999.0
94078 20200105  2.623 -108.67   42.68     1.2    -9.6    -4.2    -4.3     0.0     6.34 C    -2.9   -17.5   -10.2    62.9    28.2    50.5 -99.000 -99.000 -99.000 -99.000 -99.000    -1.1    -0.7 -9999.0 -9999.0 -9999.0
94078 20200106  2.623 -108.67   42.68     0.3    -8.2    -4.0    -3.5     0.0     8.99 C    -2.1   -16.2    -9.5    63.3    29.0    45.6 -99.000 -99.000 -99.000 -99.000 -99.000    -1.3    -0.9 -9999.0 -9999.0 -9999.0
94078 20200107  2.623 -108.67   42.68     6.6    -7.8    -0.6     0.1     0.0     8.18 C     0.5   -15.4    -6.5    66.6    38.0    51.6 -99.000 -99.000 -99.000 -99.000 -99.000    -1.3    -0.9 -9999.0 -9999.0 -9999.0
94078 20200108  2.623 -108.67   42.68     4.5    -6.8    -1.2    -1.0     0.0     6.66 C    -0.7   -11.6    -6.4    79.5    34.2    52.8 -99.000 -99.000 -99.000 -99.000 -99.000    -1.0    -0.8 -9999.0 -9999.0 -9999.0
94078 20200109  2.623 -108.67   42.68     1.5    -7.0    -2.8    -2.3     0.0     7.23 C    -2.6   -16.0    -7.8    58.0    31.5    43.6 -99.000 -99.000 -99.000 -99.000 -99.000    -1.1    -0.9 -9999.0 -9999.0 -9999.0
94078 20200110  2.623 -108.67   42.68    -4.5   -12.7    -8.6    -8.8     0.0     8.85 C    -8.2   -18.1   -13.2    84.9    32.3    57.8 -99.000 -99.000 -99.000 -99.000 -99.000    -1.5    -1.0 -9999.0 -9999.0 -9999.0
94078 20200111  2.623 -108.67   42.68 -9999.0 -9999.0 -9999.0 -9999.0 -9999.0 -9999.00 U -9999.0 -9999.0 -9999.0 -9999.0 -9999.0 -9999.0 -99.000 -99.000 -99.000 -99.000 -99.000 -9999.0 -9999.0 -9999.0 -9999.0 -9999.0
94078 20200112  2.623 -108.67   42.68    -1.1    -8.3    -4.7    -4.4     0.0     8.08 C    -3.3   -17.5   -11.9    49.9    29.2    39.8 -99.000 -99.000 -99.000 -99.000 -99.000    -1.9    -1.4 -9999.0 -9999.0 -9999.0
94078 20200113  2.623 -108.67   42.68    -1.4    -9.6    -5.5    -4.3     0.0     8.92 C    -4.8   -18.2    -9.9    67.0    21.0    42.1 -99.000 -99.000 -99.000 -99.000 -99.000    -1.9    -1.5 -9999.0 -9999.0 -9999.0
94078 20200114  2.623 -108.67   42.68     1.5    -6.0    -2.3    -2.3     1.0     4.95 C    -0.5   -12.5    -6.1    87.1    30.7    55.8 -99.000 -99.000 -99.000 -99.000 -99.000    -1.8    -1.5 -9999.0 -9999.0 -9999.0
94078 20200115  2.623 -108.67   42.68    -0.6   -11.5    -6.1    -5.5     0.0    10.02 C    -5.4   -21.2   -13.2    58.4    25.8    42.9 -99.000 -99.000 -99.000 -99.000 -99.000    -2.0    -1.6 -9999.0 -9999.0 -9999.0
94078 20200116  2.623 -108.67   42.68     4.2   -14.8    -5.3    -7.2     0.0     7.54 C    -2.3   -21.5   -13.3    69.6    30.7    50.7 -99.000 -99.000 -99.000 -99.000 -99.000    -2.5    -1.9 -9999.0 -9999.0 -9999.0
94078 20200117  2.623 -108.67   42.68     4.4    -7.7    -1.6    -0.2     0.0     9.32 C    -0.2   -17.4    -5.4    77.3    22.2    50.8 -99.000 -99.000 -99.000 -99.000 -99.000    -1.9    -1.7 -9999.0 -9999.0 -9999.0
94078 20200118  2.623 -108.67   42.68    -1.4   -11.0    -6.2    -6.3     0.0     8.13 C    -4.5   -18.6   -12.9    73.1    28.9    47.2 -99.000 -99.000 -99.000 -99.000 -99.000    -2.3    -1.8 -9999.0 -9999.0 -9999.0
94078 20200119  2.623 -108.67   42.68    -0.3   -11.9    -6.1    -6.8     0.0    10.10 C    -2.9   -19.2   -13.2    78.7    45.7    62.7 -99.000 -99.000 -99.000 -99.000 -99.000    -2.6    -2.1 -9999.0 -9999.0 -9999.0
94078 20200120  2.623 -108.67   42.68    -4.1   -12.4    -8.3    -8.0     0.0     6.79 C    -4.7   -19.7   -12.0    81.9    60.5    73.4 -99.000 -99.000 -99.000 -99.000 -99.000    -3.0    -2.4 -9999.0 -9999.0 -9999.0
94078 20200121  2.623 -108.67   42.68     5.4    -7.6    -1.1    -2.1     0.0     8.57 C     0.5   -11.7    -5.8    79.4    43.4    62.7 -99.000 -99.000 -99.000 -99.000 -99.000    -2.5    -2.2 -9999.0 -9999.0 -9999.0
94078 20200122  2.623 -108.67   42.68     4.3    -5.5    -0.6     0.6     0.0     9.56 C    -0.1   -13.3    -5.7    64.6    29.3    46.5 -99.000 -99.000 -99.000 -99.000 -99.000    -2.0    -1.9 -9999.0 -9999.0 -9999.0
94078 20200123  2.623 -108.67   42.68     4.4    -6.0    -0.8    -2.0     0.0     9.47 C    -0.3   -14.6    -8.4    75.4    32.2    49.4 -99.000 -99.000 -99.000 -99.000 -99.000    -2.1    -1.9 -9999.0 -9999.0 -9999.0
94078 20200124  2.623 -108.67   42.68     4.3    -6.0    -0.8    -0.7     0.0     6.75 C     0.6   -13.1    -6.0    77.6    46.3    61.9 -99.000 -99.000 -99.000 -99.000 -99.000    -2.2    -1.9 -9999.0 -9999.0 -9999.0
94078 20200125  2.623 -108.67   42.68     5.3    -4.0     0.6     0.4     0.0    10.33 C     0.5   -11.7    -5.9    65.9    40.2    54.7 -99.000 -99.000 -99.000 -99.000 -99.000    -1.9    -1.7 -9999.0 -9999.0 -9999.0
94078 20200126  2.623 -108.67   42.68     4.8    -5.9    -0.6    -1.1     0.0     7.28 C     0.6   -13.8    -7.6    82.5    39.3    60.5 -99.000 -99.000 -99.000 -99.000 -99.000    -1.9    -1.6 -9999.0 -9999.0 -9999.0
94078 20200127  2.623 -108.67   42.68     0.3    -5.8    -2.7    -2.5     4.4     2.34 C     0.3   -15.0    -5.6    94.9    46.0    81.7 -99.000 -99.000 -99.000 -99.000 -99.000    -1.8    -1.6 -9999.0 -9999.0 -9999.0
94078 20200128  2.623 -108.67   42.68     2.1    -8.6    -3.2    -4.3     0.0     8.49 C    -2.6   -17.9    -9.9    78.6    34.8    58.6 -99.000 -99.000 -99.000 -99.000 -99.000    -1.8    -1.6 -9999.0 -9999.0 -9999.0
94078 20200129  2.623 -108.67   42.68     2.7    -6.1    -1.7    -2.0     3.2     9.89 C     0.2   -16.9    -6.1    93.7    47.8    71.8 -99.000 -99.000 -99.000 -99.000 -99.000    -1.7    -1.6 -9999.0 -9999.0 -9999.0
94078 20200130  2.623 -108.67   42.68     0.5    -6.1    -2.8    -2.4     0.3     6.03 C    -0.6   -17.6    -7.0    89.6    36.8    62.2 -99.000 -99.000 -99.000 -99.000 -99.000    -1.6    -1.5 -9999.0 -9999.0 -9999.0
94078 20200131  2.623 -108.67   42.68     7.6    -6.8     0.4     1.1     0.0     9.01 C     0.3   -17.4    -6.4    69.5    32.6    46.7 -99.000 -99.000 -99.000 -99.000 -99.000    -1.6    -1.5 -9999.0 -9999.0 -9999.0
94078 20200201  2.623 -108.67   42.68    11.9    -1.2     5.3     4.4     0.0     7.47 C     0.6    -6.8    -2.6    71.6    17.2    46.3 -99.000 -99.000 -99.000 -99.000 -99.000    -1.3    -1.3 -9999.0 -9999.0 -9999.0
94078 20200202  2.623 -108.67   42.68    11.7    -6.8     2.5     4.3     2.1    10.19 C     0.6    -7.1    -2.2    88.9    15.1    43.3 -99.000 -99.000 -99.000 -99.000 -99.000    -0.8    -1.0 -9999.0 -9999.0 -9999.0
94078 20200203  2.623 -108.67   42.68    -6.8   -12.5    -9.6   -10.1    20.5     5.80 C    -5.8   -14.5   -10.1    89.4    76.5    83.8 -99.000 -99.000 -99.000 -99.000 -99.000    -0.6    -0.7 -9999.0 -9999.0 -9999.0
94078 20200204  2.623 -108.67   42.68   -10.9   -20.1   -15.5   -13.7     1.2    12.41 C   -11.9   -30.5   -18.8    86.4    50.5    70.0 -99.000 -99.000 -99.000 -99.000 -99.000    -0.5    -0.6 -9999.0 -9999.0 -9999.0
94078 20200205  2.623 -108.67   42.68    -5.9   -18.6   -12.2   -12.2     0.0    12.28 C    -9.3   -25.1   -17.3    78.9    52.2    65.1 -99.000 -99.000 -99.000 -99.000 -99.000    -0.7    -0.6 -9999.0 -9999.0 -9999.0
94078 20200206  2.623 -108.67   42.68    -0.2    -8.9    -4.6    -5.0     1.9     7.25 C    -3.2   -14.5    -7.3    92.2    55.2    71.9 -99.000 -99.000 -99.000 -99.000 -99.000    -0.8    -0.7 -9999.0 -9999.0 -9999.0
94078 20200207  2.623 -108.67   42.68    -4.1    -9.7    -6.9    -6.1     0.5     8.71 C    -2.8   -15.0    -7.3    92.6    81.1    87.5 -99.000 -99.000 -99.000 -99.000 -99.000    -0.8    -0.7 -9999.0 -9999.0 -9999.0
94078 20200208  2.623 -108.67   42.68     4.7   -13.6    -4.5    -3.7     2.2     9.76 C     1.8   -17.8    -6.3    96.1    29.0    73.8 -99.000 -99.000 -99.000 -99.000 -99.000    -0.8    -0.7 -9999.0 -9999.0 -9999.0
94078 20200209  2.623 -108.67   42.68    -5.6   -10.5    -8.1    -7.6     2.6    13.46 C    -6.0   -23.0   -12.0    89.7    41.4    66.7 -99.000 -99.000 -99.000 -99.000 -99.000    -0.8    -0.7 -9999.0 -9999.0 -9999.0
94078 20200210  2.623 -108.67   42.68    -5.1   -12.1    -8.6    -7.5     0.3     8.23 C    -2.1   -21.7   -11.6    84.5    44.6    63.8 -99.000 -99.000 -99.000 -99.000 -99.000    -0.8    -0.7 -9999.0 -9999.0 -9999.0
94078 20200211  2.623 -108.67   42.68    -2.4   -16.3    -9.4    -8.5     0.0    12.54 C    -5.8   -28.5   -16.1    63.7    34.5    50.1 -99.000 -99.000 -99.000 -99.000 -99.000    -0.9    -0.8 -9999.0 -9999.0 -9999.0
94078 20200212  2.623 -108.67   42.68    -2.8    -9.9    -6.3    -5.8     1.7    11.30 C    -1.8   -18.1    -9.6    91.7    45.5    66.2 -99.000 -99.000 -99.000 -99.000 -99.000    -1.0    -0.8 -9999.0 -9999.0 -9999.0
94078 20200213  2.623 -108.67   42.68    -8.2   -14.8   -11.5   -11.5     0.0    14.47 C    -6.9   -25.2   -16.2    89.5    65.9    79.7 -99.000 -99.000 -99.000 -99.000 -99.000    -1.0    -0.8 -9999.0 -9999.0 -9999.0
94078 20200214  2.623 -108.67   42.68     6.8   -18.3    -5.7    -3.9     0.0    15.20 C     0.1   -23.1   -10.3    90.3    23.2    54.7 -99.000 -99.000 -99.000 -99.000 -99.000    -1.2    -1.0 -9999.0 -9999.0 -9999.0
94078 20200215  2.623 -108.67   42.68    -0.4   -10.3    -5.3    -5.2     0.0    13.49 C    -1.5   -19.3   -11.8    58.8    33.4    47.9 -99.000 -99.000 -99.000 -99.000 -99.000    -1.3    -1.1 -9999.0 -9999.0 -9999.0
94078 20200216  2.623 -108.67   42.68     4.6   -11.2    -3.3    -1.6     0.0    14.27 C    -0.1   -16.0    -7.0    75.7    32.9    50.1 -99.000 -99.000 -99.000 -99.000 -99.000    -1.4    -1.2 -9999.0 -9999.0 -9999.0
94078 20200217  2.623 -108.67   42.68    -0.1    -9.5    -4.8    -5.3     0.0    12.30 C     0.1   -17.5    -9.7    74.5    29.6    57.2 -99.000 -99.000 -99.000 -99.000 -99.000    -1.4    -1.2 -9999.0 -9999.0 -9999.0
94078 20200218  2.623 -108.67   42.68    -5.0   -14.6    -9.8    -9.5     0.0    15.25 C    -4.6   -22.6   -15.6    77.4    34.5    49.6 -99.000 -99.000 -99.000 -99.000 -99.000    -1.7    -1.3 -9999.0 -9999.0 -9999.0
94078 20200219  2.623 -108.67   42.68    -7.1   -16.9   -12.0   -12.1     0.0    14.91 C    -6.1   -25.2   -17.8    86.2    44.4    60.6 -99.000 -99.000 -99.000 -99.000 -99.000    -2.2    -1.6 -9999.0 -9999.0 -9999.0
94078 20200220  2.623 -108.67   42.68    -9.5   -18.2   -13.8   -14.5     0.0    15.79 C    -7.7   -28.3   -20.0    85.6    55.3    72.8 -99.000 -99.000 -99.000 -99.000 -99.000    -2.7    -2.0 -9999.0 -9999.0 -9999.0
94078 20200221  2.623 -108.67   42.68    -6.9   -18.6   -12.7   -12.6     0.0    15.55 C    -5.8   -25.3   -17.2    83.6    57.2    72.1 -99.000 -99.000 -99.000 -99.000 -99.000    -3.1    -2.4 -9999.0 -9999.0 -9999.0
94078 20200222  2.623 -108.67   42.68     4.4   -11.8    -3.7    -2.7     0.0    16.20 C    -0.4   -18.9   -10.4    69.1    23.5    45.3 -99.000 -99.000 -99.000 -99.000 -99.000    -3.0    -2.5 -9999.0 -9999.0 -9999.0
94078 20200223  2.623 -108.67   42.68     4.9    -9.7    -2.4    -3.2     0.0    16.38 C    -0.6   -18.9    -9.9    77.3    32.6    51.4 -99.000 -99.000 -99.000 -99.000 -99.000    -2.7    -2.4 -9999.0 -9999.0 -9999.0
94078 20200224  2.623 -108.67   42.68     3.9    -7.9    -2.0    -2.2     2.1    13.39 C    -1.9   -13.3    -5.9    90.0    29.2    53.6 -99.000 -99.000 -99.000 -99.000 -99.000    -2.3    -2.2 -9999.0 -9999.0 -9999.0
94078 20200225  2.623 -108.67   42.68    -5.9   -14.0   -10.0    -9.0     6.3     7.16 C    -6.2   -26.0   -12.6    90.2    52.5    72.0 -99.000 -99.000 -99.000 -99.000 -99.000    -2.1    -2.0 -9999.0 -9999.0 -9999.0
94078 20200226  2.623 -108.67   42.68     0.2   -14.9    -7.4    -7.0     0.0    15.39 C    -1.4   -24.9   -13.5    74.2    43.7    59.8 -99.000 -99.000 -99.000 -99.000 -99.000    -2.0    -1.9 -9999.0 -9999.0 -9999.0
94078 20200227  2.623 -108.67   42.68     5.7    -6.5    -0.4    -0.3     0.0    16.84 C     0.1   -18.1    -8.6    62.5    22.6    40.2 -99.000 -99.000 -99.000 -99.000 -99.000    -2.0    -1.9 -9999.0 -9999.0 -9999.0
94078 20200228  2.623 -108.67   42.68     7.6    -4.3     1.7     1.7     0.0    17.29 C     0.3   -15.0    -6.0    61.4    25.5    40.0 -99.000 -99.000 -99.000 -99.000 -99.000    -1.9    -1.8 -9999.0 -9999.0 -9999.0
94078 20200229  2.623 -108.67   42.68     9.2    -0.3     4.5     5.7     0.0    16.72 C     0.1    -7.4    -2.1    47.3    23.3    30.0 -99.000 -99.000 -99.000 -99.000 -99.000    -1.4    -1.5 -9999.0 -9999.0 -9999.0
94078 20200301  2.623 -108.67   42.68     3.1   -11.1    -4.0    -4.7    11.2     9.64 C    -3.0   -21.7    -8.2    93.3    33.6    75.5 -99.000 -99.000 -99.000 -99.000 -99.000    -0.9    -1.1 -9999.0 -9999.0 -9999.0
94078 20200302  2.623 -108.67   42.68     2.3   -15.9    -6.8    -4.6     0.0    15.87 C    -1.2   -25.9   -12.7    77.6    31.6    52.4 -99.000 -99.000 -99.000 -99.000 -99.000    -0.9    -1.0 -9999.0 -9999.0 -9999.0
94078 20200303  2.623 -108.67   42.68     8.2    -6.0     1.1     1.4     0.0    17.25 C     1.3   -16.0    -6.6    61.9    28.2    44.6 -99.000 -99.000 -99.000 -99.000 -99.000    -0.9    -1.0 -9999.0 -9999.0 -9999.0
94078 20200304  2.623 -108.67   42.68     9.8    -4.6     2.6     4.0     0.0    18.44 C     0.4   -13.3    -4.8    51.0    21.7    33.9 -99.000 -99.000 -99.000 -99.000 -99.000    -0.7    -0.8 -9999.0 -9999.0 -9999.0
94078 20200305  2.623 -108.67   42.68     5.1    -5.4    -0.2    -0.8     0.0    18.36 C     0.2   -11.1    -5.1    84.9    38.5    62.0 -99.000 -99.000 -99.000 -99.000 -99.000    -0.5    -0.6 -9999.0 -9999.0 -9999.0
94078 20200306  2.623 -108.67   42.68    10.9    -4.6     3.1     1.7     0.0    12.99 C     0.7    -8.7    -3.2    84.1    24.2    58.8 -99.000 -99.000 -99.000 -99.000 -99.000    -0.4    -0.5 -9999.0 -9999.0 -9999.0
94078 20200307  2.623 -108.67   42.68    12.2     4.6     8.4     8.5     0.0    17.33 C     1.1    -1.8    -0.1    53.5    25.9    37.8 -99.000 -99.000 -99.000 -99.000 -99.000    -0.3    -0.4 -9999.0 -9999.0 -9999.0
94078 20200308  2.623 -108.67   42.68     9.8    -3.1     3.3     5.1     0.0    14.34 C     1.8    -5.7    -0.7    93.4    36.3    58.8 -99.000 -99.000 -99.000 -99.000 -99.000    -0.2    -0.3 -9999.0 -9999.0 -9999.0
94078 20200309  2.623 -108.67   42.68     8.4    -5.1     1.6     0.7     0.0    18.72 C     8.1    -6.4    -0.8    95.5    37.5    73.3 -99.000 -99.000 -99.000 -99.000 -99.000    -0.1    -0.3 -9999.0 -9999.0 -9999.0
94078 20200310  2.623 -108.67   42.68     9.2    -2.6     3.3     3.1     0.0    19.27 C    14.1    -3.4     1.9    75.1    21.3    45.8 -99.000 -99.000 -99.000 -99.000 -99.000     0.3    -0.3 -9999.0 -9999.0 -9999.0
94078 20200311  2.623 -108.67   42.68    11.4    -5.0     3.2     5.1     0.0    16.94 C    13.9    -4.4     2.4    63.1    20.4    39.7 -99.000 -99.000 -99.000 -99.000 -99.000     0.7    -0.2 -9999.0 -9999.0 -9999.0
94078 20200312  2.623 -108.67   42.68     6.2    -4.6     0.8    -1.1     1.3     6.83 C     4.7    -2.6    -0.2    90.7    38.7    72.4 -99.000 -99.000 -99.000 -99.000 -99.000     0.0    -0.3 -9999.0 -9999.0 -9999.0
94078 20200313  2.623 -108.67   42.68    -0.7    -5.9    -3.3    -3.3     0.0     7.69 C     5.1    -3.4    -0.4    88.5    60.3    79.5 -99.000 -99.000 -99.000 -99.000 -99.000     0.0    -0.2 -9999.0 -9999.0 -9999.0
94078 20200314  2.623 -108.67   42.68    10.9    -6.5     2.2     1.5     0.0    17.89 C    16.7    -4.4     3.1    89.6    41.6    65.9 -99.000 -99.000 -99.000 -99.000 -99.000     1.8     0.3 -9999.0 -9999.0 -9999.0
94078 20200315  2.623 -108.67   42.68    13.7    -2.3     5.7     5.2     0.0    20.89 C    25.5    -2.1     5.6    90.6    24.2    57.8 -99.000 -99.000 -99.000 -99.000 -99.000     3.3     1.7 -9999.0 -9999.0 -9999.0
94078 20200316  2.623 -108.67   42.68     4.6    -4.5     0.0    -0.5     0.0    18.50 C    20.5    -3.9     4.4    90.6    62.6    79.8 -99.000   0.306 -99.000 -99.000 -99.000     3.3     2.3 -9999.0 -9999.0 -9999.0
94078 20200317  2.623 -108.67   42.68    13.5    -3.6     4.9     2.0     0.0    20.10 C    22.7    -2.8     6.1    91.2    21.1    67.8   0.263   0.300 -99.000 -99.000 -99.000     4.5     3.4 -9999.0 -9999.0 -9999.0
94078 20200318  2.623 -108.67   42.68     9.6    -2.4     3.6     2.5     0.0    16.02 C    22.0    -3.6     4.2    86.1    36.3    66.4   0.249   0.292 -99.000 -99.000 -99.000     3.6     3.2 -9999.0 -9999.0 -9999.0
94078 20200319  2.623 -108.67   42.68     1.5    -3.7    -1.1    -1.6     3.0     1.87 C    -0.2    -3.2    -1.3    91.3    57.5    80.0   0.243   0.285 -99.000 -99.000 -99.000     0.8     1.6 -9999.0 -9999.0 -9999.0
94078 20200320  2.623 -108.67   42.68     5.3    -5.5    -0.1    -1.3     0.2    11.93 C    15.4    -3.6     0.9    93.0    55.2    75.7 -99.000   0.284 -99.000 -99.000 -99.000     1.7     1.5 -9999.0 -9999.0 -9999.0
94078 20200321  2.623 -108.67   42.68    10.8    -3.2     3.8     3.6     0.0    20.05 C    25.8    -5.3     4.2    87.0    26.0    46.2 -99.000   0.286 -99.000 -99.000 -99.000     3.3     2.6 -9999.0 -9999.0 -9999.0
94078 20200322  2.623 -108.67   42.68    10.2    -2.2     4.0     4.1     0.0    21.58 C    25.4    -5.1     5.0    65.1    16.7    36.4   0.238   0.281 -99.000 -99.000 -99.000     3.2     2.9 -9999.0 -9999.0 -9999.0
94078 20200323  2.623 -108.67   42.68    12.2    -2.5     4.8     5.4     0.0    20.35 C    32.1    -6.6     6.5    57.4    20.7    38.3   0.232   0.275 -99.000 -99.000 -99.000     3.7     3.2 -9999.0 -9999.0 -9999.0
94078 20200324  2.623 -108.67   42.68    11.8     0.1     5.9     5.5     1.7    17.38 C    29.7    -2.1     7.1    95.0    19.8    50.9   0.225   0.272 -99.000 -99.000 -99.000     4.7     4.1 -9999.0 -9999.0 -9999.0
94078 20200325  2.623 -108.67   42.68     6.7    -1.1     2.8     2.6     0.2    18.23 C    23.1    -2.3     5.6    94.9    34.0    60.9   0.223   0.269 -99.000 -99.000 -99.000     4.7     4.3 -9999.0 -9999.0 -9999.0
94078 20200326  2.623 -108.67   42.68     8.2    -2.5     2.9     2.0     0.6    22.47 C    33.6    -4.9     6.1    91.5    20.5    51.8   0.220   0.266 -99.000 -99.000 -99.000     5.3     4.7 -9999.0 -9999.0 -9999.0
94078 20200327  2.623 -108.67   42.68     6.0    -5.7     0.1    -0.3     0.0    20.14 C    28.4    -8.1     4.4    56.8    19.6    36.0   0.215   0.262 -99.000 -99.000 -99.000     4.1     4.0 -9999.0 -9999.0 -9999.0
94078 20200328  2.623 -108.67   42.68     9.0    -6.2     1.4     2.0     0.0    22.07 C    36.1    -9.2     7.4    53.0    20.5    34.4   0.216   0.259 -99.000 -99.000 -99.000     4.8     4.1 -9999.0 -9999.0 -9999.0
94078 20200329  2.623 -108.67   42.68    10.9    -3.8     3.6     4.2     0.0    20.98 C    34.2    -8.2     7.7    52.9    18.1    33.9   0.209   0.258 -99.000 -99.000 -99.000     5.6     4.9 -9999.0 -9999.0 -9999.0
94078 20200330  2.623 -108.67   42.68    12.5    -2.3     5.1     5.6     0.0    19.55 C    39.1    -7.3     8.5    56.0    17.1    35.7   0.207   0.255 -99.000 -99.000 -99.000     6.2     5.4 -9999.0 -9999.0 -9999.0
94078 20200331  2.623 -108.67   42.68    13.3     2.8     8.0     7.8     1.2    19.41 C    33.9    -0.7    10.3    68.0    22.9    44.9   0.206   0.254 -99.000 -99.000 -99.000     7.5     6.4 -9999.0 -9999.0 -9999.0
94078 20200401  2.623 -108.67   42.68    12.2    -8.2     2.0     2.6     9.5    18.86 C    34.4    -8.1     7.6    89.8    26.6    64.0   0.203   0.252 -99.000 -99.000 -99.000     7.4     6.7 -9999.0 -9999.0 -9999.0
94078 20200402  2.623 -108.67   42.68    -7.5   -15.7   -11.6    -9.6     4.3    11.86 C    -2.6   -19.7    -9.5    88.5    63.3    78.6   0.198   0.246 -99.000 -99.000 -99.000     3.2     4.4 -9999.0 -9999.0 -9999.0
94078 20200403  2.623 -108.67   42.68     0.0   -17.5    -8.7    -7.6     0.0    24.14 C    12.5   -21.7    -6.0    85.5    41.0    66.8   0.239   0.255 -99.000 -99.000 -99.000     1.9     2.7 -9999.0 -9999.0 -9999.0
94078 20200404  2.623 -108.67   42.68     8.3    -9.4    -0.6     0.0     0.0    23.32 C    23.5    -9.0     3.2    78.8    28.0    51.3   0.260   0.275 -99.000 -99.000 -99.000     3.6     3.2 -9999.0 -9999.0 -9999.0
94078 20200405  2.623 -108.67   42.68    13.6    -3.5     5.0     4.7     1.3    19.63 C    27.5    -5.2     5.2    79.0    29.0    55.9   0.248   0.277 -99.000 -99.000 -99.000     4.5     4.2 -9999.0 -9999.0 -9999.0
94078 20200406  2.623 -108.67   42.68    14.6     2.3     8.4    10.2     0.3    18.90 C    23.4    -1.2     7.7    73.3    22.8    37.6   0.243   0.274 -99.000 -99.000 -99.000     5.5     5.0 -9999.0 -9999.0 -9999.0
94078 20200407  2.623 -108.67   42.68    16.2     4.0    10.1    10.0     0.0    24.53 C    34.3    -2.8    10.9    56.2    19.4    35.5   0.232   0.271 -99.000 -99.000 -99.000     7.6     6.4 -9999.0 -9999.0 -9999.0
94078 20200408  2.623 -108.67   42.68    16.8     1.0     8.9     9.4     0.0    24.30 C    40.0    -1.7    13.6    69.5    20.8    38.4   0.225   0.268 -99.000 -99.000 -99.000     9.5     7.9 -9999.0 -9999.0 -9999.0
94078 20200409  2.623 -108.67   42.68    14.4    -2.8     5.8     5.8     0.0    24.76 C    38.6    -5.3    11.9    80.8    23.9    49.5   0.217   0.264 -99.000 -99.000 -99.000     9.3     8.3 -9999.0 -9999.0 -9999.0
94078 20200410  2.623 -108.67   42.68    20.0     0.4    10.2    11.0     0.0    22.89 C    43.7    -3.9    15.1    65.6    14.3    35.5   0.211   0.260 -99.000 -99.000 -99.000    10.4     9.0 -9999.0 -9999.0 -9999.0
94078 20200411  2.623 -108.67   42.68    15.7    -7.3     4.2     6.3    10.9    14.38 C    35.6    -7.2     8.9    91.8    20.3    50.8   0.203   0.255 -99.000 -99.000 -99.000     9.5     9.2 -9999.0 -9999.0 -9999.0
94078 20200412  2.623 -108.67   42.68    -5.8   -10.0    -7.9    -7.7    10.3    17.84 C    -2.0   -10.5    -6.9    89.8    64.7    80.3   0.209   0.248 -99.000 -99.000 -99.000     4.1     5.7 -9999.0 -9999.0 -9999.0
94078 20200413  2.623 -108.67   42.68    -4.8   -14.2    -9.5    -9.5     2.1    22.28 C    -1.7   -20.1   -10.8    87.7    24.7    61.8   0.254   0.263 -99.000 -99.000 -99.000     2.6     3.7 -9999.0 -9999.0 -9999.0
94078 20200414  2.623 -108.67   42.68     2.7   -12.5    -4.9    -3.0     0.0    24.12 C    14.1   -17.8    -2.9    62.6    28.7    44.4   0.277   0.285 -99.000 -99.000 -99.000     1.9     2.8 -9999.0 -9999.0 -9999.0
94078 20200415  2.623 -108.67   42.68     2.7    -5.1    -1.2    -0.8    15.7    10.65 C    14.5    -5.3     1.0    94.8    44.7    72.4   0.288   0.311 -99.000 -99.000 -99.000     2.1     2.7 -9999.0 -9999.0 -9999.0
94078 20200416  2.623 -108.67   42.68    -2.6    -7.2    -4.9    -5.5     5.1    22.94 C    -1.0   -13.6    -6.4    91.2    46.8    69.9   0.291   0.317 -99.000 -99.000 -99.000     1.5     2.3 -9999.0 -9999.0 -9999.0
94078 20200417  2.623 -108.67   42.68     7.1   -10.5    -1.7    -1.0     0.0    27.41 C     3.4   -19.4    -6.1    70.2    27.8    43.3   0.302   0.323 -99.000 -99.000 -99.000     1.1     1.8 -9999.0 -9999.0 -9999.0
94078 20200418  2.623 -108.67   42.68    11.7    -3.4     4.2     4.8     0.0    27.42 C    19.5    -8.3     3.0    50.7    12.4    30.8   0.318   0.338 -99.000 -99.000 -99.000     2.5     2.4 -9999.0 -9999.0 -9999.0
94078 20200419  2.623 -108.67   42.68    13.0    -2.6     5.2     4.6     0.0    18.29 C    24.8    -2.5     5.8    71.6    24.0    53.2   0.302   0.332 -99.000 -99.000 -99.000     4.9     4.1 -9999.0 -9999.0 -9999.0
94078 20200420  2.623 -108.67   42.68    16.5    -0.1     8.2     8.8     0.0    26.72 C    28.8    -2.6     9.5    53.1    20.1    34.5   0.284   0.321 -99.000 -99.000 -99.000     7.5     6.1 -9999.0 -9999.0 -9999.0
94078 20200421  2.623 -108.67   42.68    18.4     1.8    10.1    10.8     0.0    26.92 C    35.6    -2.3    12.9    57.1    16.7    33.2   0.271   0.312 -99.000 -99.000 -99.000     9.6     8.0 -9999.0 -9999.0 -9999.0
94078 20200422  2.623 -108.67   42.68    18.7     3.3    11.0    11.8     0.0    26.78 C    38.7    -1.5    14.7    50.6    15.2    28.4   0.259   0.304 -99.000 -99.000 -99.000    10.5     9.1 -9999.0 -9999.0 -9999.0
94078 20200423  2.623 -108.67   42.68    15.2     1.1     8.1     8.3     5.2    15.96 C    33.3     0.9    11.2    93.1    23.0    54.6   0.247   0.295 -99.000 -99.000 -99.000     9.7     9.1 -9999.0 -9999.0 -9999.0
94078 20200424  2.623 -108.67   42.68    12.9     0.4     6.7     6.7     0.0    22.33 C    29.5    -0.8    10.2    92.5    19.6    53.2   0.262   0.296 -99.000 -99.000 -99.000     9.6     8.9 -9999.0 -9999.0 -9999.0
94078 20200425  2.623 -108.67   42.68    17.9    -0.1     8.9    10.3     0.0    25.27 C    37.5    -2.6    14.1    63.5    14.1    33.2   0.249   0.292 -99.000 -99.000 -99.000    10.7     9.5 -9999.0 -9999.0 -9999.0
94078 20200426  2.623 -108.67   42.68    18.8     6.8    12.8    13.3     0.0    15.00 C    33.0     1.7    13.6    54.0    18.6    35.5   0.237   0.287 -99.000 -99.000 -99.000    11.2    10.3 -9999.0 -9999.0 -9999.0
94078 20200427  2.623 -108.67   42.68    22.7     6.2    14.4    13.8     0.0    18.90 C    38.1     0.8    13.9    51.9    13.0    31.4   0.227   0.280 -99.000 -99.000 -99.000    11.0    10.2 -9999.0 -9999.0 -9999.0
94078 20200428  2.623 -108.67   42.68    18.9     3.8    11.3    11.8     0.0    27.49 C    40.3     0.0    16.2    59.3    12.0    30.6   0.219   0.274 -99.000 -99.000 -99.000    12.6    11.1 -9999.0 -9999.0 -9999.0
94078 20200429  2.623 -108.67   42.68    25.5     3.8    14.6    15.9     0.0    27.66 C    45.3    -1.1    19.8    49.3    14.3    26.0   0.211   0.268 -99.000 -99.000 -99.000    14.3    12.4 -9999.0 -9999.0 -9999.0
94078 20200430  2.623 -108.67   42.68    25.4    10.9    18.2    17.3     0.0    19.38 C    44.3     7.2    19.5    54.6    18.7    34.6   0.202   0.262 -99.000 -99.000 -99.000    15.6    13.9 -9999.0 -9999.0 -9999.0
94078 20200501  2.623 -108.67   42.68    17.9     4.4    11.2    11.9     0.0    11.09 C    35.5     2.1    12.7    73.5    26.9    47.4   0.190   0.253 -99.000 -99.000 -99.000    12.4    12.3 -9999.0 -9999.0 -9999.0
94078 20200502  2.623 -108.67   42.68    19.5     3.3    11.4    12.5     0.0    21.07 C    43.6    -0.1    17.2    65.3    22.3    39.7   0.185   0.248 -99.000 -99.000 -99.000    13.6    12.4 -9999.0 -9999.0 -9999.0
94078 20200503  2.623 -108.67   42.68    19.5     7.3    13.4    13.6     0.2    17.95 C    39.9     5.6    16.6    70.8    17.4    33.2   0.178   0.242 -99.000 -99.000 -99.000    14.2    13.2 -9999.0 -9999.0 -9999.0
94078 20200504  2.623 -108.67   42.68    15.4     3.3     9.3     9.7     0.0    25.82 C    41.1    -0.5    15.1    68.9     8.1    32.5   0.170   0.235 -99.000 -99.000 -99.000    13.8    13.0 -9999.0 -9999.0 -9999.0
94078 20200505  2.623 -108.67   42.68    18.8     1.6    10.2    10.5     0.0    28.64 C    45.1    -3.2    16.6    42.4    12.4    23.0   0.162   0.228 -99.000 -99.000 -99.000    14.0    12.9 -9999.0 -9999.0 -9999.0
94078 20200506  2.623 -108.67   42.68    22.9     2.3    12.6    11.9     0.0    23.50 C    44.5    -1.3    16.5    57.6     5.9    29.7   0.155   0.223 -99.000 -99.000 -99.000    14.4    13.3 -9999.0 -9999.0 -9999.0
94078 20200507  2.623 -108.67   42.68    13.9     0.4     7.1     7.1     0.0    25.03 C    36.2    -2.1    13.7    61.9    14.0    31.8   0.147   0.217 -99.000 -99.000 -99.000    13.3    12.8 -9999.0 -9999.0 -9999.0
94078 20200508  2.623 -108.67   42.68    16.5    -0.2     8.1     6.7     4.2    25.25 C    44.0    -2.8    15.7    88.5    26.1    58.2   0.143   0.212 -99.000 -99.000 -99.000    13.9    13.0 -9999.0 -9999.0 -9999.0
94078 20200509  2.623 -108.67   42.68    12.4     1.6     7.0     6.3     0.0    17.32 C    30.4    -0.9    10.6    88.0    39.8    62.3   0.138   0.208 -99.000 -99.000 -99.000    11.9    11.9 -9999.0 -9999.0 -9999.0
94078 20200510  2.623 -108.67   42.68    16.0    -0.3     7.8     7.3     0.0    28.74 C    41.0    -2.1    15.3    77.5    26.0    50.7   0.141   0.206 -99.000 -99.000 -99.000    13.7    12.5 -9999.0 -9999.0 -9999.0
94078 20200511  2.623 -108.67   42.68    10.6    -1.2     4.7     5.0     3.0    13.05 C    32.0    -1.9     9.0    90.4    49.7    70.6   0.136   0.202 -99.000 -99.000 -99.000    10.8    11.3 -9999.0 -9999.0 -9999.0
94078 20200512  2.623 -108.67   42.68    22.1     1.9    12.0    10.4     0.0    19.01 C    33.4     1.3    13.7    91.6    18.9    60.1   0.139   0.201 -99.000 -99.000 -99.000    12.5    11.7 -9999.0 -9999.0 -9999.0
94078 20200513  2.623 -108.67   42.68    17.1     5.0    11.1    11.2     0.0    18.79 C    33.7     1.5    13.8    76.6    17.0    41.6   0.139   0.200 -99.000 -99.000 -99.000    13.0    12.4 -9999.0 -9999.0 -9999.0
94078 20200514  2.623 -108.67   42.68    17.3     1.7     9.5    10.2     0.0    14.98 C    40.1    -0.4    12.1    64.3    21.4    38.3   0.136   0.195 -99.000 -99.000 -99.000    11.7    11.6 -9999.0 -9999.0 -9999.0
94078 20200515  2.623 -108.67   42.68    18.0     2.1    10.1    10.4     0.0    21.82 C    41.1    -0.4    14.6    66.2    17.2    39.1   0.136   0.193 -99.000 -99.000 -99.000    13.3    12.4 -9999.0 -9999.0 -9999.0
94078 20200516  2.623 -108.67   42.68    18.5     1.0     9.7    10.5     0.0    28.63 C    46.1    -1.9    18.3    75.3    15.5    41.9   0.136   0.191 -99.000 -99.000 -99.000    15.2    13.5 -9999.0 -9999.0 -9999.0
94078 20200517  2.623 -108.67   42.68    26.7     4.1    15.4    15.5     0.0    25.85 C    49.2     1.4    21.2    76.3    13.6    38.3   0.134   0.188 -99.000 -99.000 -99.000    16.8    14.9 -9999.0 -9999.0 -9999.0
94078 20200518  2.623 -108.67   42.68    29.0    13.2    21.1    22.0     0.0    28.74 C    49.4     9.0    24.9    44.1     6.7    16.7   0.131   0.186 -99.000 -99.000 -99.000    19.3    16.9 -9999.0 -9999.0 -9999.0
94078 20200519  2.623 -108.67   42.68    27.8    11.5    19.7    21.3     0.0    30.64 C    44.6     4.5    23.3    26.1     5.7    11.8   0.124   0.180 -99.000 -99.000 -99.000    19.4    17.4 -9999.0 -9999.0 -9999.0
94078 20200520  2.623 -108.67   42.68    19.6     7.4    13.5    15.3     0.0    25.95 C    38.3     3.7    17.8    34.1    10.8    20.7   0.113   0.175 -99.000 -99.000 -99.000    17.5    16.7 -9999.0 -9999.0 -9999.0
94078 20200521  2.623 -108.67   42.68    18.0     5.1    11.6    12.0     0.0    31.48 C    38.6     2.7    17.6    51.2    15.1    31.1   0.108   0.172 -99.000 -99.000 -99.000    17.0    15.8 -9999.0 -9999.0 -9999.0
94078 20200522  2.623 -108.67   42.68    23.0     5.5    14.2    14.9     0.0    28.54 C    43.6     1.5    19.8    57.2    11.2    27.7   0.104   0.171 -99.000 -99.000 -99.000    17.8    16.3 -9999.0 -9999.0 -9999.0
94078 20200523  2.623 -108.67   42.68    15.5     2.3     8.9     9.6     0.0    24.11 C    39.6     1.9    16.7    76.2    17.7    48.4   0.099   0.169 -99.000 -99.000 -99.000    17.3    16.4 -9999.0 -9999.0 -9999.0
94078 20200524  2.623 -108.67   42.68    13.2    -0.8     6.2     7.9     0.2    18.18 C    42.5    -1.8    15.0    83.5    27.3    52.9   0.094   0.166 -99.000 -99.000 -99.000    15.4    15.1 -9999.0 -9999.0 -9999.0
94078 20200525  2.623 -108.67   42.68    19.2     1.5    10.4    11.8     0.0    30.92 C    49.0    -0.3    20.7    78.9    21.8    41.6   0.097   0.166 -99.000 -99.000 -99.000    18.0    16.0 -9999.0 -9999.0 -9999.0
94078 20200526  2.623 -108.67   42.68    24.5     7.7    16.1    16.5     0.0    26.72 C    50.5     5.3    23.0    54.0    20.3    34.3   0.095   0.166 -99.000 -99.000 -99.000    19.5    17.4 -9999.0 -9999.0 -9999.0
94078 20200527  2.623 -108.67   42.68    24.6     7.6    16.1    17.2     0.0    27.42 C    52.0     5.0    24.0    67.6    24.9    43.1   0.092   0.166 -99.000 -99.000 -99.000    20.5    18.2 -9999.0 -9999.0 -9999.0
94078 20200528  2.623 -108.67   42.68    26.0     7.8    16.9    17.7     0.0    29.89 C    52.5     5.8    25.7    75.1    25.6    45.5   0.091   0.165 -99.000 -99.000 -99.000    21.9    19.3 -9999.0 -9999.0 -9999.0
94078 20200529  2.623 -108.67   42.68    30.1     8.7    19.4    20.0     0.0    27.26 C    56.7     5.8    27.8    75.1    14.5    41.7   0.088   0.165 -99.000 -99.000 -99.000    23.1    20.2 -9999.0 -9999.0 -9999.0
94078 20200530  2.623 -108.67   42.68    29.9    11.5    20.7    20.2     1.3    22.10 C    55.4     8.7    24.8    61.2    22.7    43.2   0.084   0.163 -99.000 -99.000 -99.000    22.3    20.5 -9999.0 -9999.0 -9999.0
94078 20200531  2.623 -108.67   42.68    28.7    12.8    20.8    21.5     0.2    22.29 C    47.9    11.4    23.6    72.7    16.6    37.8   0.084   0.161 -99.000 -99.000 -99.000    21.4    19.8 -9999.0 -9999.0 -9999.0
94078 20200601  2.623 -108.67   42.68    30.4    14.7    22.6    23.4     0.0    26.05 C    48.5    10.0    25.7    35.5     5.7    20.1   0.084   0.161 -99.000 -99.000 -99.000    22.6    20.3 -9999.0 -9999.0 -9999.0
94078 20200602  2.623 -108.67   42.68    29.4    11.6    20.5    20.3     0.0    25.59 C    54.0     8.1    25.5    45.5    10.6    24.9   0.081   0.159 -99.000 -99.000 -99.000    22.4    20.4 -9999.0 -9999.0 -9999.0
94078 20200603  2.623 -108.67   42.68    27.0    13.2    20.1    20.5     0.0    19.17 C    51.9     9.7    23.4    45.2    15.3    28.5   0.077   0.158 -99.000 -99.000 -99.000    21.8    20.4 -9999.0 -9999.0 -9999.0
94078 20200604  2.623 -108.67   42.68    29.1    15.5    22.3    22.6     0.0    25.11 C    52.9    12.3    27.4    36.0    13.3    24.3   0.078   0.158 -99.000 -99.000 -99.000    23.4    21.0 -9999.0 -9999.0 -9999.0
94078 20200605  2.623 -108.67   42.68    33.0     8.4    20.7    21.6     0.0    25.64 C    55.0     6.8    26.7    59.1     7.4    30.2   0.076   0.158 -99.000 -99.000 -99.000    23.7    21.4 -9999.0 -9999.0 -9999.0
94078 20200606  2.623 -108.67   42.68    21.8    10.2    16.0    16.2     7.4    10.01 C    25.3     8.2    15.8    76.1    32.1    49.2   0.070   0.154 -99.000 -99.000 -99.000    19.0    19.7 -9999.0 -9999.0 -9999.0
94078 20200607  2.623 -108.67   42.68    20.8     7.0    13.9    12.8     2.3    22.61 C    37.2     4.1    14.1    71.3    22.0    45.0   0.076   0.150 -99.000 -99.000 -99.000    16.0    16.7 -9999.0 -9999.0 -9999.0
94078 20200608  2.623 -108.67   42.68    15.5     5.5    10.5    10.5     0.0    24.85 C    42.3     2.3    15.4    50.8    20.0    32.4   0.084   0.150 -99.000 -99.000 -99.000    16.1    15.9 -9999.0 -9999.0 -9999.0
94078 20200609  2.623 -108.67   42.68    19.2     1.7    10.5    11.2     0.0    30.49 C    44.6    -0.9    18.7    61.3    21.1    35.1   0.094   0.151 -99.000 -99.000 -99.000    18.2    16.9 -9999.0 -9999.0 -9999.0
94078 20200610  2.623 -108.67   42.68    23.6     3.9    13.8    15.5     0.0    29.82 C    50.4     1.3    22.1    64.9    13.0    32.4   0.101   0.152 -99.000 -99.000 -99.000    20.0    18.2 -9999.0 -9999.0 -9999.0
94078 20200611  2.623 -108.67   42.68    26.8     8.1    17.4    19.1     0.0    26.27 C    53.9     4.8    24.3    43.6     9.9    22.2   0.101   0.154 -99.000 -99.000 -99.000    21.1    19.3 -9999.0 -9999.0 -9999.0
94078 20200612  2.623 -108.67   42.68    32.0    12.1    22.0    23.5     0.0    29.34 C    54.0     8.3    27.7    34.4     6.7    16.1   0.097   0.155 -99.000 -99.000 -99.000    23.3    20.7 -9999.0 -9999.0 -9999.0
94078 20200613  2.623 -108.67   42.68    31.1    17.4    24.2    24.4     0.0    27.28 C    49.0    13.1    26.8    25.7     5.8    14.2   0.088   0.155 -99.000 -99.000 -99.000    24.1    21.8 -9999.0 -9999.0 -9999.0
94078 20200614  2.623 -108.67   42.68    23.7    12.8    18.2    19.4     0.0    32.62 C    48.0     8.5    24.6    25.2     9.9    14.4   0.080   0.154 -99.000 -99.000 -99.000    23.5    21.5 -9999.0 -9999.0 -9999.0
94078 20200615  2.623 -108.67   42.68    26.7     9.2    18.0    19.0     0.0    25.54 C    46.9     7.0    23.6    41.3    11.6    22.2   0.075   0.154 -99.000 -99.000 -99.000    22.6    21.1 -9999.0 -9999.0 -9999.0
94078 20200616  2.623 -108.67   42.68    24.8    10.7    17.7    18.4     0.2    21.20 C    45.5     8.9    20.6    57.4    15.3    29.0   0.071   0.152 -99.000 -99.000 -99.000    21.6    20.7 -9999.0 -9999.0 -9999.0
94078 20200617  2.623 -108.67   42.68    17.9     5.8    11.9    12.4     0.5    29.56 C    44.2     4.1    19.1    83.2    15.2    42.2   0.070   0.150 -99.000 -99.000 -99.000    20.7    19.7 -9999.0 -9999.0 -9999.0
94078 20200618  2.623 -108.67   42.68    20.7     2.8    11.7    12.6     0.0    27.22 C    49.7     0.3    21.1    67.3    19.0    38.4   0.070   0.149 -99.000 -99.000 -99.000    20.7    19.5 -9999.0 -9999.0 -9999.0
94078 20200619  2.623 -108.67   42.68    23.6     5.1    14.4    15.6     0.0    28.23 C    51.8     4.0    24.2    76.2    16.9    38.3   0.070   0.150 -99.000 -99.000 -99.000    22.6    20.5 -9999.0 -9999.0 -9999.0
94078 20200620  2.623 -108.67   42.68    26.9     8.8    17.8    19.0     0.0    27.05 C    52.8     5.3    25.6    46.5    14.1    26.1   0.069   0.150 -99.000 -99.000 -99.000    23.2    21.1 -9999.0 -9999.0 -9999.0
94078 20200621  2.623 -108.67   42.68    22.3    10.8    16.5    16.8     0.0    10.83 C    39.9     9.3    18.1    65.9    28.7    43.0   0.064   0.149 -99.000 -99.000 -99.000    20.2    20.0 -9999.0 -9999.0 -9999.0
94078 20200622  2.623 -108.67   42.68    25.6     9.5    17.6    18.3     0.0    22.92 C    50.1     6.9    23.8    70.4    23.7    43.7   0.068   0.148 -99.000 -99.000 -99.000    21.9    20.2 -9999.0 -9999.0 -9999.0
94078 20200623  2.623 -108.67   42.68    29.8    10.4    20.1    20.8     0.0    29.69 C    56.0     7.9    29.0    64.8    15.4    35.7   0.070   0.150 -99.000 -99.000 -99.000    24.9    22.0 -9999.0 -9999.0 -9999.0
94078 20200624  2.623 -108.67   42.68    33.3    13.2    23.2    23.2     0.0    25.80 C    61.8     9.5    29.0    46.6    12.1    27.0   0.068   0.151 -99.000 -99.000 -99.000    25.8    23.3 -9999.0 -9999.0 -9999.0
94078 20200625  2.623 -108.67   42.68    25.4    12.4    18.9    17.6    10.4    11.25 C    46.6    10.4    20.2    89.2    30.5    55.2   0.064   0.148 -99.000 -99.000 -99.000    21.8    21.7 -9999.0 -9999.0 -9999.0
94078 20200626  2.623 -108.67   42.68    27.4     8.8    18.1    19.0     0.0    30.26 C    41.7     8.2    22.6    87.7    19.6    50.3   0.107   0.146 -99.000 -99.000 -99.000    22.6    21.1 -9999.0 -9999.0 -9999.0
94078 20200627  2.623 -108.67   42.68    32.0    13.5    22.8    23.4     0.0    28.47 C    50.9     9.7    27.5    51.1     9.0    26.6   0.120   0.149 -99.000 -99.000 -99.000    24.5    22.6 -9999.0 -9999.0 -9999.0
94078 20200628  2.623 -108.67   42.68    22.4    13.5    17.9    18.3     1.2    18.49 C    46.6    12.9    21.6    81.9    28.4    49.4   0.115   0.148 -99.000 -99.000 -99.000    22.3    21.9 -9999.0 -9999.0 -9999.0
94078 20200629  2.623 -108.67   42.68    21.2    11.8    16.5    14.6     0.0    16.74 C    43.8    11.5    19.5    91.0    25.8    52.7   0.110   0.147 -99.000 -99.000 -99.000    20.5    20.4 -9999.0 -9999.0 -9999.0
94078 20200630  2.623 -108.67   42.68    18.7     9.4    14.1    13.7     0.0    22.64 C    34.6     8.2    18.0    46.0    21.6    33.6   0.106   0.145 -99.000 -99.000 -99.000    19.1    19.2 -9999.0 -9999.0 -9999.0
94078 20200701  2.623 -108.67   42.68    26.2     8.5    17.3    17.9     0.0    30.63 C    46.4     6.1    22.7    53.0    11.1    27.5   0.106   0.147 -99.000 -99.000 -99.000    21.2    19.9 -9999.0 -9999.0 -9999.0
94078 20200702  2.623 -108.67   42.68    30.0    11.2    20.6    21.2     0.0    28.61 C    54.5     5.8    26.4    40.6     9.7    23.4   0.103   0.149 -99.000 -99.000 -99.000    23.2    21.4 -9999.0 -9999.0 -9999.0
94078 20200703  2.623 -108.67   42.68    32.5    12.9    22.7    24.1     0.0    30.59 C    53.8     9.1    29.3    44.9     5.0    20.1   0.097   0.151 -99.000 -99.000 -99.000    25.2    22.9 -9999.0 -9999.0 -9999.0
94078 20200704  2.623 -108.67   42.68    33.5    14.8    24.2    24.6     0.0    29.90 C    58.6    12.9    31.0    48.2     6.6    22.4   0.089   0.153 -99.000 -99.000 -99.000    26.9    24.3 -9999.0 -9999.0 -9999.0
94078 20200705  2.623 -108.67   42.68    33.0    14.5    23.8    23.6     0.0    27.93 C    57.9    10.7    29.4    44.5     6.0    22.4   0.081   0.153 -99.000 -99.000 -99.000    26.7    24.5 -9999.0 -9999.0 -9999.0
94078 20200706  2.623 -108.67   42.68    33.9    12.4    23.2    23.6     0.0    30.87 C    58.1     9.6    29.8    64.6     4.1    27.9   0.076   0.152 -99.000 -99.000 -99.000    26.9    24.6 -9999.0 -9999.0 -9999.0
94078 20200707  2.623 -108.67   42.68    33.2    14.8    24.0    25.6     0.0    30.61 C    51.1    11.0    29.8    46.0     4.3    16.5   0.072   0.152 -99.000 -99.000 -99.000    27.5    25.3 -9999.0 -9999.0 -9999.0
94078 20200708  2.623 -108.67   42.68    30.1    13.0    21.6    21.5     0.0    30.64 C    52.8     9.4    27.0    30.0     5.8    17.0   0.068   0.150 -99.000 -99.000 -99.000    26.2    24.5 -9999.0 -9999.0 -9999.0
94078 20200709  2.623 -108.67   42.68    32.1    11.5    21.8    22.1     0.0    28.71 C    56.9     7.0    28.0    40.2     4.2    19.5   0.065   0.149 -99.000 -99.000 -99.000    26.1    24.3 -9999.0 -9999.0 -9999.0
94078 20200710  2.623 -108.67   42.68    32.8    14.6    23.7    25.4     0.0    31.39 C    56.3     9.3    29.5    21.3     3.9    10.2   0.065   0.149 -99.000 -99.000 -99.000    27.2    25.0 -9999.0 -9999.0 -9999.0
94078 20200711  2.623 -108.67   42.68    34.0    11.7    22.8    23.3     0.0    26.13 C    57.7     7.4    28.4    38.6     5.1    18.8   0.062   0.148 -99.000 -99.000 -99.000    26.7    24.8 -9999.0 -9999.0 -9999.0
94078 20200712  2.623 -108.67   42.68    35.0    16.3    25.7    26.7     0.0    27.77 C    57.7    10.8    30.3    23.9     6.0    12.1   0.062   0.147 -99.000 -99.000 -99.000    27.7    25.5 -9999.0 -9999.0 -9999.0
94078 20200713  2.623 -108.67   42.68    32.2    13.1    22.7    23.6     0.0    23.88 C    50.9    10.7    27.2    49.4     5.1    18.8   0.060   0.145 -99.000 -99.000 -99.000    26.8    25.2 -9999.0 -9999.0 -9999.0
94078 20200714  2.623 -108.67   42.68    26.0     8.9    17.4    18.4     0.0    26.86 C    55.7     6.3    26.1    65.1    17.8    36.0   0.059   0.144 -99.000 -99.000 -99.000    25.9    24.5 -9999.0 -9999.0 -9999.0
94078 20200715  2.623 -108.67   42.68    31.3    10.2    20.7    21.6     0.0    30.23 C    56.9     6.8    28.1    41.9     4.7    21.1   0.060   0.143 -99.000 -99.000 -99.000    26.7    24.7 -9999.0 -9999.0 -9999.0
94078 20200716  2.623 -108.67   42.68    33.4    12.0    22.7    24.5     0.0    30.21 C    58.0     8.4    30.4    34.9     5.6    16.7   0.059   0.142 -99.000 -99.000 -99.000    27.6    25.3 -9999.0 -9999.0 -9999.0
94078 20200717  2.623 -108.67   42.68    34.4    20.0    27.2    27.5     0.0    25.12 C    56.8    15.8    31.2    22.0     8.0    14.4   0.059   0.143 -99.000 -99.000 -99.000    28.6    26.3 -9999.0 -9999.0 -9999.0
94078 20200718  2.623 -108.67   42.68    32.8    18.1    25.5    25.7     0.0    28.33 C    58.0    14.1    31.8    38.5     5.9    19.6   0.060   0.142 -99.000 -99.000 -99.000    29.4    26.8 -9999.0 -9999.0 -9999.0
94078 20200719  2.623 -108.67   42.68    32.8    13.5    23.1    23.3     0.0    29.48 C    57.1     9.7    29.9    52.2     5.3    27.4   0.058   0.140 -99.000 -99.000 -99.000    28.5    26.4 -9999.0 -9999.0 -9999.0
94078 20200720  2.623 -108.67   42.68    31.8    14.3    23.1    23.2     0.0    26.20 C    55.3    11.4    29.1    60.3    12.7    32.7   0.058   0.139 -99.000 -99.000 -99.000    28.1    26.3 -9999.0 -9999.0 -9999.0
94078 20200721  2.623 -108.67   42.68    31.7    12.9    22.3    22.5     0.0    28.12 C    57.4    10.7    29.8    61.6    12.4    33.5   0.058   0.138 -99.000 -99.000 -99.000    28.4    26.3 -9999.0 -9999.0 -9999.0
94078 20200722  2.623 -108.67   42.68    33.3    16.5    24.9    24.9     0.7    19.31 C    55.8    12.0    28.5    71.5     8.9    23.9   0.056   0.137 -99.000 -99.000 -99.000    27.3    26.0 -9999.0 -9999.0 -9999.0
94078 20200723  2.623 -108.67   42.68    31.6    17.9    24.7    24.3     0.0    20.96 C    52.9    13.6    27.8    54.7    12.1    28.4   0.057   0.136 -99.000 -99.000 -99.000    26.8    25.7 -9999.0 -9999.0 -9999.0
94078 20200724  2.623 -108.67   42.68    31.6    15.7    23.7    23.8     0.0    23.38 C    56.4    15.1    28.8    47.7    10.5    24.8   0.058   0.136 -99.000 -99.000 -99.000    27.6    25.8 -9999.0 -9999.0 -9999.0
94078 20200725  2.623 -108.67   42.68    32.2    16.4    24.3    24.8     0.0    21.01 C    55.7    11.5    27.9    38.1     9.0    18.6   0.056   0.135 -99.000 -99.000 -99.000    26.9    25.6 -9999.0 -9999.0 -9999.0
94078 20200726  2.623 -108.67   42.68    31.7    13.7    22.7    23.1     0.0    28.17 C    58.2    10.0    30.2    46.1    13.1    27.6   0.057   0.135 -99.000 -99.000 -99.000    28.1    26.0 -9999.0 -9999.0 -9999.0
94078 20200727  2.623 -108.67   42.68    30.5    15.6    23.0    22.1     4.6    20.34 C    60.8    12.0    24.4    58.1    17.1    38.3   0.055   0.133 -99.000 -99.000 -99.000    25.7    25.4 -9999.0 -9999.0 -9999.0
94078 20200728  2.623 -108.67   42.68    26.4    14.0    20.2    20.1     0.8    15.14 C    38.7    11.3    19.8    69.0    28.5    46.0   0.058   0.130 -99.000 -99.000 -99.000    22.0    22.7 -9999.0 -9999.0 -9999.0
94078 20200729  2.623 -108.67   42.68    26.9    12.7    19.8    19.6     0.0    18.03 C    49.8     9.6    22.0    70.9    24.5    44.1   0.066   0.129 -99.000 -99.000 -99.000    22.1    22.0 -9999.0 -9999.0 -9999.0
94078 20200730  2.623 -108.67   42.68    30.6    13.1    21.8    22.5     0.0    28.41 C    55.7     9.1    28.6    56.3    13.9    30.9   0.073   0.132 -99.000 -99.000 -99.000    25.2    23.4 -9999.0 -9999.0 -9999.0
94078 20200731  2.623 -108.67   42.68    33.5    14.6    24.0    24.0     0.0    25.60 C    57.6    10.0    29.4    47.7    11.5    25.3   0.070   0.134 -99.000 -99.000 -99.000    26.8    24.9 -9999.0 -9999.0 -9999.0
94078 20200801  2.623 -108.67   42.68    31.5    14.5    23.0    23.0     0.0    19.19 C    59.0    10.3    27.0    41.0    14.0    25.9   0.063   0.134 -99.000 -99.000 -99.000    25.7    24.6 -9999.0 -9999.0 -9999.0
94078 20200802  2.623 -108.67   42.68    34.0    14.4    24.2    24.4     0.0    26.20 C    59.7    10.6    30.4    43.3     9.8    24.2   0.062   0.134 -99.000 -99.000 -99.000    27.3    25.1 -9999.0 -9999.0 -9999.0
94078 20200803  2.623 -108.67   42.68    32.6    15.7    24.2    24.7     0.0    16.89 C    55.7    11.6    26.7    43.1     9.8    25.1   0.059   0.133 -99.000 -99.000 -99.000    25.7    24.9 -9999.0 -9999.0 -9999.0
94078 20200804  2.623 -108.67   42.68    31.5    12.7    22.1    22.8     0.0    26.61 C    57.1     9.4    29.5    61.7    15.4    34.7   0.060   0.133 -99.000 -99.000 -99.000    27.3    25.3 -9999.0 -9999.0 -9999.0
94078 20200805  2.623 -108.67   42.68    32.0    13.5    22.7    23.1     0.0    24.26 C    57.6    10.2    29.6    58.4    11.9    32.1   0.059   0.133 -99.000 -99.000 -99.000    27.5    25.7 -9999.0 -9999.0 -9999.0
94078 20200806  2.623 -108.67   42.68    33.8    15.8    24.8    25.9     0.0    25.97 C    55.9    13.1    30.6    48.2     5.1    20.3   0.059   0.134 -99.000 -99.000 -99.000    28.4    26.2 -9999.0 -9999.0 -9999.0
94078 20200807  2.623 -108.67   42.68    33.0    17.8    25.4    26.5     0.0    25.17 C    54.9    12.3    30.0    23.9     4.6    11.1   0.057   0.133 -99.000 -99.000 -99.000    28.3    26.4 -9999.0 -9999.0 -9999.0
94078 20200808  2.623 -108.67   42.68    31.9    14.7    23.3    24.3     0.0    23.44 C    56.2    10.5    27.9    32.4     8.6    17.5   0.055   0.132 -99.000 -99.000 -99.000    27.2    26.0 -9999.0 -9999.0 -9999.0
94078 20200809  2.623 -108.67   42.68    33.0    16.9    25.0    25.4     0.0    27.38 C    53.9     9.2    29.0    25.4     6.5    13.5   0.055   0.131 -99.000 -99.000 -99.000    27.4    25.8 -9999.0 -9999.0 -9999.0
94078 20200810  2.623 -108.67   42.68    31.6    11.0    21.3    21.9     0.0    21.57 C    59.3     7.7    26.4    46.3     9.2    24.3   0.053   0.130 -99.000 -99.000 -99.000    26.1    25.3 -9999.0 -9999.0 -9999.0
94078 20200811  2.623 -108.67   42.68    32.9    16.1    24.5    24.0     0.0    18.90 C    54.0    11.3    26.3    32.4     7.5    20.1   0.053   0.129 -99.000 -99.000 -99.000    25.4    24.7 -9999.0 -9999.0 -9999.0
94078 20200812  2.623 -108.67   42.68    31.6    17.6    24.6    24.8     0.0    22.01 C    54.8    12.5    27.1    24.3     9.2    16.3   0.054   0.129 -99.000 -99.000 -99.000    26.2    25.0 -9999.0 -9999.0 -9999.0
94078 20200813  2.623 -108.67   42.68    32.1    17.0    24.6    24.9     0.0    24.98 C    57.3    12.5    27.4    28.0     3.9    13.1   0.054   0.129 -99.000 -99.000 -99.000    26.4    25.0 -9999.0 -9999.0 -9999.0
94078 20200814  2.623 -108.67   42.68    28.8    13.0    20.9    21.0     0.0    26.68 C    54.1     8.9    27.2    43.5    12.1    24.1   0.053   0.128 -99.000 -99.000 -99.000    26.5    25.0 -9999.0 -9999.0 -9999.0
94078 20200815  2.623 -108.67   42.68    33.2    13.0    23.1    23.8     0.0    26.99 C    57.2     8.3    28.3    37.5     5.7    17.2   0.053   0.128 -99.000 -99.000 -99.000    26.8    25.1 -9999.0 -9999.0 -9999.0
94078 20200816  2.623 -108.67   42.68    32.9    14.7    23.8    24.4     0.0    26.18 C    58.2     8.7    29.2    28.5     7.1    15.2   0.053   0.128 -99.000 -99.000 -99.000    27.4    25.6 -9999.0 -9999.0 -9999.0
94078 20200817  2.623 -108.67   42.68    35.0    15.6    25.3    26.2     0.0    24.70 C    58.9    10.4    30.7    20.3     6.7    12.9   0.053   0.128 -99.000 -99.000 -99.000    27.9    25.9 -9999.0 -9999.0 -9999.0
94078 20200818  2.623 -108.67   42.68    35.1    17.7    26.4    26.1     0.4    18.22 C    60.3    12.6    28.7    40.5     9.0    20.2   0.052   0.128 -99.000 -99.000 -99.000    27.3    26.1 -9999.0 -9999.0 -9999.0
94078 20200819  2.623 -108.67   42.68    31.6    15.5    23.6    23.8     0.0    14.76 C    52.2    11.6    25.5    49.9    16.1    28.5   0.052   0.126 -99.000 -99.000 -99.000    25.8    25.1 -9999.0 -9999.0 -9999.0
94078 20200820  2.623 -108.67   42.68    28.1    13.9    21.0    21.9     0.0    11.42 C    39.7    11.2    23.3    53.9    18.7    35.7   0.051   0.124 -99.000 -99.000 -99.000    24.1    23.9 -9999.0 -9999.0 -9999.0
94078 20200821  2.623 -108.67   42.68    30.3    18.7    24.5    24.2     0.0    19.58 C    48.7    13.3    26.5    33.4    11.8    21.7   0.053   0.125 -99.000 -99.000 -99.000    25.6    24.5 -9999.0 -9999.0 -9999.0
94078 20200822  2.623 -108.67   42.68    35.9    14.5    25.2    26.0     0.0    20.26 C    54.3     8.9    27.8    23.9     5.4    13.7   0.053   0.125 -99.000 -99.000 -99.000    25.7    24.4 -9999.0 -9999.0 -9999.0
94078 20200823  2.623 -108.67   42.68    32.8    17.5    25.1    25.5     0.3    12.78 C    55.1    12.2    25.7    26.5     9.8    17.7   0.052   0.125 -99.000 -99.000 -99.000    25.2    24.5 -9999.0 -9999.0 -9999.0
94078 20200824  2.623 -108.67   42.68    35.0    16.5    25.8    25.9     0.0    18.26 C    55.2    11.4    27.9    34.0     7.2    20.0   0.053   0.125 -99.000 -99.000 -99.000    25.9    24.5 -9999.0 -9999.0 -9999.0
94078 20200825  2.623 -108.67   42.68    34.6    17.1    25.8    25.1     0.0    17.30 C    56.7    12.5    27.5    45.2    10.6    25.9   0.053   0.125 -99.000 -99.000 -99.000    26.3    24.9 -9999.0 -9999.0 -9999.0
94078 20200826  2.623 -108.67   42.68    33.5    16.4    24.9    24.3     0.0    21.65 C    58.8    13.7    28.6    55.8    10.8    29.1   0.054   0.126 -99.000 -99.000 -99.000    27.1    25.5 -9999.0 -9999.0 -9999.0
94078 20200827  2.623 -108.67   42.68    34.5    14.1    24.3    23.2     0.0    22.51 C    54.4    11.6    27.5    56.0     2.5    29.7   0.053   0.125 -99.000 -99.000 -99.000    26.5    25.2 -9999.0 -9999.0 -9999.0
94078 20200828  2.623 -108.67   42.68    27.5    11.1    19.3    19.6     0.0    22.75 C    52.4     8.0    25.5    62.7    19.0    36.4   0.052   0.125 -99.000 -99.000 -99.000    25.5    24.7 -9999.0 -9999.0 -9999.0
94078 20200829  2.623 -108.67   42.68    30.5    11.2    20.9    21.5     0.0    17.92 C    51.3     8.0    24.2    49.2    10.1    24.9   0.051   0.123 -99.000 -99.000 -99.000    24.4    23.9 -9999.0 -9999.0 -9999.0
94078 20200830  2.623 -108.67   42.68    29.7     6.7    18.2    19.8     0.0    18.19 C    50.6     5.1    21.5    62.6     7.7    23.7   0.050   0.123 -99.000 -99.000 -99.000    23.2    23.2 -9999.0 -9999.0 -9999.0
94078 20200831  2.623 -108.67   42.68    13.1     3.9     8.5     8.7     0.0     6.06 C    26.8     2.2    10.5    73.8    42.7    61.0   0.044   0.118 -99.000 -99.000 -99.000    17.1    19.5 -9999.0 -9999.0 -9999.0
94078 20200901  2.623 -108.67   42.68    25.0     4.1    14.5    15.0     0.0    24.16 C    48.8    -0.2    20.2    72.0    14.0    36.1   0.048   0.118 -99.000 -99.000 -99.000    19.7    19.4 -9999.0 -9999.0 -9999.0
94078 20200902  2.623 -108.67   42.68    32.3    11.2    21.8    22.4     0.0    24.47 C    53.9     5.4    26.5    42.6     3.2    20.5   0.051   0.121 -99.000 -99.000 -99.000    23.1    21.5 -9999.0 -9999.0 -9999.0
94078 20200903  2.623 -108.67   42.68    28.6     8.8    18.7    19.2     0.0    20.38 C    48.6     6.4    23.3    55.1    11.2    29.9   0.050   0.122 -99.000 -99.000 -99.000    23.3    22.4 -9999.0 -9999.0 -9999.0
94078 20200904  2.623 -108.67   42.68    33.3    13.6    23.4    22.9     0.0    23.14 C    54.8     7.1    25.6    34.1     7.1    17.4   0.050   0.122 -99.000 -99.000 -99.000    23.7    22.5 -9999.0 -9999.0 -9999.0
94078 20200905  2.623 -108.67   42.68    35.2    12.7    23.9    25.5     0.0    23.21 C    55.8     6.3    27.9    26.9     3.6    12.4   0.050   0.123 -99.000 -99.000 -99.000    24.6    23.0 -9999.0 -9999.0 -9999.0
94078 20200906  2.623 -108.67   42.68    31.9    15.5    23.7    25.1     0.0    21.51 C    53.6    10.4    28.1    25.0     8.1    13.4   0.051   0.124 -99.000 -99.000 -99.000    26.0    24.3 -9999.0 -9999.0 -9999.0
94078 20200907  2.623 -108.67   42.68    24.9    -0.1    12.4    11.8    15.8    15.37 C    45.6    -0.2    15.2    95.9    12.8    47.7   0.045   0.121 -99.000 -99.000 -99.000    20.1    21.6 -9999.0 -9999.0 -9999.0
94078 20200908  2.623 -108.67   42.68     0.0    -3.4    -1.7    -1.3    17.4     6.61 C    -0.1    -9.4    -2.2    94.5    73.6    85.8   0.103   0.110 -99.000 -99.000 -99.000     7.3    13.2 -9999.0 -9999.0 -9999.0
94078 20200909  2.623 -108.67   42.68     7.1    -5.2     1.0     0.7     0.0    22.11 C     9.3   -11.5    -1.7    85.7    32.8    63.2   0.236   0.148 -99.000 -99.000 -99.000     5.0     8.6 -9999.0 -9999.0 -9999.0
94078 20200910  2.623 -108.67   42.68    13.6    -1.2     6.2     6.7     0.0    15.47 C    21.3    -3.6     6.5    76.0    22.1    54.4   0.265   0.236 -99.000 -99.000 -99.000     6.4     7.9 -9999.0 -9999.0 -9999.0
94078 20200911  2.623 -108.67   42.68    22.6     5.9    14.3    13.8     0.0    22.01 C    32.1     4.4    14.7    77.5    16.7    43.5   0.258   0.292 -99.000 -99.000 -99.000    11.0    10.9 -9999.0 -9999.0 -9999.0
94078 20200912  2.623 -108.67   42.68    26.4    11.6    19.0    19.1     0.0    22.14 C    39.8     4.4    18.2    43.3    10.7    23.1   0.227   0.278 -99.000 -99.000 -99.000    14.1    13.6 -9999.0 -9999.0 -9999.0
94078 20200913  2.623 -108.67   42.68    28.1    11.6    19.8    20.4     0.0    20.94 C    43.4     5.9    20.6    34.5     9.7    19.8   0.208   0.263 -99.000 -99.000 -99.000    15.8    15.3 -9999.0 -9999.0 -9999.0
94078 20200914  2.623 -108.67   42.68    29.2    11.1    20.1    21.1     0.0    20.21 C    44.3     5.2    21.3    39.2     8.5    17.2   0.194   0.252 -99.000 -99.000 -99.000    17.1    16.5 -9999.0 -9999.0 -9999.0
94078 20200915  2.623 -108.67   42.68    29.1    13.1    21.1    21.4     0.0    19.29 C    44.2     7.2    21.1    29.2     5.5    15.2   0.184   0.243 -99.000 -99.000 -99.000    17.7    17.1 -9999.0 -9999.0 -9999.0
94078 20200916  2.623 -108.67   42.68    24.7    10.3    17.5    17.5     0.0    18.11 C    40.5     5.7    18.9    39.8    18.0    27.5   0.174   0.234 -99.000 -99.000 -99.000    17.0    16.9 -9999.0 -9999.0 -9999.0
94078 20200917  2.623 -108.67   42.68    26.7    10.5    18.6    18.8     0.0    17.77 C    43.0     5.5    19.3    40.3    11.3    24.3   0.166   0.228 -99.000 -99.000 -99.000    17.1    16.9 -9999.0 -9999.0 -9999.0
94078 20200918  2.623 -108.67   42.68    24.4     8.8    16.6    17.6     0.0    14.92 C    41.8     5.0    18.8    51.1    13.5    32.0   0.159   0.222 -99.000 -99.000 -99.000    16.9    16.7 -9999.0 -9999.0 -9999.0
94078 20200919  2.623 -108.67   42.68    25.6     9.6    17.6    17.8     0.4    17.56 C    40.3     5.7    17.7    57.5    15.5    28.8   0.153   0.218 -99.000 -99.000 -99.000    17.2    17.2 -9999.0 -9999.0 -9999.0
94078 20200920  2.623 -108.67   42.68    22.0     6.6    14.3    14.3     0.0    20.23 C    41.9     2.0    17.2    53.5    13.2    31.7   0.146   0.211 -99.000 -99.000 -99.000    16.0    16.2 -9999.0 -9999.0 -9999.0
94078 20200921  2.623 -108.67   42.68    25.0     6.4    15.7    16.2     0.0    19.39 C    43.3     2.0    18.6    46.0    13.3    26.8   0.141   0.206 -99.000 -99.000 -99.000    16.1    16.1 -9999.0 -9999.0 -9999.0
94078 20200922  2.623 -108.67   42.68    25.5    10.0    17.7    17.8     0.0     8.93 C    35.6     5.4    16.7    39.5    16.7    27.7   0.135   0.202 -99.000 -99.000 -99.000    16.0    16.1 -9999.0 -9999.0 -9999.0
94078 20200923  2.623 -108.67   42.68    25.7     9.1    17.4    18.8     0.0    18.02 C    43.3     4.5    20.4    52.8    12.9    27.1   0.132   0.199 -99.000 -99.000 -99.000    17.2    16.7 -9999.0 -9999.0 -9999.0
94078 20200924  2.623 -108.67   42.68    29.8    12.5    21.2    21.7     0.0    16.14 C    39.3     7.3    19.8    36.4     7.2    16.4   0.127   0.195 -99.000 -99.000 -99.000    17.8    17.3 -9999.0 -9999.0 -9999.0
94078 20200925  2.623 -108.67   42.68    26.4    10.0    18.2    18.1     0.0    16.34 C    41.6     4.4    18.1    37.8     8.8    22.0   0.121   0.189 -99.000 -99.000 -99.000    16.6    16.8 -9999.0 -9999.0 -9999.0
94078 20200926  2.623 -108.67   42.68    20.6     5.6    13.1    15.3     0.0    10.90 C    35.4     2.2    14.7    51.0    20.1    32.6   0.115   0.185 -99.000 -99.000 -99.000    15.7    16.2 -9999.0 -9999.0 -9999.0
94078 20200927  2.623 -108.67   42.68    13.3     2.2     7.7     7.7     0.0    16.37 C    33.4    -1.5    10.5    68.5    27.1    43.6   0.109   0.179 -99.000 -99.000 -99.000    13.1    14.3 -9999.0 -9999.0 -9999.0
94078 20200928  2.623 -108.67   42.68    17.4     0.4     8.9     9.5     0.0    18.81 C    40.8    -3.1    12.4    50.1     5.5    26.5   0.107   0.174 -99.000 -99.000 -99.000    12.4    13.2 -9999.0 -9999.0 -9999.0
94078 20200929  2.623 -108.67   42.68    25.9     5.7    15.8    15.7     0.0    19.34 C    44.0    -0.6    16.4    42.6     7.5    21.4   0.106   0.173 -99.000 -99.000 -99.000    14.0    14.0 -9999.0 -9999.0 -9999.0
94078 20200930  2.623 -108.67   42.68    21.4     5.8    13.6    13.3     0.0    18.78 C    41.7     1.0    15.2    54.7    14.8    28.0   0.103   0.170 -99.000 -99.000 -99.000    14.0    14.3 -9999.0 -9999.0 -9999.0
94078 20201001  2.623 -108.67   42.68    20.9     2.6    11.7    11.1     0.0    17.26 C    39.3    -1.2    14.2    66.0    19.6    40.8   0.100   0.166 -99.000 -99.000 -99.000    13.3    13.7 -9999.0 -9999.0 -9999.0
94078 20201002  2.623 -108.67   42.68    22.5     6.5    14.5    14.1     0.0    14.26 C    36.5     2.3    14.5    49.5    11.5    26.8   0.098   0.164 -99.000 -99.000 -99.000    13.9    14.1 -9999.0 -9999.0 -9999.0
94078 20201003  2.623 -108.67   42.68    20.9     3.8    12.4    12.2     0.0    17.31 C    39.9    -0.9    14.6    62.6    20.4    38.9   0.095   0.162 -99.000 -99.000 -99.000    13.5    13.8 -9999.0 -9999.0 -9999.0
94078 20201004  2.623 -108.67   42.68    26.6     5.5    16.1    15.3     0.0    17.27 C    42.4     0.1    15.6    51.2     5.7    26.1   0.093   0.159 -99.000 -99.000 -99.000    13.7    13.9 -9999.0 -9999.0 -9999.0
94078 20201005  2.623 -108.67   42.68    22.5     7.0    14.7    15.1     0.0    16.87 C    39.9     0.7    15.4    31.1    12.2    20.2   0.091   0.158 -99.000 -99.000 -99.000    13.8    14.0 -9999.0 -9999.0 -9999.0
94078 20201006  2.623 -108.67   42.68    26.9     9.4    18.1    17.2     0.0    17.62 C    44.1     1.3    17.4    30.6     7.4    17.8   0.089   0.156 -99.000 -99.000 -99.000    14.3    14.2 -9999.0 -9999.0 -9999.0
94078 20201007  2.623 -108.67   42.68    24.7    10.0    17.4    17.1     0.0    17.40 C    42.5     3.4    16.8    26.3    10.4    16.9   0.086   0.155 -99.000 -99.000 -99.000    14.5    14.5 -9999.0 -9999.0 -9999.0
94078 20201008  2.623 -108.67   42.68    27.4    12.0    19.7    19.5     0.0    14.25 C    41.9     2.4    17.5    21.3     4.3    10.5   0.085   0.153 -99.000 -99.000 -99.000    15.1    14.8 -9999.0 -9999.0 -9999.0
94078 20201009  2.623 -108.67   42.68    24.4    11.5    17.9    18.0     0.0    14.32 C    42.9     4.6    17.1    21.9     5.8    11.4   0.082   0.152 -99.000 -99.000 -99.000    15.5    15.2 -9999.0 -9999.0 -9999.0
94078 20201010  2.623 -108.67   42.68    25.4     6.0    15.7    18.0     0.0    14.92 C    40.9     0.3    16.3    25.4     9.0    14.2   0.078   0.150 -99.000 -99.000 -99.000    14.5    14.5 -9999.0 -9999.0 -9999.0
94078 20201011  2.623 -108.67   42.68    17.1     3.2    10.1     8.9     1.9    13.22 C    23.0    -2.1     8.2    76.1    15.4    39.1   0.074   0.148 -99.000 -99.000 -99.000    12.1    13.6 -9999.0 -9999.0 -9999.0
94078 20201012  2.623 -108.67   42.68    17.7     2.5    10.1    11.7     0.0    11.84 C    27.6    -2.2     9.8    44.9    16.2    27.9   0.074   0.144 -99.000 -99.000 -99.000    10.4    11.4 -9999.0 -9999.0 -9999.0
94078 20201013  2.623 -108.67   42.68    22.3     2.2    12.3    13.6     0.0    15.75 C    38.4    -3.0    13.6    52.2    18.1    30.1   0.076   0.145 -99.000 -99.000 -99.000    11.8    12.0 -9999.0 -9999.0 -9999.0
94078 20201014  2.623 -108.67   42.68    17.2     0.1     8.7    11.4     0.0    15.52 C    30.7    -3.6    11.9    40.9    12.0    23.9   0.076   0.146 -99.000 -99.000 -99.000    12.8    13.2 -9999.0 -9999.0 -9999.0
94078 20201015  2.623 -108.67   42.68     8.4    -3.5     2.4     2.5     0.0    13.81 C    24.9    -7.5     4.0    50.5    25.8    37.4   0.071   0.141 -99.000 -99.000 -99.000     8.1    10.1 -9999.0 -9999.0 -9999.0
94078 20201016  2.623 -108.67   42.68    18.9    -5.4     6.7     8.7     0.0    12.65 C    32.8    -7.3     7.9    59.1    15.6    29.2   0.070   0.140 -99.000 -99.000 -99.000     8.0     9.0 -9999.0 -9999.0 -9999.0
94078 20201017  2.623 -108.67   42.68    18.5    -2.0     8.3    10.6     0.0    10.25 C    31.0    -3.5     9.5    82.2    18.3    39.4   0.072   0.142 -99.000 -99.000 -99.000    10.2    10.7 -9999.0 -9999.0 -9999.0
94078 20201018  2.623 -108.67   42.68    12.7    -2.7     5.0     3.1     0.0    10.82 C    27.0    -3.3     6.8    82.6    32.2    60.9   0.070   0.140 -99.000 -99.000 -99.000     8.5     9.6 -9999.0 -9999.0 -9999.0
94078 20201019  2.623 -108.67   42.68    20.0    -0.1     9.9     9.6     0.0    12.01 C    31.0    -2.6    10.2    73.6    18.5    43.2   0.070   0.139 -99.000 -99.000 -99.000     9.1     9.6 -9999.0 -9999.0 -9999.0
94078 20201020  2.623 -108.67   42.68    13.7     2.2     7.9     9.2     0.0    12.72 C    31.5     0.0    10.7    65.5    27.2    44.8   0.071   0.140 -99.000 -99.000 -99.000    10.7    10.8 -9999.0 -9999.0 -9999.0
