03758 20200101  2.622  -79.09   35.97    11.6     0.2     5.9     5.6     0.0    10.15 C    21.0    -4.3     3.4    87.3    39.7    59.4   0.283 -99.000   0.276   0.388 -99.000     8.9 -9999.0     9.4    10.9 -9999.0
03758 20200102  2.622  -79.09   35.97    12.6     0.4     6.5     6.5     3.8     4.79 C    16.4    -2.8     6.2    92.1    33.4    69.4   0.280 -99.000   0.272   0.382 -99.000     8.5 -9999.0     8.9    10.3 -9999.0
03758 20200103  2.622  -79.09   35.97    13.4     7.0    10.2     9.8    23.1     1.26 C    13.6     6.7    10.2    95.3    91.6    94.3   0.342 -99.000   0.308   0.413 -99.000     9.6 -9999.0     9.6    10.2 -9999.0
03758 20200104  2.622  -79.09   35.97    17.7     4.9    11.3    13.0     8.3     3.56 C    19.2     1.0    11.9    95.3    43.7    79.9   0.374 -99.000   0.339   0.452 -99.000    11.1 -9999.0    10.8    10.6 -9999.0
03758 20200105  2.622  -79.09   35.97     9.6     0.7     5.2     4.7     0.0    11.16 C    16.4    -3.9     3.1    83.1    36.6    54.5   0.324 -99.000   0.303   0.452 -99.000     9.1 -9999.0     9.7    10.8 -9999.0
03758 20200106  2.622  -79.09   35.97    14.3    -0.9     6.7     5.2     0.0    11.42 C    21.3    -4.6     3.1    89.6    19.4    59.8   0.304 -99.000   0.289   0.418 -99.000     8.0 -9999.0     8.5    10.2 -9999.0
03758 20200107  2.622  -79.09   35.97     8.0    -2.0     3.0     3.1     2.6     3.18 C    11.5    -6.1     0.8    93.5    59.2    78.7   0.302 -99.000   0.286   0.405 -99.000     7.2 -9999.0     7.8     9.6 -9999.0
03758 20200108  2.622  -79.09   35.97    14.4    -2.4     6.0     5.4     0.0    11.37 C    18.3    -6.4     2.2    91.8    23.4    53.0   0.299 -99.000   0.286   0.400 -99.000     6.6 -9999.0     7.2     9.1 -9999.0
03758 20200109  2.622  -79.09   35.97    10.4    -1.7     4.3     3.9     0.0    10.44 C    19.9    -6.4     2.6    83.9    32.6    55.8   0.291 -99.000   0.280   0.391 -99.000     6.4 -9999.0     6.9     8.7 -9999.0
03758 20200110  2.622  -79.09   35.97    16.2     3.4     9.8     9.8     0.0     4.54 C    22.5     0.6     9.5    83.2    60.6    72.8   0.286 -99.000   0.277   0.384 -99.000     7.6 -9999.0     7.6     8.6 -9999.0
03758 20200111  2.622  -79.09   35.97    20.5    14.4    17.5    17.9     4.6     3.20 C    21.8    11.6    16.4    91.2    76.0    82.4   0.287 -99.000   0.275   0.384 -99.000    10.3 -9999.0     9.6     9.3 -9999.0
03758 20200112  2.622  -79.09   35.97    21.1    15.5    18.3    18.4     2.5     6.23 C    24.6     9.7    17.1    92.2    51.6    77.9   0.328 -99.000   0.298   0.410 -99.000    12.7 -9999.0    11.9    10.5 -9999.0
03758 20200113  2.622  -79.09   35.97    18.4    16.6    17.5    17.5     9.6     1.35 C    18.8    15.6    16.8    94.9    91.2    93.7   0.327 -99.000   0.304   0.428 -99.000    13.1 -9999.0    12.6    11.5 -9999.0
03758 20200114  2.622  -79.09   35.97    19.6    14.1    16.8    17.2     5.4     3.14 C    22.4    11.2    16.1    95.1    84.0    92.3   0.349 -99.000   0.323   0.454 -99.000    13.8 -9999.0    13.4    12.2 -9999.0
03758 20200115  2.622  -79.09   35.97    19.0    12.7    15.9    15.2     0.0     8.06 C    26.5     9.2    14.7    95.1    53.1    78.9   0.322 -99.000   0.302   0.457 -99.000    13.6 -9999.0    13.3    12.6 -9999.0
03758 20200116  2.622  -79.09   35.97    17.0     7.4    12.2    14.3     0.0     9.65 C    22.3     2.8    12.1    91.2    18.0    49.8   0.306 -99.000   0.290   0.424 -99.000    13.1 -9999.0    13.2    12.9 -9999.0
03758 20200117  2.622  -79.09   35.97     7.4     1.7     4.6     4.0     0.0    11.49 C    18.0    -3.7     4.5    49.1    21.3    32.4   0.294 -99.000   0.281   0.397 -99.000    10.4 -9999.0    11.1    12.4 -9999.0
03758 20200118  2.622  -79.09   35.97     7.1     2.0     4.6     4.2     2.5     2.61 C    11.1     1.7     5.3    93.3    40.1    60.1   0.290 -99.000   0.277   0.387 -99.000     9.6 -9999.0    10.0    11.5 -9999.0
03758 20200119  2.622  -79.09   35.97    12.2    -1.0     5.6     7.3     0.0     9.84 C    18.9    -3.9     6.9    94.7    18.1    59.2   0.296 -99.000   0.279   0.388 -99.000     9.8 -9999.0    10.1    11.1 -9999.0
03758 20200120  2.622  -79.09   35.97     3.2    -4.0    -0.4    -1.1     0.0    12.22 C    14.3    -9.3    -1.1    62.5    30.6    43.4   0.287 -99.000   0.275   0.384 -99.000     7.6 -9999.0     8.5    10.6 -9999.0
03758 20200121  2.622  -79.09   35.97     2.4    -5.4    -1.5    -1.8     0.0    12.42 C    13.8    -9.5    -2.2    58.7    25.1    40.2   0.283 -99.000   0.272   0.379 -99.000     6.1 -9999.0     7.0     9.6 -9999.0
03758 20200122  2.622  -79.09   35.97     6.9    -4.8     1.0    -0.5     0.0    12.44 C    18.2   -10.5    -1.1    72.2    25.4    49.4   0.280 -99.000   0.269   0.377 -99.000     5.4 -9999.0     6.1     8.7 -9999.0
03758 20200123  2.622  -79.09   35.97     8.3    -4.9     1.7     1.9     0.0     6.67 C    17.4    -8.9     1.4    79.0    46.2    62.1   0.278 -99.000   0.267   0.374 -99.000     5.4 -9999.0     5.9     8.2 -9999.0
03758 20200124  2.622  -79.09   35.97    17.0     3.9    10.5    10.1    35.2     6.45 C    27.9     3.6    10.9    91.5    57.9    76.9   0.288 -99.000   0.271   0.378 -99.000     7.6 -9999.0     7.3     8.2 -9999.0
03758 20200125  2.622  -79.09   35.97    13.7     2.0     7.8     9.8     3.9    11.22 C    21.4    -3.5     8.7    92.2    38.7    69.4   0.374 -99.000   0.338   0.443 -99.000     9.6 -9999.0     9.4     9.3 -9999.0
03758 20200126  2.622  -79.09   35.97    11.3    -1.8     4.7     4.1     0.0    12.93 C    20.7    -5.9     3.2    90.5    39.3    66.0   0.323 -99.000   0.298   0.435 -99.000     7.8 -9999.0     8.3     9.4 -9999.0
03758 20200127  2.622  -79.09   35.97    11.0    -1.3     4.8     4.6     2.0     4.31 C    18.7    -4.3     4.2    93.7    45.1    80.7   0.309 -99.000   0.290   0.407 -99.000     7.4 -9999.0     7.8     9.1 -9999.0
03758 20200128  2.622  -79.09   35.97    10.6     1.6     6.1     5.7     0.0    13.21 C    20.9    -3.4     5.2    88.5    38.0    61.3   0.305 -99.000   0.289   0.399 -99.000     7.6 -9999.0     7.9     9.0 -9999.0
03758 20200129  2.622  -79.09   35.97     9.7    -0.6     4.5     4.3     0.0    10.92 C    22.2    -4.9     4.2    81.0    42.4    61.6   0.295 -99.000   0.283   0.390 -99.000     7.1 -9999.0     7.5     8.8 -9999.0
03758 20200130  2.622  -79.09   35.97     9.3    -0.7     4.3     4.4     0.0    11.75 C    21.1    -4.6     4.7    75.7    39.3    57.6   0.289 -99.000   0.279   0.385 -99.000     7.4 -9999.0     7.7     8.8 -9999.0
03758 20200131  2.622  -79.09   35.97     6.7    -2.9     1.9     1.6    16.1     3.56 C    16.3    -6.4     1.4    92.6    47.0    80.7   0.313 -99.000   0.289   0.391 -99.000     6.3 -9999.0     6.9     8.6 -9999.0
03758 20200201  2.622  -79.09   35.97     7.0     2.5     4.8     4.4     1.2     3.08 C    10.5    -1.4     4.4    94.1    79.1    89.1   0.347 -99.000   0.314   0.446 -99.000     6.9 -9999.0     7.1     8.2 -9999.0
03758 20200202  2.622  -79.09   35.97    16.8     0.8     8.8     9.4     0.0    13.60 C    22.3    -3.6     7.3    93.0    23.3    52.5   0.318 -99.000   0.297   0.429 -99.000     7.0 -9999.0     7.1     8.2 -9999.0
03758 20200203  2.622  -79.09   35.97    23.5     5.1    14.3    14.7     0.0    11.57 C    33.5    -0.8    11.4    74.2    18.8    43.2   0.302 -99.000   0.288   0.408 -99.000     8.3 -9999.0     8.1     8.4 -9999.0
03758 20200204  2.622  -79.09   35.97    20.7    14.7    17.7    16.9     0.0     6.76 C    28.5     9.6    15.0    72.7    34.9    47.7   0.293 -99.000   0.281   0.397 -99.000    10.0 -9999.0     9.5     9.1 -9999.0
03758 20200205  2.622  -79.09   35.97    17.7    14.7    16.2    16.1     1.5     2.31 C    19.9    11.1    14.5    94.8    68.7    84.2   0.290 -99.000   0.278   0.388 -99.000    11.0 -9999.0    10.6     9.9 -9999.0
03758 20200206  2.622  -79.09   35.97    19.1    14.4    16.8    15.6    76.2     0.70 C    18.0    13.9    14.9    94.5    87.8    92.7   0.392 -99.000   0.334   0.433 -99.000    12.3 -9999.0    11.8    10.8 -9999.0
03758 20200207  2.622  -79.09   35.97    15.3     1.3     8.3     9.7     2.2     6.10 C    17.2    -3.1     8.2    93.7    33.8    57.1   0.385 -99.000   0.348   0.450 -99.000    11.5 -9999.0    11.8    11.4 -9999.0
03758 20200208  2.622  -79.09   35.97     5.6    -3.7     0.9     1.9     0.0     8.34 C    17.4    -7.7     2.0    86.3    39.3    61.8   0.324 -99.000   0.309   0.434 -99.000     8.3 -9999.0     9.2    10.7 -9999.0
03758 20200209  2.622  -79.09   35.97    11.8    -1.8     5.0     5.0     0.0    14.97 C    23.4    -5.9     5.2    93.9    26.1    61.7   0.305 -99.000   0.297   0.404 -99.000     8.3 -9999.0     8.7     9.9 -9999.0
03758 20200210  2.622  -79.09   35.97    15.7     2.2     8.9    10.4     0.0     6.30 C    20.1    -1.9     9.0    84.8    58.7    70.3   0.296 -99.000   0.290   0.391 -99.000     8.6 -9999.0     8.8     9.7 -9999.0
03758 20200211  2.622  -79.09   35.97    21.3    15.5    18.4    17.8    15.3     2.31 C    21.0    12.9    16.0    91.8    71.4    83.4   0.347 -99.000   0.320   0.423 -99.000    11.6 -9999.0    10.9    10.0 -9999.0
03758 20200212  2.622  -79.09   35.97 -9999.0 -9999.0 -9999.0 -9999.0 -9999.0 -9999.00 U -9999.0 -9999.0 -9999.0 -9999.0 -9999.0 -9999.0 -99.000 -99.000 -99.000 -99.000 -99.000 -9999.0 -9999.0 -9999.0 -9999.0 -9999.0
03758 20200213  2.622  -79.09   35.97    19.2     8.2    13.7    15.0    12.6     2.00 C    17.8     5.8    13.8    92.9    50.6    81.7   0.345 -99.000   0.329   0.435 -99.000    12.4 -9999.0    11.9    11.3 -9999.0
03758 20200214  2.622  -79.09   35.97     9.9     0.0     4.9     5.7     0.0    15.85 C    22.0    -3.3     6.4    78.3    23.7    44.6   0.323 -99.000   0.314   0.443 -99.000    10.6 -9999.0    11.1    11.4 -9999.0
03758 20200215  2.622  -79.09   35.97     6.4    -3.6     1.4     0.5     0.0    16.41 C    20.1    -6.5     2.2    77.0    29.4    48.3   0.304 -99.000   0.297   0.407 -99.000     8.2 -9999.0     9.3    10.8 -9999.0
03758 20200216  2.622  -79.09   35.97    11.9    -2.2     4.8     4.9     0.2     8.22 C    21.0    -4.4     5.5    90.3    42.3    67.7   0.296 -99.000   0.290   0.392 -99.000     7.9 -9999.0     8.7    10.0 -9999.0
03758 20200217  2.622  -79.09   35.97    14.8     1.7     8.3     8.0     0.0    13.21 C    25.2    -0.8     7.5    94.3    38.3    68.4   0.290 -99.000   0.284   0.385 -99.000     9.0 -9999.0     9.3     9.9 -9999.0
03758 20200218  2.622  -79.09   35.97    15.7     2.3     9.0     9.5     2.5     7.69 C    27.7    -0.2     9.7    93.8    55.4    79.2   0.282 -99.000   0.280   0.381 -99.000     9.3 -9999.0     9.4     9.9 -9999.0
03758 20200219  2.622  -79.09   35.97    13.5     2.8     8.1     8.6     3.4     3.49 C    12.7     0.3     8.2    94.6    68.2    86.4   0.300 -99.000   0.292   0.391 -99.000    10.4 -9999.0    10.4    10.3 -9999.0
03758 20200220  2.622  -79.09   35.97     5.6     0.2     2.9     2.6     7.2     2.75 C     8.7    -0.3     2.6    94.5    42.7    80.7   0.297 -99.000   0.297   0.395 -99.000     8.2 -9999.0     9.1    10.2 -9999.0
03758 20200221  2.622  -79.09   35.97     2.6    -4.9    -1.1    -1.4     0.0    15.88 C     9.6    -8.1    -1.8    90.8    45.7    74.5   0.308 -99.000   0.312   0.413 -99.000     6.9 -9999.0     7.7     9.5 -9999.0
03758 20200222  2.622  -79.09   35.97    11.6    -6.4     2.6     1.5     0.0    18.09 C    22.9    -9.1     1.9    88.9    21.9    63.0   0.304 -99.000   0.307   0.423 -99.000     6.1 -9999.0     6.9     8.7 -9999.0
03758 20200223  2.622  -79.09   35.97    16.4    -2.5     7.0     7.3     0.0    17.89 C    27.2    -6.3     6.9    88.2    18.9    50.1   0.299 -99.000   0.298   0.412 -99.000     6.9 -9999.0     7.4     8.5 -9999.0
03758 20200224  2.622  -79.09   35.97    12.2     6.9     9.5     8.5     5.0     3.29 C    13.4     3.6     7.7    93.6    40.6    65.8   0.295 -99.000   0.293   0.400 -99.000     8.1 -9999.0     8.3     8.8 -9999.0
03758 20200225  2.622  -79.09   35.97    17.7     7.8    12.8    13.0     7.1     5.48 C    22.7     7.7    12.5    94.5    69.3    87.7   0.332 -99.000   0.322   0.445 -99.000     9.8 -9999.0     9.3     9.1 -9999.0
03758 20200226  2.622  -79.09   35.97    16.9     8.1    12.5    12.7     0.2     7.71 C    24.0     5.5    12.6    94.3    60.0    82.9   0.311 -99.000   0.305   0.437 -99.000    10.9 -9999.0    10.4     9.8 -9999.0
03758 20200227  2.622  -79.09   35.97     8.8    -0.1     4.4     5.3     0.0    18.90 C    20.9    -5.9     5.2    66.1    20.2    39.7   0.300 -99.000   0.296   0.411 -99.000     9.3 -9999.0     9.9    10.2 -9999.0
03758 20200228  2.622  -79.09   35.97    10.8    -3.8     3.5     4.2     0.0    14.87 C    23.2    -7.9     3.9    76.7    27.0    48.2   0.296 -99.000   0.288   0.392 -99.000     7.7 -9999.0     8.6     9.7 -9999.0
03758 20200229  2.622  -79.09   35.97     7.4    -2.4     2.5     3.0     0.0    17.86 C    22.2    -8.3     2.9    79.8    26.3    47.9   0.294 -99.000   0.282   0.384 -99.000     7.4 -9999.0     8.2     9.3 -9999.0
03758 20200301  2.622  -79.09   35.97    14.1    -4.6     4.7     4.9     0.0    19.33 C    27.2    -9.0     4.7    75.4    13.3    38.8   0.291 -99.000   0.276   0.379 -99.000     7.0 -9999.0     7.7     8.9 -9999.0
03758 20200302  2.622  -79.09   35.97    19.2     4.3    11.8    12.3     0.0    13.15 C    30.5    -1.0    11.1    67.7    22.4    47.2   0.285 -99.000   0.272   0.378 -99.000     8.3 -9999.0     8.5     8.9 -9999.0
03758 20200303  2.622  -79.09   35.97    16.2    10.5    13.4    13.4     6.1     3.78 C    19.0     7.2    12.4    92.5    68.0    84.1   0.294 -99.000   0.271   0.377 -99.000    10.3 -9999.0     9.9     9.5 -9999.0
03758 20200304  2.622  -79.09   35.97    15.9     6.9    11.4    11.9     0.0    10.49 C    22.6     2.2    10.5    93.1    29.3    51.5   0.306 -99.000   0.280   0.380 -99.000    10.1 -9999.0    10.1    10.0 -9999.0
03758 20200305  2.622  -79.09   35.97    13.1     8.0    10.5    10.2     0.0     7.64 C    24.9     4.0     9.8    79.7    42.6    58.9   0.295 -99.000   0.280   0.381 -99.000    10.1 -9999.0    10.2    10.2 -9999.0
03758 20200306  2.622  -79.09   35.97    14.5     2.1     8.3     7.9     0.0    11.37 C    28.3    -1.3     7.5    93.2    26.9    55.5   0.285 -99.000   0.277   0.379 -99.000     9.6 -9999.0    10.0    10.3 -9999.0
03758 20200307  2.622  -79.09   35.97    11.7     2.1     6.9     6.2     0.0    20.17 C    25.6    -3.8     6.5    57.8    25.4    41.6   0.284 -99.000   0.273   0.377 -99.000     8.7 -9999.0     9.2    10.0 -9999.0
03758 20200308  2.622  -79.09   35.97    16.3    -2.6     6.8     7.3     0.0    20.00 C    29.9    -6.7     7.1    80.6    17.5    43.9   0.286 -99.000   0.269   0.375 -99.000     8.6 -9999.0     9.0     9.7 -9999.0
03758 20200309  2.622  -79.09   35.97    20.1     1.5    10.8    11.8     0.0    17.64 C    28.9    -4.1    10.2    68.8    29.0    49.1   0.283 -99.000   0.265   0.374 -99.000     9.3 -9999.0     9.4     9.8 -9999.0
03758 20200310  2.622  -79.09   35.97    19.7    13.1    16.4    15.9     0.2     6.50 C    23.2     8.5    14.0    81.1    53.9    68.9   0.283 -99.000   0.261   0.374 -99.000    11.1 -9999.0    10.7    10.2 -9999.0
03758 20200311  2.622  -79.09   35.97    23.4    10.3    16.8    16.6     0.0    14.85 C    34.7     6.2    16.3    93.8    40.2    69.9   0.282 -99.000   0.258   0.373 -99.000    12.6 -9999.0    11.9    10.8 -9999.0
03758 20200312  2.622  -79.09   35.97    21.7     8.5    15.1    15.2     0.0    17.08 C    34.7     5.2    16.2    92.4    45.6    73.3   0.277 -99.000   0.255   0.372 -99.000    13.3 -9999.0    12.7    11.5 -9999.0
03758 20200313  2.622  -79.09   35.97    22.9    16.3    19.6    19.1     2.1     7.75 C    29.5     8.6    16.8    89.3    27.3    67.2   0.277 -99.000   0.253   0.372 -99.000    14.5 -9999.0    13.8    12.3 -9999.0
03758 20200314  2.622  -79.09   35.97    18.9    11.3    15.1    15.2     0.0    15.28 C    32.6     6.6    16.0    51.4    20.2    28.6   0.276 -99.000   0.252   0.371 -99.000    13.9 -9999.0    13.6    12.7 -9999.0
03758 20200315  2.622  -79.09   35.97    14.5     7.8    11.1    11.2     0.0    10.79 C    24.2     7.4    12.8    71.4    38.7    56.2   0.270 -99.000   0.250   0.370 -99.000    13.5 -9999.0    13.5    12.9 -9999.0
03758 20200316  2.622  -79.09   35.97    13.7     6.6    10.2     9.3     0.0     9.86 C    24.6     4.3    11.4    81.1    38.8    62.9   0.265 -99.000   0.247   0.368 -99.000    12.6 -9999.0    12.7    12.7 -9999.0
03758 20200317  2.622  -79.09   35.97    17.0     8.4    12.7    11.8     0.3    10.63 C    24.2     5.9    12.5    94.7    66.7    81.2   0.264 -99.000   0.244   0.367 -99.000    13.1 -9999.0    12.9    12.6 -9999.0
03758 20200318  2.622  -79.09   35.97    18.5     6.8    12.6    13.2     0.0    12.29 C    30.1     4.3    13.8    95.1    55.1    75.4   0.261 -99.000   0.242   0.366 -99.000    13.1 -9999.0    12.9    12.6 -9999.0
03758 20200319  2.622  -79.09   35.97    26.5    14.5    20.5    19.9     0.8    13.21 C    33.6    13.5    19.6    94.0    48.3    74.7   0.259 -99.000   0.240   0.366 -99.000    15.3 -9999.0    14.3    13.0 -9999.0
03758 20200320  2.622  -79.09   35.97    29.2    18.3    23.8    23.3     0.0    16.83 C    35.6    15.1    22.4    81.1    38.2    58.7   0.255 -99.000   0.239   0.366 -99.000    16.9 -9999.0    15.7    13.8 -9999.0
03758 20200321  2.622  -79.09   35.97    22.5     9.1    15.8    16.9     1.8    10.31 C    34.3     9.5    17.7    88.5    49.7    72.8   0.248 -99.000   0.236   0.365 -99.000    16.9 -9999.0    16.2    14.6 -9999.0
03758 20200322  2.622  -79.09   35.97    13.9     6.6    10.2    10.2     0.7    13.07 C    26.5     7.3    12.4    88.2    46.0    62.2   0.246 -99.000   0.233   0.364 -99.000    14.9 -9999.0    15.1    14.7 -9999.0
03758 20200323  2.622  -79.09   35.97     9.7     5.9     7.8     7.7     8.3     3.35 C    11.9     6.5     9.2    91.7    84.8    89.7   0.268 -99.000   0.237   0.363 -99.000    13.1 -9999.0    13.7    14.1 -9999.0
03758 20200324  2.622  -79.09   35.97    12.9     9.4    11.2    10.7    11.7     6.31 C    18.9     9.9    12.1    94.5    74.7    88.1   0.291 -99.000   0.247   0.361 -99.000    13.4 -9999.0    13.4    13.6 -9999.0
03758 20200325  2.622  -79.09   35.97    13.8     8.0    10.9     9.9    19.0    10.25 C    23.0     4.1    10.9    92.1    63.4    83.1   0.364 -99.000   0.326   0.438 -99.000    13.0 -9999.0    13.1    13.4 -9999.0
03758 20200326  2.622  -79.09   35.97    16.3     5.1    10.7    11.2     0.0    15.68 C    30.8     1.4    13.0    91.5    53.3    71.6   0.324 -99.000   0.298   0.423 -99.000    13.3 -9999.0    13.1    13.2 -9999.0
03758 20200327  2.622  -79.09   35.97    27.1    10.5    18.8    18.4     0.0    13.28 C    32.9     7.8    17.5    89.5    45.1    73.1   0.309 -99.000   0.288   0.400 -99.000    14.7 -9999.0    14.0    13.4 -9999.0
03758 20200328  2.622  -79.09   35.97    31.7    14.7    23.2    23.1     0.0    20.95 C    38.1    10.9    22.2    94.1    31.9    62.6   0.295 -99.000   0.279   0.387 -99.000    16.9 -9999.0    15.7    14.1 -9999.0
03758 20200329  2.622  -79.09   35.97    30.4    19.3    24.8    24.7     0.0    17.95 C    36.6    10.9    22.7    76.4    27.3    53.7   0.278 -99.000   0.270   0.383 -99.000    18.2 -9999.0    17.1    15.1 -9999.0
03758 20200330  2.622  -79.09   35.97    23.7    13.6    18.7    19.6     0.0    18.79 C    34.2     7.1    17.2    44.0    18.2    26.9   0.265 -99.000   0.261   0.379 -99.000    17.2 -9999.0    16.9    15.7 -9999.0
03758 20200331  2.622  -79.09   35.97    15.3     7.8    11.5    11.4     1.3     4.27 C    16.2     7.6    10.7    88.2    24.3    59.7   0.258 -99.000   0.253   0.377 -99.000    14.9 -9999.0    15.4    15.5 -9999.0
03758 20200401  2.622  -79.09   35.97    14.1     6.4    10.2     8.9     0.0    11.36 C    25.3     1.9     9.8    86.2    41.9    67.0   0.258 -99.000   0.249   0.374 -99.000    13.6 -9999.0    14.0    14.7 -9999.0
03758 20200402  2.622  -79.09   35.97    18.1     5.6    11.8    11.8     0.0    24.29 C    30.8     1.4    12.6    72.1    23.4    44.1   0.255 -99.000   0.246   0.371 -99.000    13.6 -9999.0    13.7    14.2 -9999.0
03758 20200403  2.622  -79.09   35.97    21.5     8.0    14.7    14.4     0.0    23.68 C    30.7     1.6    12.8    52.9    11.5    28.4   0.246 -99.000   0.241   0.369 -99.000    13.8 -9999.0    13.9    14.0 -9999.0
03758 20200404  2.622  -79.09   35.97    21.2     5.2    13.2    14.3     0.0    23.76 C    33.5     0.2    13.8    69.9    21.5    39.8   0.237 -99.000   0.236   0.367 -99.000    14.2 -9999.0    14.1    14.0 -9999.0
03758 20200405  2.622  -79.09   35.97    22.2     6.1    14.1    14.1     0.0    23.38 C    34.0     2.1    15.1    92.6    35.3    64.6   0.230 -99.000   0.231   0.365 -99.000    15.0 -9999.0    14.7    14.2 -9999.0
03758 20200406  2.622  -79.09   35.97    26.9     9.6    18.2    16.9     0.3    20.59 C    37.0     5.7    17.0    92.4    29.1    71.2   0.221 -99.000   0.227   0.364 -99.000    16.1 -9999.0    15.5    14.6 -9999.0
03758 20200407  2.622  -79.09   35.97    27.7     9.3    18.5    18.3     0.5    19.35 C    38.3     6.2    17.9    94.8    30.3    68.2   0.191 -99.000   0.223   0.362 -99.000    16.7 -9999.0    16.1    15.0 -9999.0
03758 20200408  2.622  -79.09   35.97    27.5    12.4    19.9    19.6     2.0    22.36 C    37.3     9.2    20.1    91.8    37.0    64.0   0.184 -99.000   0.219   0.361 -99.000    17.7 -9999.0    16.9    15.5 -9999.0
03758 20200409  2.622  -79.09   35.97    25.9    11.5    18.7    18.8     3.8    23.18 C    33.8     8.6    18.5    94.3    14.3    52.7   0.187 -99.000   0.217   0.360 -99.000    17.6 -9999.0    17.1    16.0 -9999.0
03758 20200410  2.622  -79.09   35.97    14.7     1.3     8.0     9.8     0.0    25.33 C    27.8    -2.1    10.9    75.6    21.5    36.6   0.183 -99.000   0.215   0.358 -99.000    15.8 -9999.0    16.1    15.9 -9999.0
03758 20200411  2.622  -79.09   35.97    18.2     0.0     9.1     9.3     0.0    23.51 C    32.0    -3.2    10.5    80.4    19.0    48.1   0.175 -99.000   0.210   0.355 -99.000    14.7 -9999.0    15.0    15.3 -9999.0
03758 20200412  2.622  -79.09   35.97    22.3     5.9    14.1    15.3     0.0    12.09 C    29.3     1.6    15.2    87.1    51.3    69.8   0.170 -99.000   0.206   0.353 -99.000    15.1 -9999.0    15.1    15.1 -9999.0
03758 20200413  2.622  -79.09   35.97    25.4    15.4    20.4    20.7    49.1    15.06 C    31.1    10.0    19.5    90.8    35.5    67.4   0.301 -99.000   0.277   0.407 -99.000    17.8 -9999.0    17.1    15.8 -9999.0
03758 20200414  2.622  -79.09   35.97    22.1    10.5    16.3    15.8     0.0    25.07 C    32.9     6.9    17.9    79.7    41.0    53.1   0.280 -99.000   0.281   0.388 -99.000    17.6 -9999.0    17.1    16.1 -9999.0
03758 20200415  2.622  -79.09   35.97    12.0     2.6     7.3     7.5     0.0    19.40 C    29.6    -0.5    10.6    91.1    35.1    62.5   0.254 -99.000   0.270   0.380 -99.000    15.9 -9999.0    16.5    16.3 -9999.0
03758 20200416  2.622  -79.09   35.97    18.1     1.1     9.6     9.5     0.0    26.45 C    31.4    -1.8    10.7    93.2    14.8    53.2   0.241 -99.000   0.261   0.375 -99.000    14.8 -9999.0    15.2    15.7 -9999.0
03758 20200417  2.622  -79.09   35.97    21.5     0.8    11.1    13.0     0.0    25.68 C    31.6    -1.3    14.0    89.4    22.3    51.9   0.229 -99.000   0.253   0.373 -99.000    15.1 -9999.0    15.2    15.3 -9999.0
03758 20200418  2.622  -79.09   35.97    18.6     4.9    11.8    13.9     9.3    20.73 C    29.8     1.0    14.4    90.7    20.1    61.7   0.253 -99.000   0.263   0.371 -99.000    16.2 -9999.0    15.9    15.4 -9999.0
03758 20200419  2.622  -79.09   35.97    19.1     2.1    10.6    11.6     0.0    14.65 C    25.5    -0.6    12.2    92.1    52.7    74.2   0.248 -99.000   0.263   0.369 -99.000    14.8 -9999.0    15.2    15.4 -9999.0
03758 20200420  2.622  -79.09   35.97    15.8     8.2    12.0    11.7    14.6    11.28 C    25.8     4.8    12.4    94.3    53.5    85.1   0.297 -99.000   0.290   0.386 -99.000    15.3 -9999.0    15.3    15.3 -9999.0
03758 20200421  2.622  -79.09   35.97    23.1     7.7    15.4    15.2     0.0    18.95 C    31.8     5.0    14.1    93.6    29.2    59.8   0.287 -99.000   0.289   0.392 -99.000    15.2 -9999.0    15.1    15.1 -9999.0
03758 20200422  2.622  -79.09   35.97    19.5     4.0    11.8    12.6     0.0    25.21 C    32.1    -0.9    12.8    77.2    21.5    42.1   0.264 -99.000   0.277   0.382 -99.000    15.2 -9999.0    15.3    15.2 -9999.0
03758 20200423  2.622  -79.09   35.97    16.6     9.4    13.0    13.7     2.8     5.99 C    19.2     7.2    13.6    92.1    55.7    77.5   0.254 -99.000   0.268   0.379 -99.000    15.1 -9999.0    15.2    15.2 -9999.0
03758 20200424  2.622  -79.09   35.97    25.8    15.5    20.6    19.3     0.2    18.18 C    33.4    10.9    19.4    91.6    43.5    71.8   0.261 -99.000   0.265   0.377 -99.000    17.9 -9999.0    16.4    15.3 -9999.0
03758 20200425  2.622  -79.09   35.97    15.7    12.4    14.1    13.7     9.7     8.00 C    23.8    12.0    14.8    93.8    68.3    80.7   0.252 -99.000   0.262   0.376 -99.000    16.7 -9999.0    16.7    16.0 -9999.0
03758 20200426  2.622  -79.09   35.97    21.9     8.8    15.3    15.2    14.7    17.29 C    30.1     7.2    16.7    94.8    46.3    79.7   0.328 -99.000   0.308   0.413 -99.000    17.3 -9999.0    16.7    15.9 -9999.0
03758 20200427  2.622  -79.09   35.97    19.9     4.9    12.4    12.3     0.0    27.59 C    30.6     1.8    13.9    90.7    22.9    59.8   0.313 -99.000   0.302   0.439 -99.000    17.1 -9999.0    16.7    16.1 -9999.0
03758 20200428  2.622  -79.09   35.97    23.9     3.1    13.5    14.0     0.0    23.09 C    34.4     1.4    15.3    93.7    28.5    62.6   0.277 -99.000   0.285   0.401 -99.000    17.0 -9999.0    16.5    16.1 -9999.0
03758 20200429  2.622  -79.09   35.97    25.4    12.7    19.1    19.8     0.0    20.73 C    34.0     9.9    20.0    81.7    40.1    60.3   0.257 -99.000   0.272   0.388 -99.000    18.6 -9999.0    17.5    16.4 -9999.0
03758 20200430  2.622  -79.09   35.97    20.2    11.2    15.7    15.2    40.1    10.89 C    25.6     8.7    15.4    93.2    52.9    81.4   0.352 -99.000   0.337   0.438 -99.000    17.7 -9999.0    17.3    16.8 -9999.0
03758 20200501  2.622  -79.09   35.97    18.9     9.7    14.3    13.6     0.3    19.21 C    30.2     6.8    14.5    91.7    42.5    64.0   0.321 -99.000   0.306   0.446 -99.000    17.4 -9999.0    17.1    16.6 -9999.0
03758 20200502  2.622  -79.09   35.97    23.0     7.2    15.1    15.2     0.0    27.14 C    32.4     3.4    16.2    87.4    30.2    59.5   0.285 -99.000   0.289   0.405 -99.000    17.8 -9999.0    17.1    16.6 -9999.0
03758 20200503  2.622  -79.09   35.97    29.0    11.8    20.4    21.3     0.0    26.29 C    36.3     8.4    21.0    83.0    33.9    55.3   0.260 -99.000   0.276   0.389 -99.000    19.6 -9999.0    18.1    16.9 -9999.0
03758 20200504  2.622  -79.09   35.97    25.9    11.9    18.9    20.6     0.0    27.69 C    33.5     8.5    20.5    83.2    20.2    50.7   0.242 -99.000   0.262   0.384 -99.000    20.9 -9999.0    19.3    17.6 -9999.0
03758 20200505  2.622  -79.09   35.97    20.2    11.0    15.6    14.9     0.7    12.03 C    28.4     8.1    15.8    88.6    49.0    68.8   0.232 -99.000   0.252   0.381 -99.000    18.7 -9999.0    18.6    17.9 -9999.0
03758 20200506  2.622  -79.09   35.97    21.1     8.0    14.5    14.2     0.0    21.48 C    31.4     5.3    16.1    91.3    32.9    64.1   0.226 -99.000   0.246   0.378 -99.000    19.2 -9999.0    18.6    17.8 -9999.0
03758 20200507  2.622  -79.09   35.97    18.7     5.0    11.8    11.7     0.0    28.49 C    30.4     1.5    13.3    76.3    23.7    49.1   0.214 -99.000   0.239   0.375 -99.000    17.9 -9999.0    17.9    17.6 -9999.0
03758 20200508  2.622  -79.09   35.97    18.9     5.2    12.1    12.0     2.1    12.76 C    26.6     1.6    11.5    88.6    35.4    67.3   0.205 -99.000   0.233   0.372 -99.000    16.4 -9999.0    17.0    17.3 -9999.0
03758 20200509  2.622  -79.09   35.97    16.0     0.2     8.1     8.4     0.0    28.24 C    26.9    -1.5    10.2    91.4    21.0    54.3   0.202 -99.000   0.229   0.369 -99.000    16.3 -9999.0    16.4    16.7 -9999.0
03758 20200510  2.622  -79.09   35.97    19.6     0.0     9.8    11.0     0.0    28.31 C    31.3    -2.3    12.5    90.4    28.6    56.2   0.194 -99.000   0.224   0.366 -99.000    16.3 -9999.0    16.2    16.4 -9999.0
03758 20200511  2.622  -79.09   35.97    17.8     3.9    10.8    12.9     0.0    28.50 C    30.8     0.5    14.4    88.8    25.4    49.5   0.184 -99.000   0.219   0.363 -99.000    17.5 -9999.0    16.9    16.5 -9999.0
03758 20200512  2.622  -79.09   35.97    16.8     2.0     9.4     9.7     0.0    26.95 C    31.0    -0.8    11.9    87.3    30.7    57.9   0.173 -99.000   0.213   0.361 -99.000    16.8 -9999.0    16.6    16.5 -9999.0
03758 20200513  2.622  -79.09   35.97    19.2     5.4    12.3    12.5     0.2    12.31 C    28.7     2.9    13.8    89.8    47.7    72.0   0.167 -99.000   0.209   0.359 -99.000    16.2 -9999.0    16.3    16.4 -9999.0
03758 20200514  2.622  -79.09   35.97    25.5    12.2    18.8    18.2     0.0    16.74 C    33.0    10.7    18.7    91.2    48.0    71.0   0.163 -99.000   0.205   0.358 -99.000    18.0 -9999.0    17.1    16.4 -9999.0
03758 20200515  2.622  -79.09   35.97    26.6    14.3    20.4    20.4     0.0    24.83 C    37.1    10.7    20.9    89.3    45.4    66.9   0.154 -99.000   0.200   0.356 -99.000    19.7 -9999.0    18.2    16.9 -9999.0
03758 20200516  2.622  -79.09   35.97    30.3    14.6    22.5    22.3     0.0    27.77 C    38.9    11.4    23.3    93.3    35.3    67.8   0.142 -99.000   0.194   0.354 -99.000    21.1 -9999.0    19.3    17.5 -9999.0
03758 20200517  2.622  -79.09   35.97    28.3    14.3    21.3    21.7     0.0    22.92 C    38.4    11.8    22.3    93.4    42.4    68.9   0.130 -99.000   0.187   0.351 -99.000    21.6 -9999.0    20.1    18.3 -9999.0
03758 20200518  2.622  -79.09   35.97    20.1    17.1    18.6    18.1     5.3     6.35 C    24.7    14.9    18.9    93.2    77.8    89.5   0.125 -99.000   0.183   0.349 -99.000    20.3 -9999.0    19.7    18.6 -9999.0
03758 20200519  2.622  -79.09   35.97    17.2    11.6    14.4    14.3    48.3     3.60 C    17.0    11.8    14.8    93.3    90.5    92.0   0.313 -99.000   0.287   0.384 -99.000    18.2 -9999.0    18.6    18.4 -9999.0
03758 20200520  2.622  -79.09   35.97    14.1    11.1    12.6    12.5    58.7     4.46 C    15.7    11.2    13.1    92.8    90.8    91.9   0.393 -99.000   0.342   0.426 -99.000    16.4 -9999.0    17.2    17.7 -9999.0
03758 20200521  2.622  -79.09   35.97    19.6    13.8    16.7    16.8    28.7     3.48 C    19.3    13.5    16.8    94.2    91.7    92.9   0.415 -99.000   0.371   0.444 -99.000    16.8 -9999.0    16.9    17.1 -9999.0
03758 20200522  2.622  -79.09   35.97    26.7    16.0    21.3    20.3     1.4    20.82 C    35.0    15.8    22.0    93.8    49.0    80.8   0.378 -99.000   0.345   0.446 -99.000    20.2 -9999.0    18.5    17.3 -9999.0
03758 20200523  2.622  -79.09   35.97    27.5    15.7    21.6    21.5     0.0    22.14 C    35.7    13.8    22.7    95.3    60.1    81.6   0.318 -99.000   0.303   0.422 -99.000    21.2 -9999.0    20.0    18.2 -9999.0
03758 20200524  2.622  -79.09   35.97    29.9    16.5    23.2    22.5     2.5    21.98 C    38.6    14.7    23.7    95.3    51.6    79.5   0.290 -99.000   0.288   0.394 -99.000    21.8 -9999.0    20.7    18.9 -9999.0
03758 20200525  2.622  -79.09   35.97    22.9    16.4    19.6    19.4     0.0    10.48 C    27.1    16.8    20.8    91.9    72.5    83.4   0.281 -99.000   0.282   0.387 -99.000    21.5 -9999.0    20.9    19.5 -9999.0
03758 20200526  2.622  -79.09   35.97    25.6    18.4    22.0    21.0     0.0    20.03 C    35.2    18.1    22.9    92.9    53.1    78.1   0.266 -99.000   0.275   0.384 -99.000    22.2 -9999.0    21.2    19.7 -9999.0
03758 20200527  2.622  -79.09   35.97    23.5    19.0    21.2    20.9    13.2     5.76 C    26.2    18.8    21.5    93.6    79.9    90.2   0.287 -99.000   0.280   0.386 -99.000    21.8 -9999.0    21.2    20.0 -9999.0
03758 20200528  2.622  -79.09   35.97    28.3    19.9    24.1    23.2     7.6    14.20 C    36.0    17.9    24.0    94.7    65.2    87.1   0.332 -99.000   0.310   0.419 -99.000    22.7 -9999.0    21.7    20.2 -9999.0
03758 20200529  2.622  -79.09   35.97    25.7    19.7    22.7    21.8    11.0     6.61 C    31.7    18.4    22.2    94.7    81.7    92.3   0.354 -99.000   0.329   0.441 -99.000    22.7 -9999.0    22.1    20.6 -9999.0
03758 20200530  2.622  -79.09   35.97    29.3    17.6    23.5    23.6     0.0    24.53 C    37.0    14.8    24.4    95.1    44.4    73.9   0.322 -99.000   0.312   0.452 -99.000    23.4 -9999.0    22.3    20.7 -9999.0
03758 20200531  2.622  -79.09   35.97    24.1    12.5    18.3    19.1     0.0    25.18 C    33.3    10.8    20.2    91.1    36.7    62.5   0.286 -99.000   0.291   0.407 -99.000    22.7 -9999.0    22.3    21.0 -9999.0
03758 20200601  2.622  -79.09   35.97    23.3    11.4    17.4    17.2     0.0    29.67 C    33.1     8.7    18.7    92.0    31.3    58.4   0.261 -99.000   0.276   0.392 -99.000    21.8 -9999.0    21.6    20.9 -9999.0
03758 20200602  2.622  -79.09   35.97    28.1    10.9    19.5    21.1     0.0    24.43 C    34.9     8.5    21.6    90.4    47.7    67.2   0.241 -99.000   0.264   0.386 -99.000    21.9 -9999.0    21.4    20.7 -9999.0
03758 20200603  2.622  -79.09   35.97    31.5    18.3    24.9    25.6     0.0    27.96 C    36.6    16.0    25.7    87.3    44.4    64.4   0.226 -99.000   0.252   0.384 -99.000    23.6 -9999.0    22.6    20.9 -9999.0
03758 20200604  2.622  -79.09   35.97    31.5    20.5    26.0    26.1     0.0    25.45 C    37.5    18.0    26.3    90.4    47.2    67.4   0.209 -99.000   0.241   0.380 -99.000    24.6 -9999.0    23.6    21.6 -9999.0
03758 20200605  2.622  -79.09   35.97    29.0    19.3    24.2    23.9     3.6    20.25 C    35.0    16.7    24.4    93.2    60.2    78.7   0.206 -99.000   0.233   0.377 -99.000    24.5 -9999.0    23.7    21.9 -9999.0
03758 20200606  2.622  -79.09   35.97    31.0    21.1    26.1    25.7     0.0    26.19 C    38.0    19.0    26.8    92.6    43.5    72.5   0.196 -99.000   0.228   0.374 -99.000    25.3 -9999.0    24.2    22.2 -9999.0
03758 20200607  2.622  -79.09   35.97    29.7    18.5    24.1    24.5     0.0    26.74 C    36.6    15.0    25.0    92.9    41.4    66.6   0.180 -99.000   0.221   0.370 -99.000    25.3 -9999.0    24.4    22.6 -9999.0
03758 20200608  2.622  -79.09   35.97    28.8    16.8    22.8    23.4     0.0    17.63 C    35.9    14.2    24.2    89.3    58.7    77.5   0.167 -99.000   0.213   0.366 -99.000    24.6 -9999.0    24.0    22.7 -9999.0
03758 20200609  2.622  -79.09   35.97    30.3    21.7    26.0    25.0     0.0    17.89 C    36.4    19.3    25.9    94.4    57.7    80.7   0.159 -99.000   0.207   0.364 -99.000    25.1 -9999.0    24.3    22.7 -9999.0
03758 20200610  2.622  -79.09   35.97    31.1    23.4    27.2    26.2     2.2    19.58 C    37.1    21.8    27.0    92.1    59.6    79.5   0.149 -99.000   0.201   0.361 -99.000    25.7 -9999.0    24.7    23.0 -9999.0
03758 20200611  2.622  -79.09   35.97    30.7    21.1    25.9    24.6    48.7    17.81 C    36.1    20.6    25.5    93.6    57.2    84.2   0.194 -99.000   0.223   0.377 -99.000    25.6 -9999.0    24.7    23.3 -9999.0
03758 20200612  2.622  -79.09   35.97    27.9    17.2    22.5    22.4     0.0    26.65 C    35.5    15.2    23.9    94.0    45.8    70.2   0.285 -99.000   0.289   0.400 -99.000    25.1 -9999.0    24.4    23.3 -9999.0
03758 20200613  2.622  -79.09   35.97    26.6    15.6    21.1    20.7     0.0    28.64 C    34.2    13.2    21.9    93.2    38.3    66.4   0.242 -99.000   0.271   0.386 -99.000    24.4 -9999.0    24.1    23.2 -9999.0
03758 20200614  2.622  -79.09   35.97    26.0    13.8    19.9    20.1     0.0    27.67 C    33.9    10.7    21.0    91.3    41.7    62.0   0.219 -99.000   0.257   0.381 -99.000    23.8 -9999.0    23.7    23.1 -9999.0
03758 20200615  2.622  -79.09   35.97    18.4    13.9    16.1    15.2    11.0     3.48 C    18.8    15.0    16.2    90.7    63.8    84.0   0.229 -99.000   0.250   0.378 -99.000    22.0 -9999.0    22.6    22.8 -9999.0
03758 20200616  2.622  -79.09   35.97    15.8    14.0    14.9    14.9    18.6     3.62 C    19.0    14.5    15.9    92.0    87.1    90.3   0.321 -99.000   0.303   0.387 -99.000    20.3 -9999.0    21.0    21.8 -9999.0
03758 20200617  2.622  -79.09   35.97    21.5    15.0    18.2    17.4     0.2    10.87 C    25.3    12.6    18.1    94.9    69.3    86.5   0.319 -99.000   0.306   0.424 -99.000    20.6 -9999.0    20.7    21.1 -9999.0
03758 20200618  2.622  -79.09   35.97    25.1    14.1    19.6    19.7     0.0    18.43 C    32.0    12.3    20.5    98.2    58.6    81.5   0.289 -99.000   0.292   0.407 -99.000    21.3 -9999.0    21.0    20.9 -9999.0
03758 20200619  2.622  -79.09   35.97    26.8    17.6    22.2    21.2     5.2    16.75 C    34.6    15.7    22.2    93.9    60.3    84.0   0.282 -99.000   0.282   0.392 -99.000    22.5 -9999.0    21.9    21.1 -9999.0
03758 20200620  2.622  -79.09   35.97    28.0    17.3    22.7    20.4     3.7    16.01 C    34.8    15.7    21.5    94.5    56.3    86.5   0.299 -99.000   0.289   0.389 -99.000    22.7 -9999.0    22.3    21.4 -9999.0
03758 20200621  2.622  -79.09   35.97    29.8    16.1    23.0    23.3     0.0    27.43 C    36.3    14.7    24.4    94.7    50.1    78.2   0.285 -99.000   0.290   0.389 -99.000    23.5 -9999.0    22.6    21.6 -9999.0
03758 20200622  2.622  -79.09   35.97    31.3    19.2    25.2    25.4     0.0    25.30 C    36.3    17.5    25.3    94.6    46.6    73.7   0.258 -99.000   0.276   0.387 -99.000    24.6 -9999.0    23.7    22.1 -9999.0
03758 20200623  2.622  -79.09   35.97    30.1    20.5    25.3    24.9     0.0    22.88 C    34.8    18.2    24.9    88.6    52.7    72.1   0.239 -99.000   0.263   0.384 -99.000    24.9 -9999.0    24.1    22.6 -9999.0
03758 20200624  2.622  -79.09   35.97    28.8    20.8    24.8    24.4     0.0    27.14 C    35.6    18.5    25.3    92.6    39.4    68.6   0.223 -99.000   0.251   0.381 -99.000    25.2 -9999.0    24.4    22.9 -9999.0
03758 20200625  2.622  -79.09   35.97    28.9    20.3    24.6    23.8     0.0    21.00 C    34.9    18.5    24.2    92.7    47.5    78.3   0.210 -99.000   0.241   0.378 -99.000    25.0 -9999.0    24.4    23.1 -9999.0
03758 20200626  2.622  -79.09   35.97    29.7    17.1    23.4    24.0     0.0    27.30 C    36.6    13.8    23.6    88.9    36.9    66.1   0.196 -99.000   0.232   0.375 -99.000    24.9 -9999.0    24.3    23.1 -9999.0
03758 20200627  2.622  -79.09   35.97    30.5    17.3    23.9    24.7     0.0    26.39 C    36.4    15.0    24.6    92.6    46.8    69.3   0.179 -99.000   0.223   0.371 -99.000    24.9 -9999.0    24.3    23.2 -9999.0
03758 20200628  2.622  -79.09   35.97    30.6    20.2    25.4    24.1    19.3    20.81 C    37.0    18.2    24.6    94.7    52.6    76.8   0.203 -99.000   0.230   0.371 -99.000    25.0 -9999.0    24.5    23.3 -9999.0
03758 20200629  2.622  -79.09   35.97    31.2    21.3    26.2    25.5     0.0    25.65 C    37.3    19.8    26.5    94.5    50.0    75.1   0.236 -99.000   0.250   0.371 -99.000    25.6 -9999.0    24.8    23.4 -9999.0
03758 20200630  2.622  -79.09   35.97    29.9    21.1    25.5    24.9     0.0    18.32 C    35.2    19.8    25.7    94.5    62.8    80.4   0.214 -99.000   0.241   0.370 -99.000    25.8 -9999.0    25.1    23.7 -9999.0
03758 20200701  2.622  -79.09   35.97    30.6    19.7    25.2    24.7     0.0    24.53 C    36.8    17.8    25.5    94.5    46.9    77.2   0.200 -99.000   0.233   0.368 -99.000    25.9 -9999.0    25.1    23.8 -9999.0
03758 20200702  2.622  -79.09   35.97    30.4    20.0    25.2    24.8     0.0    25.42 C    37.7    17.1    25.7    94.2    46.1    74.0   0.183 -99.000   0.225   0.366 -99.000    25.9 -9999.0    25.3    23.9 -9999.0
03758 20200703  2.622  -79.09   35.97    32.3    18.2    25.2    25.3     0.0    28.09 C    38.0    16.3    25.6    94.2    36.9    70.6   0.164 -99.000   0.215   0.363 -99.000    25.8 -9999.0    25.2    24.0 -9999.0
03758 20200704  2.622  -79.09   35.97    33.3    18.7    26.0    25.6     0.0    25.46 C    39.4    16.7    25.8    94.0    42.0    72.3   0.146 -99.000   0.205   0.360 -99.000    26.0 -9999.0    25.3    24.1 -9999.0
03758 20200705  2.622  -79.09   35.97    31.9    19.4    25.6    25.0     0.4    22.34 C    37.7    17.3    25.3    94.7    49.6    76.4   0.131 -99.000   0.195   0.357 -99.000    26.0 -9999.0    25.4    24.1 -9999.0
03758 20200706  2.622  -79.09   35.97    31.4    19.3    25.4    25.5     0.0    25.87 C    37.7    16.8    25.7    95.1    47.6    72.1   0.119 -99.000   0.186   0.354 -99.000    26.0 -9999.0    25.4    24.2 -9999.0
03758 20200707  2.622  -79.09   35.97    30.0    19.3    24.6    23.6     0.0    13.69 C    37.6    17.0    23.8    95.1    56.6    83.9   0.111 -99.000   0.179   0.349 -99.000    25.5 -9999.0    25.2    24.3 -9999.0
03758 20200708  2.622  -79.09   35.97    30.0    21.7    25.9    24.4     2.4    16.98 C    38.9    21.0    26.0    94.2    59.1    85.6   0.109 -99.000   0.175   0.347 -99.000    25.7 -9999.0    25.1    24.1 -9999.0
03758 20200709  2.622  -79.09   35.97    30.6    22.2    26.4    25.4     0.6    20.62 C    38.9    20.2    26.6    94.1    58.6    80.7   0.106 -99.000   0.171   0.344 -99.000    25.9 -9999.0    25.4    24.2 -9999.0
03758 20200710  2.622  -79.09   35.97    32.3    20.4    26.3    26.1     5.7    23.31 C    40.8    18.5    27.0    95.4    52.4    76.5   0.103 -99.000   0.167   0.339 -99.000    26.2 -9999.0    25.6    24.4 -9999.0
03758 20200711  2.622  -79.09   35.97    31.5    20.6    26.1    25.4     0.0    26.48 C    37.4    18.3    26.2    94.3    45.1    74.3   0.104 -99.000   0.163   0.336 -99.000    26.4 -9999.0    25.8    24.5 -9999.0
03758 20200712  2.622  -79.09   35.97    31.7    18.3    25.0    25.4     0.0    27.55 C    37.3    15.9    25.7    92.0    36.4    67.8   0.101 -99.000   0.159   0.332 -99.000    26.2 -9999.0    25.6    24.6 -9999.0
03758 20200713  2.622  -79.09   35.97    31.8    19.3    25.6    25.6     0.8    25.93 C    40.5    17.5    26.9    94.4    48.5    71.4   0.094 -99.000   0.154   0.328 -99.000    26.4 -9999.0    25.8    24.6 -9999.0
03758 20200714  2.622  -79.09   35.97    33.0    20.1    26.6    26.2     0.0    25.93 C    42.7    17.8    27.2    94.8    39.3    69.9   0.089 -99.000   0.147   0.324 -99.000    26.5 -9999.0    25.9    24.7 -9999.0
03758 20200715  2.622  -79.09   35.97    34.6    19.2    26.9    27.0     0.0    25.40 C    45.1    17.0    27.9    94.7    38.5    67.0   0.084 -99.000   0.141   0.320 -99.000    26.6 -9999.0    26.0    24.8 -9999.0
03758 20200716  2.622  -79.09   35.97    33.1    22.0    27.6    27.0     0.0    23.71 C    42.4    19.3    27.9    92.3    41.2    69.3   0.080 -99.000   0.135   0.316 -99.000    27.0 -9999.0    26.4    24.9 -9999.0
03758 20200717  2.622  -79.09   35.97    33.7    21.0    27.3    25.1     2.7    17.19 C    43.3    19.0    26.1    94.3    52.7    82.5   0.077 -99.000   0.130   0.313 -99.000    26.6 -9999.0    26.1    25.0 -9999.0
03758 20200718  2.622  -79.09   35.97    34.6    20.4    27.5    25.9     8.7    23.92 C    42.6    18.9    27.5    95.4    47.5    79.4   0.081 -99.000   0.129   0.310 -99.000    26.8 -9999.0    26.2    24.9 -9999.0
03758 20200719  2.622  -79.09   35.97    34.2    20.6    27.4    27.3     0.0    26.38 C    38.8    19.1    27.8    95.2    50.4    76.4   0.096 -99.000   0.131   0.309 -99.000    27.1 -9999.0    26.3    25.0 -9999.0
03758 20200720  2.622  -79.09   35.97    34.9    23.4    29.1    28.6     0.0    25.26 C    41.1    21.2    29.4    94.9    39.0    70.1   0.089 -99.000   0.130   0.307 -99.000    27.8 -9999.0    26.9    25.3 -9999.0
03758 20200721  2.622  -79.09   35.97    35.3    21.7    28.5    27.7     0.8    24.88 C    42.8    19.8    28.6    93.7    46.4    72.5   0.081 -99.000   0.127   0.305 -99.000    27.8 -9999.0    27.0    25.5 -9999.0
03758 20200722  2.622  -79.09   35.97    33.8    21.1    27.5    27.2     0.0    22.93 C    42.8    18.6    27.7    94.1    46.3    71.3   0.077 -99.000   0.123   0.302 -99.000    27.5 -9999.0    26.9    25.6 -9999.0
03758 20200723  2.622  -79.09   35.97    33.7    22.0    27.9    25.2     0.0    15.47 C    45.4    19.8    26.1    94.8    48.3    80.9   0.074 -99.000   0.119   0.300 -99.000    27.1 -9999.0    26.7    25.5 -9999.0
03758 20200724  2.622  -79.09   35.97    31.4    21.8    26.6    24.9     3.3    17.29 C    37.8    20.5    25.8    92.4    51.6    79.4   0.073 -99.000   0.118   0.299 -99.000    26.6 -9999.0    26.2    25.3 -9999.0
03758 20200725  2.622  -79.09   35.97    33.9    20.3    27.1    26.3     0.3    27.04 C    44.6    18.5    28.7    94.5    42.0    72.0   0.074 -99.000   0.117   0.297 -99.000    27.1 -9999.0    26.3    25.2 -9999.0
03758 20200726  2.622  -79.09   35.97    34.5    21.4    27.9    27.5     0.0    23.61 C    44.8    19.3    28.7    94.6    43.8    69.8   0.072 -99.000   0.114   0.294 -99.000    27.4 -9999.0    26.7    25.4 -9999.0
03758 20200727  2.622  -79.09   35.97    35.0    21.9    28.5    28.4     0.0    25.36 C    46.7    19.5    30.1    93.3    32.4    66.7   0.070 -99.000   0.110   0.291 -99.000    27.7 -9999.0    27.0    25.5 -9999.0
03758 20200728  2.622  -79.09   35.97    35.3    22.0    28.6    27.1     8.5    22.23 C    46.1    19.6    28.9    93.8    40.1    72.2   0.068 -99.000   0.106   0.288 -99.000    27.6 -9999.0    27.1    25.8 -9999.0
03758 20200729  2.622  -79.09   35.97    32.7    20.9    26.8    24.6    14.5    20.05 C    39.8    20.2    25.9    95.2    52.5    84.7   0.110 -99.000   0.133   0.288 -99.000    27.0 -9999.0    26.8    25.8 -9999.0
03758 20200730  2.622  -79.09   35.97    30.6    20.8    25.7    25.4     0.4    21.05 C    36.0    19.3    26.5    95.6    61.9    84.0   0.141 -99.000   0.172   0.288 -99.000    26.9 -9999.0    26.5    25.6 -9999.0
03758 20200731  2.622  -79.09   35.97    33.0    24.1    28.5    27.6     0.0    22.12 C    38.6    22.9    28.4    95.0    52.6    78.0   0.121 -99.000   0.161   0.290 -99.000    27.7 -9999.0    26.9    25.7 -9999.0
03758 20200801  2.622  -79.09   35.97    33.4    22.1    27.7    26.4     2.1    21.32 C    39.1    20.9    27.4    94.7    51.8    78.9   0.106 -99.000   0.152   0.290 -99.000    27.6 -9999.0    27.1    25.8 -9999.0
03758 20200802  2.622  -79.09   35.97    33.4    23.1    28.2    27.8     0.6    24.75 C    39.0    21.9    28.0    92.1    48.2    71.0   0.095 -99.000   0.145   0.290 -99.000    27.7 -9999.0    27.1    25.9 -9999.0
03758 20200803  2.622  -79.09   35.97    27.0    21.0    24.0    23.7    42.5     7.17 C    32.1    20.0    23.9    94.9    76.2    89.8   0.137 -99.000   0.170   0.298 -99.000    26.4 -9999.0    26.4    25.9 -9999.0
03758 20200804  2.622  -79.09   35.97    30.4    19.6    25.0    24.5    10.4    24.29 C    36.0    18.9    25.3    95.0    52.6    78.8   0.273 -99.000   0.286   0.340 -99.000    25.9 -9999.0    25.7    25.4 -9999.0
03758 20200805  2.622  -79.09   35.97    30.8    20.2    25.5    25.6     0.0    21.94 C    36.4    18.4    26.3    95.4    59.0    79.5   0.218 -99.000   0.253   0.328 -99.000    26.4 -9999.0    26.0    25.3 -9999.0
03758 20200806  2.622  -79.09   35.97    30.5    21.2    25.9    24.2    27.8    15.06 C    39.4    19.8    25.1    95.1    62.8    87.0   0.245 -99.000   0.264   0.348 -99.000    26.3 -9999.0    26.1    25.4 -9999.0
03758 20200807  2.622  -79.09   35.97    29.9    21.4    25.6    25.0     0.0    18.79 C    36.6    20.6    26.3    95.4    62.6    82.3   0.268 -99.000   0.282   0.371 -99.000    26.4 -9999.0    26.0    25.4 -9999.0
03758 20200808  2.622  -79.09   35.97    30.8    20.9    25.9    25.1     5.1    19.23 C    37.0    19.5    26.0    95.3    57.8    83.8   0.253 -99.000   0.270   0.364 -99.000    26.7 -9999.0    26.3    25.4 -9999.0
03758 20200809  2.622  -79.09   35.97    32.4    20.2    26.3    24.5     1.8    20.94 C    38.6    19.3    25.2    95.5    52.7    82.7   0.253 -99.000   0.271   0.360 -99.000    26.6 -9999.0    26.2    25.5 -9999.0
03758 20200810  2.622  -79.09   35.97    32.0    20.0    26.0    24.7     8.7    22.78 C    37.4    18.4    25.7    95.6    52.9    81.6   0.254 -99.000   0.270   0.358 -99.000    26.4 -9999.0    26.1    25.5 -9999.0
03758 20200811  2.622  -79.09   35.97    31.4    20.6    26.0    25.1     0.0    22.19 C    37.8    19.3    26.1    95.6    56.3    82.7   0.271 -99.000   0.283   0.357 -99.000    26.6 -9999.0    26.1    25.5 -9999.0
03758 20200812  2.622  -79.09   35.97    31.8    20.9    26.4    26.1     0.0    21.65 C    37.7    19.3    26.8    95.6    51.2    80.5   0.236 -99.000   0.266   0.357 -99.000    26.8 -9999.0    26.4    25.5 -9999.0
03758 20200813  2.622  -79.09   35.97    31.6    22.1    26.9    25.8     0.0    19.32 C    39.8    20.6    27.2    95.4    54.3    80.3   0.210 -99.000   0.254   0.356 -99.000    27.2 -9999.0    26.7    25.6 -9999.0
03758 20200814  2.622  -79.09   35.97    30.5    21.8    26.1    25.0     1.3    16.34 C    37.2    20.6    26.3    94.5    55.2    82.2   0.199 -99.000   0.244   0.356 -99.000    27.1 -9999.0    26.6    25.8 -9999.0
03758 20200815  2.622  -79.09   35.97    28.6    19.9    24.3    23.4    32.7    10.91 C    36.3    20.8    24.8    94.9    68.1    89.4   0.262 -99.000   0.268   0.370 -99.000    26.5 -9999.0    26.3    25.8 -9999.0
03758 20200816  2.622  -79.09   35.97    24.2    17.8    21.0    20.3     0.3     9.14 C    32.3    16.0    21.6    95.4    73.3    88.4   0.291 -99.000   0.295   0.392 -99.000    25.0 -9999.0    25.3    25.4 -9999.0
03758 20200817  2.622  -79.09   35.97    28.3    17.0    22.6    21.4     8.1    17.09 C    35.7    15.6    22.1    95.5    62.0    84.2   0.290 -99.000   0.293   0.388 -99.000    24.7 -9999.0    24.7    24.9 -9999.0
03758 20200818  2.622  -79.09   35.97    29.3    17.8    23.5    23.1     0.0    21.19 C    34.9    15.4    23.3    95.1    46.7    78.5   0.286 -99.000   0.293   0.396 -99.000    24.9 -9999.0    24.6    24.6 -9999.0
03758 20200819  2.622  -79.09   35.97    29.7    17.4    23.5    22.9     0.7    17.87 C    37.6    15.7    24.1    95.3    54.2    81.0   0.263 -99.000   0.278   0.387 -99.000    25.1 -9999.0    24.7    24.5 -9999.0
03758 20200820  2.622  -79.09   35.97    28.4    19.6    24.0    22.8    22.1    16.11 C    35.2    17.7    23.9    94.5    53.5    82.7   0.278 -99.000   0.281   0.396 -99.000    24.9 -9999.0    24.8    24.6 -9999.0
03758 20200821  2.622  -79.09   35.97    27.0    21.4    24.2    23.3     6.0     9.18 C    31.2    20.5    24.4    94.9    67.3    87.9   0.317 -99.000   0.304   0.442 -99.000    25.0 -9999.0    24.7    24.5 -9999.0
03758 20200822  2.622  -79.09   35.97    28.3    21.5    24.9    24.2     0.7    15.71 C    33.6    20.4    25.0    95.0    62.9    84.8   0.305 -99.000   0.301   0.443 -99.000    25.5 -9999.0    25.0    24.5 -9999.0
03758 20200823  2.622  -79.09   35.97    30.5    21.9    26.2    24.7     0.0    18.24 C    35.1    20.7    25.3    94.0    55.4    81.8   0.278 -99.000   0.286   0.407 -99.000    25.8 -9999.0    25.2    24.6 -9999.0
03758 20200824  2.622  -79.09   35.97    28.8    21.9    25.4    24.7     0.0    13.42 C    33.7    21.3    25.1    93.7    65.6    82.5   0.265 -99.000   0.275   0.394 -99.000    25.8 -9999.0    25.3    24.8 -9999.0
03758 20200825  2.622  -79.09   35.97    31.7    21.9    26.8    26.3     0.0    23.55 C    37.7    20.9    27.0    91.7    48.2    75.6   0.251 -99.000   0.266   0.388 -99.000    26.4 -9999.0    25.7    24.8 -9999.0
03758 20200826  2.622  -79.09   35.97    30.9    21.3    26.1    25.3     0.0    23.34 C    36.9    19.4    26.1    93.2    41.7    74.1   0.234 -99.000   0.256   0.384 -99.000    26.5 -9999.0    25.9    25.0 -9999.0
03758 20200827  2.622  -79.09   35.97    32.3    20.2    26.3    26.3     0.0    20.23 C    36.4    18.6    26.2    93.4    50.9    77.5   0.222 -99.000   0.247   0.381 -99.000    26.4 -9999.0    25.8    25.1 -9999.0
03758 20200828  2.622  -79.09   35.97    32.0    23.5    27.7    27.3     0.0    16.26 C    34.9    22.1    27.1    93.5    60.5    78.6   0.212 -99.000   0.240   0.377 -99.000    26.7 -9999.0    26.1    25.2 -9999.0
03758 20200829  2.622  -79.09   35.97    29.7    23.9    26.8    26.0     1.4    11.03 C    32.9    21.1    25.5    91.2    65.4    82.8   0.208 -99.000   0.235   0.375 -99.000    26.4 -9999.0    26.0    25.3 -9999.0
03758 20200830  2.622  -79.09   35.97    29.7    19.5    24.6    24.3     0.0    19.81 C    36.7    17.8    24.5    93.2    41.0    72.5   0.203 -99.000   0.231   0.371 -99.000    25.9 -9999.0    25.6    25.2 -9999.0
03758 20200831  2.622  -79.09   35.97    30.7    20.5    25.6    24.4    48.4    11.62 C    35.5    18.9    24.7    94.4    58.4    83.1   0.241 -99.000   0.253   0.385 -99.000    25.5 -9999.0    25.1    25.0 -9999.0
03758 20200901  2.622  -79.09   35.97    27.3    21.4    24.4    23.5     0.0     9.88 C    32.8    20.2    24.2    95.5    73.4    89.1   0.318 -99.000   0.303   0.440 -99.000    25.3 -9999.0    24.9    24.7 -9999.0
03758 20200902  2.622  -79.09   35.97    32.7    21.7    27.2    26.5     0.0    20.03 C    36.9    20.7    27.2    95.5    57.3    83.6   0.278 -99.000   0.286   0.402 -99.000    26.2 -9999.0    25.4    24.7 -9999.0
03758 20200903  2.622  -79.09   35.97    32.9    22.7    27.8    27.2     0.0    22.38 C    36.9    21.0    27.4    95.6    52.6    78.3   0.250 -99.000   0.273   0.389 -99.000    26.8 -9999.0    26.0    25.0 -9999.0
03758 20200904  2.622  -79.09   35.97    31.4    21.8    26.6    25.9     0.0    20.50 C    37.0    20.1    26.0    93.8    41.6    73.7   0.230 -99.000   0.260   0.384 -99.000    26.8 -9999.0    26.2    25.3 -9999.0
03758 20200905  2.622  -79.09   35.97    26.4    14.1    20.2    22.0     0.0    21.38 C    33.3    11.7    22.4    90.2    37.7    62.5   0.215 -99.000   0.250   0.381 -99.000    25.5 -9999.0    25.7    25.3 -9999.0
03758 20200906  2.622  -79.09   35.97    26.8    12.4    19.6    19.0     0.0    23.33 C    33.6    10.7    19.6    92.2    35.6    69.5   0.203 -99.000   0.240   0.377 -99.000    23.8 -9999.0    24.4    24.8 -9999.0
03758 20200907  2.622  -79.09   35.97    27.2    12.9    20.1    19.6     0.0    22.86 C    34.2    11.1    20.2    92.9    39.5    73.8   0.192 -99.000   0.233   0.372 -99.000    23.3 -9999.0    23.7    24.2 -9999.0
03758 20200908  2.622  -79.09   35.97    28.2    14.7    21.4    21.5     3.8    18.88 C    35.4    12.9    22.5    94.0    54.9    80.5   0.185 -99.000   0.226   0.368 -99.000    23.5 -9999.0    23.6    23.8 -9999.0
03758 20200909  2.622  -79.09   35.97    26.6    21.6    24.1    23.6     3.1     7.67 C    31.5    21.5    24.3    93.2    73.0    88.4   0.191 -99.000   0.224   0.365 -99.000    24.4 -9999.0    24.1    23.9 -9999.0
03758 20200910  2.622  -79.09   35.97    29.6    22.3    25.9    24.7     0.2    12.88 C    35.0    20.8    25.6    94.5    61.7    85.7   0.199 -99.000   0.225   0.364 -99.000    25.1 -9999.0    24.7    24.0 -9999.0
03758 20200911  2.622  -79.09   35.97    30.6    22.1    26.3    24.9     7.9    14.36 C    37.1    20.8    26.0    94.5    59.8    84.9   0.205 -99.000   0.225   0.362 -99.000    25.5 -9999.0    25.0    24.3 -9999.0
03758 20200912  2.622  -79.09   35.97    26.1    19.1    22.6    22.8     2.1     9.70 C    32.0    17.8    23.4    92.5    65.6    84.1   0.232 -99.000   0.233   0.362 -99.000    25.1 -9999.0    25.0    24.5 -9999.0
03758 20200913  2.622  -79.09   35.97    27.8    17.1    22.5    21.8     0.0    20.25 C    34.5    15.9    23.3    95.0    56.0    80.0   0.221 -99.000   0.235   0.361 -99.000    24.6 -9999.0    24.6    24.3 -9999.0
03758 20200914  2.622  -79.09   35.97    27.3    18.0    22.7    21.9     0.0    13.10 C    33.6    15.0    22.2    95.2    63.1    82.3   0.209 -99.000   0.233   0.361 -99.000    24.4 -9999.0    24.4    24.2 -9999.0
03758 20200915  2.622  -79.09   35.97    22.3    13.4    17.8    17.6     0.0    20.84 C    30.3    10.9    18.5    87.8    46.7    67.6   0.200 -99.000   0.229   0.359 -99.000    23.1 -9999.0    23.6    23.9 -9999.0
03758 20200916  2.622  -79.09   35.97    24.2    12.3    18.2    18.7     0.0    17.08 C    33.6    10.6    20.4    91.5    54.8    74.6   0.192 -99.000   0.225   0.357 -99.000    22.5 -9999.0    22.8    23.4 -9999.0
03758 20200917  2.622  -79.09   35.97    21.3    18.9    20.1    20.1    55.0     1.67 C    22.4    19.1    20.3    92.7    86.6    91.8   0.288 -99.000   0.272   0.379 -99.000    22.7 -9999.0    22.9    23.2 -9999.0
03758 20200918  2.622  -79.09   35.97    23.7    17.6    20.7    20.1     1.4    10.60 C    28.4    15.4    20.6    91.1    57.3    79.7   0.370 -99.000   0.334   0.449 -99.000    22.4 -9999.0    22.5    22.8 -9999.0
03758 20200919  2.622  -79.09   35.97    17.7     9.1    13.4    14.1     0.0    16.95 C    26.2     7.5    15.3    86.3    43.3    61.8   0.301 -99.000   0.296   0.412 -99.000    21.0 -9999.0    21.9    22.6 -9999.0
03758 20200920  2.622  -79.09   35.97    20.0     8.6    14.3    13.7     0.0    21.67 C    29.6     7.1    15.0    86.1    42.4    64.1   0.275 -99.000   0.283   0.391 -99.000    20.0 -9999.0    20.9    22.0 -9999.0
03758 20200921  2.622  -79.09   35.97    19.0     7.7    13.4    12.5     0.0    15.92 C    29.5     5.5    13.0    91.9    46.6    70.6   0.257 -99.000   0.273   0.383 -99.000    19.2 -9999.0    20.2    21.5 -9999.0
03758 20200922  2.622  -79.09   35.97    20.1     6.0    13.1    12.3     0.0    21.19 C    28.7     4.2    13.5    93.0    41.8    75.1   0.244 -99.000   0.265   0.379 -99.000    18.5 -9999.0    19.3    20.8 -9999.0
03758 20200923  2.622  -79.09   35.97    21.7     9.5    15.6    14.9     0.0    13.04 C    28.6     7.6    15.3    93.1    46.5    80.8   0.235 -99.000   0.258   0.377 -99.000    18.7 -9999.0    19.1    20.4 -9999.0
03758 20200924  2.622  -79.09   35.97    20.9    13.4    17.2    16.4     2.4     5.31 C    24.5    12.3    16.7    93.4    73.4    88.4   0.233 -99.000   0.253   0.375 -99.000    19.3 -9999.0    19.4    20.2 -9999.0
03758 20200925  2.622  -79.09   35.97    18.6    14.9    16.8    16.8    32.3     3.01 C    20.0    14.4    17.1    94.4    90.8    92.8   0.337 -99.000   0.316   0.421 -99.000    19.2 -9999.0    19.4    20.1 -9999.0
03758 20200926  2.622  -79.09   35.97    21.5    14.9    18.2    18.0     0.3     6.43 C    24.9    12.6    18.5    94.8    77.0    89.7   0.336 -99.000   0.309   0.451 -99.000    19.8 -9999.0    19.7    20.1 -9999.0
03758 20200927  2.622  -79.09   35.97    24.6    13.0    18.8    18.6     0.0    14.02 C    32.0    11.3    19.0    94.7    62.8    85.8   0.312 -99.000   0.294   0.414 -99.000    19.9 -9999.0    19.8    20.2 -9999.0
03758 20200928  2.622  -79.09   35.97    26.6    16.5    21.5    20.8     0.0    12.75 C    32.6    14.5    21.0    94.6    62.8    84.4   0.297 -99.000   0.285   0.399 -99.000    20.7 -9999.0    20.4    20.3 -9999.0
03758 20200929  2.622  -79.09   35.97    27.4    14.3    20.8    20.9    23.7    11.96 C    31.9    14.3    21.7    94.0    61.6    83.9   0.318 -99.000   0.297   0.403 -99.000    21.5 -9999.0    21.2    20.7 -9999.0
03758 20200930  2.622  -79.09   35.97    21.1    11.3    16.2    15.3     0.0    20.13 C    28.0     9.4    16.0    93.9    41.7    73.3   0.356 -99.000   0.323   0.453 -99.000    20.1 -9999.0    20.4    20.8 -9999.0
03758 20201001  2.622  -79.09   35.97    25.3    10.8    18.1    17.5     0.0    19.10 C    31.2     8.6    17.8    94.1    43.5    76.2   0.304 -99.000   0.294   0.415 -99.000    19.6 -9999.0    19.8    20.4 -9999.0
03758 20201002  2.622  -79.09   35.97    20.3     8.3    14.3    15.0     0.0    18.44 C    28.0     5.8    16.1    93.2    34.7    67.6   0.283 -99.000   0.282   0.394 -99.000    19.6 -9999.0    19.9    20.3 -9999.0
03758 20201003  2.622  -79.09   35.97    20.0     7.8    13.9    13.0     0.0    19.02 C    28.4     5.1    13.5    92.0    40.3    70.9   0.269 -99.000   0.273   0.387 -99.000    18.2 -9999.0    18.9    20.0 -9999.0
03758 20201004  2.622  -79.09   35.97    18.9     7.0    13.0    12.2     0.0    14.31 C    28.2     5.0    12.6    94.1    47.5    79.4   0.264 -99.000   0.266   0.383 -99.000    17.4 -9999.0    18.2    19.5 -9999.0
03758 20201005  2.622  -79.09   35.97    21.3     8.2    14.7    13.8     0.0    19.18 C    30.2     6.1    14.4    94.7    41.5    75.5   0.261 -99.000   0.259   0.379 -99.000    17.4 -9999.0    17.9    19.0 -9999.0
03758 20201006  2.622  -79.09   35.97    23.4     7.1    15.3    14.7     0.0    18.34 C    30.0     5.3    14.9    94.1    48.1    80.4   0.252 -99.000   0.254   0.377 -99.000    17.4 -9999.0    17.8    18.7 -9999.0
03758 20201007  2.622  -79.09   35.97    26.6    11.5    19.1    18.5     0.0    18.16 C    32.1     9.1    17.9    94.6    42.4    75.4   0.244 -99.000   0.248   0.374 -99.000    18.1 -9999.0    18.2    18.7 -9999.0
03758 20201008  2.622  -79.09   35.97    26.4    14.6    20.5    19.8     0.0    17.72 C    33.4    11.3    19.3    93.6    39.0    71.3   0.236 -99.000   0.243   0.371 -99.000    18.9 -9999.0    18.8    18.9 -9999.0
03758 20201009  2.622  -79.09   35.97    20.9    13.0    17.0    16.5     0.0     9.76 C    28.6    10.6    16.8    93.3    53.0    76.7   0.229 -99.000   0.238   0.369 -99.000    18.7 -9999.0    18.8    19.1 -9999.0
03758 20201010  2.622  -79.09   35.97    20.9    16.1    18.5    18.3    16.2     3.39 C    24.0    15.7    18.7    94.6    88.5    92.9   0.286 -99.000   0.243   0.367 -99.000    19.1 -9999.0    19.0    19.2 -9999.0
03758 20201011  2.622  -79.09   35.97    19.2    16.8    18.0    18.3    49.6     2.11 C    20.3    16.9    18.3    95.0    87.2    92.7   0.382 -99.000   0.334   0.411 -99.000    19.3 -9999.0    19.2    19.3 -9999.0
03758 20201012  2.622  -79.09   35.97    21.6    17.0    19.3    19.5     0.0     4.70 C    25.9    17.3    20.3    95.4    86.2    92.3   0.380 -99.000   0.335   0.453 -99.000    19.9 -9999.0    19.6    19.4 -9999.0
03758 20201013  2.622  -79.09   35.97    26.4    12.1    19.2    18.3     0.0    14.63 C    32.0     8.4    18.8    95.1    54.8    81.9   0.334 -99.000   0.304   0.428 -99.000    20.1 -9999.0    20.0    19.7 -9999.0
03758 20201014  2.622  -79.09   35.97    22.9     9.1    16.0    15.6     0.0    17.45 C    30.4     6.8    15.5    94.8    42.7    69.7   0.311 -99.000   0.291   0.400 -99.000    18.9 -9999.0    19.2    19.6 -9999.0
03758 20201015  2.622  -79.09   35.97    24.4     9.6    17.0    17.3     0.0    12.45 C    31.1     7.0    16.8    95.3    58.9    82.0   0.297 -99.000   0.282   0.388 -99.000    18.3 -9999.0    18.5    19.2 -9999.0
03758 20201016  2.622  -79.09   35.97    20.0    12.0    16.0    15.8    14.4     9.04 C    26.7    12.3    17.1    93.6    66.4    84.6   0.356 -99.000   0.306   0.412 -99.000    18.9 -9999.0    19.0    19.2 -9999.0
03758 20201017  2.622  -79.09   35.97    16.4     5.9    11.2    10.7     0.0    16.00 C    26.9     3.3    11.5    94.4    40.4    74.6   0.328 -99.000   0.299   0.418 -99.000    17.5 -9999.0    18.2    19.0 -9999.0
03758 20201018  2.622  -79.09   35.97    19.0     3.3    11.1    10.7     0.0    17.02 C    27.7     1.1    11.4    95.0    43.7    79.2   0.309 -99.000   0.288   0.398 -99.000    16.0 -9999.0    16.8    18.4 -9999.0
03758 20201019  2.622  -79.09   35.97    22.4     8.8    15.6    14.1     0.0    12.70 C    29.6     6.8    14.7   100.0    55.7    88.2   0.298 -99.000   0.281   0.388 -99.000    16.6 -9999.0    16.9    17.9 -9999.0
03758 20201020  2.622  -79.09   35.97    25.4     9.8    17.6    17.2     0.0    15.31 C    31.9     7.9    17.4    95.0    55.7    84.0   0.289 -99.000   0.275   0.384 -99.000    17.2 -9999.0    17.2    17.8 -9999.0
