94059 20200101  2.622 -105.21   48.49     2.6    -3.1    -0.2    -0.4     0.3     2.40 C     0.0    -4.9    -1.8    87.7    64.2    79.6 -99.000 -99.000 -99.000 -99.000 -99.000    -1.5    -1.3    -1.1    -1.4    -0.8
94059 20200102  2.622 -105.21   48.49     0.5    -8.6    -4.1    -1.8     1.3     2.34 C     0.2   -11.6    -2.4    89.4    65.9    83.5 -99.000 -99.000 -99.000 -99.000 -99.000    -1.2    -1.0    -0.9    -1.0    -0.7
94059 20200103  2.622 -105.21   48.49    -2.4   -11.1    -6.8    -7.8     0.0     5.33 C    -4.1   -13.6    -9.8    82.7    57.9    70.6 -99.000 -99.000 -99.000 -99.000 -99.000    -1.6    -1.2    -0.9    -1.1    -0.7
94059 20200104  2.622 -105.21   48.49     6.7    -2.9     1.9     1.8     0.0     2.41 C     0.2    -6.7    -1.9    83.3    43.5    61.7 -99.000 -99.000 -99.000 -99.000 -99.000    -1.4    -1.2    -1.0    -1.2    -0.7
94059 20200105  2.622 -105.21   48.49    -0.1    -5.9    -3.0    -2.9     0.0     5.44 C    -1.4    -8.6    -5.4    84.3    54.3    66.9 -99.000 -99.000 -99.000 -99.000 -99.000    -1.2    -1.0    -0.8    -0.9    -0.6
94059 20200106  2.622 -105.21   48.49    -1.8    -8.4    -5.1    -4.0     0.0     4.34 C    -2.5    -8.6    -6.0    78.0    55.2    63.7 -99.000 -99.000 -99.000 -99.000 -99.000    -1.8    -1.4    -0.9    -1.3    -0.7
94059 20200107  2.622 -105.21   48.49    -8.1   -13.5   -10.8   -11.0     0.0     4.57 C    -3.5   -13.2   -10.1    84.2    46.2    68.5 -99.000 -99.000 -99.000 -99.000 -99.000    -2.5    -2.0    -1.2    -1.8    -0.8
94059 20200108  2.622 -105.21   48.49    -1.9   -12.0    -6.9    -6.3     0.0     3.30 C    -3.8   -11.5    -6.8    80.6    57.9    73.4 -99.000 -99.000 -99.000 -99.000 -99.000    -3.2    -2.5    -1.6    -2.5    -1.1
94059 20200109  2.622 -105.21   48.49    -8.0   -22.4   -15.2   -15.7     0.0     4.41 C    -7.7   -22.1   -14.9    76.9    62.4    68.1 -99.000 -99.000 -99.000 -99.000 -99.000    -4.0    -3.0    -1.9    -3.0    -1.3
94059 20200110  2.622 -105.21   48.49   -12.6   -24.3   -18.5   -18.6     0.0     5.75 C   -13.4   -23.8   -18.2    70.6    59.4    66.0 -99.000 -99.000 -99.000 -99.000 -99.000    -6.1    -4.8    -3.2    -4.8    -2.1
94059 20200111  2.622 -105.21   48.49    -6.1   -12.6    -9.3    -9.1     0.0     3.11 C    -5.0   -13.5    -9.6    78.7    68.0    71.3 -99.000 -99.000 -99.000 -99.000 -99.000    -5.3    -4.5    -3.5    -4.8    -2.6
94059 20200112  2.622 -105.21   48.49    -6.8   -20.4   -13.6   -12.9     0.0     3.31 C    -5.8   -19.2   -11.9    80.0    68.2    73.3 -99.000 -99.000 -99.000 -99.000 -99.000    -4.6    -3.8    -3.1    -4.0    -2.5
94059 20200113  2.622 -105.21   48.49   -20.2   -28.9   -24.6   -23.3     1.5     3.03 C   -17.4   -30.4   -21.7    71.0    63.1    67.5 -99.000 -99.000 -99.000 -99.000 -99.000    -6.1    -5.0    -3.9    -5.0    -2.9
94059 20200114  2.622 -105.21   48.49   -23.8   -29.1   -26.5   -26.1     0.0     3.79 C   -19.8   -30.9   -24.9    67.7    58.7    63.7 -99.000 -99.000 -99.000 -99.000 -99.000    -6.2    -5.3    -4.3    -5.5    -3.4
94059 20200115  2.622 -105.21   48.49   -25.6   -30.6   -28.1   -28.0     0.0     5.81 C   -24.1   -32.4   -28.7    69.2    53.1    61.5 -99.000 -99.000 -99.000 -99.000 -99.000    -6.4    -5.5    -4.5    -5.8    -3.7
94059 20200116  2.622 -105.21   48.49   -17.5   -29.5   -23.5   -22.4     0.0     5.75 C   -17.4   -29.8   -22.7    73.0    59.5    66.5 -99.000 -99.000 -99.000 -99.000 -99.000    -7.0    -6.1    -4.9    -6.4    -4.1
94059 20200117  2.622 -105.21   48.49   -18.5   -25.8   -22.2   -21.1     0.0     4.15 C   -17.4   -27.2   -20.7    74.4    60.8    69.4 -99.000 -99.000 -99.000 -99.000 -99.000    -7.2    -6.5    -5.2    -6.4    -4.5
94059 20200118  2.622 -105.21   48.49   -22.3   -27.0   -24.7   -25.2     0.0     6.49 C   -21.3   -28.7   -25.9    65.2    59.0    62.5 -99.000 -99.000 -99.000 -99.000 -99.000    -8.2    -7.4    -5.9    -7.1    -4.9
94059 20200119  2.622 -105.21   48.49   -17.9   -27.1   -22.5   -22.5     0.0     6.36 C   -16.7   -27.9   -22.8    68.4    57.2    62.8 -99.000 -99.000 -99.000 -99.000 -99.000    -8.6    -7.9    -6.4    -7.5    -5.4
94059 20200120  2.622 -105.21   48.49     1.5   -18.9    -8.7    -7.7     0.0     6.36 C    -3.9   -20.3   -10.6    64.4    54.8    60.0 -99.000 -99.000 -99.000 -99.000 -99.000    -7.3    -7.0    -6.0    -6.9    -5.4
94059 20200121  2.622 -105.21   48.49     3.4    -5.6    -1.1    -0.5     0.0     6.14 C    -0.1    -9.9    -4.5    79.9    52.8    63.3 -99.000 -99.000 -99.000 -99.000 -99.000    -4.9    -4.9    -4.6    -5.0    -4.4
94059 20200122  2.622 -105.21   48.49     0.1    -7.9    -3.9    -3.1     1.4     2.35 C    -0.6   -10.4    -4.4    88.5    67.5    80.1 -99.000 -99.000 -99.000 -99.000 -99.000    -4.0    -4.0    -3.7    -4.0    -3.6
94059 20200123  2.622 -105.21   48.49    -2.1    -4.9    -3.5    -3.5     0.0     4.66 C    -1.9    -8.4    -3.9    89.4    84.6    87.2 -99.000 -99.000 -99.000 -99.000 -99.000    -3.2    -3.2    -3.1    -3.2    -3.0
94059 20200124  2.622 -105.21   48.49     1.5    -5.8    -2.2    -2.4     0.0     5.81 C    -1.0    -6.8    -3.4    86.7    71.7    82.6 -99.000 -99.000 -99.000 -99.000 -99.000    -2.8    -2.8    -2.7    -2.8    -2.6
94059 20200125  2.622 -105.21   48.49     2.8    -2.0     0.4     0.9     1.5     5.22 C     0.3    -4.7    -1.1    90.4    61.4    76.4 -99.000 -99.000 -99.000 -99.000 -99.000    -2.2    -2.3    -2.3    -2.3    -2.3
94059 20200126  2.622 -105.21   48.49    -2.0    -4.7    -3.3    -3.5     0.0     3.49 C    -1.7    -4.4    -3.3    89.2    81.4    85.6 -99.000 -99.000 -99.000 -99.000 -99.000    -1.8    -1.8    -1.9    -1.8    -2.0
94059 20200127  2.622 -105.21   48.49    -1.6    -4.1    -2.9    -2.8     0.0     3.33 C    -1.1    -5.9    -3.0    89.8    87.7    88.5 -99.000 -99.000 -99.000 -99.000 -99.000    -1.8    -1.8    -1.8    -1.8    -1.8
94059 20200128  2.622 -105.21   48.49    -1.1    -6.1    -3.6    -3.2     0.0     7.58 C    -2.5   -11.8    -6.1    89.3    58.1    72.5 -99.000 -99.000 -99.000 -99.000 -99.000    -2.0    -1.8    -1.8    -1.8    -1.7
94059 20200129  2.622 -105.21   48.49    -1.4   -11.1    -6.3    -4.1     0.0     5.17 C    -1.9   -14.1    -6.8    86.7    59.6    73.7 -99.000 -99.000 -99.000 -99.000 -99.000    -2.2    -2.0    -1.8    -2.0    -1.8
94059 20200130  2.622 -105.21   48.49     0.5    -9.0    -4.2    -3.9     0.6     5.31 C    -0.3   -13.0    -5.8    90.5    55.7    78.3 -99.000 -99.000 -99.000 -99.000 -99.000    -2.4    -2.2    -2.0    -2.1    -1.8
94059 20200131  2.622 -105.21   48.49     2.2    -5.7    -1.8    -0.6     0.0     5.76 C    -0.5   -12.2    -4.6    72.9    40.4    57.8 -99.000 -99.000 -99.000 -99.000 -99.000    -2.4    -2.2    -2.0    -2.2    -1.8
94059 20200201  2.622 -105.21   48.49     9.3     0.6     4.9     5.0     0.0     5.59 C     1.8    -3.4     0.0    84.1    36.9    57.3 -99.000 -99.000 -99.000 -99.000 -99.000    -1.5    -1.5    -1.7    -1.6    -1.7
94059 20200202  2.622 -105.21   48.49     1.0    -8.1    -3.6    -2.7     0.0     4.74 C    -0.2    -8.3    -2.9    83.0    40.1    65.4 -99.000 -99.000 -99.000 -99.000 -99.000    -1.2    -1.0    -1.3    -0.9    -1.2
94059 20200203  2.622 -105.21   48.49    -2.6   -12.3    -7.5    -8.2     0.0     7.17 C     0.2   -11.1    -7.1    82.8    55.3    72.8 -99.000 -99.000 -99.000 -99.000 -99.000    -3.0    -2.4    -1.9    -1.8    -1.4
94059 20200204  2.622 -105.21   48.49    -3.1   -14.2    -8.7    -8.7     0.0     8.43 C    -0.8   -15.3    -8.7    83.3    55.6    72.6 -99.000 -99.000 -99.000 -99.000 -99.000    -4.7    -3.6    -3.0    -3.5    -2.3
94059 20200205  2.622 -105.21   48.49    -0.9    -8.3    -4.6    -4.2     0.0     6.11 C     2.3   -10.4    -4.9    74.4    60.6    68.1 -99.000 -99.000 -99.000 -99.000 -99.000    -4.2    -3.6    -3.4    -3.7    -2.9
94059 20200206  2.622 -105.21   48.49    -2.9   -12.6    -7.8    -7.5     0.6     5.13 C    -1.0   -11.1    -6.3    87.5    72.6    79.8 -99.000 -99.000 -99.000 -99.000 -99.000    -3.2    -2.9    -2.8    -2.9    -2.5
94059 20200207  2.622 -105.21   48.49    -3.1   -13.3    -8.2    -8.0     0.3     4.48 C    -2.1   -13.6    -7.5    87.3    75.2    80.5 -99.000 -99.000 -99.000 -99.000 -99.000    -3.8    -3.4    -3.0    -3.3    -2.7
94059 20200208  2.622 -105.21   48.49    -3.0    -8.7    -5.9    -5.9     0.0     5.44 C    -0.4   -15.1    -7.2    88.4    75.5    84.3 -99.000 -99.000 -99.000 -99.000 -99.000    -3.5    -3.3    -3.0    -3.2    -2.7
94059 20200209  2.622 -105.21   48.49    -1.4   -10.3    -5.8    -5.8     0.0     7.79 C    -0.5   -12.8    -6.3    85.6    55.2    76.1 -99.000 -99.000 -99.000 -99.000 -99.000    -3.7    -3.3    -3.0    -3.2    -2.7
94059 20200210  2.622 -105.21   48.49    -3.8   -10.0    -6.9    -6.5     0.2     4.54 C    -2.9   -12.1    -7.1    86.9    69.2    78.0 -99.000 -99.000 -99.000 -99.000 -99.000    -3.6    -3.3    -3.0    -3.1    -2.6
94059 20200211  2.622 -105.21   48.49     0.7   -11.2    -5.2    -4.8     2.7     4.85 C     1.3   -15.3    -5.6    89.7    54.7    77.2 -99.000 -99.000 -99.000 -99.000 -99.000    -3.8    -3.5    -3.2    -3.3    -2.8
94059 20200212  2.622 -105.21   48.49    -6.2   -25.9   -16.0   -20.1     0.0     9.55 C    -6.3   -32.7   -21.1    82.7    56.5    67.4 -99.000 -99.000 -99.000 -99.000 -99.000    -3.9    -3.6    -3.1    -3.4    -2.7
94059 20200213  2.622 -105.21   48.49    -7.8   -26.1   -16.9   -17.9     0.0    10.26 C   -10.2   -32.8   -19.9    73.7    57.7    68.4 -99.000 -99.000 -99.000 -99.000 -99.000    -5.7    -5.3    -4.3    -5.1    -3.7
94059 20200214  2.622 -105.21   48.49     1.2    -7.8    -3.3    -3.0     0.3     7.57 C    -0.1   -10.9    -5.4    86.5    54.9    68.6 -99.000 -99.000 -99.000 -99.000 -99.000    -4.6    -4.5    -4.2    -4.6    -3.9
94059 20200215  2.622 -105.21   48.49    -7.1   -10.8    -9.0    -8.6     0.9     8.82 C    -7.0   -13.6    -9.2    84.6    53.2    72.1 -99.000 -99.000 -99.000 -99.000 -99.000    -4.0    -3.8    -3.5    -3.8    -3.4
94059 20200216  2.622 -105.21   48.49    -3.3    -8.3    -5.8    -6.2     0.0     7.48 C    -2.2   -10.4    -6.8    87.6    71.0    82.7 -99.000 -99.000 -99.000 -99.000 -99.000    -3.6    -3.4    -3.3    -3.5    -3.1
94059 20200217  2.622 -105.21   48.49    -5.4   -18.3   -11.9    -7.7     0.5     9.03 C    -3.7   -18.3    -8.2    85.4    63.5    75.8 -99.000 -99.000 -99.000 -99.000 -99.000    -3.4    -3.2    -3.1    -3.2    -2.9
94059 20200218  2.622 -105.21   48.49   -18.3   -23.8   -21.1   -21.6     0.0    10.71 C   -16.5   -30.5   -23.0    73.9    53.7    65.2 -99.000 -99.000 -99.000 -99.000 -99.000    -4.4    -3.9    -3.5    -4.1    -3.2
94059 20200219  2.622 -105.21   48.49   -10.7   -24.0   -17.4   -16.8     0.0    11.59 C   -11.7   -33.6   -21.3    76.9    55.6    65.3 -99.000 -99.000 -99.000 -99.000 -99.000    -5.5    -5.0    -4.3    -5.3    -4.0
94059 20200220  2.622 -105.21   48.49     0.5   -11.9    -5.7    -5.6     0.0    11.72 C    -3.2   -18.5   -10.2    76.7    48.8    64.0 -99.000 -99.000 -99.000 -99.000 -99.000    -5.0    -4.7    -4.3    -5.0    -4.2
94059 20200221  2.622 -105.21   48.49     5.3    -6.5    -0.6    -0.3     0.0    12.04 C     0.0   -11.0    -5.4    60.8    36.4    49.5 -99.000 -99.000 -99.000 -99.000 -99.000    -3.9    -3.8    -3.7    -4.0    -3.7
94059 20200222  2.622 -105.21   48.49     6.6    -4.3     1.2     0.6     0.0    11.78 C     1.1    -8.3    -3.0    77.7    43.9    55.3 -99.000 -99.000 -99.000 -99.000 -99.000    -2.8    -2.9    -3.0    -3.0    -3.1
94059 20200223  2.622 -105.21   48.49     1.2    -6.5    -2.7    -2.6     0.0     8.38 C     1.5    -8.3    -3.5    81.2    36.0    60.2 -99.000 -99.000 -99.000 -99.000 -99.000    -2.1    -2.3    -2.3    -2.3    -2.5
94059 20200224  2.622 -105.21   48.49    -0.1    -5.8    -2.9    -3.0     0.3     3.81 C    -0.1    -6.8    -3.4    86.9    54.1    74.1 -99.000 -99.000 -99.000 -99.000 -99.000    -2.2    -2.1    -2.2    -2.1    -2.2
94059 20200225  2.622 -105.21   48.49    -5.4   -13.9    -9.7    -8.8     0.0    12.78 C    -4.6   -17.8   -11.4    86.0    54.9    69.1 -99.000 -99.000 -99.000 -99.000 -99.000    -2.7    -2.3    -2.3    -2.4    -2.2
94059 20200226  2.622 -105.21   48.49    -1.1    -9.9    -5.5    -5.7     0.0     9.58 C    -0.7   -14.0    -6.6    82.7    59.5    70.7 -99.000 -99.000 -99.000 -99.000 -99.000    -3.2    -2.8    -2.7    -2.9    -2.5
94059 20200227  2.622 -105.21   48.49     1.6    -4.9    -1.6    -1.3     0.0    11.83 C     1.9    -7.5    -2.4    84.7    59.6    72.1 -99.000 -99.000 -99.000 -99.000 -99.000    -2.4    -2.3    -2.5    -2.4    -2.4
94059 20200228  2.622 -105.21   48.49     6.9    -4.3     1.3     1.6     0.0    11.92 C     6.4    -5.9    -0.6    73.7    53.6    64.2 -99.000 -99.000 -99.000 -99.000 -99.000    -1.7    -1.8    -1.9    -1.8    -2.0
94059 20200229  2.622 -105.21   48.49     8.0    -0.1     4.0     3.5     0.0     9.15 C     7.3    -1.5     1.1    68.3    42.2    55.9 -99.000 -99.000 -99.000 -99.000 -99.000    -1.0    -1.2    -1.5    -1.2    -1.7
94059 20200301  2.622 -105.21   48.49    -0.1    -8.3    -4.2    -5.4     0.0     8.84 C     1.2    -7.2    -3.5    81.1    65.3    72.7 -99.000 -99.000 -99.000 -99.000 -99.000    -1.3    -1.1    -1.3    -1.2    -1.5
94059 20200302  2.622 -105.21   48.49     3.5    -5.5    -1.0    -0.7     0.0     9.72 C     4.2    -5.4    -1.2    90.0    48.3    67.9 -99.000 -99.000 -99.000 -99.000 -99.000    -1.9    -1.7    -1.6    -1.8    -1.7
94059 20200303  2.622 -105.21   48.49     4.6    -2.6     1.0     0.4     0.0     8.71 C     9.7    -5.0     0.0    79.9    56.8    68.2 -99.000 -99.000 -99.000 -99.000 -99.000    -1.3    -1.3    -1.4    -1.4    -1.5
94059 20200304  2.622 -105.21   48.49     8.0    -1.5     3.3     2.0     0.0    10.97 C     7.9    -2.4     0.9    76.2    38.7    59.4 -99.000 -99.000 -99.000 -99.000 -99.000    -0.8    -0.9    -1.2    -1.0    -1.3
94059 20200305  2.622 -105.21   48.49     5.6    -5.0     0.3     0.6     0.0    14.18 C    11.6    -4.6     1.2    83.0    30.3    56.0 -99.000 -99.000 -99.000 -99.000 -99.000    -0.8    -0.9    -1.1    -0.9    -1.2
94059 20200306  2.622 -105.21   48.49    12.8     0.0     6.4     5.8     0.0     9.63 C    15.0    -1.5     3.3    61.7    33.0    47.2 -99.000 -99.000 -99.000 -99.000 -99.000    -0.6    -0.8    -1.0    -0.7    -1.1
94059 20200307  2.622 -105.21   48.49    13.7    -0.3     6.7     5.9     0.0    10.60 C    17.9    -0.6     4.7    91.2    36.7    61.1 -99.000 -99.000 -99.000 -99.000 -99.000    -0.4    -0.6    -0.9    -0.6    -1.0
94059 20200308  2.622 -105.21   48.49    -0.3    -9.8    -5.1    -5.8     0.2     9.09 C     1.3    -8.0    -3.4    91.9    65.1    79.6 -99.000 -99.000 -99.000 -99.000 -99.000    -0.3    -0.5    -0.8    -0.5    -0.9
94059 20200309  2.622 -105.21   48.49     1.4   -10.3    -4.4    -4.6     0.0    10.37 C    10.5    -8.1    -2.4    85.1    57.1    74.0 -99.000 -99.000 -99.000 -99.000 -99.000    -0.3    -0.5    -0.7    -0.4    -0.8
94059 20200310  2.622 -105.21   48.49     6.1    -5.4     0.3     0.8     0.0    14.68 C    14.1    -7.3     0.9    81.1    28.6    56.1 -99.000 -99.000 -99.000 -99.000 -99.000    -0.4    -0.5    -0.7    -0.4    -0.8
94059 20200311  2.622 -105.21   48.49     8.3    -2.0     3.2     3.6     0.0     9.91 C    14.6    -3.2     3.0    77.3    36.2    55.5 -99.000 -99.000 -99.000 -99.000 -99.000    -0.3    -0.5    -0.6    -0.4    -0.8
94059 20200312  2.622 -105.21   48.49     0.4    -7.0    -3.3    -2.9     0.0     9.43 C     4.5    -6.7    -2.3    82.5    38.8    62.2 -99.000 -99.000 -99.000 -99.000 -99.000    -0.3    -0.5    -0.6    -0.4    -0.8
94059 20200313  2.622 -105.21   48.49    -5.5   -12.0    -8.8    -8.9     0.0    12.75 C     4.8    -9.7    -4.8    80.6    47.2    65.6 -99.000 -99.000 -99.000 -99.000 -99.000    -0.4    -0.5    -0.6    -0.4    -0.8
94059 20200314  2.622 -105.21   48.49    -4.4   -11.2    -7.8    -7.8     0.2     3.92 C    -3.5    -9.1    -6.3    83.1    55.4    70.4 -99.000 -99.000 -99.000 -99.000 -99.000    -1.9    -1.3    -0.9    -1.0    -0.8
94059 20200315  2.622 -105.21   48.49    -3.8    -8.0    -5.9    -6.6     0.2     6.09 C    -1.1    -7.7    -5.4    85.1    69.4    79.2 -99.000 -99.000 -99.000 -99.000 -99.000    -1.9    -1.6    -1.3    -1.5    -1.1
94059 20200316  2.622 -105.21   48.49    -5.6   -11.8    -8.7    -8.9     0.0    11.75 C    -1.4   -14.9    -8.2    81.9    60.3    70.3 -99.000 -99.000 -99.000 -99.000 -99.000    -2.0    -1.7    -1.4    -1.6    -1.3
94059 20200317  2.622 -105.21   48.49     4.1   -13.3    -4.6    -3.6     0.0    15.81 C    10.3   -15.6    -3.0    78.0    49.9    64.3 -99.000 -99.000 -99.000 -99.000 -99.000    -2.2    -2.0    -1.7    -1.9    -1.5
94059 20200318  2.622 -105.21   48.49    -3.7    -8.9    -6.3    -6.5     0.6     9.39 C     7.4    -9.4    -3.2    85.4    63.3    76.8 -99.000 -99.000 -99.000 -99.000 -99.000    -1.0    -1.2    -1.3    -1.1    -1.3
94059 20200319  2.622 -105.21   48.49    -6.8   -13.2   -10.0   -10.1     0.0    13.53 C     0.6   -13.9    -8.5    83.8    45.5    69.8 -99.000 -99.000 -99.000 -99.000 -99.000    -1.4    -1.3    -1.2    -1.2    -1.2
94059 20200320  2.622 -105.21   48.49    -3.5   -13.2    -8.3    -7.4     0.0    16.90 C     3.3   -15.2    -5.6    66.9    38.9    55.4 -99.000 -99.000 -99.000 -99.000 -99.000    -2.4    -2.1    -1.7    -1.9    -1.5
94059 20200321  2.622 -105.21   48.49     3.6    -9.4    -2.9    -2.6     0.0    17.37 C    17.6    -9.4     0.4    79.6    33.9    59.4 -99.000 -99.000 -99.000 -99.000 -99.000    -1.7    -1.7    -1.6    -1.7    -1.6
94059 20200322  2.622 -105.21   48.49     4.8    -7.5    -1.4    -1.2     0.0    18.12 C    17.5    -7.8     1.2    82.4    22.6    53.3 -99.000 -99.000 -99.000 -99.000 -99.000    -1.0    -1.1    -1.3    -1.1    -1.3
94059 20200323  2.622 -105.21   48.49    13.5    -3.8     4.8     5.0     0.0    17.09 C    19.5    -4.6     4.9    85.5    19.6    51.4 -99.000 -99.000 -99.000 -99.000 -99.000    -0.6    -0.8    -1.0    -0.8    -1.1
94059 20200324  2.622 -105.21   48.49     6.8    -5.6     0.6     1.1     0.0    13.44 C    13.3    -3.8     2.0    79.8    39.6    61.8 -99.000 -99.000 -99.000 -99.000 -99.000    -0.3    -0.6    -0.9    -0.6    -1.0
94059 20200325  2.622 -105.21   48.49    -2.4    -6.1    -4.3    -4.3     1.6     5.91 C     2.0   -12.0    -2.7    86.5    68.5    79.4 -99.000 -99.000 -99.000 -99.000 -99.000    -0.4    -0.5    -0.8    -0.5    -0.9
94059 20200326  2.622 -105.21   48.49     6.3    -6.4    -0.1    -0.1     0.0    11.73 C    10.4   -12.7    -1.9    88.8    42.3    68.0 -99.000 -99.000 -99.000 -99.000 -99.000    -0.4    -0.5    -0.7    -0.4    -0.8
94059 20200327  2.622 -105.21   48.49    10.3    -1.8     4.2     4.4     0.0    19.05 C    22.6    -3.7     5.4    72.4    25.4    46.4 -99.000 -99.000 -99.000 -99.000 -99.000    -0.1    -0.4    -0.7    -0.4    -0.8
94059 20200328  2.622 -105.21   48.49    11.9     0.9     6.4     5.8     0.0    18.45 C    21.4    -2.7     6.0    71.8    29.0    47.5 -99.000 -99.000 -99.000 -99.000 -99.000     0.3    -0.3    -0.6    -0.4    -0.7
94059 20200329  2.622 -105.21   48.49    15.3     0.7     8.0     8.9     0.0    19.04 C    23.7    -4.9     7.1    67.9    22.3    39.4 -99.000 -99.000 -99.000 -99.000 -99.000     0.8     0.0    -0.6    -0.3    -0.7
94059 20200330  2.622 -105.21   48.49    16.9     4.1    10.5     9.7     0.0    19.50 C    28.9    -0.2    10.0    53.0    21.1    35.5 -99.000 -99.000 -99.000 -99.000 -99.000     2.0     0.8    -0.5    -0.2    -0.6
94059 20200331  2.622 -105.21   48.49     9.7    -6.0     1.9     2.3     0.6     6.33 C    17.5    -4.2     2.6    87.5    38.2    65.5   0.323 -99.000 -99.000 -99.000 -99.000     0.9     0.4    -0.4     0.0    -0.6
94059 20200401  2.622 -105.21   48.49    -6.0   -14.6   -10.3   -10.5     2.0    11.29 C    -4.0   -17.3    -9.5    83.7    58.5    70.7 -99.000 -99.000 -99.000 -99.000 -99.000    -0.3    -0.3    -0.4    -0.1    -0.6
94059 20200402  2.622 -105.21   48.49    -7.0   -16.6   -11.8   -12.3     0.0    19.08 C    -3.0   -18.1   -12.4    76.5    44.9    59.5 -99.000 -99.000 -99.000 -99.000 -99.000    -0.3    -0.3    -0.4    -0.1    -0.6
94059 20200403  2.622 -105.21   48.49    -0.5   -13.7    -7.1    -7.4     0.0    19.58 C     3.5   -18.5    -7.0    72.2    47.0    62.8 -99.000 -99.000 -99.000 -99.000 -99.000    -0.3    -0.3    -0.4    -0.1    -0.5
94059 20200404  2.622 -105.21   48.49     3.4    -8.5    -2.5    -3.0     0.0    17.95 C    11.9    -7.8    -1.1    82.1    48.4    67.4 -99.000 -99.000 -99.000 -99.000 -99.000    -0.4    -0.4    -0.4    -0.1    -0.5
94059 20200405  2.622 -105.21   48.49     7.9    -6.5     0.7    -0.2     0.0    14.39 C     9.9    -5.6     0.5    87.0    34.2    67.5 -99.000 -99.000 -99.000 -99.000 -99.000    -0.3    -0.3    -0.4    -0.1    -0.5
94059 20200406  2.622 -105.21   48.49    14.1    -2.9     5.6     2.4     0.0    16.15 C    20.5    -4.1     3.0    91.0    32.4    72.6 -99.000 -99.000 -99.000 -99.000 -99.000    -0.1    -0.3    -0.4    -0.1    -0.5
94059 20200407  2.622 -105.21   48.49    12.2    -1.3     5.4     4.4     0.0    13.66 C    19.2    -4.8     4.3    81.4    27.8    54.3 -99.000 -99.000 -99.000 -99.000 -99.000     0.7     0.3    -0.4    -0.1    -0.5
94059 20200408  2.622 -105.21   48.49     5.2    -3.7     0.8     0.5     0.0    18.43 C    12.1    -4.6     1.0    67.1    22.0    43.1 -99.000 -99.000 -99.000 -99.000 -99.000     0.3     0.1    -0.3    -0.1    -0.5
94059 20200409  2.622 -105.21   48.49     4.8   -10.6    -2.9    -1.7     0.0    20.98 C    17.8    -9.0     2.5    75.2    20.0    41.5 -99.000 -99.000 -99.000 -99.000 -99.000     0.5     0.2    -0.3     0.0    -0.5
94059 20200410  2.622 -105.21   48.49    11.4    -1.0     5.2     4.3     0.0    11.02 C    21.5    -2.7     5.4    78.9    23.6    44.4 -99.000 -99.000 -99.000 -99.000 -99.000     1.4     0.7    -0.3     0.2    -0.5
94059 20200411  2.622 -105.21   48.49     1.4    -7.6    -3.1    -2.1     0.0    13.13 C    12.2    -7.5     0.7    68.8    28.5    49.2 -99.000 -99.000 -99.000 -99.000 -99.000     0.6     0.3    -0.2     0.1    -0.4
94059 20200412  2.622 -105.21   48.49    -1.0   -11.9    -6.4    -7.2     1.1    12.84 C    13.2   -14.8    -5.4    83.9    34.7    66.7 -99.000 -99.000 -99.000 -99.000 -99.000    -0.2    -0.2    -0.3    -0.1    -0.5
94059 20200413  2.622 -105.21   48.49    -5.6   -14.9   -10.2    -9.4     0.0    16.23 C    -2.4   -16.4    -9.7    83.2    45.6    64.4 -99.000 -99.000 -99.000 -99.000 -99.000    -0.3    -0.3    -0.3    -0.1    -0.5
94059 20200414  2.622 -105.21   48.49     3.5   -10.4    -3.5    -3.3     0.0    23.06 C    19.1   -15.5     0.4    74.0    21.4    42.1 -99.000 -99.000 -99.000 -99.000 -99.000    -0.3    -0.3    -0.3    -0.1    -0.4
94059 20200415  2.622 -105.21   48.49     4.0    -6.8    -1.4    -1.6     0.2    21.63 C    21.4    -6.7     2.5    84.8    21.1    44.7 -99.000 -99.000 -99.000 -99.000 -99.000     0.3     0.0    -0.3     0.0    -0.4
94059 20200416  2.622 -105.21   48.49     3.8    -9.4    -2.8    -2.1     0.0    18.05 C    18.9   -10.0     0.8    71.5    27.8    45.2 -99.000 -99.000 -99.000 -99.000 -99.000     0.2     0.1    -0.3     0.0    -0.4
94059 20200417  2.622 -105.21   48.49    15.1    -2.9     6.1     6.2     0.0    18.61 C    20.9    -5.2     6.8    72.8    16.2    41.2 -99.000 -99.000 -99.000 -99.000 -99.000     1.4     0.8    -0.1     0.4    -0.3
94059 20200418  2.622 -105.21   48.49     7.5    -2.6     2.4     3.1     0.0    12.78 C    20.5    -6.9     4.5    83.9    38.7    59.1   0.287   0.323 -99.000 -99.000 -99.000     2.2     1.5     0.1     0.9    -0.3
94059 20200419  2.622 -105.21   48.49    13.2    -4.1     4.6     5.2     0.0    21.91 C    26.7    -7.5     6.0    60.6    21.4    39.6 -99.000 -99.000 -99.000 -99.000 -99.000     2.0     1.3     0.1     0.8    -0.2
94059 20200420  2.622 -105.21   48.49    15.3     2.8     9.0     9.5     0.0    22.76 C    26.3    -1.5    10.9    59.2    24.9    38.6   0.290   0.320 -99.000 -99.000 -99.000     3.9     2.6     0.8     1.9     0.0
94059 20200421  2.622 -105.21   48.49    22.1     6.9    14.5    14.5     0.0    23.91 C    36.9     1.6    15.7    48.0    12.3    29.5   0.293   0.320   0.259   0.241   0.245     6.2     4.5     1.9     3.4     0.4
94059 20200422  2.622 -105.21   48.49    19.5     6.7    13.1    12.8     0.3    19.66 C    37.6     2.1    14.5    57.0    17.0    32.2   0.290   0.317   0.257   0.240   0.246     6.9     5.7     3.1     4.4     1.0
94059 20200423  2.622 -105.21   48.49    17.7     4.5    11.1    10.6     0.0    18.37 C    37.5     1.6    12.3    67.7    17.5    42.2   0.289   0.313   0.256   0.238   0.244     7.0     6.0     3.7     4.8     1.7
94059 20200424  2.622 -105.21   48.49    13.5     3.6     8.5     7.9     0.0     8.57 C    34.7     0.1     7.5    79.1    31.4    56.1   0.282   0.309   0.253   0.234   0.246     5.4     5.1     3.5     4.2     2.1
94059 20200425  2.622 -105.21   48.49    16.7     1.5     9.1     9.9     0.0    24.89 C    37.6    -0.9    13.8    75.8    17.2    40.7   0.282   0.307   0.250   0.231   0.243     6.8     5.7     3.7     4.6     2.2
94059 20200426  2.622 -105.21   48.49    17.4     7.0    12.2    12.3     0.0    20.35 C    28.8    -0.1    12.7    45.6    12.6    27.1   0.282   0.304   0.249   0.229   0.243     7.9     7.1     5.1     5.9     3.4
94059 20200427  2.622 -105.21   48.49    20.8     6.6    13.7    13.5     0.0    16.45 C    36.4     1.9    14.0    51.9    11.5    28.5   0.279   0.302   0.247   0.225   0.243     8.0     7.4     5.4     6.2     3.9
94059 20200428  2.622 -105.21   48.49    15.4     3.2     9.3     9.0     0.0    17.96 C    24.4     1.0     9.9    81.0    28.5    54.8   0.276   0.298   0.246   0.223   0.241     7.9     7.6     6.0     6.6     4.6
94059 20200429  2.622 -105.21   48.49    22.5     2.1    12.3    13.7     0.0    24.33 C    35.5     0.1    14.4    83.7    15.5    40.3   0.275   0.297   0.242   0.219   0.241     8.7     7.9     6.2     6.9     4.9
94059 20200430  2.622 -105.21   48.49    24.2    10.8    17.5    18.1     0.0    16.37 C    42.4     4.1    18.1    47.0    24.3    33.3   0.274   0.295   0.243   0.219   0.240    10.7     9.7     7.7     8.5     6.0
94059 20200501  2.622 -105.21   48.49    17.2     6.5    11.9    12.0     3.5    18.38 C    24.8     3.0    12.5    86.4    18.6    52.3   0.271   0.293   0.242   0.219   0.241    10.7    10.2     8.6     9.3     7.2
94059 20200502  2.622 -105.21   48.49    19.9     3.7    11.8    12.3     0.0    25.94 C    37.6     1.2    15.3    58.7    15.1    33.4   0.268   0.289   0.240   0.215   0.239    10.6     9.9     8.4     9.1     7.3
94059 20200503  2.622 -105.21   48.49    18.8     3.0    10.9    10.3     4.7    17.32 C    30.9     2.1    12.0    90.3    29.0    57.6   0.264   0.287   0.239   0.214   0.239    10.3     9.9     8.8     9.3     7.7
94059 20200504  2.622 -105.21   48.49    14.8     3.0     8.9     9.0     0.0    23.13 C    29.6     2.4    11.4    91.2    20.8    51.7   0.265   0.286   0.238   0.211   0.236    10.3     9.8     8.8     9.3     7.8
94059 20200505  2.622 -105.21   48.49    14.9     2.3     8.6     8.9     0.0    16.10 C    35.7     0.7    10.9    71.2    28.8    50.5   0.263   0.285   0.236   0.210   0.236     9.4     9.2     8.5     8.9     7.8
94059 20200506  2.622 -105.21   48.49    18.5     5.9    12.2    12.5     0.0    24.99 C    34.0     0.8    15.0    58.1    20.7    36.4   0.262   0.283   0.235   0.209   0.235    10.8    10.0     8.8     9.4     7.9
94059 20200507  2.622 -105.21   48.49    15.3     5.0    10.2     9.6     0.0    22.70 C    31.7     4.3    12.7    71.3    19.7    38.2   0.259   0.282   0.234   0.207   0.234    11.2    10.6     9.5    10.0     8.5
94059 20200508  2.622 -105.21   48.49    16.7     2.6     9.7     9.2     3.3    17.13 C    32.1     1.8    11.5    86.5    22.9    50.2   0.254   0.277   0.233   0.205   0.235    10.5    10.3     9.5     9.9     8.6
94059 20200509  2.622 -105.21   48.49     7.2     0.2     3.7     2.4     1.5     9.10 C    25.2     0.5     5.2    84.3    53.3    73.0   0.248   0.273   0.231   0.201   0.233     7.8     8.4     8.3     8.4     8.1
94059 20200510  2.622 -105.21   48.49     8.0    -3.5     2.2     2.8     0.0    21.64 C    31.3    -4.4     7.4    75.3    24.0    43.2   0.248   0.272   0.230   0.199   0.230     7.8     7.9     7.5     7.8     7.3
94059 20200511  2.622 -105.21   48.49     9.5    -3.9     2.8     3.8     0.0    20.86 C    36.0    -4.8     8.2    58.8    21.4    35.9   0.247   0.272   0.228   0.198   0.230     7.7     7.7     7.3     7.6     7.1
94059 20200512  2.622 -105.21   48.49     9.4    -0.7     4.3     3.7     1.6    15.01 C    19.1    -1.7     5.8    89.6    32.0    60.4   0.243   0.268   0.226   0.195   0.228     7.1     7.3     7.2     7.2     7.0
94059 20200513  2.622 -105.21   48.49    14.4     2.3     8.3     7.5     0.3    17.91 C    31.0     2.9    11.4    90.7    37.9    71.6   0.246   0.269   0.226   0.196   0.227     9.0     8.3     7.4     7.8     6.9
94059 20200514  2.622 -105.21   48.49    17.6     1.9     9.7     9.6     0.0    25.74 C    34.1     1.6    14.5    90.1    26.7    55.8   0.246   0.269   0.227   0.196   0.229    11.1    10.3     8.9     9.7     8.0
94059 20200515  2.622 -105.21   48.49    20.3     3.6    11.9    13.1     0.0    22.90 C    40.0     3.0    16.8    74.9    21.0    42.9   0.241   0.265   0.227   0.196   0.227    12.4    11.6    10.0    10.9     9.0
94059 20200516  2.622 -105.21   48.49    22.1     4.8    13.5    14.2     0.0    26.45 C    40.5     2.9    17.9    68.5    18.9    41.9   0.232   0.259   0.226   0.191   0.227    13.5    12.6    11.0    11.9     9.8
94059 20200517  2.622 -105.21   48.49    22.6     8.1    15.3    15.7     0.0    23.01 C    32.9     5.8    17.4    66.7    16.7    40.0   0.220   0.251   0.224   0.187   0.227    13.7    13.0    11.7    12.3    10.5
94059 20200518  2.622 -105.21   48.49    23.8    10.6    17.2    16.9     0.0    18.98 C    31.3     9.5    18.0    72.8    31.3    50.4   0.213   0.244   0.223   0.179   0.224    14.3    13.5    12.1    12.8    10.9
94059 20200519  2.622 -105.21   48.49    25.3    10.6    18.0    18.6     0.0    27.81 C    42.8     9.7    23.5    77.6    39.5    55.4   0.207   0.235   0.221   0.175   0.222    16.6    15.0    13.1    14.1    11.6
94059 20200520  2.622 -105.21   48.49    28.9    13.4    21.2    19.9     8.1    19.33 C    35.8    12.9    21.4    89.0    32.7    61.0   0.203   0.229   0.220   0.168   0.221    17.2    16.0    14.4    15.3    12.8
94059 20200521  2.622 -105.21   48.49    22.3     9.2    15.7    15.2     0.0    26.70 C    30.7     5.7    16.4    89.2    20.5    56.3   0.234   0.282   0.235   0.164   0.223    15.8    15.2    14.3    15.0    13.0
94059 20200522  2.622 -105.21   48.49    21.8     9.8    15.8    16.1     1.9    27.58 C    37.5     5.4    18.9    71.2    26.9    42.3   0.224   0.258   0.229   0.156   0.219    15.7    14.9    13.8    14.5    12.8
94059 20200523  2.622 -105.21   48.49    14.2     8.2    11.2    11.0     5.3     5.83 C    17.8     8.3    11.7    83.9    53.1    69.2   0.225   0.247   0.228   0.154   0.217    13.4    13.7    13.4    13.7    12.8
94059 20200524  2.622 -105.21   48.49    13.0     7.3    10.2    10.0     4.2     7.18 C    17.0     7.9    11.1    81.6    47.2    68.8   0.240   0.287   0.225   0.152   0.216    11.8    12.0    11.9    12.1    11.7
94059 20200525  2.622 -105.21   48.49    20.5     6.7    13.6    14.6     0.0    28.22 C    35.7     5.7    18.5    79.7    24.6    46.5   0.251   0.292   0.225   0.153   0.214    14.6    13.6    12.3    13.1    11.6
94059 20200526  2.622 -105.21   48.49    21.8    11.1    16.4    15.9     0.0    20.72 C    35.3     8.9    18.1    68.9    32.8    52.1   0.244   0.273   0.225   0.153   0.214    15.4    14.7    13.5    14.3    12.5
94059 20200527  2.622 -105.21   48.49    19.1     7.4    13.3    13.5     0.0    24.27 C    34.5     5.9    16.1    79.3    20.8    43.6   0.232   0.256   0.224   0.151   0.214    15.0    14.7    13.6    14.2    12.8
94059 20200528  2.622 -105.21   48.49    19.1     4.5    11.8    12.4     0.0    29.33 C    35.8     3.3    16.3    67.5    24.1    43.4   0.221   0.243   0.222   0.149   0.211    14.8    14.5    13.4    13.9    12.7
94059 20200529  2.622 -105.21   48.49    18.6     8.0    13.3    13.5     0.0    20.28 C    34.6     6.8    16.3    60.5    29.6    44.5   0.209   0.229   0.220   0.146   0.209    14.9    14.6    13.6    14.0    12.8
94059 20200530  2.622 -105.21   48.49    22.3     7.9    15.1    15.8     0.0    28.71 C    35.9     6.9    19.2    55.7    30.0    40.9   0.201   0.217   0.215   0.144   0.206    16.0    15.0    13.9    14.4    12.9
94059 20200531  2.622 -105.21   48.49    28.8    11.8    20.3    20.4     0.0    23.43 C    39.7    11.0    21.9    70.9    30.1    51.0   0.195   0.206   0.211   0.142   0.205    17.5    16.2    14.9    15.7    13.6
94059 20200601  2.622 -105.21   48.49    25.3    11.7    18.5    19.4     0.0    28.83 C    43.1     9.6    23.1    51.4    23.2    35.0   0.187   0.195   0.207   0.138   0.202    18.7    17.5    15.8    16.9    14.4
94059 20200602  2.622 -105.21   48.49    23.4    11.8    17.6    18.1     0.4    28.00 C    39.7    10.1    20.5    70.9    20.8    39.9   0.181   0.187   0.201   0.135   0.196    18.6    17.9    16.3    17.2    15.1
94059 20200603  2.622 -105.21   48.49    22.5    10.8    16.6    17.9     0.0    27.58 C    38.0     7.4    20.5    49.5    17.2    32.1   0.175   0.180   0.196   0.131   0.191    18.2    17.7    16.2    16.9    15.1
94059 20200604  2.622 -105.21   48.49    20.6     8.6    14.6    15.2     0.0    22.94 C    43.7     4.9    18.1    50.0    23.2    33.2   0.170   0.174   0.190   0.129   0.185    17.3    17.1    15.9    16.5    15.0
94059 20200605  2.622 -105.21   48.49    23.9     9.0    16.4    17.5     0.0    25.72 C    46.5     3.7    21.2    48.8    22.8    33.2   0.168   0.171   0.185   0.126   0.180    17.9    17.2    15.8    16.6    14.9
94059 20200606  2.622 -105.21   48.49    21.6    12.0    16.8    17.1     5.8    13.05 C    26.9    10.9    16.8    78.4    37.8    57.2   0.164   0.168   0.180   0.125   0.177    16.5    16.4    15.8    16.2    15.0
94059 20200607  2.622 -105.21   48.49    23.0    12.7    17.8    17.4     0.0    24.95 C    35.2    12.0    20.1    87.7    29.2    55.3   0.165   0.168   0.180   0.124   0.174    17.0    16.4    15.4    16.1    14.6
94059 20200608  2.622 -105.21   48.49    15.3     8.4    11.8    11.9    12.6    13.90 C    23.1     8.5    13.6    90.3    56.4    73.7   0.192   0.182   0.180   0.123   0.174    15.8    15.9    15.3    15.7    14.7
94059 20200609  2.622 -105.21   48.49    15.5     7.1    11.3    10.7     0.6    13.86 C    22.3     7.1    12.0    88.7    42.2    70.7   0.201   0.223   0.179   0.122   0.175    14.2    14.6    14.3    14.5    14.0
94059 20200610  2.622 -105.21   48.49    21.5     7.2    14.4    14.8     0.0    25.69 C    36.3     6.7    16.9    77.1    22.4    47.0   0.200   0.218   0.178   0.122   0.173    14.8    14.7    13.9    14.3    13.6
94059 20200611  2.622 -105.21   48.49    25.0    10.9    18.0    19.1     0.0    27.20 C    39.9     6.1    20.0    55.8    22.5    36.4   0.195   0.205   0.179   0.124   0.172    16.7    16.0    14.7    15.5    14.0
94059 20200612  2.622 -105.21   48.49    26.5    11.1    18.8    19.5     0.0    26.46 C    38.6    10.3    22.3    76.7    29.0    52.4   0.188   0.193   0.179   0.124   0.172    18.5    17.4    16.0    16.8    14.8
94059 20200613  2.622 -105.21   48.49    33.0    14.7    23.8    23.3     0.0    23.19 C    39.8    13.9    24.5    70.5    18.7    45.5   0.181   0.183   0.178   0.125   0.172    19.5    18.3    16.9    17.8    15.6
94059 20200614  2.622 -105.21   48.49    24.0    13.5    18.8    18.3     5.4    13.21 C    29.1    11.0    18.7    85.9    43.0    64.4   0.175   0.177   0.177   0.125   0.172    18.7    18.2    17.2    18.0    16.1
94059 20200615  2.622 -105.21   48.49    22.8    10.1    16.5    17.1     0.0    29.80 C    35.8     9.1    19.5    65.8    19.0    34.6   0.172   0.175   0.177   0.123   0.169    17.6    17.2    16.3    17.0    15.6
94059 20200616  2.622 -105.21   48.49    23.7    11.6    17.6    18.0     0.0    13.40 C    32.1    11.3    19.4    81.9    37.3    56.5   0.171   0.174   0.175   0.123   0.168    17.8    17.4    16.5    17.1    15.7
94059 20200617  2.622 -105.21   48.49    15.0    10.6    12.8    12.6     7.3     6.35 C    21.3    10.4    14.4    91.2    73.1    83.1   0.167   0.172   0.174   0.122   0.167    16.0    16.2    15.9    16.2    15.4
94059 20200618  2.622 -105.21   48.49    13.8     6.7    10.3    10.1     0.0    14.42 C    21.8     4.9    12.6    90.8    50.5    73.7   0.173   0.171   0.172   0.119   0.165    14.5    15.0    14.7    14.9    14.6
94059 20200619  2.622 -105.21   48.49    19.7     4.0    11.9    13.7     0.0    26.30 C    36.3     4.3    17.3    87.8    25.5    52.2   0.176   0.172   0.172   0.119   0.165    15.6    15.2    14.4    14.9    14.1
94059 20200620  2.622 -105.21   48.49    20.1     9.0    14.5    14.9     0.0    28.14 C    40.5     8.2    20.5    80.6    33.1    51.9   0.175   0.173   0.172   0.121   0.164    17.7    17.1    15.6    16.5    14.8
94059 20200621  2.622 -105.21   48.49    20.6     7.6    14.1    14.2     0.0    24.88 C    42.0     7.9    20.2    80.3    40.5    59.2   0.170   0.172   0.173   0.122   0.164    18.3    17.7    16.4    17.1    15.4
94059 20200622  2.622 -105.21   48.49    21.1     8.1    14.6    15.4     0.0    29.34 C    43.4     7.7    22.1    71.5    29.0    47.2   0.168   0.170   0.172   0.122   0.161    18.9    18.3    16.9    17.7    15.8
94059 20200623  2.622 -105.21   48.49    28.9    14.1    21.5    21.6     0.0    22.87 C    45.8    12.9    24.6    52.5    26.0    41.0   0.167   0.167   0.169   0.121   0.158    20.6    19.6    17.8    18.9    16.5
94059 20200624  2.622 -105.21   48.49    32.7    19.0    25.8    25.0     0.0    27.09 C    50.2    12.6    27.7    61.3    18.7    40.4   0.166   0.165   0.167   0.121   0.156    22.3    21.1    19.0    20.3    17.5
94059 20200625  2.622 -105.21   48.49    24.4    16.2    20.3    19.8     0.0    18.59 C    43.7    11.5    22.4    70.0    36.9    54.5   0.162   0.161   0.165   0.119   0.154    21.5    21.0    19.4    20.4    18.1
94059 20200626  2.622 -105.21   48.49    30.0    14.8    22.4    23.5     0.0    27.66 C    46.5     9.6    26.2    59.7    23.9    41.3   0.160   0.158   0.160   0.119   0.152    21.7    20.8    19.1    20.2    18.0
94059 20200627  2.622 -105.21   48.49    31.5    16.2    23.8    23.9     6.2    25.89 C    49.0    15.1    27.7    86.1    22.3    44.4   0.159   0.157   0.159   0.118   0.148    23.2    22.0    20.1    21.4    18.7
94059 20200628  2.622 -105.21   48.49    21.7    14.5    18.1    17.7     5.5    18.01 C    35.9    14.9    20.8    89.6    52.7    74.8   0.189   0.155   0.158   0.117   0.147    21.3    21.1    20.0    20.8    18.9
94059 20200629  2.622 -105.21   48.49    20.7    14.9    17.8    17.7     4.9    11.49 C    29.7    15.3    19.7    90.6    70.9    83.2   0.195   0.154   0.156   0.115   0.147    19.4    19.4    18.8    19.3    18.2
94059 20200630  2.622 -105.21   48.49    18.2    13.4    15.8    16.1    39.9     5.28 C    21.4    12.5    17.1    90.9    76.6    86.8   0.333   0.360   0.231   0.234   0.148    18.3    18.4    18.2    18.5    17.7
94059 20200701  2.622 -105.21   48.49    24.5    10.9    17.7    18.1     1.0    28.57 C    34.6     9.3    20.4    86.3    30.4    56.0   0.309   0.333   0.286   0.248   0.168    18.8    18.4    17.8    18.4    17.4
94059 20200702  2.622 -105.21   48.49    25.0    12.3    18.6    18.8     0.0    23.60 C    38.8    11.8    21.1    83.1    25.3    53.4   0.291   0.309   0.274   0.231   0.183    19.5    19.0    18.3    18.9    17.7
94059 20200703  2.622 -105.21   48.49    29.7    13.9    21.8    22.5     0.0    25.38 C    42.3    12.0    24.8    80.2    40.1    56.1   0.278   0.292   0.262   0.217   0.183    21.2    20.1    19.1    19.8    18.1
94059 20200704  2.622 -105.21   48.49    30.6    15.2    22.9    23.3     4.8    27.05 C    42.4    14.9    26.1    86.2    27.8    52.8   0.263   0.277   0.252   0.209   0.184    22.5    21.5    20.3    21.2    19.1
94059 20200705  2.622 -105.21   48.49    24.8    14.2    19.5    19.0     0.0    25.68 C    40.4    14.3    23.4    88.9    47.1    68.7   0.250   0.263   0.246   0.197   0.185    22.2    21.8    20.6    21.4    19.6
94059 20200706  2.622 -105.21   48.49    25.2    13.0    19.1    18.5     9.2    22.81 C    42.8    12.3    22.4    81.9    40.5    60.9   0.249   0.256   0.236   0.188   0.185    21.5    21.3    20.4    21.0    19.6
94059 20200707  2.622 -105.21   48.49    26.6    13.0    19.8    18.9    24.9    18.61 C    34.9    12.8    20.0    90.1    48.8    70.1   0.307   0.312   0.245   0.202   0.184    19.9    19.8    19.7    20.0    19.2
94059 20200708  2.622 -105.21   48.49    22.5    11.7    17.1    16.3     0.0    24.32 C    29.9    11.6    17.9    89.9    33.6    59.7   0.326   0.348   0.302   0.259   0.199    18.3    18.6    18.6    18.9    18.5
94059 20200709  2.622 -105.21   48.49    21.4    10.6    16.0    16.1     0.0    26.60 C    35.6    10.1    19.7    79.7    50.1    64.2   0.303   0.322   0.291   0.241   0.205    18.5    18.6    18.0    18.4    17.9
94059 20200710  2.622 -105.21   48.49    25.9    13.1    19.5    18.0     3.9    22.24 C    39.7    12.2    20.3    85.2    41.4    63.8   0.291   0.305   0.280   0.231   0.212    19.4    19.2    18.5    19.1    18.0
94059 20200711  2.622 -105.21   48.49    24.5    11.2    17.9    18.4     0.0    28.31 C    40.0    11.1    22.3    88.3    38.2    61.7   0.287   0.299   0.271   0.223   0.221    20.0    19.7    18.7    19.3    18.2
94059 20200712  2.622 -105.21   48.49    30.0    15.2    22.6    21.8     0.3    24.06 C    41.3    13.8    23.9    68.9    30.8    52.9   0.276   0.286   0.266   0.215   0.225    21.2    20.5    19.5    20.2    18.7
94059 20200713  2.622 -105.21   48.49    21.0    12.4    16.7    17.1     2.2    27.20 C    32.8     9.7    19.4    77.2    26.9    51.8   0.262   0.273   0.259   0.206   0.222    20.5    20.5    19.7    20.3    19.1
94059 20200714  2.622 -105.21   48.49    24.0     9.5    16.7    17.3     0.0    27.22 C    35.2     7.1    19.3    61.2    20.0    40.2   0.247   0.259   0.250   0.196   0.219    19.1    19.4    18.7    19.0    18.4
94059 20200715  2.622 -105.21   48.49    25.8    10.9    18.4    19.0     0.0    21.45 C    37.8     8.5    20.1    59.5    19.8    38.5   0.236   0.245   0.244   0.186   0.215    19.1    19.3    18.6    19.0    18.2
94059 20200716  2.622 -105.21   48.49    28.0    12.1    20.1    20.5     0.0    27.86 C    42.8    11.3    24.6    73.1    30.3    50.9   0.226   0.231   0.238   0.181   0.211    20.8    20.3    19.0    19.7    18.4
94059 20200717  2.622 -105.21   48.49    28.1    17.2    22.6    22.1     0.0    18.97 C    40.3    15.5    24.0    77.1    32.3    51.5   0.214   0.214   0.231   0.171   0.208    21.5    21.1    20.0    20.6    19.1
94059 20200718  2.622 -105.21   48.49    23.2    13.3    18.2    18.0     0.3    23.11 C    37.8    11.8    21.0    87.4    29.2    61.1   0.206   0.205   0.224   0.164   0.204    21.0    21.0    20.0    20.4    19.2
94059 20200719  2.622 -105.21   48.49    22.0    10.8    16.4    16.3     1.3    21.24 C    38.9    10.2    20.6    83.7    41.9    63.6   0.197   0.196   0.217   0.158   0.200    20.2    20.2    19.4    19.7    18.8
94059 20200720  2.622 -105.21   48.49    19.4    13.2    16.3    15.5    11.1    13.69 C    30.7    13.1    17.5    90.7    60.4    78.4   0.206   0.193   0.213   0.154   0.197    19.3    19.6    19.1    19.3    18.6
94059 20200721  2.622 -105.21   48.49    24.6    12.0    18.3    18.9     0.0    23.90 C    38.0    11.2    21.8    86.7    38.7    61.6   0.226   0.195   0.210   0.153   0.194    20.1    19.7    18.9    19.4    18.3
94059 20200722  2.622 -105.21   48.49    31.4    15.8    23.6    23.6     0.0    26.96 C    41.0    14.6    26.0    71.8    38.1    57.0   0.223   0.197   0.208   0.152   0.193    22.1    21.0    19.9    20.7    18.9
94059 20200723  2.622 -105.21   48.49    30.3    18.5    24.4    23.4     6.4    13.73 C    41.5    17.4    24.7    87.2    46.0    70.1   0.217   0.196   0.207   0.151   0.192    22.8    22.0    21.0    21.9    19.9
94059 20200724  2.622 -105.21   48.49    29.9    15.7    22.8    23.8     0.0    25.81 C    38.9    16.0    24.8    80.0    26.7    50.1   0.228   0.196   0.205   0.150   0.191    22.7    22.1    21.0    21.9    20.1
94059 20200725  2.622 -105.21   48.49    24.3    15.2    19.8    20.5     0.0    20.50 C    36.4    10.7    21.1    68.5    25.9    45.3   0.216   0.194   0.202   0.146   0.190    21.4    21.5    20.8    21.3    20.2
94059 20200726  2.622 -105.21   48.49    25.3    12.4    18.8    19.3     0.0    27.06 C    39.5    10.4    21.9    59.3    29.9    45.2   0.204   0.191   0.198   0.144   0.186    20.7    20.8    19.9    20.3    19.5
94059 20200727  2.622 -105.21   48.49    24.6    11.9    18.2    19.2     0.0    27.31 C    42.8    11.8    23.7    74.9    29.8    51.3   0.196   0.186   0.196   0.141   0.183    21.6    21.3    20.2    20.7    19.5
94059 20200728  2.622 -105.21   48.49    29.2    14.2    21.7    22.2     0.0    26.21 C    42.8    12.3    25.0    67.5    24.8    44.8   0.190   0.179   0.193   0.139   0.180    22.4    21.8    20.7    21.2    19.7
94059 20200729  2.622 -105.21   48.49    31.3    18.5    24.9    24.8     0.0    23.82 C    45.8    17.1    27.1    57.6    26.1    44.9   0.183   0.173   0.188   0.136   0.176    23.4    22.6    21.3    22.0    20.2
94059 20200730  2.622 -105.21   48.49    33.7    19.1    26.4    25.8     2.2    23.25 C    46.5    16.8    27.3    70.3    22.5    44.3   0.178   0.170   0.184   0.136   0.172    24.0    23.3    21.9    22.7    20.7
94059 20200731  2.622 -105.21   48.49    26.6    14.4    20.5    21.2     0.0    20.98 C    41.2    13.9    23.8    87.7    42.0    64.6   0.174   0.166   0.181   0.132   0.169    22.9    22.7    21.8    22.4    20.9
94059 20200801  2.622 -105.21   48.49    25.3    12.0    18.7    18.8     0.0    26.20 C    42.5    11.7    23.1    80.0    25.7    51.4   0.170   0.163   0.176   0.129   0.166    22.3    21.9    21.2    21.5    20.5
94059 20200802  2.622 -105.21   48.49    25.5    14.9    20.2    20.1     0.0    22.84 C    41.0    13.3    23.1    60.3    30.5    45.5   0.168   0.160   0.172   0.126   0.162    22.0    21.7    21.0    21.3    20.3
94059 20200803  2.622 -105.21   48.49    28.2    14.1    21.1    21.2     0.0    23.27 C    40.1    13.0    24.1    62.4    24.1    43.1   0.165   0.158   0.169   0.123   0.158    22.1    21.6    20.9    21.4    20.1
94059 20200804  2.622 -105.21   48.49    27.9    14.2    21.0    20.9     0.0    23.45 C    44.8    14.1    25.3    73.2    24.3    50.4   0.164   0.157   0.166   0.123   0.155    23.1    22.5    21.3    21.9    20.4
94059 20200805  2.622 -105.21   48.49    28.4    12.0    20.2    21.4     0.0    25.52 C    47.7    11.7    25.9    82.4    25.1    46.0   0.162   0.155   0.163   0.121   0.153    23.1    22.7    21.4    22.1    20.6
94059 20200806  2.622 -105.21   48.49    32.2    17.2    24.7    24.7     0.0    25.48 C    45.1    14.3    27.7    52.3    16.2    35.4   0.160   0.153   0.159   0.120   0.151    23.9    23.1    21.8    22.5    20.8
94059 20200807  2.622 -105.21   48.49    27.5    12.9    20.2    22.3     0.0    24.90 C    40.1    11.4    25.2    65.8    14.8    40.9   0.157   0.151   0.158   0.119   0.148    24.1    23.7    22.3    23.0    21.3
94059 20200808  2.622 -105.21   48.49    27.7    10.0    18.9    19.8     0.0    24.17 C    44.4     6.7    23.2    66.6    15.8    35.8   0.153   0.147   0.153   0.117   0.145    22.5    22.5    21.5    22.0    20.9
94059 20200809  2.622 -105.21   48.49    23.0    11.9    17.4    17.7     0.0    25.33 C    39.1     6.7    20.9    73.2    15.1    34.6   0.150   0.145   0.151   0.116   0.143    22.1    22.3    21.3    21.7    20.7
94059 20200810  2.622 -105.21   48.49    28.2    10.3    19.2    19.4     0.0    25.19 C    41.8     6.2    21.9    49.4    10.6    27.6   0.147   0.142   0.149   0.114   0.140    21.1    21.2    20.5    20.8    20.0
94059 20200811  2.622 -105.21   48.49    32.3    14.5    23.4    22.6     0.0    24.20 C    48.1    12.4    25.8    53.9    14.6    32.1   0.147   0.142   0.147   0.113   0.137    22.6    22.0    20.9    21.4    20.1
94059 20200812  2.622 -105.21   48.49    35.3    17.4    26.4    24.2     0.0    19.69 C    49.6    16.1    26.5    72.6    13.0    45.5   0.147   0.141   0.146   0.113   0.136    23.4    22.7    21.6    22.3    20.6
94059 20200813  2.622 -105.21   48.49    26.6    14.4    20.5    20.2     0.4    22.66 C    44.1    14.2    24.5    79.3    17.5    44.1   0.144   0.139   0.145   0.113   0.135    23.3    22.8    21.7    22.4    20.9
94059 20200814  2.622 -105.21   48.49    25.7    12.5    19.1    19.2     0.0    20.65 C    40.9    11.3    21.9    73.0    17.4    38.3   0.141   0.137   0.143   0.111   0.134    22.1    22.2    21.3    21.8    20.7
94059 20200815  2.622 -105.21   48.49    29.1    13.0    21.0    20.8     0.0    22.60 C    46.4    10.6    24.2    49.5    15.5    31.6   0.140   0.135   0.141   0.110   0.132    22.2    22.0    20.9    21.4    20.3
94059 20200816  2.622 -105.21   48.49    30.4    13.9    22.1    23.0     0.0    23.97 C    49.0    10.8    26.7    55.4    18.6    33.5   0.139   0.134   0.140   0.111   0.131    23.1    22.6    21.3    22.0    20.5
94059 20200817  2.622 -105.21   48.49    34.8    19.8    27.3    27.2     0.0    19.80 C    49.3    17.0    28.4    43.7    11.0    23.7   0.139   0.133   0.139   0.110   0.130    24.0    23.3    22.0    22.8    21.0
94059 20200818  2.622 -105.21   48.49    36.5    22.2    29.3    29.2     0.0    22.86 C    53.1    14.0    30.5    28.5    11.0    18.0   0.138   0.132   0.138   0.110   0.128    25.0    24.0    22.5    23.4    21.4
94059 20200819  2.622 -105.21   48.49    36.2    17.4    26.8    27.6     0.0    19.32 C    53.4    13.9    29.2    46.8    12.6    25.6   0.137   0.130   0.138   0.110   0.127    25.3    24.6    23.1    23.9    21.9
94059 20200820  2.622 -105.21   48.49    34.5    17.3    25.9    26.2     0.6    22.07 C    52.5    16.1    30.3    75.0    14.8    33.1   0.135   0.128   0.138   0.110   0.126    25.8    24.9    23.4    24.3    22.2
94059 20200821  2.622 -105.21   48.49    30.2    15.3    22.7    23.1     0.0    22.43 C    44.7    14.4    25.2    81.2    19.3    43.9   0.133   0.125   0.135   0.109   0.125    24.7    24.4    23.3    23.9    22.3
94059 20200822  2.622 -105.21   48.49    35.9    16.6    26.3    25.9     0.0    20.22 C    46.6    14.0    27.5    50.5    13.8    30.8   0.131   0.122   0.134   0.107   0.124    24.4    23.9    22.8    23.5    22.0
94059 20200823  2.622 -105.21   48.49    28.1    11.3    19.7    20.4     0.0    20.49 C    44.7    10.0    23.9    70.7    16.1    37.5   0.129   0.117   0.133   0.106   0.124    23.6    23.3    22.5    23.0    21.8
94059 20200824  2.622 -105.21   48.49    32.9    15.1    24.0    24.0     0.0    20.05 C    43.4    14.3    26.7    71.3    20.6    43.7   0.128   0.112   0.131   0.105   0.121    23.8    23.1    22.2    22.9    21.5
94059 20200825  2.622 -105.21   48.49    33.4    19.3    26.4    25.2     0.0    17.20 C    47.0    18.1    27.9    66.3    12.0    39.0   0.129   0.115   0.132   0.106   0.121    25.0    24.2    22.9    23.8    21.9
94059 20200826  2.622 -105.21   48.49    30.9    14.6    22.7    21.9     0.0    20.97 C    46.8    14.1    26.0    60.3    12.8    38.1   0.127   0.107   0.132   0.105   0.121    24.3    23.8    22.8    23.4    21.9
94059 20200827  2.622 -105.21   48.49    28.5    11.8    20.1    18.8     2.0    14.75 C    44.6    11.6    21.7    80.9    23.4    53.1   0.124   0.091   0.129   0.103   0.120    22.7    22.8    22.2    22.6    21.6
94059 20200828  2.622 -105.21   48.49    23.8     8.4    16.1    16.3     0.0    21.90 C    40.6     8.2    19.6    82.5    19.9    47.9   0.121   0.068   0.128   0.101   0.118    20.4    20.8    20.8    20.8    20.7
94059 20200829  2.622 -105.21   48.49    31.2    13.3    22.2    22.2     0.0    20.85 C    40.6    11.4    23.5    57.5    15.2    31.4   0.122   0.065   0.127   0.101   0.117    20.8    20.6    20.2    20.4    19.9
94059 20200830  2.622 -105.21   48.49    19.7     9.0    14.4    13.9     0.2    16.60 C    36.5     7.8    16.9    67.1    19.2    41.4   0.121   0.057   0.127   0.101   0.117    19.8    20.3    20.0    20.1    19.8
94059 20200831  2.622 -105.21   48.49    22.5     7.3    14.9    14.2     0.0    19.87 C    40.8     5.1    17.8    47.4    16.3    30.2   0.119   0.042   0.125   0.098   0.115    18.6    19.1    18.8    18.8    18.8
94059 20200901  2.622 -105.21   48.49    23.8     9.6    16.7    17.1     0.0    18.12 C    32.9     7.0    17.7    46.3    19.0    30.4   0.117   0.036   0.123   0.097   0.114    18.3    18.8    18.5    18.4    18.5
94059 20200902  2.622 -105.21   48.49    28.1     8.3    18.2    16.4     0.0    12.43 C    37.2     7.0    17.1    62.3    18.9    40.7   0.117   0.030   0.123   0.097   0.113    18.1    18.6    18.3    18.3    18.2
94059 20200903  2.622 -105.21   48.49    21.6     6.4    14.0    14.1     0.0    16.50 C    38.4     5.5    16.6    67.3    20.9    41.2   0.115   0.020   0.122   0.096   0.111    17.4    17.8    17.7    17.6    17.7
94059 20200904  2.622 -105.21   48.49    25.5    11.9    18.7    17.9     0.0    18.42 C    43.7     8.4    21.3    47.3    19.2    32.7   0.117   0.030   0.122   0.097   0.111    18.9    18.7    18.0    18.1    17.6
94059 20200905  2.622 -105.21   48.49    30.4    14.5    22.5    22.6     0.0    15.75 C    42.2    11.3    23.3    42.2    15.9    27.2   0.118   0.036   0.122   0.098   0.111    20.0    19.6    18.7    19.0    18.1
94059 20200906  2.622 -105.21   48.49    18.9    10.4    14.7    14.1     0.0     5.91 C    20.9    10.6    15.3    69.0    31.8    52.5   0.115   0.014   0.122   0.097   0.111    18.3    18.8    18.7    18.7    18.3
94059 20200907  2.622 -105.21   48.49    10.5    -2.4     4.1     5.9     2.0    11.61 C    22.9    -3.2     8.3    82.5    29.7    60.7   0.111   0.000   0.119   0.094   0.110    14.7    16.2    16.9    16.4    17.2
94059 20200908  2.622 -105.21   48.49    10.7    -3.3     3.7     4.3     0.0    19.14 C    29.1    -5.7     8.3    68.9    26.3    44.4   0.108 -99.000   0.117   0.091   0.108    12.1    13.4    14.5    13.7    15.4
94059 20200909  2.622 -105.21   48.49    19.8     2.1    11.0    11.4     0.0    18.58 C    36.2     0.9    14.1    60.9    22.6    40.6   0.110 -99.000   0.117   0.091   0.107    13.6    14.1    14.2    13.8    14.7
94059 20200910  2.622 -105.21   48.49    24.2     7.1    15.6    16.8     0.0    19.24 C    40.8     2.9    18.7    63.8    17.7    34.6   0.114   0.004   0.118   0.092   0.107    15.8    15.7    15.2    15.2    15.1
94059 20200911  2.622 -105.21   48.49    24.2     9.7    17.0    17.0     0.0    19.53 C    41.0     6.2    18.8    44.5    11.4    24.9   0.115   0.007   0.118   0.094   0.107    17.0    16.8    16.2    16.3    15.7
94059 20200912  2.622 -105.21   48.49    24.9     8.6    16.8    17.2     0.0    17.37 C    41.2     8.4    20.4    56.1    23.0    37.1   0.116   0.011   0.119   0.095   0.107    17.8    17.6    16.7    16.8    16.2
94059 20200913  2.622 -105.21   48.49    16.1     4.8    10.5    10.8     0.0    12.68 C    27.2     5.1    13.6    74.6    32.7    50.1   0.113   0.000   0.119   0.094   0.107    16.1    16.7    16.6    16.3    16.2
94059 20200914  2.622 -105.21   48.49    21.8     9.0    15.4    14.1     0.0     9.66 C    29.1     8.2    15.2    73.0    34.7    54.4   0.112   0.000   0.119   0.093   0.107    15.7    16.0    15.9    15.8    15.8
94059 20200915  2.622 -105.21   48.49    19.0     3.9    11.4    11.1     0.0    11.62 C    28.1     5.8    13.6    81.7    36.5    60.3   0.111   0.000   0.118   0.092   0.107    15.3    15.7    15.7    15.6    15.7
94059 20200916  2.622 -105.21   48.49    14.9     2.6     8.7     9.1     0.0    12.35 C    29.1     2.5    12.5    86.0    38.1    60.0   0.110 -99.000   0.117   0.092   0.107    14.7    15.2    15.3    15.1    15.4
94059 20200917  2.622 -105.21   48.49    21.1     4.0    12.6    13.6     0.0    16.62 C    36.7     3.6    17.1    72.2    26.6    45.7   0.111 -99.000   0.116   0.092   0.105    15.4    15.5    15.2    15.2    15.1
94059 20200918  2.622 -105.21   48.49    24.4     9.7    17.0    17.0     0.0    14.26 C    35.3     5.6    18.5    68.7    22.5    44.9   0.112   0.000   0.117   0.093   0.105    16.5    16.3    15.8    15.9    15.4
94059 20200919  2.622 -105.21   48.49    23.9    11.1    17.5    17.4     0.0    11.55 C    30.5    10.1    18.4    78.4    38.6    57.2   0.113   0.000   0.118   0.093   0.106    17.1    16.9    16.4    16.5    15.9
94059 20200920  2.622 -105.21   48.49    17.3    10.0    13.7    13.6     2.2     5.87 C    20.3     9.9    13.7    90.9    56.3    74.8   0.112   0.000   0.118   0.093   0.106    16.0    16.4    16.4    16.4    16.1
94059 20200921  2.622 -105.21   48.49    23.6     8.9    16.2    16.6     0.0    16.57 C    34.7     7.4    16.7    81.6    21.2    47.4   0.111 -99.000   0.116   0.092   0.105    15.5    15.6    15.6    15.6    15.5
94059 20200922  2.622 -105.21   48.49    27.9    13.4    20.6    19.1     0.0    15.80 C    41.7     5.5    20.2    41.9    13.1    30.1   0.112 -99.000   0.116   0.092   0.105    16.1    16.0    15.6    15.8    15.5
94059 20200923  2.622 -105.21   48.49    21.9     9.9    15.9    15.6     0.0    12.65 C    36.8     8.6    18.2    72.6    36.0    55.6   0.114   0.000   0.117   0.092   0.105    16.8    16.7    16.2    16.4    15.7
94059 20200924  2.622 -105.21   48.49    29.5    12.1    20.8    17.4     0.0    11.08 C    38.8     7.5    17.9    74.6    13.4    40.9   0.114   0.000   0.117   0.093   0.104    16.7    16.7    16.3    16.5    15.9
94059 20200925  2.622 -105.21   48.49    20.5     9.0    14.8    15.0     0.0    14.04 C    31.6     4.0    15.7    50.9    20.0    33.2   0.113 -99.000   0.116   0.092   0.105    15.6    15.8    15.8    15.8    15.7
94059 20200926  2.622 -105.21   48.49    17.8     7.3    12.5    12.2     0.9    12.58 C    29.5     5.7    12.3    60.6    26.8    40.6   0.111 -99.000   0.115   0.091   0.105    14.6    15.2    15.3    15.2    15.4
94059 20200927  2.622 -105.21   48.49    15.9     3.6     9.8     9.7     0.0    13.72 C    25.7     2.2    10.6    64.6    25.2    45.2   0.108 -99.000   0.114   0.088   0.104    12.8    13.6    14.1    13.6    14.4
94059 20200928  2.622 -105.21   48.49    19.2     1.6    10.4    10.5     0.0    13.61 C    27.2     0.8    12.0    80.0    14.3    45.7   0.108 -99.000   0.113   0.087   0.103    12.6    13.2    13.5    13.1    13.7
94059 20200929  2.622 -105.21   48.49    22.8     7.5    15.1    14.0     0.0    13.26 C    34.6     5.5    15.2    57.9    24.5    41.1   0.110 -99.000   0.113   0.089   0.103    14.1    14.1    13.9    13.8    13.8
94059 20200930  2.622 -105.21   48.49    13.7     2.0     7.9     7.3     0.0    13.13 C    22.5     0.3     8.2    60.0    24.3    41.9   0.108 -99.000   0.113   0.088   0.103    12.5    13.3    13.7    13.3    13.8
94059 20201001  2.622 -105.21   48.49    10.9    -1.8     4.6     5.7     0.0    10.95 C    23.7    -3.8     8.1    72.8    32.7    49.8   0.105 -99.000   0.111   0.086   0.101    10.8    11.8    12.4    11.9    12.9
94059 20201002  2.622 -105.21   48.49    17.1     4.3    10.7     9.9     0.0    13.69 C    27.6     2.6    11.6    59.7    29.3    44.0   0.106 -99.000   0.110   0.086   0.100    11.8    12.2    12.4    12.0    12.6
94059 20201003  2.622 -105.21   48.49    15.1     2.3     8.7     9.4     0.0    14.31 C    31.3     0.6    11.9    69.9    33.6    48.2   0.107 -99.000   0.110   0.086   0.101    12.2    12.5    12.5    12.3    12.6
94059 20201004  2.622 -105.21   48.49    24.8     4.9    14.9    14.5     0.0    13.22 C    32.6     3.0    14.7    64.9    18.4    40.5   0.107 -99.000   0.110   0.087   0.100    12.7    12.8    12.7    12.5    12.7
94059 20201005  2.622 -105.21   48.49    20.4     9.9    15.1    15.2     0.0    13.02 C    28.6     6.9    15.3    83.2    25.5    49.1   0.109 -99.000   0.111   0.089   0.101    14.3    14.1    13.6    13.6    13.3
94059 20201006  2.622 -105.21   48.49    21.8     9.2    15.5    14.5     0.0    11.32 C    34.9     4.9    15.2    60.2    20.2    40.4   0.109 -99.000   0.112   0.088   0.100    14.0    14.0    13.7    13.6    13.4
94059 20201007  2.622 -105.21   48.49    17.3     7.4    12.3    11.6     0.0     9.42 C    30.9     6.1    13.9    49.8    20.8    38.7   0.108 -99.000   0.111   0.088   0.099    14.0    14.2    13.9    13.9    13.6
94059 20201008  2.622 -105.21   48.49    21.7     6.7    14.2    14.0     0.0    12.00 C    29.7     5.5    14.0    47.3    23.0    34.8   0.107 -99.000   0.110   0.088   0.100    13.2    13.5    13.4    13.3    13.4
94059 20201009  2.622 -105.21   48.49    16.8     6.5    11.7    11.1     0.0    11.64 C    31.4     6.0    12.9    73.7    33.8    49.6   0.107 -99.000   0.110   0.088   0.100    13.4    13.6    13.5    13.4    13.4
94059 20201010  2.622 -105.21   48.49    26.1     8.2    17.2    16.4     0.0    11.47 C    29.8     6.8    16.1    61.9    12.7    35.3   0.107 -99.000   0.110   0.087   0.100    13.5    13.5    13.3    13.2    13.2
94059 20201011  2.622 -105.21   48.49    17.3     4.3    10.8    11.0     0.0     7.27 C    17.3     2.3    10.6    52.8    20.9    35.1   0.106 -99.000   0.110   0.087   0.100    13.1    13.6    13.6    13.6    13.4
94059 20201012  2.622 -105.21   48.49    11.7     0.4     6.0     4.7     1.1     6.46 C    24.0    -2.8     5.2    81.0    35.2    59.8   0.102   0.000   0.109   0.085   0.098     9.9    11.2    12.0    11.5    12.5
94059 20201013  2.622 -105.21   48.49    11.2     0.6     5.9     5.7     0.5     8.55 C    17.3    -0.9     6.0    85.9    29.7    61.7   0.100   0.000   0.106   0.083   0.097     8.8     9.9    10.8    10.2    11.5
94059 20201014  2.622 -105.21   48.49     7.0    -1.5     2.8     2.5     0.0     8.36 C    13.2    -4.0     3.4    88.6    28.0    60.6   0.099   0.000   0.106   0.083   0.096     8.3     9.5    10.3     9.8    11.0
94059 20201015  2.622 -105.21   48.49     5.7    -3.1     1.3     0.3     0.0     9.03 C    13.3    -5.7     1.0    84.1    39.3    66.7   0.095   0.000   0.105   0.079   0.095     6.1     7.6     8.8     8.0     9.9
94059 20201016  2.622 -105.21   48.49     3.2    -4.2    -0.5    -1.4     3.8     3.75 C     8.8    -5.9    -0.8    87.2    40.9    74.3   0.092   0.004   0.102   0.079   0.094     4.8     6.5     7.8     6.9     9.0
94059 20201017  2.622 -105.21   48.49    -1.7    -9.0    -5.3    -6.2     0.0    10.89 C    -2.0   -11.0    -7.2    85.3    51.9    67.8   0.091   0.009   0.101   0.078   0.093     3.7     5.6     7.0     6.0     8.2
94059 20201018  2.622 -105.21   48.49    -6.0    -9.7    -7.9    -7.3     0.0     7.46 C    -5.0   -13.7    -7.6    74.1    57.6    66.1   0.088   0.022   0.100   0.077   0.091     2.2     4.1     5.6     4.6     7.1
94059 20201019  2.622 -105.21   48.49    -3.5   -12.8    -8.2    -7.2     0.0     9.63 C    -3.6   -19.1    -9.3    84.4    59.6    68.7   0.087   0.025   0.098   0.076   0.090     1.9     3.6     4.9     3.9     6.2
94059 20201020  2.622 -105.21   48.49    -1.9   -11.3    -6.6    -4.3     4.4     8.74 C    -2.3   -18.3    -6.0    85.9    63.5    76.9   0.090   0.021   0.098   0.076   0.089     2.5     3.8     4.7     4.0     5.9
